1755987187921 0.9872326910495758 1
1755987187933 0.831491905450821 2
1755987187941 0.7448698937892914 3
1755987187950 0.7255791306495667 4
1755987187959 0.6926653563976288 5
1755987187967 0.678358006477356 6
1755987187976 0.6457287013530731 7
1755987187986 0.5723580777645111 8
1755987187995 0.5211147844791413 9
1755987188003 0.5095607489347458 10
1755987188011 0.48897511661052706 11
1755987188019 0.4825910121202469 12
1755987188028 0.4524674564599991 13
1755987188037 0.4837600886821747 14
1755987188045 0.4450504332780838 15
1755987188053 0.45934058725833893 16
1755987188062 0.4315778583288193 17
1755987188071 0.3945095658302307 18
1755987188080 0.39797972738742826 19
1755987188088 0.36710508465766906 20
1755987188096 0.36748047471046447 21
1755987188104 0.35830951035022734 22
1755987188115 0.42035645842552183 23
1755987188123 0.3752973109483719 24
1755987188132 0.36069920361042024 25
1755987188141 0.35196474492549895 26
1755987188149 0.3330454081296921 27
1755987188158 0.3357761174440384 28
1755987188167 0.35118192434310913 29
1755987188177 0.3087530106306076 30
1755987188187 0.29962686002254485 31
1755987188196 0.29390319883823396 32
1755987188205 0.2927184641361237 33
1755987188213 0.2946444898843765 34
1755987188222 0.2899550646543503 35
1755987188231 0.3118425071239471 36
1755987188240 0.279551687836647 37
1755987188248 0.31403352320194244 38
1755987188256 0.2954211696982384 39
1755987188267 0.2799831464886665 40
1755987188275 0.2661237955093384 41
1755987188284 0.2650895357131958 42
1755987188296 0.27937414050102233 43
1755987188313 0.27428916543722154 44
1755987188321 0.31358183920383453 45
1755987188332 0.26804356276988983 46
1755987188340 0.26321272552013397 47
1755987188349 0.24955320358276367 48
1755987188358 0.24436935037374496 49
1755987188368 0.23154494762420655 50
1755987188376 0.24593179821968078 51
1755987188384 0.2312449485063553 52
1755987188394 0.22508870512247087 53
1755987188403 0.2335550978779793 54
1755987188412 0.23960504233837127 55
1755987188421 0.2784877985715866 56
1755987188430 0.2426034092903137 57
1755987188439 0.24896218925714492 58
1755987188448 0.2361578330397606 59
1755987188457 0.2095157742500305 60
1755987188469 0.21177958846092224 61
1755987188478 0.20152581483125687 62
1755987188488 0.2047469973564148 63
1755987188497 0.2035084992647171 64
1755987188506 0.1994937092065811 65
1755987188515 0.20424195230007172 66
1755987188525 0.19425418823957444 67
