1755987187921 0.00044037582965245157 1
1755987187933 0.0008807516593049031 2
1755987187941 0.0013211274889573547 3
1755987187950 0.0017615033186098063 4
1755987187959 0.002201879148262258 5
1755987187967 0.002201879148262258 6
1755987187976 0.002201277491003347 7
1755987187986 0.0021994731771299942 8
1755987187995 0.002196468179632929 9
1755987188003 0.0021922657844327953 10
1755987188011 0.002186870586787046 11
1755987188019 0.002180288486265095 12
1755987188028 0.0021725266802972254 13
1755987188037 0.0021635936563043057 14
1755987188045 0.0021534991824169185 15
1755987188053 0.0021422542967940543 16
1755987188062 0.002129871295553046 17
1755987188071 0.0021163637193239455 18
1755987188080 0.0021017463384430425 19
1755987188088 0.00208603513680172 20
1755987188096 0.0020692472943683042 21
1755987188104 0.0020514011684020185 22
1755987188115 0.002032516273379593 23
1755987188123 0.00201261325965647 24
1755987188132 0.001991713890885942 25
1755987188141 0.0019698410202209186 26
1755987188149 0.0019470185653243373 27
1755987188158 0.0019232714822155518 28
1755987188167 0.0018986257379812906 29
1755987188177 0.0018731082823810283 30
1755987188187 0.0018467470183778211 31
1755987188196 0.0018195707716268232 32
1755987188205 0.0017916092589548602 33
1755987188213 0.0017628930558655112 34
1755987188222 0.001733453563105248 35
1755987188231 0.0017033229723271775 36
1755987188240 0.0016725342308899426 37
1755987188248 0.0016411210058302694 38
1755987188256 0.0016091176470485558 39
1755987188267 0.0015765591497477612 40
1755987188275 0.0015434811161666657 41
1755987188284 0.0015099197166493423 42
1755987188296 0.0014759116500934204 43
1755987188313 0.0014414941038203774 44
1755987188321 0.0014067047129117493 45
1755987188332 0.0013715815190557226 46
1755987188340 0.0013361629289491046 47
1755987188349 0.001300487672300167 48
1755987188358 0.0012645947594782758 49
1755987188368 0.0012285234388566284 50
1755987188376 0.0011923131538947296 51
1755987188384 0.001156003500007552 52
1755987188394 0.001119634181268528 53
1755987188403 0.0010832449669937296 54
1755987188412 0.0010468756482547056 55
1755987188421 0.0010105659943675281 56
1755987188430 0.0009743557094056295 57
1755987188439 0.0009382843887839816 58
1755987188448 0.0009023914759620911 59
1755987188457 0.0008667162193131533 60
1755987188469 0.0008312976292065352 61
1755987188478 0.0007961744353505084 62
1755987188488 0.0007613850444418804 63
1755987188497 0.0007269674981688373 64
1755987188506 0.0006929594316129153 65
1755987188515 0.0006593980320955924 66
1755987188525 0.0006263199985144965 67
