1755987146551 0.00044037582965245157 1
1755987146565 0.0008807516593049031 2
1755987146572 0.0013211274889573547 3
1755987146577 0.0017615033186098063 4
1755987146582 0.002201879148262258 5
1755987146587 0.002201879148262258 6
1755987146593 0.002201277491003347 7
1755987146598 0.0021994731771299942 8
1755987146603 0.002196468179632929 9
1755987146608 0.0021922657844327953 10
1755987146613 0.002186870586787046 11
1755987146618 0.002180288486265095 12
1755987146623 0.0021725266802972254 13
1755987146628 0.0021635936563043057 14
1755987146634 0.0021534991824169185 15
1755987146640 0.0021422542967940543 16
1755987146649 0.002129871295553046 17
1755987146654 0.0021163637193239455 18
1755987146659 0.0021017463384430425 19
1755987146664 0.00208603513680172 20
1755987146669 0.0020692472943683042 21
1755987146675 0.0020514011684020185 22
1755987146681 0.002032516273379593 23
1755987146687 0.00201261325965647 24
1755987146692 0.001991713890885942 25
1755987146698 0.0019698410202209186 26
1755987146703 0.0019470185653243373 27
1755987146709 0.0019232714822155518 28
1755987146714 0.0018986257379812906 29
1755987146720 0.0018731082823810283 30
1755987146726 0.0018467470183778211 31
1755987146731 0.0018195707716268232 32
1755987146737 0.0017916092589548602 33
1755987146743 0.0017628930558655112 34
1755987146749 0.001733453563105248 35
1755987146755 0.0017033229723271775 36
1755987146761 0.0016725342308899426 37
1755987146766 0.0016411210058302694 38
1755987146772 0.0016091176470485558 39
1755987146778 0.0015765591497477612 40
1755987146783 0.0015434811161666657 41
1755987146789 0.0015099197166493423 42
1755987146796 0.0014759116500934204 43
1755987146802 0.0014414941038203774 44
1755987146808 0.0014067047129117493 45
