1755916800197 0.8831339137894767 1
1755916800202 0.6268708344016757 2
1755916800206 0.5499247929879597 3
1755916800210 0.5039870015212468 4
1755916800215 0.3872767005647932 5
1755916800219 0.3141093541468893 6
1755916800224 0.27487241476774216 7
1755916800228 0.2408603642668043 8
1755916800232 0.2434955665043422 9
1755916800237 0.1777726018003055 10
1755916800241 0.16301435072507178 11
1755916800245 0.15334309105362212 12
1755916800251 0.13040315146957124 13
1755916800260 0.1380173462842192 14
1755916800268 0.1210233239190919 15
1755916800276 0.1178075410425663 16
1755916800284 0.09776029576148305 17
1755916800292 0.0868654575731073 18
1755916800299 0.08226241809981209 19
1755916800304 0.07395193592778274 20
1755916800308 0.07579751711870943 21
1755916800313 0.08607049259756293 22
1755916800318 0.07904773950576782 23
1755916800326 0.0802680677069085 24
1755916800331 0.08145236729511193 25
1755916800336 0.07221913497362818 26
1755916800341 0.0789940884070737 27
1755916800347 0.09453961705522877 28
1755916800353 0.07138882018625736 29
1755916800359 0.0762203000485897 30
1755916800367 0.06478143057652883 31
1755916800375 0.06252059792833668 32
1755916800380 0.05342919512518814 33
1755916800386 0.05330172660095351 34
1755916800393 0.05752350948750973 35
1755916800398 0.05889303157372134 36
1755916800403 0.052775694855621884 37
1755916800409 0.057704685788069456 38
1755916800414 0.04284558152513845 39
1755916800420 0.044641662921224325 40
1755916800425 0.03988403254853828 41
1755916800432 0.03738321882805654 42
1755916800438 0.04061917761074645 43
1755916800443 0.04166310027773891 44
1755916800448 0.04686194924371583 45
1755916800457 0.04445945604571274 46
1755916800465 0.05893802137247154 47
1755916800475 0.05995382674570594 48
1755916800485 0.06217778833316905 49
1755916800490 0.06547096052340098 50
1755916800495 0.0666814109842692 51
1755916800501 0.04250898504895823 52
1755916800506 0.0376220652833581 53
1755916800511 0.048534817594502656 54
1755916800516 0.04451501648873091 55
1755916800521 0.04070053968046393 56
1755916800526 0.03575457126966545 57
1755916800531 0.04826879594475031 58
1755916800536 0.043754907990140576 59
1755916800545 0.03311223802821977 60
1755916800550 0.02977534623018333 61
1755916800555 0.04700074890362365 62
1755916800561 0.044746724356498034 63
1755916800566 0.04232962828661714 64
1755916800572 0.03297009199325528 65
1755916800577 0.041590558498033454 66
1755916800582 0.03040985869509833 67
1755916800588 0.03170953730919531 68
1755916800593 0.03266568308962243 69
1755916800598 0.032608251220413616 70
1755916800604 0.030780309412096227 71
1755916800610 0.026932808038379465 72
1755916800615 0.025503275649888173 73
1755916800621 0.030952725426426957 74
1755916800626 0.024138595310172865 75
1755916800631 0.03125064806746585 76
1755916800637 0.02675788650023086 77
1755916800642 0.02584411469953401 78
1755916800647 0.024131190164812973 79
1755916800653 0.023029732717467204 80
1755916800658 0.025474746844598224 81
1755916800664 0.02299975444163595 82
1755916800669 0.022652058729103634 83
1755916800674 0.023885306902229786 84
1755916800680 0.023738845584115813 85
1755916800685 0.02633675593616707 86
1755916800691 0.024074809891836985 87
1755916800696 0.02686232833990029 88
1755916800702 0.023490101897290776 89
1755916800709 0.029013840415115868 90
1755916800714 0.020193292692835842 91
1755916800720 0.023104315091456686 92
1755916800726 0.024929027605269636 93
1755916800731 0.0234882109798491 94
1755916800736 0.02491588345063584 95
1755916800742 0.02674628415011934 96
1755916800747 0.022470893937030008 97
1755916800753 0.022220078722706864 98
1755916800758 0.01836567890963384 99
1755916800763 0.025014447647013834 100
1755916800769 0.01929585895101939 101
1755916800774 0.01930118352174759 102
1755916800780 0.01976191358906882 103
1755916800785 0.01987330855003425 104
1755916800792 0.017096318437584808 105
1755916800798 0.01893177581951022 106
1755916800804 0.019099251766289984 107
1755916800810 0.018285945723099366 108
1755916800815 0.019811182615480254 109
