1755916800197 0.68956629719053 1
1755916800202 0.5770205365759986 2
1755916800206 0.5537443586758205 3
1755916800210 0.5227583966084889 4
1755916800215 0.4684777238539287 5
1755916800219 0.417759045958519 6
1755916800224 0.3895813396998814 7
1755916800228 0.3652238973549434 8
1755916800232 0.3590513595512935 9
1755916800237 0.31093208704675945 10
1755916800241 0.2988239526748657 11
1755916800245 0.29190145432949066 12
1755916800251 0.2669384032487869 13
1755916800260 0.27218576946428846 14
1755916800268 0.25956944801977705 15
1755916800276 0.25067697358982904 16
1755916800284 0.23323650232383183 17
1755916800292 0.2195120549627713 18
1755916800299 0.21415303221770696 19
1755916800304 0.2023171399320875 20
1755916800308 0.2048851858292307 21
1755916800313 0.2134172778044428 22
1755916800318 0.21027959776776178 23
1755916800326 0.20838868405137742 24
1755916800331 0.20507110229560307 25
1755916800336 0.19853579998016357 26
1755916800341 0.20898779375212534 27
1755916800347 0.22508325427770615 28
1755916800353 0.19842598480837687 29
1755916800359 0.2020667823297637 30
1755916800367 0.18788225203752518 31
1755916800375 0.18268995306321553 32
1755916800380 0.1703713493687766 33
1755916800386 0.17010126369340078 34
1755916800393 0.1797142912234579 35
1755916800398 0.17801591753959656 36
1755916800403 0.16948494740894862 37
1755916800409 0.17790801610265458 38
1755916800414 0.15438545335616385 39
1755916800420 0.15672586113214493 40
1755916800425 0.14697948630367005 41
1755916800432 0.1454092769750527 42
1755916800438 0.1508497925741332 43
1755916800443 0.15320829834256852 44
1755916800448 0.15965702065399714 45
1755916800457 0.15448759283338273 46
1755916800465 0.1743133823786463 47
1755916800475 0.17492531665733882 48
1755916800485 0.16974000207015447 49
1755916800490 0.18489525041409902 50
1755916800495 0.18330560411725724 51
1755916800501 0.15180102735757828 52
1755916800506 0.14502312349421637 53
1755916800511 0.15464054367371968 54
1755916800516 0.15319307254893438 55
1755916800521 0.14722323364445142 56
1755916800526 0.13672626337834767 57
1755916800531 0.15771002588527544 58
1755916800536 0.15088585817388125 59
1755916800545 0.13256673461624555 60
1755916800550 0.12645391002297401 61
1755916800555 0.1498284637928009 62
1755916800561 0.15302998732243264 63
1755916800566 0.14749876303332193 64
1755916800572 0.13249507865735463 65
1755916800577 0.14154403869594848 66
1755916800582 0.1270318967955453 67
1755916800588 0.13141829626900808 68
1755916800593 0.13162788110119955 69
1755916800598 0.12909783742257527 70
1755916800604 0.12513331377080508 71
1755916800610 0.12146058572190148 72
1755916800615 0.11848324484058789 73
1755916800621 0.12783252820372581 74
1755916800626 0.11551570839115552 75
1755916800631 0.13022220666919435 76
1755916800637 0.12153929099440575 77
1755916800642 0.11621051547782761 78
1755916800647 0.11291887345058578 79
1755916800653 0.11008141136595181 80
1755916800658 0.11586356375898633 81
1755916800664 0.11255256618772234 82
1755916800669 0.11070896951215607 83
1755916800674 0.11246935224958829 84
1755916800680 0.11384168160813195 85
1755916800685 0.11419885978102684 86
1755916800691 0.11222709023526736 87
1755916800696 0.11542974731751851 88
1755916800702 0.11405561012881142 89
1755916800709 0.12367995455861092 90
1755916800714 0.10248101928404399 91
1755916800720 0.1108986431998866 92
1755916800726 0.1148696637579373 93
1755916800731 0.11316665528076035 94
1755916800736 0.11712272890976497 95
1755916800742 0.1128984306539808 96
1755916800747 0.1087418661585876 97
1755916800753 0.10970663598605565 98
1755916800758 0.10136465249317032 99
1755916800763 0.11407020528401647 100
1755916800769 0.10104854617800031 101
1755916800774 0.10339994568909917 102
1755916800780 0.10511995053717069 103
1755916800785 0.1030580827168056 104
1755916800792 0.09789837790387017 105
1755916800798 0.09980403525488717 106
1755916800804 0.10246562744889941 107
1755916800810 0.09806403943470546 108
1755916800815 0.10394013832722392 109
