1756346648607 0.0008625920677127962 1
1756346648616 0.0017251841354255924 2
1756346648622 0.002587776203138389 3
1756346648628 0.003450368270851185 4
1756346648634 0.004312960338563981 5
1756346648640 0.004312960338563981 6
1756346648646 0.004312454325746141 7
1756346648652 0.004310936524817045 8
1756346648658 0.004308407648238463 9
1756346648664 0.004304868883075083 10
1756346648670 0.004300321890437299 11
1756346648676 0.004294768804701472 12
1756346648682 0.004288212232508056 13
1756346648689 0.00428065525153802 14
1756346648695 0.004272101409068181 15
1756346648701 0.004262554720306094 16
1756346648708 0.004252019666505298 17
1756346648714 0.0042405011928617975 18
1756346648720 0.004228004706192769 19
1756346648727 0.004214536072398577 20
1756346648733 0.004200101613709304 21
1756346648740 0.0041847081057170615 22
1756346648746 0.0041683627741955056 23
1756346648753 0.00415107329170803 24
1756346648759 0.0041328477740062335 25
1756346648766 0.004113694776220354 26
1756346648773 0.0040936232888434555 27
1756346648779 0.004072642733511256 28
1756346648786 0.004050762958579575 29
1756346648793 0.004027994234501477 30
1756346648799 0.0040043472490062775 31
1756346648806 0.003979833102082681 32
1756346648813 0.003954463300768403 33
1756346648820 0.003928249753748723 34
1756346648827 0.003901204765766497 35
1756346648834 0.0038733410318462632 36
1756346648841 0.003844671631335149 37
1756346648847 0.0038152100217633727 38
1756346648854 0.0037849700325272235 39
1756346648861 0.0037539658583974917 40
1756346648868 0.003722212052856384 41
1756346648875 0.003689723521266063 42
1756346648883 0.00365651551387201 43
1756346648890 0.0036226036186445005 44
1756346648897 0.0035880037539615475 45
1756346648904 0.0035527321611367544 46
1756346648911 0.003516805396795575 47
