1756346679740 1.1728393409563147 1
1756346679753 1.163909893968831 2
1756346679765 1.0103821028833804 3
1756346679776 0.7869043816690859 4
1756346679787 0.6639217527016349 5
1756346679798 0.6116659926331561 6
1756346679810 0.5626013382621433 7
1756346679821 0.5961815727793652 8
1756346679832 0.5106451744618623 9
1756346679844 0.5172578575818435 10
1756346679855 0.4805331333823826 11
1756346679866 0.49515450648639514 12
1756346679878 0.4955963336903116 13
1756346679889 0.485252752252247 14
1756346679901 0.44879474069761194 15
1756346679912 0.4582428206568179 16
1756346679924 0.41874631202739215 17
1756346679935 0.41693975484889484 18
1756346679947 0.38625430801640387 19
1756346679959 0.3941539331622746 20
1756346679970 0.3718852400779724 21
1756346679982 0.35260524438775104 22
1756346679994 0.34694897091907 23
1756346680005 0.357750433942546 24
1756346680017 0.3498133686573609 25
1756346680029 0.35696628560190613 26
1756346680041 0.3047898761604143 27
1756346680052 0.3224455558735391 28
1756346680064 0.3497795618098715 29
1756346680076 0.3668186897816865 30
1756346680088 0.34159715279288916 31
1756346680100 0.3779007118681203 32
1756346680112 0.3532195324483125 33
1756346680124 0.3242006638775701 34
1756346680136 0.3499561859213788 35
1756346680148 0.33545726926430414 36
1756346680160 0.32460972796315735 37
1756346680173 0.2990882351346638 38
1756346680185 0.2945893918690474 39
1756346680197 0.2866103266892226 40
1756346680209 0.2828621294187463 41
1756346680221 0.2756991865842239 42
1756346680234 0.2593500899231952 43
1756346680246 0.23693962330403534 44
1756346680258 0.2626920381317968 45
1756346680270 0.2596240976582403 46
1756346680283 0.2778087660022404 47
1756346680295 0.2775861070207927 48
1756346680308 0.2724001550156137 49
1756346680320 0.25803328791390295 50
1756346680333 0.24763076655242755 51
1756346680345 0.24621666967868805 52
1756346680358 0.24003215911595718 53
1756346680370 0.2316178251867709 54
1756346680383 0.23493915148403333 55
1756346680395 0.23710184123205102 56
1756346680408 0.22644499333008475 57
1756346680421 0.23497391524522201 58
1756346680433 0.19715284912482553 59
1756346680446 0.2097406672394794 60
1756346680459 0.20133793483609738 61
1756346680471 0.20097339477228082 62
1756346680484 0.19678061423094376 63
1756346680497 0.2065376930910608 64
1756346680510 0.22480157212070798 65
1756346680523 0.22701788013396057 66
1756346680536 0.21174845164236816 67
1756346680549 0.22872292412363965 68
1756346680562 0.21034554878006811 69
1756346680575 0.19062936176424441 70
1756346680588 0.1917090830595597 71
