1756346665026 1.1488147118817205 1
1756346665036 1.1559216846590457 2
1756346665044 1.1854010017021843 3
1756346665052 0.9748861841533495 4
1756346665060 0.8652030903360118 5
1756346665068 0.714832894180132 6
1756346665076 0.6529328252958215 7
1756346665084 0.5959172300670458 8
1756346665092 0.5862710320431254 9
1756346665101 0.5691359820573226 10
1756346665109 0.5568798922974131 11
1756346665117 0.6020776409169902 12
1756346665125 0.5671786588171254 13
1756346665134 0.5516192018985748 14
1756346665142 0.519131847049879 15
1756346665150 0.49366141790929047 16
1756346665159 0.4913283353266509 17
1756346665167 0.4625107309092646 18
1756346665176 0.4728281834851141 19
1756346665184 0.45315610196279443 20
1756346665193 0.46456106849338696 21
1756346665201 0.4528295151565386 22
1756346665210 0.4738259652386541 23
1756346665219 0.4444524451442387 24
1756346665227 0.46329717791598773 25
1756346665236 0.4599031870779784 26
1756346665245 0.44805101985516754 27
1756346665253 0.4471415307210839 28
1756346665262 0.4289917608965998 29
1756346665271 0.4089038618232893 30
1756346665280 0.4140727364498636 31
1756346665288 0.43248095071834064 32
1756346665297 0.4381952376469322 33
1756346665306 0.41267552971839905 34
1756346665315 0.4224234339983567 35
1756346665324 0.3997349168943322 36
1756346665333 0.4068291990653328 37
1756346665342 0.3927517507387244 38
1756346665351 0.3852055707703466 39
1756346665360 0.3777092708193738 40
1756346665369 0.3758494011733843 41
1756346665378 0.37921272412590357 42
1756346665387 0.3595285700715106 43
1756346665396 0.35490930857865705 44
1756346665406 0.35860827565193176 45
1756346665415 0.3708776805711829 46
1756346665424 0.3620004226332125 47
1756346665433 0.38916582128275995 48
1756346665443 0.42219484888988995 49
1756346665452 0.4193551942058232 50
1756346665461 0.3632496206656746 51
1756346665471 0.38930798095205554 52
1756346665480 0.4071718182252801 53
1756346665489 0.30414879192476685 54
1756346665499 0.31771724638731585 55
1756346665508 0.2873719904733741 56
1756346665518 0.28318739779617474 57
1756346665527 0.28312617669934814 58
1756346665537 0.29286703856095025 59
1756346665547 0.3094466833964638 60
1756346665556 0.30622846276863763 61
1756346665566 0.29379862611708435 62
1756346665576 0.29066305121649866 63
1756346665585 0.27573181429634924 64
1756346665595 0.26608962079753046 65
1756346665605 0.2934448647758235 66
1756346665615 0.2843877323295759 67
1756346665625 0.2885634212390236 68
1756346665635 0.28385169221007306 69
1756346665645 0.27486835355344025 70
1756346665654 0.26019864432189777 71
1756346665664 0.26131573708161066 72
1756346665674 0.23356318732966547 73
1756346665685 0.2482228292071301 74
1756346665695 0.23323190147462097 75
1756346665705 0.2428805692040402 76
1756346665715 0.23134799949500873 77
1756346665725 0.22556562203428018 78
1756346665735 0.23973624019519144 79
1756346665746 0.22095671620057977 80
1756346665756 0.21963313805020374 81
1756346665766 0.23576210244842197 82
1756346665776 0.19900114769520966 83
