1756346679740 2.397137242814769 1
1756346679753 2.3287623446920644 2
1756346679765 1.7962489128112793 3
1756346679776 1.0942652406899824 4
1756346679787 0.772734425638033 5
1756346679798 0.6748235627360966 6
1756346679810 0.5633367714674576 7
1756346679821 0.6304564514885778 8
1756346679832 0.4553573999715888 9
1756346679844 0.48109157577804895 10
1756346679855 0.4151382971069087 11
1756346679866 0.4229100333607715 12
1756346679878 0.42294772681982623 13
1756346679889 0.42798490109650983 14
1756346679901 0.3622168289578479 15
1756346679912 0.3845708972733954 16
1756346679924 0.3181195071210032 17
1756346679935 0.32170205466125323 18
1756346679947 0.2815017933430879 19
1756346679959 0.2896823416585508 20
1756346679970 0.24943618865116782 21
1756346679982 0.22114216503889664 22
1756346679994 0.22606991361016812 23
1756346680005 0.22923876863458884 24
1756346680017 0.23223267625207486 25
1756346680029 0.22871405210184015 26
1756346680041 0.17059758759063223 27
1756346680052 0.19573327639828558 28
1756346680064 0.23209280099557794 29
1756346680076 0.24789006748925085 30
1756346680088 0.2188677214409994 31
1756346680100 0.2651801031568776 32
1756346680112 0.23308413767296335 33
1756346680124 0.19246960431337357 34
1756346680136 0.23726203908091006 35
1756346680148 0.21184008341768515 36
1756346680160 0.19394586980342865 37
1756346680173 0.16983436436756796 38
1756346680185 0.16713128919186798 39
1756346680197 0.16447860051108443 40
1756346680209 0.15865598068289136 41
1756346680221 0.15288457242043121 42
1756346680234 0.1319691124169723 43
1756346680246 0.11142447056329768 44
1756346680258 0.1353839366980221 45
1756346680270 0.1346015209413093 46
1756346680283 0.15335658581360526 47
1756346680295 0.15273617791092914 48
1756346680308 0.14680082512938458 49
1756346680320 0.1223050584287747 50
1756346680333 0.11450921468760657 51
1756346680345 0.11026225368613782 52
1756346680358 0.10485110593878705 53
1756346680370 0.10080333329413248 54
1756346680383 0.1012593498048575 55
1756346680395 0.10202402524326158 56
1756346680408 0.10286934722376906 57
1756346680421 0.10480364039540291 58
1756346680433 0.07219256865589516 59
1756346680446 0.08276907160230305 60
1756346680459 0.07941648558430049 61
1756346680471 0.07649890430595564 62
1756346680484 0.07200762256979942 63
1756346680497 0.08124385579772618 64
1756346680510 0.10066826236636742 65
1756346680523 0.10069764518867368 66
1756346680536 0.08084628358483315 67
1756346680549 0.10300389191378719 68
1756346680562 0.08026888561637505 69
1756346680575 0.0666409504154454 70
1756346680588 0.07054809934419135 71
