1756346665026 2.269880175590515 1
1756346665036 2.168342657711195 2
1756346665044 2.4152717797652534 3
1756346665052 1.594502021437106 4
1756346665060 1.3205830662146858 5
1756346665068 0.8947609248368636 6
1756346665076 0.7514926791191101 7
1756346665084 0.6465211977129397 8
1756346665092 0.6251948722030806 9
1756346665101 0.5944557565709819 10
1756346665109 0.5557586226774298 11
1756346665117 0.6368263286093007 12
1756346665125 0.573397273602693 13
1756346665134 0.5753058065538821 14
1756346665142 0.5074436353600543 15
1756346665150 0.4717929829721865 16
1756346665159 0.47093465017235797 17
1756346665167 0.4273384446683137 18
1756346665176 0.4497642387514529 19
1756346665184 0.4090738698192265 20
1756346665193 0.43445725026337995 21
1756346665201 0.40115567523500195 22
1756346665210 0.4422249055427054 23
1756346665219 0.3963938718256743 24
1756346665227 0.4204660952091217 25
1756346665236 0.42547162071518274 26
1756346665245 0.41423460646815924 27
1756346665253 0.39681848689265875 28
1756346665262 0.38899499761021655 29
1756346665271 0.3515111512464026 30
1756346665280 0.36686224587585614 31
1756346665288 0.3868477111277373 32
1756346665297 0.39427993738132977 33
1756346665306 0.35864873360032623 34
1756346665315 0.36807379515274713 35
1756346665324 0.3380894809961319 36
1756346665333 0.3696155596686446 37
1756346665342 0.32948434612025385 38
1756346665351 0.3223768420841383 39
1756346665360 0.32471002962278284 40
1756346665369 0.31268532638964447 41
1756346665378 0.31702277323474054 42
1756346665387 0.2957499092039855 43
1756346665396 0.29743858523990796 44
1756346665406 0.2994325374779494 45
1756346665415 0.30901250891063525 46
1756346665424 0.2991074997445811 47
1756346665433 0.32962111027344415 48
1756346665443 0.37623413231061853 49
1756346665452 0.3603826774203259 50
1756346665461 0.3017373881910158 51
1756346665471 0.33503284920816834 52
1756346665480 0.34178464309028955 53
1756346665489 0.1838493729415147 54
1756346665499 0.20221584840961124 55
1756346665508 0.1684157892089823 56
1756346665518 0.16800258794556494 57
1756346665527 0.16385420800551123 58
1756346665537 0.15962583182946496 59
1756346665547 0.19671454248221024 60
1756346665556 0.17372887905525125 61
1756346665566 0.17916487400298534 62
1756346665576 0.16888737872890805 63
1756346665585 0.15336427643247272 64
1756346665595 0.13590327812277753 65
1756346665605 0.1939949237782022 66
1756346665615 0.16028736434552981 67
1756346665625 0.1761070389462554 68
1756346665635 0.18021602928638458 69
1756346665645 0.1601762117251106 70
1756346665654 0.14459778530442197 71
1756346665664 0.1455281325008558 72
1756346665674 0.12119139714733414 73
1756346665685 0.1260600984096527 74
1756346665695 0.11758005424686101 75
1756346665705 0.12361568277296812 76
1756346665715 0.11638701383186423 77
1756346665725 0.1078482715655928 78
1756346665735 0.12980678191651468 79
1756346665746 0.10315347705846248 80
1756346665756 0.10261682534347409 81
1756346665766 0.11735106761688771 82
1756346665776 0.08669916337922863 83
