1755988399045 0.000690567151924411 1
1755988399058 0.001381134303848822 2
1755988399067 0.002071701455773233 3
1755988399074 0.002762268607697644 4
1755988399082 0.003452835759622055 5
1755988399089 0.003452835759622055 6
1755988399097 0.0034518921266911036 7
1755988399104 0.0034490622597470057 8
1755988399112 0.0034443492532077167 9
1755988399120 0.003437758260676692 10
1755988399128 0.0034292964893074956 11
1755988399136 0.003418973191922886 12
1755988399144 0.0034067996568969876 13
1755988399153 0.0033927891958116215 14
1755988399161 0.003376957128900285 15
1755988399169 0.0033593207682957008 16
1755988399176 0.003339899399099257 17
1755988399184 0.0033187142582930275 18
1755988399191 0.0032957885115174465 19
1755988399199 0.003271147227740021 20
1755988399207 0.003244817351842782 21
1755988399215 0.0032168276751584524 22
1755988399223 0.003187208803987544 23
1755988399231 0.003155993126130825 24
1755988399239 0.003123214775473727 25
1755988399247 0.0030889095946614454 26
1755988399256 0.003053115095905536 27
1755988399264 0.0030158704199648584 28
1755988399272 0.0029772162933457335 29
1755988399280 0.0029371949837681036 30
1755988399288 0.0028958502539464075 31
1755988399296 0.0028532273137356853 32
1755988399304 0.0028093727706952755 33
1755988399312 0.002764334579124126 34
1755988399321 0.0027181619876234762 35
1755988399330 0.002670905485244233 36
1755988399338 0.002622616746277935 37
1755988399347 0.002573348573751674 38
1755988399355 0.0025231548416887583 39
1755988399364 0.0024720904361982625 40
1755988399372 0.002420211195457871 41
1755988399380 0.002367573848655649 42
1755988399388 0.0023142359539575124 43
1755988399397 0.0022602558355682132 44
1755988399405 0.002205692519954682 45
1755988399413 0.002150605671301453 46
1755988399422 0.00209505552626875 47
1755988399430 0.0020391028281245885 48
1755988399438 0.001982808760322899 49
1755988399447 0.001926234879600322 50
1755988399456 0.0018694430486648178 51
1755988399464 0.0018124953685497052 52
1755988399472 0.0017554541107070937 53
1755988399480 0.0016983816489149612 54
1755988399489 0.0016413403910723492 55
