1755988372656 3.427784824371338 1
1755988372665 2.1090219259262084 2
1755988372670 1.9437933683395385 3
1755988372674 1.942607545852661 4
1755988372679 1.5991222620010377 5
1755988372683 1.087632429599762 6
1755988372688 0.7934618711471557 7
1755988372693 0.6703520774841308 8
1755988372698 0.4726705729961395 9
1755988372703 0.4122605502605438 10
1755988372707 0.3183711111545563 11
1755988372712 0.3302299976348877 12
1755988372717 0.26132075786590575 13
1755988372722 0.24164912700653077 14
1755988372727 0.23612286448478698 15
1755988372732 0.19719955921173096 16
1755988372736 0.19801350831985473 17
1755988372741 0.16526636481285095 18
1755988372746 0.15846184492111207 19
1755988372757 0.15136685967445374 20
1755988372761 0.18095666617155076 21
1755988372767 0.16150992661714553 22
1755988372772 0.1819701611995697 23
1755988372778 0.1866042971611023 24
1755988372783 0.1654494971036911 25
1755988372789 0.11448180377483368 26
1755988372794 0.12116464376449584 27
1755988372798 0.09789067804813385 28
1755988372804 0.1178007647395134 29
1755988372810 0.13238030374050141 30
1755988372815 0.14901785552501678 31
1755988372820 0.1486033394932747 32
1755988372826 0.13105892688035964 33
1755988372831 0.11524427086114883 34
1755988372836 0.07856771349906921 35
1755988372841 0.1175141990184784 36
1755988372846 0.1050384595990181 37
1755988372851 0.09158986508846283 38
1755988372856 0.08306059688329696 39
1755988372861 0.07319431304931641 40
1755988372866 0.07209967225790023 41
1755988372871 0.07004380896687508 42
1755988372876 0.07965509742498397 43
1755988372881 0.07913627177476883 44
1755988372886 0.10322260558605194 45
1755988372891 0.1008860521018505 46
1755988372897 0.09274993687868119 47
1755988372902 0.0776608943939209 48
1755988372908 0.060921824723482135 49
1755988372913 0.06791976615786552 50
1755988372919 0.046715058386325836 51
1755988372924 0.05575754344463348 52
1755988372929 0.05926454365253449 53
1755988372935 0.04393652975559235 54
1755988372940 0.029580678418278696 55
1755988372946 0.0339152455329895 56
1755988372951 0.031639980152249336 57
1755988372956 0.03228507712483406 58
1755988372961 0.025765225291252136 59
1755988372966 0.022369291447103024 60
1755988372971 0.025305288657546044 61
1755988372977 0.022325090318918227 62
1755988372982 0.01957101169973612 63
1755988372988 0.02440505623817444 64
1755988372993 0.019436998292803764 65
1755988372999 0.020719078555703162 66
1755988373005 0.02189614772796631 67
