1756058416620 1.8823280572891234 1
1756058416636 1.2495083302259444 2
1756058416645 1.0481180638074874 3
1756058416655 1.282399669289589 4
1756058416664 1.7095161229372025 5
1756058416674 1.2691695660352706 6
1756058416683 0.9744551450014114 7
1756058416693 0.8690601080656052 8
1756058416702 0.8015976071357727 9
1756058416711 0.8235178112983703 10
1756058416720 0.5928617671132088 11
1756058416730 0.5487912595272064 12
1756058416739 0.5547052890062332 13
1756058416748 0.6730762079358101 14
1756058416757 0.6928789466619492 15
1756058416767 0.5550642445683479 16
1756058416776 0.40971499755978585 17
1756058416785 0.4912658900022507 18
1756058416794 0.42892133444547653 19
1756058416804 0.4074612945318222 20
1756058416814 0.46794315204024317 21
1756058416824 0.4423005983233452 22
1756058416834 0.4071755811572075 23
1756058416844 0.41109043061733247 24
1756058416853 0.452894726395607 25
1756058416862 0.413531506806612 26
1756058416871 0.38541102558374407 27
1756058416881 0.3411163851618767 28
1756058416890 0.32183210402727125 29
1756058416900 0.33710329681634904 30
1756058416909 0.32677350491285323 31
1756058416918 0.35356529951095583 32
1756058416928 0.31094945296645166 33
1756058416937 0.3123333744704723 34
1756058416947 0.336815083026886 35
1756058416957 0.3712482236325741 36
1756058416967 0.28881058320403097 37
1756058416977 0.32617485001683233 38
1756058416987 0.3973377987742424 39
1756058416997 0.3410095997154713 40
1756058417007 0.30556420907378196 41
1756058417017 0.32559549510478974 42
1756058417027 0.37177675515413283 43
1756058417037 0.3617121264338493 44
1756058417047 0.39970401749014856 45
1756058417057 0.43428896442055703 46
1756058417068 0.34098965898156164 47
1756058417079 0.30938633158802986 48
1756058417088 0.3065901346504688 49
1756058417098 0.3048584498465061 50
1756058417108 0.38349607586860657 51
1756058417118 0.2843753628432751 52
1756058417128 0.2940355367958546 53
1756058417137 0.29678782299160955 54
1756058417147 0.2754935197532177 55
1756058417157 0.32189916372299193 56
1756058417167 0.3119420811533928 57
1756058417177 0.23434925973415374 58
1756058417187 0.26716680377721785 59
1756058417198 0.23366328626871108 60
1756058417208 0.18606093619018793 61
1756058417219 0.1883624739944935 62
1756058417229 0.27387435026466844 63
1756058417239 0.29254030510783197 64
1756058417249 0.32374954521656035 65
1756058417259 0.2202851042151451 66
1756058417270 0.26559901386499407 67
1756058417280 0.20943501517176627 68
1756058417291 0.21893596053123474 69
1756058417301 0.21367822177708148 70
1756058417312 0.17437949851155282 71
1756058417323 0.20817408859729766 72
1756058417334 0.1788372229784727 73
1756058417344 0.2944162908941507 74
1756058417354 0.18836854845285417 75
1756058417365 0.24368039891123772 76
1756058417376 0.18507572039961814 77
1756058417388 0.15827840603888035 78
1756058417401 0.17444488666951657 79
1756058417413 0.1465592909604311 80
1756058417424 0.2121675129979849 81
1756058417436 0.14926109239459037 82
1756058417446 0.17922233492136003 83
1756058417457 0.2394187618046999 84
1756058417467 0.247780954092741 85
1756058417477 0.15911875627934932 86
1756058417488 0.17754617519676685 87
1756058417499 0.19227298088371753 88
1756058417509 0.2131070114672184 89
1756058417520 0.18149120844900607 90
1756058417532 0.2687252964824438 91
1756058417543 0.1924140013754368 92
1756058417555 0.2596585385501385 93
1756058417566 0.1567943923175335 94
1756058417577 0.20332586914300918 95
1756058417588 0.18904494345188141 96
1756058417599 0.18333482295274733 97
1756058417609 0.17911523766815662 98
1756058417620 0.1612794253975153 99
