1756058374397 1.8878956258296966 1
1756058374410 1.3534289002418518 2
1756058374419 1.394769275188446 3
1756058374428 0.853535333275795 4
1756058374437 0.9683867499232293 5
1756058374445 1.0045694425702094 6
1756058374454 1.1249136745929718 7
1756058374463 0.7608599081635475 8
1756058374471 0.5879596449434757 9
1756058374480 0.7658405765891075 10
1756058374487 0.6532320261001587 11
1756058374495 0.5074261844158172 12
1756058374526 0.4826037213206291 13
1756058374534 0.7362260043621063 14
1756058374542 0.5736836470663548 15
1756058374551 0.6296581238508224 16
1756058374560 0.5102457948029041 17
1756058374570 0.5051894679665565 18
1756058374579 0.40803595781326296 19
1756058374588 0.48277113288640977 20
1756058374596 0.394416818767786 21
1756058374605 0.4047046788036823 22
1756058374614 0.4107136785984039 23
1756058374623 0.3712326794862747 24
1756058374632 0.38119304180145264 25
1756058374640 0.39911978617310523 26
1756058374649 0.3845951445400715 27
1756058374665 0.4053956888616085 28
1756058374681 0.3901328109204769 29
1756058374689 0.43834859877824783 30
1756058374697 0.4029984697699547 31
1756058374705 0.5440480276942253 32
1756058374714 0.36730599999427793 33
1756058374723 0.3951911687850952 34
1756058374731 0.44221907630562785 35
1756058374740 0.41329881399869917 36
1756058374749 0.3399141661822796 37
1756058374758 0.35991508364677427 38
1756058374768 0.31313809379935265 39
1756058374776 0.29800902009010316 40
1756058374785 0.33457198590040205 41
1756058374795 0.3054454386234283 42
1756058374819 0.27214062586426735 43
1756058374830 0.24541236609220504 44
1756058374839 0.40760231465101243 45
1756058374847 0.32804870381951334 46
1756058374856 0.28371081575751306 47
1756058374865 0.3281180649995804 48
1756058374874 0.35633922815322877 49
1756058374883 0.35200788751244544 50
1756058374893 0.2405731461942196 51
1756058374902 0.24123169407248496 52
1756058374911 0.24465468525886536 53
1756058374920 0.28590396270155904 54
1756058374930 0.30025196820497513 55
1756058374939 0.3324709042906761 56
1756058374949 0.23733189832419158 57
1756058374972 0.2558136358857155 58
1756058374980 0.3400375220924616 59
1756058374989 0.26323059648275376 60
1756058374998 0.3569981560111046 61
1756058375007 0.282289981842041 62
1756058375016 0.2979416012763977 63
1756058375027 0.22068221643567085 64
1756058375037 0.2587415486574173 65
1756058375045 0.22086564116179944 66
1756058375054 0.1851547457277775 67
1756058375064 0.19706091471016407 68
1756058375074 0.18758078217506408 69
1756058375083 0.21243577674031258 70
1756058375092 0.23359150290489197 71
1756058375101 0.1825365610420704 72
1756058375111 0.17035999074578284 73
1756058375120 0.17795663625001906 74
1756058375149 0.1636626362800598 75
1756058375173 0.17118223942816257 76
1756058375183 0.15658785328269004 77
1756058375192 0.17831674329936503 78
1756058375201 0.24367598295211793 79
1756058375211 0.2767056096345186 80
1756058375221 0.17141978032886981 81
1756058375231 0.14864927753806115 82
1756058375240 0.20719587653875352 83
1756058375250 0.16743329241871835 84
1756058375261 0.15235728472471238 85
1756058375271 0.14605597518384456 86
1756058375281 0.20136177986860276 87
1756058375290 0.14884785749018192 88
1756058375299 0.2127998024225235 89
1756058375309 0.22037106044590474 90
1756058375319 0.15862162336707114 91
1756058375328 0.24571797698736192 92
1756058375338 0.1807393033057451 93
1756058375358 0.1957121893763542 94
1756058375373 0.27309898771345614 95
1756058375383 0.17191626485437156 96
1756058375394 0.13763044141232966 97
1756058375404 0.16774611435830594 98
1756058375415 0.16100269742310047 99
1756058375425 0.14873514287173747 100
