1756058333538 0.9489574700593948 1
1756058333549 0.7710633024573326 2
1756058333553 0.7529756724834442 3
1756058333560 0.7127265274524689 4
1756058333565 0.6751225858926773 5
1756058333570 0.6549225360155105 6
1756058333576 0.5927178874611855 7
1756058333581 0.6611290976405144 8
1756058333586 0.5322748720645905 9
1756058333592 0.5215266242623329 10
1756058333597 0.5371732950210572 11
1756058333602 0.53937758654356 12
1756058333608 0.4965085834264755 13
1756058333613 0.4699145644903183 14
1756058333618 0.4796775221824646 15
1756058333623 0.45435450971126556 16
1756058333628 0.43116891831159593 17
1756058333633 0.4628670960664749 18
1756058333638 0.44765971750020983 19
1756058333643 0.4310346767306328 20
1756058333649 0.4245951995253563 21
1756058333654 0.4112952470779419 22
1756058333660 0.4182612285017967 23
1756058333665 0.4701371043920517 24
1756058333670 0.4170918196439743 25
1756058333676 0.4007131427526474 26
1756058333681 0.44211824983358383 27
1756058333687 0.41756440997123717 28
1756058333692 0.3709739029407501 29
1756058333697 0.41214562952518463 30
1756058333702 0.43305377960205077 31
1756058333707 0.3700567498803139 32
1756058333713 0.36799854338169097 33
1756058333718 0.43137000054121016 34
1756058333723 0.42145674824714663 35
1756058333729 0.37990627288818357 36
1756058333735 0.40661718100309374 37
1756058333740 0.3631704360246658 38
1756058333746 0.3408688373863697 39
1756058333752 0.3623042330145836 40
1756058333757 0.35979567021131514 41
1756058333763 0.35915204882621765 42
1756058333769 0.33131776601076124 43
1756058333774 0.3623176336288452 44
1756058333780 0.32705217227339745 45
1756058333786 0.3668049782514572 46
1756058333792 0.3569516897201538 47
1756058333797 0.32213168889284133 48
1756058333803 0.349321585893631 49
1756058333809 0.2957147121429443 50
1756058333815 0.37303297221660614 51
1756058333821 0.37452439665794374 52
1756058333827 0.3396566197276115 53
1756058333833 0.34139908105134964 54
1756058333838 0.32024369314312934 55
1756058333844 0.28646030873060224 56
1756058333850 0.31443334743380547 57
1756058333856 0.28368505015969275 58
1756058333862 0.3049439862370491 59
1756058333868 0.2885582722723484 60
1756058333874 0.28679082095623015 61
1756058333880 0.36434223502874374 62
1756058333886 0.35851043835282326 63
1756058333892 0.34094070792198183 64
1756058333898 0.3355519168078899 65
1756058333904 0.3519891694188118 66
1756058333911 0.2877995692193508 67
1756058333917 0.28456540033221245 68
1756058333923 0.3701628379523754 69
1756058333929 0.3268878415226936 70
1756058333935 0.31539628431200983 71
1756058333941 0.27834273874759674 72
1756058333948 0.3102310851216316 73
1756058333954 0.28414932191371917 74
1756058333961 0.268753869086504 75
1756058333967 0.2823754124343395 76
1756058333974 0.2637068681418896 77
1756058333980 0.30378361493349076 78
1756058333987 0.24990590438246726 79
1756058333993 0.27156835943460467 80
1756058333999 0.2642157472670078 81
1756058334006 0.26677783355116846 82
1756058334012 0.2569863356649876 83
1756058334019 0.2726216360926628 84
1756058334025 0.2600772686302662 85
1756058334032 0.23784904256463052 86
1756058334039 0.32449826002120974 87
1756058334045 0.23420748710632325 88
1756058334052 0.29093761965632436 89
1756058334058 0.297627317905426 90
1756058334065 0.21717091482132672 91
1756058334071 0.24797097221016884 92
1756058334078 0.2556721970438957 93
1756058334084 0.2672925256192684 94
1756058334091 0.25185455605387685 95
1756058334098 0.25281556993722915 96
1756058334105 0.24251747578382493 97
1756058334111 0.26012319400906564 98
1756058334118 0.27985579520463943 99
1756058334125 0.24295216724276542 100
