1756058333538 1.5683224678039551 1
1756058333549 1.056921274960041 2
1756058333553 1.0308735430240632 3
1756058333560 0.9230263620615006 4
1756058333565 0.8343363717198372 5
1756058333570 0.7658807277679444 6
1756058333576 0.6506347425282002 7
1756058333581 0.9318461954593659 8
1756058333586 0.5212585866451264 9
1756058333592 0.4737118422985077 10
1756058333597 0.518712243437767 11
1756058333602 0.5251034900546074 12
1756058333608 0.4454892918467522 13
1756058333613 0.4117476627230644 14
1756058333618 0.4005067884922028 15
1756058333623 0.38049752712249757 16
1756058333628 0.3535478964447975 17
1756058333633 0.36531572565436365 18
1756058333638 0.3554419308900833 19
1756058333643 0.3238460771739483 20
1756058333649 0.3186623089015484 21
1756058333654 0.31521646305918694 22
1756058333660 0.33308196142315866 23
1756058333665 0.4760069988667965 24
1756058333670 0.3162750229239464 25
1756058333676 0.29820585772395136 26
1756058333681 0.36169166639447214 27
1756058333687 0.36081463247537615 28
1756058333692 0.25507473219186066 29
1756058333697 0.30055059790611266 30
1756058333702 0.4626560267060995 31
1756058333707 0.24259430021047593 32
1756058333713 0.2416077308356762 33
1756058333718 0.36527675315737723 34
1756058333723 0.35684163868427277 35
1756058333729 0.25218726694583893 36
1756058333735 0.30201282203197477 37
1756058333740 0.2386130176484585 38
1756058333746 0.21432009376585484 39
1756058333752 0.2689458288252354 40
1756058333757 0.22349214553833008 41
1756058333763 0.22102393507957457 42
1756058333769 0.19986442252993583 43
1756058333774 0.2387513231486082 44
1756058333780 0.1902730640023947 45
1756058333786 0.3650983929634094 46
1756058333792 0.25820663906633856 47
1756058333797 0.18696713969111442 48
1756058333803 0.2366268027573824 49
1756058333809 0.15858940929174423 50
1756058333815 0.32828095071017743 51
1756058333821 0.24357270151376725 52
1756058333827 0.23698215372860432 53
1756058333833 0.20974204167723656 54
1756058333838 0.18859356567263602 55
1756058333844 0.14386193733662367 56
1756058333850 0.1950410194694996 57
1756058333856 0.14175558388233184 58
1756058333862 0.16316485442221165 59
1756058333868 0.14845285676419734 60
1756058333874 0.14415723010897635 61
1756058333880 0.3857332859188318 62
1756058333886 0.3235878847539425 63
1756058333892 0.20498266257345676 64
1756058333898 0.20844231694936752 65
1756058333904 0.4224905475974083 66
1756058333911 0.14639201685786246 67
1756058333917 0.14551309533417225 68
1756058333923 0.5453279953449964 69
1756058333929 0.24499692842364312 70
1756058333935 0.19767893925309182 71
1756058333941 0.13669298961758614 72
1756058333948 0.1960214488208294 73
1756058333954 0.15271780863404275 74
1756058333961 0.14052341207861901 75
1756058333967 0.13692731447517872 76
1756058333974 0.13330417089164256 77
1756058333980 0.207626049220562 78
1756058333987 0.10584009792655706 79
1756058333993 0.13748443648219108 80
1756058333999 0.13213060460984707 81
1756058334006 0.12808983847498895 82
1756058334012 0.11790328957140446 83
1756058334019 0.12862273193895818 84
1756058334025 0.13528520576655864 85
1756058334032 0.10161542315036058 86
1756058334039 0.425554807856679 87
1756058334045 0.09820522386580706 88
1756058334052 0.23073098100721837 89
1756058334058 0.1851981680840254 90
1756058334065 0.08423632171470671 91
1756058334071 0.10804933756589889 92
1756058334078 0.11639786511659622 93
1756058334084 0.1262625489383936 94
1756058334091 0.10621694773435593 95
1756058334098 0.1368958756327629 96
1756058334105 0.10571115016937256 97
1756058334111 0.13418443072587252 98
1756058334118 0.191352791339159 99
1756058334125 0.10608114749193191 100
