1756058333538 0.0005936504401606545 1
1756058333549 0.001187300880321309 2
1756058333553 0.0017809513204819633 3
1756058333560 0.002374601760642618 4
1756058333565 0.0029682522008032722 5
1756058333570 0.0029682522008032722 6
1756058333576 0.002967441039124067 7
1756058333581 0.0029650084410798383 8
1756058333586 0.002960957066680833 9
1756058333592 0.0029552913460454736 10
1756058333597 0.002948017474556092 11
1756058333602 0.002939143406084369 12
1756058333608 0.002928678844293889 13
1756058333613 0.0029166352320293314 14
1756058333618 0.0029030257388038857 15
1756058333623 0.0028878652463985802 16
1756058333628 0.002871170332589277 17
1756058333633 0.002852959253019114 18
1756058333638 0.002833251921236228 19
1756058333643 0.002812069886918585 20
1756058333649 0.002789436312309718 21
1756058333654 0.002765375946891161 22
1756058333660 0.0027399151003192463 23
1756058333665 0.00271308161365589 24
1756058333670 0.0026849048289247918 25
1756058333676 0.0026554155570263686 26
1756058333681 0.0026246460440464835 27
1756058333687 0.002592629935995827 28
1756058333692 0.002559402242018496 29
1756058333697 0.0025249992961100115 30
1756058333702 0.0024894587173866257 31
1756058333707 0.0024528193689493704 32
1756058333713 0.0024151213153878284 33
1756058333718 0.0023764057789700923 34
1756058333723 0.0023367150945668184 35
1756058333729 0.0022960926633586697 36
1756058333735 0.0022545829053777595 37
1756058333740 0.0022122312109349998 38
1756058333746 0.0021690838909864626 39
1756058333752 0.0021251881264930284 40
1756058333757 0.0020805919168287008 41
1756058333763 0.0020353440272939914 42
1756058333769 0.001989493935791785 43
1756058333774 0.0019430917787239736 44
1756058333780 0.0018961882961680424 45
1756058333786 0.0018488347763935358 46
1756058333792 0.00180108299977909 47
1756058333797 0.0017529851821913487 48
1756058333803 0.001704593917887678 49
1756058333809 0.001655962122005122 50
1756058333815 0.001607142972698472 51
1756058333821 0.00155818985299074 52
1756058333827 0.0015091562923996045 53
1756058333833 0.0014600959084036674 54
1756058333838 0.0014110623478125316 55
1756058333844 0.0013621092281048003 56
1756058333850 0.0013132900787981502 57
1756058333856 0.0012646582829155938 58
1756058333862 0.001216267018611924 59
1756058333868 0.001168169201024182 60
1756058333874 0.0011204174244097362 61
1756058333880 0.00107306390463523 62
1756058333886 0.0010261604220792985 63
1756058333892 0.0009797582650114874 64
1756058333898 0.0009339081735092805 65
1756058333904 0.000888660283974572 66
1756058333911 0.000844064074310244 67
1756058333917 0.0008001683098168099 68
1756058333923 0.0007570209898682729 69
1756058333929 0.0007146692954255131 70
1756058333935 0.0006731595374446027 71
1756058333941 0.0006325371062364538 72
1756058333948 0.0005928464218331801 73
1756058333954 0.0005541308854154438 74
1756058333961 0.0005164328318539017 75
1756058333967 0.0004797934834166466 76
1756058333974 0.00044425290469326053 77
1756058333980 0.0004098499587847762 78
1756058333987 0.0003766222648074461 79
1756058333993 0.0003446061567567894 80
1756058333999 0.0003138366437769042 81
1756058334006 0.0002843473718784806 82
1756058334012 0.00025617058714738237 83
1756058334019 0.00022933710048402556 84
1756058334025 0.00020387625391211133 85
1756058334032 0.00017981588849355417 86
1756058334039 0.0001571823138846875 87
1756058334045 0.00013600027956704397 88
1756058334052 0.00011629294778415832 89
1756058334058 9.808186821399526e-05 90
1756058334065 8.138695440469182e-05 91
1756058334071 6.622646199938657e-05 92
1756058334078 5.261696877394079e-05 93
1756058334084 4.05733565093835e-05 94
1756058334091 3.010879471890362e-05 95
1756058334098 2.1234726247180145e-05 96
1756058334105 1.3960854757798832e-05 97
1756058334111 8.295134122439521e-06 98
1756058334118 4.243759723433816e-06 99
1756058334125 1.811161679205107e-06 100
