1756349249713 0.00038513673328124124 1
1756349249726 0.0007702734665624825 2
1756349249736 0.0011554101998437235 3
1756349249747 0.001540546933124965 4
1756349249758 0.0019256836664062061 5
1756349249768 0.0019256836664062061 6
1756349249779 0.0019254578028710578 7
1756349249790 0.001924780318286851 8
1756349249800 0.0019236515306675348 9
1756349249811 0.0019220719698704908 10
1756349249822 0.0019200423773478173 11
1756349249833 0.0019175637057982878 12
1756349249844 0.0019146371187201503 13
1756349249855 0.0019112639898649778 14
1756349249866 0.0019074459025928221 15
1756349249877 0.001903184649128981 16
1756349249888 0.0018984822297227174 17
1756349249899 0.001893340851708336 18
1756349249910 0.001887762928469053 19
1756349249921 0.001881751078304142 20
1756349249932 0.0018753081231998952 21
1756349249943 0.0018684370875049728 22
1756349249954 0.0018611411965107597 23
1756349249965 0.0018534238749374028 24
1756349249977 0.0018452887453262322 25
1756349249988 0.0018367396263393276 26
1756349249999 0.0018277805309670216 27
1756349250010 0.001818415664644187 28
1756349250022 0.0018086494232761893 29
1756349250033 0.0017984863911754303 30
1756349250044 0.001787931338909455 31
1756349250056 0.001776989221061627 32
1756349250067 0.0017656651739054272 33
1756349250078 0.001753964512993469 34
1756349250090 0.0017418927306623545 35
1756349250101 0.0017294554934545506 36
1756349250113 0.001716658639458492 37
1756349250124 0.0017035081755681586 38
1756349250136 0.0016900102746634164 39
1756349250148 0.0016761712727124426 40
1756349250159 0.0016619976657975973 41
1756349250171 0.0016474961070661372 42
1756349250183 0.0016326734036072005 43
1756349250194 0.0016175365132565338 44
1756349250206 0.0016020925413304556 45
1756349250218 0.0015863487372905932 46
1756349250230 0.0015703124913409561 47
1756349250242 0.001553991330958945 48
1756349250254 0.0015373929173619245 49
1756349250265 0.0015205250419110174 50
1756349250277 0.001503395622453808 51
1756349250289 0.0014860126996076735 52
1756349250301 0.001468384432985488 53
1756349250313 0.0014505190973654646 54
1756349250325 0.0014324250788069445 55
1756349250337 0.0014141108707139461 56
1756349250349 0.0013955850698483283 57
1756349250362 0.0013768563722944352 58
1756349250374 0.0013579335693771216 59
1756349250386 0.0013388255435350682 60
1756349250398 0.0013195412641513313 61
1756349250410 0.0013000897833430776 62
1756349250423 0.0012804802317124852 63
1756349250435 0.001260721814060803 64
1756349250447 0.00124082380506758 65
1756349250460 0.001220795544937094 66
1756349250472 0.0012006464350140225 67
1756349250485 0.0011803859333704156 68
1756349250497 0.0011600235503660373 69
1756349250510 0.0011395688441841669 70
