1756349235193 1.1016010564306509 1
1756349235201 0.9983106100040934 2
1756349235207 1.0399739949599556 3
1756349235214 1.0834024315295012 4
1756349235220 1.1262327017991438 5
1756349235226 1.0230925497801409 6
1756349235232 0.8744103001511615 7
1756349235238 0.7654116438782733 8
1756349235244 0.6925536705100018 9
1756349235250 0.5935713311900264 10
1756349235256 0.5505237281322479 11
1756349235263 0.5565405539844347 12
1756349235269 0.5013125046439793 13
1756349235275 0.526739037555197 14
1756349235282 0.5412473743376525 15
1756349235288 0.4918449430362038 16
1756349235294 0.45243899200273596 17
1756349235301 0.4667955649935681 18
1756349235307 0.43423806584399677 19
1756349235314 0.43388285714647046 20
1756349235320 0.43121889104013855 21
1756349235327 0.4233821371327276 22
1756349235333 0.46356204281682556 23
1756349235340 0.412546016599821 24
1756349235347 0.3944712501505147 25
1756349235353 0.3792691295561583 26
1756349235360 0.4078797296337459 27
1756349235367 0.40895656399104907 28
1756349235373 0.363786738851796 29
1756349235380 0.3758320743622987 30
1756349235387 0.33725331658902374 31
1756349235394 0.36230392430139624 32
1756349235401 0.35786859885506006 33
1756349235407 0.33144023366596387 34
1756349235414 0.3246754369010096 35
1756349235421 0.3359367724346078 36
1756349235428 0.3142462942911231 37
1756349235435 0.3347330093383789 38
1756349235442 0.3269733326590579 39
1756349235449 0.3522154559259829 40
1756349235456 0.32500359934309253 41
1756349235466 0.3289987807688506 42
1756349235473 0.30637376075205597 43
1756349235480 0.3316208506407945 44
1756349235487 0.3426963790603306 45
1756349235495 0.3061000257730484 46
1756349235502 0.3019345033427943 47
1756349235509 0.2949891012647878 48
1756349235516 0.2910829225312109 49
1756349235524 0.30156451334124024 50
1756349235531 0.2799860601839812 51
1756349235539 0.29692111455875897 52
1756349235546 0.2786561872648156 53
1756349235553 0.2845651449068733 54
1756349235561 0.27680475750695105 55
1756349235568 0.2745069751273031 56
1756349235576 0.2685488144988599 57
1756349235584 0.25940673118052276 58
1756349235591 0.2534442181172578 59
1756349235599 0.26702095827330713 60
1756349235606 0.2627650181884351 61
1756349235614 0.2598426607639893 62
1756349235622 0.2654453535442767 63
1756349235629 0.28232036790122156 64
1756349235637 0.25793274070905603 65
1756349235645 0.25062961358091107 66
1756349235653 0.2506597916717115 67
1756349235661 0.23703244263711182 68
1756349235669 0.25774565922177356 69
1756349235676 0.2594994332479394 70
1756349235684 0.24604689362256424 71
1756349235692 0.23229607421418894 72
1756349235700 0.2310703623553981 73
1756349235710 0.25292059779167175 74
1756349235718 0.24229126455991165 75
1756349235726 0.22824045367862866 76
1756349235734 0.234007539956466 77
1756349235742 0.22005710718424423 78
1756349235750 0.23528232652208078 79
1756349235759 0.21278149343055228 80
1756349235767 0.22841852579427802 81
1756349235775 0.2260668608157531 82
1756349235784 0.21985978017682614 83
1756349235792 0.22442459606606027 84
1756349235800 0.2160631010065908 85
1756349235809 0.22399134286071942 86
1756349235817 0.20642861594324527 87
1756349235826 0.22484381172967993 88
1756349235834 0.20067972787048505 89
1756349235842 0.20830081791981406 90
1756349235851 0.21145229495089987 91
1756349235860 0.19105439600737198 92
1756349235868 0.2078295129796733 93
1756349235877 0.19252741142459537 94
1756349235885 0.2138482487719992 95
1756349235894 0.20652987710807635 96
1756349235903 0.19511401134988535 97
1756349235911 0.2028199272311252 98
1756349235920 0.19967007183510324 99
1756349235929 0.19487679069456848 100
1756349235938 0.20299300875352777 101
1756349235946 0.19574181152426678 102
1756349235956 0.18195264948451 103
1756349235965 0.18533106018667636 104
1756349235973 0.19820441500000333 105
1756349235982 0.19817942575268124 106
1756349235991 0.1827283942181131 107
1756349236000 0.1768692090459492 108
1756349236009 0.1830202334600946 109
1756349236019 0.18589791914691095 110
1756349236028 0.1846365617669147 111
1756349236037 0.18329772482747617 112
1756349236046 0.18721264341603155 113
1756349236055 0.16844057453715283 114
1756349236064 0.16881609675676926 115
1756349236074 0.17690907483515533 116
1756349236083 0.18225822047046994 117
1756349236093 0.19041025832943295 118
1756349236102 0.17923264658969382 119
1756349236111 0.1794022632681805 120
1756349236120 0.16548288840314615 121
1756349236130 0.1781190083078716 122
1756349236139 0.17177193903404733 123
1756349236149 0.17900418522565262 124
1756349236158 0.17225557500901428 125
1756349236168 0.17335041774355847 126
1756349236177 0.17733201319756714 127
1756349236187 0.16566516782926477 128
1756349236197 0.17934013384839761 129
1756349236206 0.17928183661854785 130
1756349236216 0.1777602194443993 131
1756349236226 0.17019510819860126 132
1756349236235 0.16651898590118988 133
