1756349289846 1.103935894758805 1
1756349289868 0.9332583365233048 2
1756349289885 1.0268328500830608 3
1756349289902 0.9789016246795654 4
1756349289919 0.9874042920444323 5
1756349289936 0.9488896416581195 6
1756349289953 0.8619738143423329 7
1756349289970 0.7126272813133572 8
1756349289988 0.6219130132509314 9
1756349290005 0.5941094833871593 10
1756349290022 0.5643619169359622 11
1756349290046 0.5263453929320626 12
1756349290063 0.47218331694602966 13
1756349290081 0.4657892040584398 14
1756349290098 0.4556999323160752 15
1756349290116 0.5006640009258104 16
1756349290133 0.4909174170183099 17
1756349290150 0.48266004479449726 18
1756349290168 0.4562607757423235 19
1756349290185 0.43469651626503986 20
1756349290202 0.45102273510849994 21
1756349290220 0.4723723569641943 22
1756349290237 0.4165907243023748 23
1756349290255 0.4036243221034174 24
1756349290272 0.3958650995855746 25
1756349290290 0.3841174815012061 26
1756349290308 0.3951607813005862 27
1756349290325 0.4062957439733588 28
1756349290343 0.40315116488415265 29
1756349290361 0.3750488045422927 30
1756349290378 0.35000862505124963 31
1756349290396 0.38600933163062384 32
1756349290414 0.3521420268908791 33
1756349290432 0.3451610997967098 34
1756349290450 0.32396635801895807 35
1756349290468 0.3244328362786252 36
1756349290486 0.32751804719800537 37
1756349290504 0.31932171466557874 38
1756349290522 0.3111832213142644 39
1756349290540 0.2856603951557823 40
1756349290558 0.30418019191078516 41
1756349290576 0.2973807032989419 42
1756349290594 0.3191558582627255 43
1756349290612 0.3020492047071457 44
1756349290630 0.31387519447699835 45
1756349290649 0.3033997066642927 46
1756349290667 0.29110430504964746 47
1756349290685 0.3005118033160334 48
1756349290703 0.2973899368358695 49
1756349290721 0.30881544040597003 50
1756349290739 0.3091269692649012 51
1756349290758 0.30181683535161224 52
1756349290776 0.2589737636887509 53
1756349290794 0.2743139325276665 54
1756349290817 0.2800642666609391 55
1756349290835 0.2746241429577703 56
1756349290854 0.285811819460081 57
1756349290872 0.2621661171964977 58
1756349290891 0.2564523978077847 59
1756349290909 0.283137866984243 60
1756349290928 0.25474973087725433 61
1756349290946 0.26010593124057935 62
1756349290965 0.2703564452088397 63
1756349290984 0.24912125001782956 64
1756349291002 0.2504625871129658 65
1756349291021 0.2466803290273832 66
1756349291040 0.25635443044745404 67
1756349291058 0.2530901095141535 68
1756349291077 0.24755395365797955 69
1756349291096 0.2611302804687749 70
1756349291115 0.2329524593508762 71
1756349291134 0.24144234799820444 72
1756349291153 0.22409726096236188 73
1756349291172 0.23057005068530206 74
1756349291191 0.23470969174219214 75
1756349291210 0.22706292958363242 76
1756349291229 0.23642662945001022 77
1756349291248 0.22655792663926663 78
1756349291267 0.20526146629582281 79
1756349291286 0.21868704453758572 80
1756349291305 0.2298016457454018 81
1756349291324 0.22822346570699112 82
1756349291344 0.21585509116234985 83
1756349291363 0.22356415766736734 84
1756349291382 0.22492438813914423 85
1756349291401 0.21855085764242255 86
1756349291421 0.20471299860788428 87
1756349291440 0.2196814476147942 88
1756349291459 0.20333322364351022 89
1756349291479 0.19461203204548877 90
