1756349301498 0.00038513673328124124 1
1756349301520 0.0007702734665624825 2
1756349301541 0.0011554101998437235 3
1756349301561 0.001540546933124965 4
1756349301581 0.0019256836664062061 5
1756349301601 0.0019256836664062061 6
1756349301622 0.0019254578028710578 7
1756349301642 0.001924780318286851 8
1756349301662 0.0019236515306675348 9
1756349301683 0.0019220719698704908 10
1756349301703 0.0019200423773478173 11
1756349301724 0.0019175637057982878 12
1756349301744 0.0019146371187201503 13
1756349301765 0.0019112639898649778 14
1756349301785 0.0019074459025928221 15
1756349301806 0.001903184649128981 16
1756349301826 0.0018984822297227174 17
1756349301847 0.001893340851708336 18
1756349301867 0.001887762928469053 19
1756349301888 0.001881751078304142 20
1756349301909 0.0018753081231998952 21
1756349301929 0.0018684370875049728 22
1756349301950 0.0018611411965107597 23
1756349301971 0.0018534238749374028 24
1756349301992 0.0018452887453262322 25
1756349302013 0.0018367396263393276 26
1756349302034 0.0018277805309670216 27
1756349302055 0.001818415664644187 28
1756349302075 0.0018086494232761893 29
1756349302096 0.0017984863911754303 30
1756349302117 0.001787931338909455 31
1756349302138 0.001776989221061627 32
1756349302159 0.0017656651739054272 33
1756349302180 0.001753964512993469 34
1756349302201 0.0017418927306623545 35
1756349302222 0.0017294554934545506 36
1756349302244 0.001716658639458492 37
1756349302265 0.0017035081755681586 38
1756349302286 0.0016900102746634164 39
1756349302307 0.0016761712727124426 40
1756349302328 0.0016619976657975973 41
1756349302349 0.0016474961070661372 42
1756349302371 0.0016326734036072005 43
1756349302392 0.0016175365132565338 44
1756349302414 0.0016020925413304556 45
1756349302435 0.0015863487372905932 46
1756349302456 0.0015703124913409561 47
1756349302478 0.001553991330958945 48
1756349302500 0.0015373929173619245 49
1756349302521 0.0015205250419110174 50
1756349302543 0.001503395622453808 51
