1756344839959 0.0015781208423138533 1
1756344839980 0.0031562416846277067 2
1756344839998 0.0047343625269415605 3
1756344840017 0.006312483369255413 4
1756344840035 0.007890604211569266 5
1756344840054 0.007890604211569266 6
1756344840073 0.007889678358698351 7
1756344840091 0.00788690123468461 8
1756344840110 0.007882274143121063 9
1756344840129 0.007875799255982826 10
1756344840147 0.007867479612607585 11
1756344840166 0.007857319118268907 12
1756344840185 0.007845322542343103 13
1756344840203 0.007831495516070455 14
1756344840222 0.007815844529911891 15
1756344840241 0.007798376930502343 16
1756344840260 0.007779100917202194 17
1756344840279 0.007758025538248482 18
1756344840298 0.007735160686507608 19
1756344840317 0.007710517094831596 20
1756344840336 0.007684106331020038 21
1756344840355 0.007655940792390138 22
1756344840374 0.007626033699957346 23
1756344840393 0.007594399092229377 24
1756344840412 0.007561051818616464 25
1756344840432 0.0075260075324609975 26
1756344840451 0.007489282683689783 27
1756344840470 0.007450894511092372 28
1756344840489 0.007410861034229117 29
1756344840508 0.007369201044972712 30
1756344840528 0.007325934098687214 31
1756344840547 0.007281080505048678 32
1756344840566 0.007234661318511711 33
1756344840586 0.007186698328426438 34
1756344840605 0.007137214048810481 35
1756344840624 0.007086231707780802 36
1756344840644 0.0070337752366503225 37
1756344840663 0.00697986925869448 38
1756344840683 0.006924539077592957 39
1756344840702 0.006867810665552038 40
1756344840722 0.006809710651113151 41
1756344840741 0.006750266306653327 42
1756344840761 0.0066895055355834345 43
1756344840781 0.0066274568592502095 44
1756344840800 0.006564149403548225 45
1756344840820 0.006499612885248078 46
1756344840839 0.006433877598047217 47
1756344840859 0.006366974398349965 48
1756344840879 0.006298934690783402 49
1756344840899 0.0062297904134558995 50
1756344840919 0.006159574022965259 51
1756344840938 0.006088318479163445 52
1756344840958 0.006016057229685107 53
1756344840978 0.005942824194247122 54
1756344840998 0.005868653748726552 55
