1756344772548 2.746817964574565 1
1756344772556 2.0263837860978167 2
1756344772562 1.155428233353988 3
1756344772568 0.9268437144548997 4
1756344772574 0.9660347868566928 5
1756344772580 1.1828316864760027 6
1756344772586 0.6187288009602091 7
1756344772592 0.5791567227114802 8
1756344772598 0.5506066952062689 9
1756344772604 0.4198108244201411 10
1756344772610 0.5488631900237955 11
1756344772616 0.38618985207184503 12
1756344772622 0.5344557166099548 13
1756344772628 0.42722031733264093 14
1756344772635 0.3127067225134891 15
1756344772641 0.4333908473667891 16
1756344772647 0.40306696943614795 17
1756344772653 0.3104607576261396 18
1756344772660 0.3586816036182901 19
1756344772666 0.37343002531839453 20
1756344772673 0.29316764648841775 21
1756344772679 0.4092372092215911 22
1756344772686 0.3466763600059178 23
1756344772692 0.3337809262068375 24
1756344772699 0.441832321493522 25
1756344772705 0.33534223229988763 26
1756344772712 0.27518965757411457 27
1756344772718 0.3126984109049258 28
1756344772725 0.2959141161130822 29
1756344772732 0.24258255537437357 30
1756344772738 0.3557726617740548 31
1756344772745 0.4103666129319564 32
1756344772752 0.2988656603771707 33
1756344772759 0.30249423080164456 34
1756344772765 0.217603184606718 35
1756344772772 0.1718601613588955 36
1756344772779 0.23578687076983246 37
1756344772786 0.1942979612428209 38
1756344772793 0.17571871371372885 39
1756344772800 0.17063820135334265 40
1756344772807 0.16598061763721964 41
1756344772814 0.24478488091541373 42
1756344772821 0.34984104788821674 43
1756344772828 0.3112354304479516 44
1756344772835 0.25198800149171247 45
1756344772842 0.20235516649225485 46
1756344772849 0.19767904670342154 47
1756344772856 0.12396923031495966 48
1756344772863 0.1721832564343577 49
1756344772871 0.12790900404038635 50
1756344772878 0.18872894800227621 51
1756344772885 0.20852891323359116 52
1756344772893 0.15697561690340872 53
1756344772900 0.1495738732426063 54
1756344772907 0.13489636033773422 55
1756344772915 0.13321793322329936 56
1756344772922 0.1375744618151499 57
1756344772930 0.10059847941865092 58
1756344772937 0.10258051299530527 59
1756344772945 0.10637270011331725 60
1756344772952 0.08804505755719931 61
1756344772960 0.11229925489296085 62
1756344772967 0.14689482392176337 63
1756344772975 0.10380438099736752 64
1756344772983 0.10909107602808786 65
1756344772990 0.09866425427405731 66
1756344772998 0.10434906233264052 67
1756344773006 0.10153558574940848 68
1756344773014 0.18341951023625291 69
1756344773021 0.15186590798523114 70
1756344773029 0.09592027865026308 71
1756344773037 0.08386601629140585 72
1756344773045 0.10043004835429399 73
1756344773053 0.08827468250756679 74
1756344773061 0.0726746081010155 75
