1756344839959 1.3496617130611255 1
1756344839980 1.09236573913823 2
1756344839998 0.858864320361096 3
1756344840017 0.8601897773535355 4
1756344840035 0.6809870548870253 5
1756344840054 0.5265428112900775 6
1756344840073 0.4638368837211443 7
1756344840091 0.42599548593811365 8
1756344840110 0.43884975884271704 9
1756344840129 0.42395074471183447 10
1756344840147 0.7008413167103477 11
1756344840166 0.4636590493761975 12
1756344840185 0.4050559161797814 13
1756344840203 0.47770356224930804 14
1756344840222 0.38061057679031207 15
1756344840241 0.3509766744530719 16
1756344840260 0.3430438825617666 17
1756344840279 0.2909484220587689 18
1756344840298 0.28489155095556506 19
1756344840317 0.2568002693031145 20
1756344840336 0.3437431798033092 21
1756344840355 0.36942035802032636 22
1756344840374 0.2935265484063522 23
1756344840393 0.25854589628136676 24
1756344840412 0.22634940756403882 25
1756344840432 0.24174095528281253 26
1756344840451 0.1984658111696658 27
1756344840470 0.18572742718717325 28
1756344840489 0.21011260734952014 29
1756344840508 0.40062856868557306 30
1756344840528 0.3430917645278184 31
1756344840547 0.26307697075864545 32
1756344840566 0.23159649773784305 33
1756344840586 0.20341058399366296 34
1756344840605 0.2213238996008168 35
1756344840624 0.19791849475839865 36
1756344840644 0.18460046467573746 37
1756344840663 0.17656348192173502 38
1756344840683 0.1802343360107878 39
1756344840702 0.16754473843004392 40
1756344840722 0.1607844567169314 41
1756344840741 0.17443284295175387 42
1756344840761 0.21838248942209326 43
1756344840781 0.16348308713539786 44
1756344840800 0.13371965029965277 45
1756344840820 0.13266945662705795 46
1756344840839 0.11747592784788298 47
1756344840859 0.13412418119285419 48
1756344840879 0.11822830334953639 49
1756344840899 0.1365619849251664 50
1756344840919 0.1277745181451673 51
1756344840938 0.13036721815233646 52
1756344840958 0.11012300719385562 53
1756344840978 0.10764755017083624 54
1756344840998 0.10185779145230418 55
