1756344827634 0.9432325855545376 1
1756344827650 0.8086754705594934 2
1756344827666 0.6882504458012788 3
1756344827681 0.7131608245165452 4
1756344827696 0.5583825344624727 5
1756344827711 0.5565282533998075 6
1756344827726 0.5870996156464452 7
1756344827741 0.5774178297623344 8
1756344827757 0.5118191617986431 9
1756344827772 0.5255944327167843 10
1756344827787 0.5903283875921498 11
1756344827802 0.518650233745575 12
1756344827818 0.48886937162150507 13
1756344827833 0.4962750751039256 14
1756344827848 0.5247972892678302 15
1756344827863 0.4591889860837356 16
1756344827879 0.4423134948896325 17
1756344827894 0.4266863063625667 18
1756344827909 0.4116253710311392 19
1756344827924 0.4645969517852949 20
1756344827940 0.4226936516554459 21
1756344827955 0.39331467773603357 22
1756344827971 0.37912525819695514 23
1756344827986 0.383144569137822 24
1756344828001 0.38066779919292615 25
1756344828017 0.4218954210696013 26
1756344828032 0.4106630993926007 27
1756344828048 0.387540516646012 28
1756344828064 0.3837307561998782 29
1756344828079 0.3860165632289389 30
1756344828095 0.35856029780014703 31
1756344828111 0.3467011918192324 32
1756344828126 0.3422955145006594 33
1756344828142 0.33421859274739807 34
1756344828158 0.3300408941248189 35
1756344828174 0.3139928903268731 36
1756344828190 0.3095397625280463 37
1756344828205 0.29239503067472705 38
1756344828221 0.3056769785673722 39
1756344828237 0.3044955911843673 40
1756344828253 0.2990749316371005 41
1756344828269 0.3084414057109667 42
1756344828285 0.29302253736102063 43
1756344828302 0.3068020577016084 44
1756344828318 0.30284094227396924 45
1756344828334 0.295181335962337 46
1756344828350 0.3081907053356585 47
1756344828369 0.27702677055545477 48
1756344828385 0.2875861143288405 49
1756344828401 0.2937873090090959 50
1756344828417 0.3349012939826302 51
1756344828434 0.3017720055320989 52
1756344828450 0.29680710901384766 53
1756344828466 0.2829712409040202 54
1756344828483 0.24532721418401468 55
1756344828499 0.2576808417620866 56
1756344828516 0.2820083485997241 57
1756344828533 0.2589965760707855 58
1756344828549 0.2736960908640986 59
1756344828565 0.2724496210398881 60
1756344828582 0.2684798940368321 61
1756344828599 0.2560060801713363 62
1756344828615 0.27134722212086554 63
1756344828632 0.25850772922453674 64
1756344828649 0.24562284998271777 65
1756344828665 0.23818674359632575 66
1756344828682 0.23715399918348892 67
1756344828700 0.23303963956625565 68
1756344828717 0.22419650334378946 69
1756344828734 0.224441506292509 70
1756344828751 0.22533183642055676 71
1756344828768 0.26487120856409485 72
1756344828785 0.2265166750420695 73
1756344828802 0.2269760655320209 74
1756344828820 0.21865242914013241 75
1756344828836 0.21399802293466486 76
1756344828854 0.2020898681619893 77
1756344828871 0.20708737425182178 78
1756344828888 0.20138512163058572 79
1756344828905 0.19813352564106818 80
1756344828922 0.18999815537877704 81
1756344828939 0.20731398787187494 82
1756344828956 0.19571719027083853 83
1756344828974 0.200447546399158 84
1756344828991 0.193281721809636 85
1756344829008 0.19931474328041077 86
1756344829025 0.19342044255007868 87
1756344829043 0.1882481153892434 88
1756344829060 0.18618452710949857 89
1756344829077 0.18559796233539996 90
1756344829095 0.18602823822394662 91
1756344829113 0.17816938103541083 92
1756344829130 0.1805651738591816 93
1756344829148 0.1805282060218894 94
1756344829165 0.18532539191453354 95
1756344829183 0.18081769930279773 96
1756344829200 0.15584147494772208 97
1756344829218 0.158319349522176 98
1756344829235 0.16516378100799478 99
1756344829253 0.17381476448929828 100
1756344829271 0.17115232672380365 101
