1755981017936 0.9681869373693095 1
1755981017949 0.8731348777746225 2
1755981017953 0.8433602758042225 3
1755981017958 0.7194390846537305 4
1755981017963 0.7868672907352448 5
1755981017967 0.6799270576470858 6
1755981017972 0.6656295885513355 7
1755981017977 0.6852249855344946 8
1755981017982 0.6750889041207053 9
1755981017987 0.663628130377113 10
1755981017992 0.6081192265083264 11
1755981017997 0.5832259624035327 12
1755981018002 0.6066290283357942 13
1755981018006 0.584856474941427 14
1755981018011 0.6325001441813135 15
1755981018015 0.593338676087268 16
1755981018023 0.6086438696879846 17
1755981018028 0.573560220854623 18
1755981018033 0.5349715359799274 19
1755981018038 0.5483612596214592 20
1755981018042 0.5190859084779565 21
1755981018048 0.5442081883356169 22
1755981018053 0.47134849429130554 23
1755981018060 0.543281538919969 24
1755981018066 0.5115839068765764 25
1755981018071 0.5587823402571988 26
1755981018076 0.5056626603200838 27
1755981018081 0.5079335423258992 28
1755981018085 0.5135379402668445 29
1755981018090 0.5082579893725259 30
1755981018095 0.4895673179394239 31
1755981018100 0.47223107478061277 32
1755981018105 0.4674274654357464 33
1755981018111 0.4473432379883605 34
1755981018117 0.43603992017058585 35
1755981018121 0.46572484656587826 36
1755981018126 0.46481359237200254 37
1755981018132 0.46656098032926585 38
1755981018137 0.4425256968318642 39
1755981018141 0.4468290724537589 40
1755981018146 0.4449627147866534 41
1755981018151 0.42268140826906475 42
1755981018156 0.4170487424382916 43
1755981018161 0.43152267805167605 44
1755981018166 0.4812521568753503 45
1755981018171 0.4161007775888815 46
1755981018176 0.41856938097384067 47
1755981018182 0.41319505715524996 48
1755981018187 0.43611676197547417 49
1755981018192 0.4071223468749554 50
1755981018197 0.4098091408029779 51
1755981018202 0.4248223446019284 52
1755981018209 0.4460383270468031 53
1755981018214 0.4360797263972171 54
1755981018219 0.40812379354006284 55
1755981018225 0.39828966267697224 56
1755981018230 0.4010880225664609 57
1755981018235 0.38665068807540004 58
1755981018241 0.3749290526687325 59
1755981018247 0.3612673468404002 60
1755981018252 0.37203136357394134 61
1755981018257 0.3584275806879068 62
1755981018263 0.3696625559747993 63
1755981018270 0.36855764938639357 64
1755981018276 0.3571310455535913 65
1755981018283 0.37584038040080625 66
1755981018289 0.369516579361705 67
1755981018295 0.34400723448821474 68
1755981018304 0.34441835133286264 69
1755981018310 0.36060899321909073 70
1755981018315 0.36283703554760327 71
