1755981017936 1.6434274966066533 1
1755981017949 1.3621348730929486 2
1755981017953 1.208054784636993 3
1755981017958 0.8863816245809778 4
1755981017963 1.0798009846891676 5
1755981017967 0.8205086434042299 6
1755981017972 0.7772857868052149 7
1755981017977 0.8012096804457826 8
1755981017982 0.7999697099258374 9
1755981017987 0.7694299635174987 10
1755981017992 0.6522507906102201 11
1755981017997 0.6094598439219711 12
1755981018002 0.6387872984269997 13
1755981018006 0.5847184725783088 14
1755981018011 0.6764487382266429 15
1755981018015 0.6280965346407581 16
1755981018023 0.653871984450848 17
1755981018028 0.5595728555670032 18
1755981018033 0.5136246425764901 19
1755981018038 0.5319950491577 20
1755981018042 0.46082835073594924 21
1755981018048 0.5038851495687063 22
1755981018053 0.3891159106384624 23
1755981018060 0.5342503067154389 24
1755981018066 0.4676403012368586 25
1755981018071 0.5535932299378631 26
1755981018076 0.4763371009718288 27
1755981018081 0.48017407218357183 28
1755981018085 0.4762752934709772 29
1755981018090 0.4513768679522849 30
1755981018095 0.4399131182339284 31
1755981018100 0.39749770930835177 32
1755981018105 0.39882369126592365 33
1755981018111 0.36277531261567947 34
1755981018117 0.3361234434626319 35
1755981018121 0.3841888382305185 36
1755981018126 0.40555421040429696 37
1755981018132 0.37769145518541336 38
1755981018137 0.34407936510714615 39
1755981018141 0.35669239697518285 40
1755981018146 0.36213505548703206 41
1755981018151 0.3150164598187843 42
1755981018156 0.3170908310196616 43
1755981018161 0.32169065130995467 44
1755981018166 0.4340074944805789 45
1755981018171 0.3092053012994977 46
1755981018176 0.3221327057229234 47
1755981018182 0.30393718279801407 48
1755981018187 0.3325984287378076 49
1755981018192 0.29221891727927446 50
1755981018197 0.31746489757841284 51
1755981018202 0.3311650251800364 52
1755981018209 0.34909378611422204 53
1755981018214 0.3394937538481378 54
1755981018219 0.2907765990534386 55
1755981018225 0.27415152223079237 56
1755981018230 0.2903806008882337 57
1755981018235 0.2662710671301012 58
1755981018241 0.2508700711459115 59
1755981018247 0.22098920716867818 60
1755981018252 0.23452212942111028 61
1755981018257 0.22811117816668053 62
1755981018263 0.23789171555212565 63
1755981018270 0.2435295083499574 64
1755981018276 0.22692125755084025 65
1755981018283 0.2349022857167504 66
1755981018289 0.3038673115918389 67
1755981018295 0.20342983876342896 68
1755981018304 0.20441714201316044 69
1755981018310 0.22964616623017695 70
1755981018315 0.2267054301964772 71
