1755981117020 0.9884703809564764 1
1755981117035 0.8612425273114984 2
1755981117044 0.7803751834027179 3
1755981117052 0.7609383618676817 4
1755981117061 0.7271107799047 5
1755981117069 0.6836689664171888 6
1755981117077 0.6319109673623915 7
1755981117085 0.6069490077433648 8
1755981117093 0.6418928070501848 9
1755981117102 0.6393923140191412 10
1755981117110 0.6366744664582339 11
1755981117120 0.6070233622154633 12
1755981117129 0.5827796350825917 13
1755981117138 0.5532372853198608 14
1755981117147 0.5748928758231077 15
1755981117156 0.559743917994685 16
1755981117165 0.53463511691465 17
1755981117176 0.5660201272407135 18
1755981117185 0.5373297244697423 19
1755981117194 0.5261958237592276 20
1755981117202 0.5061048822743552 21
1755981117211 0.5269635695141631 22
1755981117219 0.5409996163148385 23
1755981117229 0.5101742055508998 24
1755981117238 0.5204198298516212 25
1755981117247 0.5196567220347268 26
1755981117255 0.5140017789679688 27
1755981117264 0.46130798969949993 28
1755981117272 0.4710032334188362 29
1755981117280 0.524599628014998 30
1755981117288 0.47739493730780364 31
