1756345075306 0.0006005853671981335 1
1756345075314 0.001201170734396267 2
1756345075321 0.0018017561015944005 3
1756345075327 0.002402341468792534 4
1756345075333 0.0030029268359906677 5
1756345075339 0.0030029268359906677 6
1756345075345 0.0030025745569022813 7
1756345075351 0.0030015178849983224 8
1756345075357 0.0029997573162847705 9
1756345075363 0.0029972936771795566 10
1756345075369 0.0029941281241246402 11
1756345075376 0.0029902621430431707 12
1756345075382 0.002985697548641989 13
1756345075388 0.002980436483559796 14
1756345075394 0.0029744814173613904 15
1756345075401 0.002967835145378448 16
1756345075407 0.002960500787397375 17
1756345075413 0.0029524817861948756 18
1756345075420 0.002943781905921892 19
1756345075426 0.002934405230336704 20
1756345075433 0.0029243561608879903 21
1756345075439 0.002913639414648775 22
1756345075445 0.0029022600221022135 23
1756345075452 0.002890223324780265 24
1756345075458 0.0028775349727563535 25
1756345075465 0.002864200921993203 26
1756345075472 0.0028502274315470857 27
1756345075478 0.002835621060629794 28
1756345075485 0.002820388665529722 29
1756345075491 0.0028045373963934963 30
1756345075498 0.0027880746938696685 31
1756345075505 0.0027710082856160457 32
1756345075512 0.002753346182672296 33
1756345075518 0.002735096675699538 34
1756345075525 0.002716268331088667 35
1756345075532 0.002696869986939261 36
1756345075539 0.00267691074891094 37
1756345075546 0.002656399985949134 38
1756345075553 0.002635347325887261 39
1756345075559 0.0026137626509273875 40
1756345075566 0.00259165609300148 41
1756345075573 0.0025690380290154385 42
1756345075580 0.002545919075978133 43
1756345075588 0.002522310086017741 44
1756345075595 0.002498222141287713 45
1756345075602 0.0024736665487647665 46
1756345075609 0.0024486548349413467 47
1756345075616 0.002423198740415044 48
1756345075623 0.002397310214377513 49
1756345075631 0.0023710014090054725 50
1756345075638 0.0023442846737564264 51
1756345075645 0.0023171725495717797 52
1756345075652 0.002289677762990072 53
1756345075660 0.0022618132201730865 54
1756345075667 0.0022335920008476505 55
1756345075675 0.0022050273521659557 56
1756345075682 0.002176132682487297 57
1756345075690 0.002146921555084131 58
1756345075697 0.002117407681775426 59
1756345075705 0.0020876049164902776 60
1756345075712 0.00205752724876482 61
1756345075720 0.0020271887971754815 62
1756345075727 0.0019966038027116714 63
1756345075735 0.001965786622091 64
1756345075742 0.0019347517210201797 65
1756345075750 0.0019035136674047661 66
1756345075758 0.001872087124510923 67
1756345075766 0.0018404868440824295 68
1756345075773 0.0018087276594161517 69
1756345075781 0.0017768244783992347 70
1756345075789 0.001744792276511281 71
1756345075797 0.0017126460897948011 72
1756345075805 0.0016804010077972366 73
1756345075813 0.0016480721664878658 74
1756345075821 0.0016156747411529184 75
1756345075829 0.001583223939272239 76
1756345075837 0.0015507349933808346 77
1756345075845 0.0015182231539186606 78
1756345075853 0.001485703682072007 79
1756345075861 0.0014531918426098332 80
1756345075869 0.0014207028967184285 81
1756345075877 0.0013882520948377494 82
1756345075885 0.0013558546695028022 83
