1756345138810 2.2704927117928215 1
1756345138831 0.9039375017518583 2
1756345138849 1.9283415571503018 3
1756345138867 1.4502189625864443 4
1756345138885 1.1950726249943608 5
1756345138903 0.74786646210629 6
1756345138921 0.5879325555718463 7
1756345138939 0.6209255081156025 8
1756345138957 0.49597136676311493 9
1756345138976 0.5318577004515607 10
1756345138994 0.36967745423316956 11
1756345139012 0.36039578590704047 12
1756345139030 0.3645211399897285 13
1756345139049 0.3250990283230077 14
1756345139067 0.23875718920127206 15
1756345139086 0.2782890621734702 16
1756345139104 0.24504230527774148 17
1756345139122 0.23350775954516037 18
1756345139141 0.24299076231925384 19
1756345139159 0.22645336162784827 20
1756345139178 0.3410941666882971 21
1756345139196 0.3577097427585851 22
1756345139215 0.34705921359684155 23
1756345139233 0.3048526774282041 24
1756345139252 0.20893288338961807 25
1756345139271 0.228303917400215 26
1756345139289 0.18917650891386945 27
1756345139308 0.18698317168847375 28
1756345139327 0.1395040109105732 29
1756345139345 0.18509627878665924 30
1756345139364 0.18501955789068472 31
1756345139383 0.15691827529150507 32
1756345139401 0.2327145506506381 33
1756345139420 0.18942412572062534 34
1756345139439 0.14226037846959155 35
1756345139458 0.1353990111661994 36
1756345139477 0.1265639865204044 37
1756345139496 0.1618734374642372 38
1756345139515 0.14549611703209256 39
1756345139534 0.13394882206035696 40
1756345139553 0.10940938021825708 41
1756345139572 0.12554769558103188 42
1756345139590 0.11973668926435968 43
1756345139609 0.12402267656896425 44
1756345139628 0.12811826250475386 45
1756345139648 0.15132914386365726 46
1756345139667 0.12045688149721726 47
1756345139686 0.10265746874653775 48
1756345139705 0.10375922011292499 49
1756345139724 0.09433525071843811 50
1756345139743 0.12097108671846597 51
1756345139763 0.16130262645690338 52
1756345139782 0.11534565233665964 53
1756345139801 0.11847209395921748 54
1756345139821 0.10783732253248277 55
1756345139840 0.11728383131001306 56
1756345139860 0.10071595272292262 57
1756345139879 0.08571066674978836 58
1756345139898 0.06562536873895189 59
1756345139918 0.08410074189305305 60
1756345139937 0.09423418764186942 61
1756345139957 0.11404255858581999 62
1756345139976 0.1320284193624621 63
1756345139996 0.09308257196908412 64
