1756345125084 0.0006005853671981335 1
1756345125101 0.001201170734396267 2
1756345125116 0.0018017561015944005 3
1756345125131 0.002402341468792534 4
1756345125145 0.0030029268359906677 5
1756345125160 0.0030029268359906677 6
1756345125175 0.0030025745569022813 7
1756345125190 0.0030015178849983224 8
1756345125205 0.0029997573162847705 9
1756345125220 0.0029972936771795566 10
1756345125235 0.0029941281241246402 11
1756345125249 0.0029902621430431707 12
1756345125265 0.002985697548641989 13
1756345125279 0.002980436483559796 14
1756345125295 0.0029744814173613904 15
1756345125310 0.002967835145378448 16
1756345125325 0.002960500787397375 17
1756345125340 0.0029524817861948756 18
1756345125355 0.002943781905921892 19
1756345125370 0.002934405230336704 20
1756345125386 0.0029243561608879903 21
1756345125401 0.002913639414648775 22
1756345125416 0.0029022600221022135 23
1756345125432 0.002890223324780265 24
1756345125447 0.0028775349727563535 25
1756345125462 0.002864200921993203 26
1756345125478 0.0028502274315470857 27
1756345125493 0.002835621060629794 28
1756345125509 0.002820388665529722 29
1756345125525 0.0028045373963934963 30
1756345125540 0.0027880746938696685 31
1756345125556 0.0027710082856160457 32
1756345125571 0.002753346182672296 33
1756345125587 0.002735096675699538 34
1756345125602 0.002716268331088667 35
1756345125618 0.002696869986939261 36
1756345125634 0.00267691074891094 37
1756345125649 0.002656399985949134 38
1756345125665 0.002635347325887261 39
1756345125681 0.0026137626509273875 40
1756345125696 0.00259165609300148 41
1756345125712 0.0025690380290154385 42
1756345125728 0.002545919075978133 43
1756345125744 0.002522310086017741 44
1756345125760 0.002498222141287713 45
1756345125776 0.0024736665487647665 46
1756345125792 0.0024486548349413467 47
1756345125808 0.002423198740415044 48
1756345125824 0.002397310214377513 49
1756345125840 0.0023710014090054725 50
1756345125856 0.0023442846737564264 51
1756345125872 0.0023171725495717797 52
1756345125888 0.002289677762990072 53
1756345125904 0.0022618132201730865 54
1756345125920 0.0022335920008476505 55
1756345125936 0.0022050273521659557 56
1756345125952 0.002176132682487297 57
1756345125969 0.002146921555084131 58
1756345125985 0.002117407681775426 59
1756345126001 0.0020876049164902776 60
1756345126018 0.00205752724876482 61
1756345126034 0.0020271887971754815 62
1756345126050 0.0019966038027116714 63
1756345126067 0.001965786622091 64
1756345126083 0.0019347517210201797 65
1756345126100 0.0019035136674047661 66
1756345126116 0.001872087124510923 67
1756345126133 0.0018404868440824295 68
1756345126150 0.0018087276594161517 69
1756345126166 0.0017768244783992347 70
1756345126183 0.001744792276511281 71
1756345126199 0.0017126460897948011 72
1756345126216 0.0016804010077972366 73
1756345126233 0.0016480721664878658 74
1756345126249 0.0016156747411529184 75
1756345126266 0.001583223939272239 76
1756345126283 0.0015507349933808346 77
1756345126300 0.0015182231539186606 78
1756345126317 0.001485703682072007 79
1756345126334 0.0014531918426098332 80
1756345126351 0.0014207028967184285 81
1756345126368 0.0013882520948377494 82
1756345126385 0.0013558546695028022 83
1756345126402 0.001323525828193431 84
1756345126419 0.0012912807461958663 85
1756345126436 0.0012591345594793867 86
1756345126453 0.0012271023575914327 87
1756345126470 0.001195199176574516 88
1756345126487 0.001163439991908238 89
1756345126505 0.0011318397114797446 90
1756345126522 0.001100413168585902 91
1756345126539 0.0010691751149704879 92
1756345126556 0.0010381402138996678 93
