1756345125084 1.2301221438076184 1
1756345125101 1.0621849220731985 2
1756345125116 1.0261557231778684 3
1756345125131 1.1629802092261936 4
1756345125145 0.7694928749747898 5
1756345125160 0.7746937728446462 6
1756345125175 0.7968873303869496 7
1756345125190 0.7467792889346248 8
1756345125205 0.6326695201189622 9
1756345125220 0.49535260381905927 10
1756345125235 0.4296056796675143 11
1756345125249 0.37778441672739776 12
1756345125265 0.34490125269993493 13
1756345125279 0.3279617130756378 14
1756345125295 0.3139663358097491 15
1756345125310 0.385218726552051 16
1756345125325 0.29750634211560956 17
1756345125340 0.24720899177634198 18
1756345125355 0.2558782793905424 19
1756345125370 0.22151935748431995 20
1756345125386 0.2029681176595066 21
1756345125401 0.19911192098389502 22
1756345125416 0.2372782016577928 23
1756345125432 0.20311124169308206 24
1756345125447 0.18998690467813742 25
1756345125462 0.1948786630578663 26
1756345125478 0.20596352284369263 27
1756345125493 0.17106018150630203 28
1756345125509 0.15930322978807532 29
1756345125525 0.1583257136137589 30
1756345125540 0.1653618819039801 31
1756345125556 0.15364549373802933 32
1756345125571 0.14976150898829751 33
1756345125587 0.12686011502924172 34
1756345125602 0.1424107548335324 35
1756345125618 0.17969747729923413 36
1756345125634 0.14829293865224588 37
1756345125649 0.15608432014351306 38
1756345125665 0.13353256686874057 39
1756345125681 0.1372568587894025 40
1756345125696 0.12809848396674448 41
1756345125712 0.11864344095406325 42
1756345125728 0.11839084845522176 43
1756345125744 0.12765676544412322 44
1756345125760 0.1173547810834387 45
1756345125776 0.10729074186604956 46
1756345125792 0.12068331921878069 47
1756345125808 0.14150037162977716 48
1756345125824 0.11545166697191156 49
1756345125840 0.11193242053622784 50
1756345125856 0.11558823384668516 51
1756345125872 0.12234928977230321 52
1756345125888 0.10915909756136977 53
1756345125904 0.10287144423826881 54
1756345125920 0.09250541614449542 55
1756345125936 0.10804397985339165 56
1756345125952 0.10961591500950896 57
1756345125969 0.08578342458476192 58
1756345125985 0.08424462847735571 59
1756345126001 0.07874273022879726 60
1756345126018 0.07723326527554056 61
1756345126034 0.06688606690453447 62
1756345126050 0.08240705793318541 63
1756345126067 0.07899018522837888 64
1756345126083 0.098917908642603 65
1756345126100 0.09572090500074884 66
1756345126116 0.0762738425122655 67
1756345126133 0.07442287841568822 68
1756345126150 0.07168465447814568 69
1756345126166 0.083127338277257 70
1756345126183 0.0740058399412943 71
1756345126199 0.08570515882709752 72
1756345126216 0.08335823419949283 73
1756345126233 0.09384457248708476 74
1756345126249 0.07863441498383232 75
1756345126266 0.06455407745164374 76
1756345126283 0.08427030382596928 77
1756345126300 0.07764774188399315 78
1756345126317 0.06633928223796513 79
1756345126334 0.054170765549592347 80
1756345126351 0.05540010138698246 81
1756345126368 0.06385963329154512 82
1756345126385 0.061721156634714294 83
1756345126402 0.056910534996701324 84
1756345126419 0.05577911728102228 85
1756345126436 0.05010614787106928 86
1756345126453 0.05228730890413989 87
1756345126470 0.0468542998575646 88
1756345126487 0.05104940643777018 89
1756345126505 0.05486295850056669 90
1756345126522 0.05041570556552514 91
1756345126539 0.046333624131005745 92
1756345126556 0.05116977210602035 93
