1755907546420 1.188929033279419 1
1755907546435 0.6662306934595108 2
1755907546444 0.5991348218172788 3
1755907546452 0.5807705231010913 4
1755907546460 0.5443291820585727 5
1755907546470 0.7237726956605911 6
1755907546478 0.7257079765200615 7
1755907546485 0.46401510536670687 8
1755907546493 0.4288553915917873 9
1755907546501 0.3974154248833656 10
1755907546508 0.39043013751506805 11
1755907546515 0.4489568628370762 12
1755907546523 0.3554634124040604 13
1755907546530 0.3338922083377838 14
1755907546538 0.3475253343582153 15
1755907546546 0.3926012650132179 16
1755907546554 0.3213903494179249 17
1755907546562 0.2797657139599323 18
1755907546569 0.36917154416441916 19
1755907546577 0.3210420794785023 20
1755907546584 0.3509909316897392 21
1755907546591 0.40464567840099336 22
1755907546598 0.29004627000540495 23
1755907546608 0.28833260089159013 24
1755907546615 0.3298307001590729 25
1755907546623 0.35174803584814074 26
1755907546630 0.39784747287631034 27
1755907546640 0.27938365694135425 28
1755907546649 0.22091727405786515 29
1755907546658 0.2169122263789177 30
1755907546667 0.21091995500028132 31
1755907546675 0.19850795827805995 32
1755907546683 0.2390011265873909 33
1755907546691 0.3583921082317829 34
1755907546699 0.2001231960952282 35
1755907546709 0.19847619011998177 36
1755907546717 0.18842931799590587 37
1755907546725 0.22087088115513326 38
1755907546733 0.28467936664819715 39
1755907546740 0.33789424151182174 40
1755907546748 0.2073756966739893 41
1755907546756 0.20423762165009976 42
1755907546765 0.2428198777139187 43
1755907546773 0.20031315982341766 44
1755907546783 0.19033158160746097 45
1755907546792 0.18626159839332104 46
