1755907496525 0.7663686603307724 1
1755907496535 0.6590121388435364 2
1755907496541 0.636394239962101 3
1755907496548 0.5699321240186691 4
1755907496554 0.6658576756715775 5
1755907496559 0.5951606363058091 6
1755907496564 0.5168500050902367 7
1755907496569 0.4564689725637436 8
1755907496575 0.4814971998333931 9
1755907496579 0.4282512545585632 10
1755907496584 0.41841802895069125 11
1755907496590 0.42708431631326677 12
1755907496595 0.4684316232800484 13
1755907496600 0.4155166521668434 14
1755907496606 0.39434355646371844 15
1755907496611 0.35715592205524443 16
1755907496618 0.3954052209854126 17
1755907496624 0.3822836861014366 18
1755907496631 0.3693082854151726 19
1755907496643 0.32967606484889983 20
1755907496649 0.34466514736413956 21
1755907496656 0.4424165338277817 22
1755907496673 0.3120424821972847 23
1755907496679 0.3083250172436237 24
1755907496684 0.3156070038676262 25
1755907496689 0.3343326225876808 26
1755907496695 0.2988200195133686 27
1755907496699 0.3463586002588272 28
1755907496705 0.311457684636116 29
1755907496712 0.31261651068925855 30
1755907496718 0.4141555942595005 31
1755907496724 0.31434480920434 32
1755907496730 0.2966203898191452 33
