1755907521631 0.773285886645317 1
1755907521646 0.6459654241800308 2
1755907521651 0.6158240392804146 3
1755907521659 0.6029575325548648 4
1755907521665 0.594612942636013 5
1755907521670 0.5133384943008423 6
1755907521676 0.5001669377088547 7
1755907521682 0.4902783200144768 8
1755907521688 0.4922847211360931 9
1755907521694 0.4482352986931801 10
1755907521699 0.4453829273581505 11
1755907521705 0.43204655051231383 12
1755907521710 0.4324686646461487 13
1755907521716 0.4388537541031837 14
1755907521721 0.4164233461022377 15
1755907521727 0.45999395102262497 16
1755907521733 0.45310171842575075 17
1755907521739 0.4404387652873993 18
1755907521745 0.4116573616862297 19
1755907521751 0.4014205574989319 20
1755907521757 0.361351965367794 21
1755907521763 0.34422228038311004 22
1755907521769 0.39527917206287383 23
1755907521774 0.4176646277308464 24
1755907521780 0.4178368404507637 25
1755907521786 0.3648219183087349 26
1755907521793 0.3639333978295326 27
1755907521799 0.38664301186800004 28
1755907521805 0.41409539729356765 29
1755907521811 0.38112296164035797 30
1755907521817 0.3927190437912941 31
1755907521823 0.3740342989563942 32
1755907521830 0.3489369213581085 33
1755907521836 0.3601167321205139 34
1755907521841 0.33200483992695806 35
1755907521847 0.3647704377770424 36
1755907521854 0.33455055505037307 37
1755907521860 0.3389488525688648 38
1755907521866 0.34891689121723174 39
1755907521871 0.3302258178591728 40
1755907521877 0.3079016968607903 41
1755907521884 0.3407167479395866 42
1755907521890 0.3868724063038826 43
1755907521896 0.4037214547395706 44
1755907521903 0.39186700582504275 45
1755907521909 0.3878104522824287 46
1755907521916 0.3493703559041023 47
1755907521922 0.3338733084499836 48
