1756052852737 1.118179089576006 1
1756052852745 1.4821206688880921 2
1756052852750 1.1877655178308486 3
1756052852755 0.7472487404942513 4
1756052852759 0.7255542300641536 5
1756052852764 0.6945699185132981 6
1756052852768 0.5931729406118393 7
1756052852773 0.6618193626403809 8
1756052852778 0.5436485499143601 9
1756052852782 0.41680740714073183 10
1756052852786 0.4512100160121918 11
1756052852792 0.41944426894187925 12
1756052852796 0.4606828033924103 13
1756052852801 0.37105314880609513 14
1756052852806 0.38890651538968085 15
1756052852810 0.3472808308899403 16
1756052852815 0.39597329422831534 17
1756052852820 0.30298489816486834 18
1756052852824 0.3589332938194275 19
1756052852829 0.34709172770380975 20
1756052852835 0.35202992558479307 21
1756052852840 0.29218619242310523 22
1756052852845 0.305371668189764 23
1756052852850 0.295327489823103 24
1756052852855 0.5709148235619068 25
1756052852860 0.3124772526323795 26
1756052852865 0.41199361383914945 27
1756052852870 0.3442492887377739 28
1756052852875 0.3089270070195198 29
1756052852880 0.26502497792243956 30
1756052852884 0.3725262723863125 31
1756052852890 0.28860858604311945 32
1756052852896 0.2867621250450611 33
1756052852901 0.27171544060111047 34
1756052852907 0.24508586041629316 35
1756052852913 0.2873628355562687 36
1756052852918 0.29634886384010317 37
1756052852924 0.30481584966182707 38
1756052852929 0.323560331761837 39
1756052852935 0.2078130893409252 40
1756052852940 0.18603222966194152 41
1756052852946 0.20407756492495538 42
1756052852951 0.2735550422221422 43
1756052852957 0.21607612818479538 44
1756052852963 0.21275803744792937 45
1756052852969 0.3172926247119904 46
1756052852974 0.2272529885172844 47
1756052852979 0.1883248916827142 48
1756052852984 0.2061097502708435 49
1756052852990 0.16319855712354184 50
1756052852996 0.21548659801483155 51
1756052853001 0.17778189927339555 52
1756052853006 0.18771242760121823 53
1756052853012 0.1987409345805645 54
1756052853017 0.14931081384420394 55
1756052853023 0.15552366711199284 56
1756052853029 0.2193141683936119 57
1756052853035 0.17275806665420532 58
1756052853040 0.41227281019091605 59
1756052853046 0.17884139567613602 60
1756052853051 0.2141208194196224 61
1756052853057 0.2042061433196068 62
1756052853063 0.26245508156716824 63
1756052853069 0.21398152448236943 64
1756052853074 0.18288613595068454 65
1756052853079 0.25573426894843576 66
1756052853085 0.18161042854189874 67
1756052853091 0.18390497118234633 68
1756052853096 0.18020784333348275 69
1756052853101 0.2839316111057997 70
1756052853107 0.30751779712736604 71
1756052853113 0.1762165494263172 72
1756052853119 0.14233162701129914 73
1756052853124 0.21258131079375744 74
1756052853130 0.15379934422671795 75
1756052853136 0.39628053046762945 76
