1756052876347 1.8334041714668274 1
1756052876362 1.2293903350830078 2
1756052876368 1.0348577678203583 3
1756052876376 1.00628122985363 4
1756052876383 1.0119271671399475 5
1756052876390 0.7584577009081841 6
1756052876397 0.7856818571686744 7
1756052876403 0.7419159948825836 8
1756052876409 0.5035968109034001 9
1756052876417 0.5742755949497222 10
1756052876423 0.6077343359589576 11
1756052876430 0.5996834814548493 12
1756052876436 0.5486606374382973 13
1756052876443 0.7216143026947975 14
1756052876449 0.5299677439033985 15
1756052876456 0.4309197127819061 16
1756052876463 0.47612329907715323 17
1756052876470 0.41292685866355894 18
1756052876476 0.46947975605726244 19
1756052876483 0.39126999527215955 20
1756052876490 0.37745716571807864 21
1756052876497 0.3947459116578102 22
1756052876504 0.4784185767173767 23
1756052876510 0.3188009664416313 24
1756052876517 0.3399731799960136 25
1756052876524 0.31404171958565713 26
1756052876531 0.33896158933639525 27
1756052876538 0.32051068912260233 28
1756052876545 0.2909636847674847 29
1756052876553 0.2838567987084389 30
1756052876559 0.33744335174560547 31
1756052876566 0.5642430081963539 32
1756052876573 0.45238582640886305 33
1756052876579 0.38585855439305305 34
1756052876586 0.3598107315599918 35
1756052876593 0.33424806175753474 36
1756052876600 0.4286772757768631 37
1756052876606 0.4891496106982231 38
1756052876613 0.5801802754402161 39
1756052876620 0.46998194977641106 40
1756052876627 0.42226893827319145 41
1756052876634 0.5005294933915139 42
1756052876641 0.413362455368042 43
1756052876648 0.3675128683447838 44
