1756055139583 1.0370355159044267 1
1756055139595 1.0159304082393645 2
1756055139601 0.8063934922218323 3
1756055139608 0.7912841796875 4
1756055139615 0.658825209736824 5
1756055139621 0.6459186330437661 6
1756055139628 0.6077401727437973 7
1756055139634 0.6527050703763961 8
1756055139641 0.5607080042362214 9
1756055139648 0.5918571338057518 10
1756055139654 0.5563138172030448 11
1756055139661 0.5230533003807067 12
1756055139668 0.5605969861149788 13
1756055139675 0.5083100289106369 14
1756055139682 0.5419523239135742 15
1756055139689 0.5794756457209587 16
1756055139696 0.49487979263067244 17
1756055139703 0.46677195876836775 18
1756055139709 0.5183377876877785 19
1756055139716 0.4874692291021347 20
1756055139723 0.434241983294487 21
1756055139730 0.4651936873793602 22
1756055139736 0.4892516553401947 23
1756055139744 0.4253723338246346 24
1756055139751 0.4072092786431313 25
1756055139757 0.46101057082414626 26
1756055139764 0.45345412045717237 27
1756055139771 0.45739893019199374 28
1756055139778 0.4927207112312317 29
1756055139785 0.44554308205842974 30
1756055139792 0.4275539398193359 31
1756055139800 0.48728986978530886 32
1756055139806 0.4737301081418991 33
1756055139813 0.4638664051890373 34
1756055139820 0.42725920379161836 35
1756055139827 0.38945489674806594 36
1756055139834 0.4858376905322075 37
1756055139842 0.48327279537916185 38
1756055139849 0.49298915416002276 39
1756055139857 0.465706904232502 40
1756055139864 0.4177577540278435 41
1756055139871 0.3820645660161972 42
1756055139878 0.42113434374332426 43
1756055139886 0.39454190731048583 44
1756055139893 0.4183128118515015 45
1756055139900 0.48045495599508287 46
1756055139907 0.4473832309246063 47
1756055139914 0.4547223374247551 48
1756055139921 0.42399143129587175 49
1756055139928 0.3813380628824234 50
1756055139936 0.364133283495903 51
1756055139945 0.44021474570035934 52
1756055139953 0.38796940445899963 53
1756055139961 0.3990409433841705 54
1756055139968 0.3896787464618683 55
1756055139976 0.36591931730508803 56
1756055139983 0.38155859261751174 57
1756055139991 0.3804477468132973 58
1756055139999 0.37357539385557176 59
1756055140007 0.3790175572037697 60
1756055140014 0.3511011853814125 61
1756055140023 0.32893827855587005 62
1756055140031 0.32748533561825754 63
1756055140039 0.3685476012527943 64
1756055140047 0.37764928489923477 65
1756055140056 0.3788024678826332 66
1756055140064 0.39018656462430956 67
1756055140072 0.3591653063893318 68
1756055140080 0.32386876791715624 69
1756055140088 0.33494659438729285 70
1756055140095 0.3597701460123062 71
1756055140103 0.3528958797454834 72
1756055140110 0.3389138087630272 73
1756055140118 0.35579706728458405 74
1756055140126 0.35435905307531357 75
1756055140133 0.3285450041294098 76
1756055140141 0.3216203197836876 77
1756055140149 0.3200357764959335 78
1756055140157 0.33230136036872865 79
1756055140165 0.3623254172503948 80
1756055140172 0.3238319389522076 81
1756055140180 0.28475709408521654 82
1756055140188 0.31794998720288276 83
1756055140196 0.2822237901389599 84
1756055140204 0.30505266413092613 85
1756055140212 0.2866069316864014 86
1756055140219 0.29418679550290106 87
