1756055170790 0.0008848106299107298 1
1756055170805 0.0017696212598214596 2
1756055170814 0.0026544318897321895 3
1756055170822 0.003539242519642919 4
1756055170830 0.004424053149553649 5
1756055170839 0.004424053149553649 6
1756055170847 0.004422844013633543 7
1756055170856 0.0044192179280456 8
1756055170864 0.004413178857861174 9
1756055170873 0.004404733406714847 10
1756055170881 0.004393890809583451 11
1756055170890 0.004380662922687762 12
1756055170899 0.004365064210527889 13
1756055170908 0.004347111730066561 14
1756055170916 0.004326825112077587 15
1756055170925 0.004304226539679892 16
1756055170933 0.004279340724080607 17
1756055170942 0.004252194877553717 18
1756055170951 0.004222818683683848 19
1756055170960 0.004191244264907701 20
1756055170969 0.004157506147388636 21
1756055170978 0.004121641223262823 22
1756055170986 0.0040836887102982285 23
1756055170995 0.004043690109010567 24
1756055171004 0.004001689157283094 25
1756055171013 0.00395773178253987 26
1756055171021 0.003911866051524801 27
1756055171030 0.0038641421177413593 28
1756055171039 0.0038146121666104613 29
1756055171048 0.003763330358406476 30
1756055171057 0.0037103527690337643 31
1756055171066 0.0036557373287084945 32
1756055171074 0.0035995437586128077 33
1756055171084 0.0035418335055905767 34
1756055171092 0.003482669674956189 35
1756055171101 0.003422116961489808 36
1756055171110 0.003360241578694584 37
1756055171119 0.003297111186393157 38
1756055171128 0.0032327948167426386 39
1756055171137 0.0031673627987489576 40
1756055171146 0.0031008866813631284 41
1756055171156 0.0030334391552435174 42
1756055171165 0.002965093973269684 43
1756055171174 0.002895925869894681 44
1756055171183 0.0028260104794240347 45
1756055171192 0.0027554242533107363 46
1756055171201 0.0026842443765567043 47
1756055171211 0.0026125486833121175 48
1756055171219 0.002540415571764912 49
1756055171229 0.0024679239184135188 50
1756055171238 0.002395152991816564 51
1756055171247 0.0023221823659138703 52
1756055171256 0.0022490918330135188 53
1756055171265 0.0021759613165401306 54
1756055171275 0.0021028707836397787 55
1756055171284 0.0020299001577370854 56
1756055171293 0.0019571292311401306 57
1756055171302 0.0018846375777887363 58
1756055171312 0.001812504466241532 59
1756055171321 0.0017408087729969448 60
1756055171330 0.0016696288962429126 61
1756055171340 0.0015990426701296147 62
1756055171349 0.0015291272796589678 63
1756055171358 0.001459959176283965 64
1756055171367 0.0013916139943101309 65
1756055171377 0.0013241664681905212 66
1756055171386 0.0012576903508046912 67
1756055171396 0.0011922583328110102 68
1756055171405 0.0011279419631604925 69
1756055171415 0.0010648115708590657 70
1756055171424 0.001002936188063841 71
1756055171434 0.00094238347459746 72
