1756055103500 0.0008848106299107298 1
1756055103512 0.0017696212598214596 2
1756055103517 0.0026544318897321895 3
1756055103521 0.003539242519642919 4
1756055103525 0.004424053149553649 5
1756055103530 0.004424053149553649 6
1756055103534 0.004422844013633543 7
1756055103539 0.0044192179280456 8
1756055103543 0.004413178857861174 9
1756055103547 0.004404733406714847 10
1756055103552 0.004393890809583451 11
1756055103557 0.004380662922687762 12
1756055103561 0.004365064210527889 13
1756055103566 0.004347111730066561 14
1756055103571 0.004326825112077587 15
1756055103575 0.004304226539679892 16
1756055103580 0.004279340724080607 17
1756055103585 0.004252194877553717 18
1756055103589 0.004222818683683848 19
1756055103594 0.004191244264907701 20
1756055103599 0.004157506147388636 21
1756055103603 0.004121641223262823 22
1756055103609 0.0040836887102982285 23
1756055103613 0.004043690109010567 24
1756055103618 0.004001689157283094 25
1756055103623 0.00395773178253987 26
1756055103628 0.003911866051524801 27
1756055103632 0.0038641421177413593 28
1756055103637 0.0038146121666104613 29
1756055103642 0.003763330358406476 30
1756055103647 0.0037103527690337643 31
1756055103652 0.0036557373287084945 32
1756055103656 0.0035995437586128077 33
1756055103661 0.0035418335055905767 34
1756055103667 0.003482669674956189 35
1756055103671 0.003422116961489808 36
1756055103676 0.003360241578694584 37
1756055103681 0.003297111186393157 38
1756055103686 0.0032327948167426386 39
1756055103691 0.0031673627987489576 40
1756055103696 0.0031008866813631284 41
1756055103701 0.0030334391552435174 42
1756055103706 0.002965093973269684 43
1756055103711 0.002895925869894681 44
1756055103716 0.0028260104794240347 45
1756055103721 0.0027554242533107363 46
1756055103726 0.0026842443765567043 47
1756055103731 0.0026125486833121175 48
1756055103736 0.002540415571764912 49
1756055103741 0.0024679239184135188 50
1756055103746 0.002395152991816564 51
1756055103751 0.0023221823659138703 52
1756055103756 0.0022490918330135188 53
1756055103761 0.0021759613165401306 54
1756055103766 0.0021028707836397787 55
1756055103772 0.0020299001577370854 56
1756055103777 0.0019571292311401306 57
1756055103782 0.0018846375777887363 58
1756055103787 0.001812504466241532 59
1756055103792 0.0017408087729969448 60
1756055103798 0.0016696288962429126 61
1756055103803 0.0015990426701296147 62
1756055103808 0.0015291272796589678 63
1756055103814 0.001459959176283965 64
1756055103819 0.0013916139943101309 65
1756055103824 0.0013241664681905212 66
1756055103829 0.0012576903508046912 67
1756055103835 0.0011922583328110102 68
1756055103840 0.0011279419631604925 69
1756055103846 0.0010648115708590657 70
1756055103851 0.001002936188063841 71
1756055103857 0.00094238347459746 72
1756055103862 0.0008832196439630721 73
1756055103868 0.0008255093909408413 74
1756055103874 0.000769315820845154 75
1756055103879 0.000714700380519885 76
1756055103885 0.0006617227911471728 77
1756055103890 0.0006104409829431879 78
1756055103896 0.0005609110318122903 79
1756055103901 0.0005131870980288485 80
1756055103907 0.00046732136701377997 81
1756055103912 0.0004233639922705557 82
1756055103918 0.0003813630405430817 83
1756055103924 0.0003413644392554202 84
1756055103929 0.00030341192629082585 85
1756055103935 0.00026754700216501283 86
1756055103941 0.00023380888464594773 87
1756055103947 0.00020223446586980064 88
1756055103952 0.00017285827199993206 89
1756055103958 0.0001457124254730422 90
1756055103964 0.00012082660987375603 91
1756055103970 9.822803747606206e-05 92
1756055103975 7.79414194870885e-05 93
1756055103981 5.998893902576058e-05 94
1756055103987 4.439022686588727e-05 95
1756055103993 3.116233997019783e-05 96
1756055103999 2.0319742838802348e-05 97
