1756055103500 1.0903318583965302 1
1756055103512 1.0060025840997695 2
1756055103517 0.858401608467102 3
1756055103521 0.8549303561449051 4
1756055103525 0.7375486999750137 5
1756055103530 0.6628115862607956 6
1756055103534 0.669667162001133 7
1756055103539 0.6551042526960373 8
1756055103543 0.6179496139287949 9
1756055103547 0.5884784981608391 10
1756055103552 0.567311717569828 11
1756055103557 0.5433454260230064 12
1756055103561 0.48824281245470047 13
1756055103566 0.5663811832666397 14
1756055103571 0.5357412770390511 15
1756055103575 0.5335432142019272 16
1756055103580 0.5010751768946647 17
1756055103585 0.4986164852976799 18
1756055103589 0.48114253729581835 19
1756055103594 0.4513202324509621 20
1756055103599 0.44628127068281176 21
1756055103603 0.4953345626592636 22
1756055103609 0.4152972295880318 23
1756055103613 0.4167167291045189 24
1756055103618 0.4285529896616936 25
1756055103623 0.5590061068534851 26
1756055103628 0.43889950811862943 27
1756055103632 0.4606727138161659 28
1756055103637 0.3912616327404976 29
1756055103642 0.436994643509388 30
1756055103647 0.411588579416275 31
1756055103652 0.48742189854383466 32
1756055103656 0.4158665597438812 33
1756055103661 0.4852738231420517 34
1756055103667 0.44467957988381385 35
1756055103671 0.41551856249570845 36
1756055103676 0.40999232083559034 37
1756055103681 0.4508302420377731 38
1756055103686 0.42449982166290284 39
1756055103691 0.4118055358529091 40
1756055103696 0.41524279564619065 41
1756055103701 0.4601104870438576 42
1756055103706 0.44387137442827224 43
1756055103711 0.3803193882107735 44
1756055103716 0.3582357853651047 45
1756055103721 0.3584694296121597 46
1756055103726 0.3343394171446562 47
1756055103731 0.3815432533621788 48
1756055103736 0.407694748789072 49
1756055103741 0.3689620286226273 50
1756055103746 0.41352598667144774 51
1756055103751 0.3182534635066986 52
1756055103756 0.37837337255477904 53
1756055103761 0.34488592147827146 54
1756055103766 0.35361602902412415 55
1756055103772 0.2938737742602825 56
1756055103777 0.3006058394908905 57
1756055103782 0.290047699958086 58
1756055103787 0.33421249985694884 59
1756055103792 0.3375745706260204 60
1756055103798 0.35506454631686213 61
1756055103803 0.303860741853714 62
1756055103808 0.3113193206489086 63
1756055103814 0.3244355171918869 64
1756055103819 0.35586881041526797 65
1756055103824 0.2969672106206417 66
1756055103829 0.2811140984296799 67
1756055103835 0.27889433577656747 68
1756055103840 0.2970051035284996 69
1756055103846 0.2884670779109001 70
1756055103851 0.2879112683236599 71
1756055103857 0.25507411286234855 72
1756055103862 0.2706479400396347 73
1756055103868 0.2898354880511761 74
1756055103874 0.2578630618751049 75
1756055103879 0.30401856303215025 76
1756055103885 0.3432388834655285 77
1756055103890 0.28229151740670205 78
1756055103896 0.2700825698673725 79
1756055103901 0.28683320954442026 80
1756055103907 0.3029335424304008 81
1756055103912 0.35618234798312187 82
1756055103918 0.2668035179376602 83
1756055103924 0.2557842470705509 84
1756055103929 0.22947944328188896 85
1756055103935 0.2565253794193268 86
1756055103941 0.2558132104575634 87
1756055103947 0.27661487385630606 88
1756055103952 0.23941408693790436 89
1756055103958 0.29040001332759857 90
1756055103964 0.3702171556651592 91
1756055103970 0.2627588726580143 92
1756055103975 0.2560584060847759 93
1756055103981 0.21730009093880653 94
1756055103987 0.2266899824142456 95
1756055103993 0.23156047165393828 96
1756055103999 0.3100749209523201 97
