1755981155828 0.9854891926050187 1
1755981155837 0.9017508357763291 2
1755981155843 0.9568571239709854 3
1755981155849 0.7909324705600739 4
1755981155855 0.7804567217826843 5
1755981155862 0.7201885104179382 6
1755981155868 0.6477163314819336 7
1755981155874 0.6660340368747711 8
1755981155881 0.6468714714050293 9
1755981155887 0.6825723588466645 10
1755981155893 0.6145388960838318 11
1755981155899 0.5908292695879936 12
1755981155905 0.6109708100557327 13
1755981155911 0.5863353341817856 14
1755981155917 0.5548317015171051 15
1755981155924 0.5596491292119026 16
1755981155930 0.5665552988648415 17
1755981155936 0.5161794945597649 18
1755981155941 0.5278760194778442 19
1755981155947 0.5173789918422699 20
1755981155953 0.5264711007475853 21
1755981155959 0.5616485744714736 22
1755981155964 0.581517705321312 23
1755981155970 0.5170906454324722 24
1755981155976 0.48697850853204727 25
1755981155982 0.523894140124321 26
1755981155987 0.5975496977567673 27
1755981155993 0.510316850244999 28
1755981155999 0.5713172152638435 29
1755981156005 0.5601391777396202 30
1755981156011 0.5180658861994744 31
1755981156018 0.500885508954525 32
1755981156025 0.5562100082635879 33
1755981156031 0.5910811707377434 34
