1756055758745 1.3906120926141738 1
1756055758762 1.0652782320976257 2
1756055758768 0.8749703750014305 3
1756055758776 0.8228671059012413 4
1756055758783 0.6550010412931442 5
1756055758790 0.6897604897618294 6
1756055758796 0.6303924307227134 7
1756055758803 0.6153332188725471 8
1756055758809 0.7196617633104324 9
1756055758816 0.6762113362550736 10
1756055758823 0.6012100398540496 11
1756055758829 0.4825622856616974 12
1756055758836 0.4459531828761101 13
1756055758842 0.4639410600066185 14
1756055758849 0.5501755774021149 15
1756055758856 0.5196479439735413 16
1756055758862 0.3933570243418217 17
1756055758870 0.3660279780626297 18
1756055758877 0.39161152094602586 19
1756055758883 0.3512577600777149 20
1756055758890 0.3686328321695328 21
1756055758897 0.3616664670407772 22
1756055758903 0.39968889728188517 23
1756055758910 0.34723971486091615 24
1756055758916 0.3392060622572899 25
1756055758923 0.3191105104982853 26
1756055758930 0.31905378848314286 27
1756055758937 0.3566052854061127 28
1756055758943 0.43573385998606684 29
1756055758950 0.5665076032280922 30
1756055758957 0.3316774696111679 31
1756055758964 0.3616940535604954 32
1756055758970 0.27793205082416533 33
1756055758977 0.2784734174609184 34
1756055758984 0.25375698804855346 35
1756055758991 0.28150728195905683 36
1756055758998 0.22500896602869033 37
1756055759005 0.19495134726166724 38
1756055759011 0.2517457947134972 39
1756055759018 0.24611353427171706 40
1756055759025 0.3070561848580837 41
1756055759032 0.25460202246904373 42
1756055759039 0.2937320560216904 43
1756055759046 0.2874439977109432 44
1756055759053 0.24015361666679383 45
1756055759060 0.24347914457321168 46
1756055759067 0.21947227530181407 47
1756055759074 0.28645257502794264 48
1756055759081 0.24038814306259154 49
1756055759089 0.27088345438241956 50
1756055759096 0.23458236269652843 51
1756055759104 0.21715706959366798 52
1756055759111 0.21104539707303047 53
1756055759119 0.22185462564229966 54
1756055759126 0.22349063605070113 55
1756055759134 0.20358126051723957 56
1756055759142 0.2092786230146885 57
1756055759149 0.20438981354236602 58
1756055759156 0.21397538259625434 59
1756055759164 0.2570985585451126 60
1756055759172 0.22363603860139847 61
1756055759180 0.1988419458270073 62
1756055759188 0.21013920791447163 63
1756055759196 0.2909334428608418 64
1756055759203 0.23933031409978867 65
1756055759212 0.1969308104366064 66
1756055759219 0.20688518397510053 67
1756055759227 0.23537791110575199 68
1756055759235 0.23008170649409293 69
1756055759242 0.2498553179204464 70
1756055759250 0.24076545499265195 71
1756055759258 0.2681318186223507 72
1756055759266 0.1917989082634449 73
1756055759274 0.19936564937233925 74
1756055759281 0.22549291439354419 75
1756055759289 0.20227565839886666 76
1756055759297 0.15639030374586582 77
1756055759304 0.16938045099377633 78
1756055759312 0.24473209045827388 79
1756055759319 0.14574512727558614 80
1756055759327 0.21726857423782348 81
1756055759334 0.16378164514899254 82
1756055759342 0.14340501576662062 83
1756055759349 0.16370301358401776 84
1756055759357 0.1939047694206238 85
1756055759365 0.18622875921428203 86
1756055759373 0.13700288981199266 87
1756055759381 0.12712116930633782 88
1756055759389 0.14627145528793334 89
1756055759397 0.13905772790312768 90
1756055759405 0.16763344928622245 91
1756055759412 0.1562644477933645 92
1756055759420 0.10626811143010854 93
1756055759428 0.1441719677299261 94
1756055759435 0.23912892043590545 95
1756055759444 0.11895182114094496 96
1756055759452 0.18765581212937832 97
1756055759460 0.16325533352792262 98
1756055759469 0.15289032384753226 99
