1756055758745 0.8756840854883194 1
1756055758762 0.7795600473880768 2
1756055758768 0.6827283725142479 3
1756055758776 0.6803278237581253 4
1756055758783 0.6018934085965156 5
1756055758790 0.6265982866287232 6
1756055758796 0.6024824291467666 7
1756055758803 0.5855429917573929 8
1756055758809 0.604285740852356 9
1756055758816 0.6118835940957069 10
1756055758823 0.5628634124994278 11
1756055758829 0.5262555629014969 12
1756055758836 0.4993612840771675 13
1756055758842 0.4952914401888847 14
1756055758849 0.5634456932544708 15
1756055758856 0.5267658799886703 16
1756055758862 0.4790091156959534 17
1756055758870 0.4506233334541321 18
1756055758877 0.4654778495430946 19
1756055758883 0.4423001065850258 20
1756055758890 0.4545006826519966 21
1756055758897 0.44562848657369614 22
1756055758903 0.4746955454349518 23
1756055758910 0.4486447051167488 24
1756055758916 0.4453932762145996 25
1756055758923 0.42839378863573074 26
1756055758930 0.43289587646722794 27
1756055758937 0.4392219752073288 28
1756055758943 0.47551985681056974 29
1756055758950 0.5041777908802032 30
1756055758957 0.43698027580976484 31
1756055758964 0.43119819462299347 32
1756055758970 0.3979820765554905 33
1756055758977 0.40040168166160583 34
1756055758984 0.3866177096962929 35
1756055758991 0.3912985444068909 36
1756055758998 0.36148104518651963 37
1756055759005 0.3386749655008316 38
1756055759011 0.38004256039857864 39
1756055759018 0.3731136083602905 40
1756055759025 0.4218927651643753 41
1756055759032 0.3777373343706131 42
1756055759039 0.39832910150289536 43
1756055759046 0.4123037487268448 44
1756055759053 0.37591302692890166 45
1756055759060 0.37252478301525116 46
1756055759067 0.3539819747209549 47
1756055759074 0.37903262823820116 48
1756055759081 0.36601906567811965 49
1756055759089 0.3663097694516182 50
1756055759096 0.3618426725268364 51
1756055759104 0.35930120646953584 52
1756055759111 0.34813831001520157 53
1756055759119 0.35036061257123946 54
1756055759126 0.35620262622833254 55
1756055759134 0.33884585499763487 56
1756055759142 0.34396946877241136 57
1756055759149 0.33427544236183165 58
1756055759156 0.34970352053642273 59
1756055759164 0.3675829112529755 60
1756055759172 0.3514749497175217 61
1756055759180 0.34315295070409774 62
1756055759188 0.35377524346113204 63
1756055759196 0.35524220317602156 64
1756055759203 0.36467048823833464 65
1756055759212 0.3350818887352943 66
1756055759219 0.33591788113117216 67
1756055759227 0.34208415895700456 68
1756055759235 0.346225368976593 69
1756055759242 0.35637360215187075 70
1756055759250 0.3609740182757378 71
1756055759258 0.3624483719468117 72
1756055759266 0.332106614112854 73
1756055759274 0.3352037534117699 74
1756055759281 0.312802042812109 75
1756055759289 0.32700641378760337 76
1756055759297 0.30144851058721545 77
1756055759304 0.3168100669980049 78
1756055759312 0.348451516777277 79
1756055759319 0.2993203058838844 80
1756055759327 0.3247942104935646 81
1756055759334 0.301103039085865 82
1756055759342 0.28766377940773963 83
1756055759349 0.30036660805344584 84
1756055759357 0.3190865434706211 85
1756055759365 0.3115072168409824 86
1756055759373 0.2870903253555298 87
1756055759381 0.27531600669026374 88
1756055759389 0.29367742836475375 89
1756055759397 0.27794765681028366 90
1756055759405 0.2992307610809803 91
1756055759412 0.29190915673971174 92
1756055759420 0.2520592726767063 93
1756055759428 0.2854651540517807 94
1756055759435 0.3298883132636547 95
1756055759444 0.26947156339883804 96
1756055759452 0.29566151201725005 97
1756055759460 0.2895167514681816 98
1756055759469 0.29343446865677836 99
