1756055758745 0.0007181061365498097 1
1756055758762 0.0014362122730996194 2
1756055758768 0.002154318409649429 3
1756055758776 0.0028724245461992388 4
1756055758783 0.0035905306827490485 5
1756055758790 0.0035905306827490485 6
1756055758796 0.0035895494079738917 7
1756055758803 0.0035866066566579806 8
1756055758809 0.003581705646656674 9
1756055758816 0.0035748517371524528 10
1756055758823 0.0035660524227947316 11
1756055758829 0.003555317325504571 12
1756055758836 0.0035426581839532456 13
1756055758842 0.0035280888407261827 14
1756055758849 0.003511625227186296 15
1756055758856 0.0034932853460532746 16
1756055758862 0.0034730892517178752 17
1756055758870 0.0034510590283127365 18
1756055758877 0.003427218765563708 19
1756055758883 0.003401594532448086 20
1756055758890 0.003374214348688572 21
1756055758897 0.003345108154114115 22
1756055758903 0.0033143077759211484 23
1756055758910 0.003281846893871021 24
1756055758916 0.0032477610034616685 25
1756055758923 0.0032120873771138087 26
1756055758930 0.0031748650234140986 27
1756055758937 0.0031361346444598154 28
1756055758943 0.0030959385913517127 29
1756055758950 0.0030543208178837105 30
1756055758957 0.003011326832480072 31
1756055758964 0.0029670036484326025 32
1756055758970 0.0029213997324923128 33
1756055758977 0.0028745649518717334 34
1756055758984 0.0028265505197158517 35
1756055758991 0.0027774089391012892 36
1756055758998 0.0027271939456249583 37
1756055759005 0.002675960448644977 38
1756055759011 0.002623764471238089 39
1756055759018 0.002570663088939256 40
1756055759025 0.002516714367330396 41
1756055759032 0.002461977298546519 42
1756055759039 0.0024065117367687004 43
1756055759046 0.0023503783327744063 44
1756055759053 0.0022936384676167623 45
1756055759060 0.002236354185505272 46
1756055759067 0.0021785881259613854 47
1756055759074 0.0021204034553231003 48
1756055759081 0.0020618637976735008 49
1756055759089 0.002003033165268757 50
1756055759096 0.0019439758885416597 51
1756055759104 0.0018847565457572406 52
1756055759111 0.0018254398923973853 53
1756055759119 0.0017660907903516631 54
1756055759126 0.0017067741369918073 55
1756055759134 0.001647554794207389 56
1756055759142 0.0015884975174802918 57
1756055759149 0.0015296668850755476 58
1756055759156 0.001471127227425949 59
1756055759164 0.0014129425567876636 60
1756055759172 0.0013551764972437764 61
1756055759180 0.0012978922151322865 62
1756055759188 0.0012411523499746423 63
1756055759196 0.001185018945980348 64
1756055759203 0.001129553384202529 65
1756055759212 0.0010748163154186534 66
1756055759219 0.0010208675938097925 67
1756055759227 0.0009677662115109597 68
1756055759235 0.0009155702341040726 69
1756055759242 0.0008643367371240908 70
1756055759250 0.0008141217436477598 71
1756055759258 0.000764980163033197 72
1756055759266 0.000716965730877315 73
1756055759274 0.0006701309502567355 74
1756055759281 0.0006245270343164458 75
1756055759289 0.0005802038502689769 76
1756055759297 0.0005372098648653376 77
1756055759304 0.0004955920913973359 78
1756055759312 0.00045539603828923344 79
1756055759319 0.0004166656593349504 80
1756055759327 0.0003794433056352402 81
1756055759334 0.0003437696792873803 82
1756055759342 0.00030968378887802724 83
1756055759349 0.00027722290682789965 84
1756055759357 0.00024642252863493346 85
1756055759365 0.00021731633406047666 86
1756055759373 0.00018993615030096238 87
1756055759381 0.00016431191718534064 88
1756055759389 0.00014047165443631198 89
1756055759397 0.0001184414310311736 90
1756055759405 9.82453366957738e-05 91
1756055759412 7.990545556275277e-05 92
1756055759420 6.34418420228662e-05 93
1756055759428 4.8872498795803146e-05 94
1756055759435 3.62133572444776e-05 95
1756055759444 2.5478259954316633e-05 96
1756055759452 1.667894559659554e-05 97
1756055759460 9.82503609237439e-06 98
1756055759469 4.924026091068089e-06 99
