1756055800471 0.8719662964344025 1
1756055800490 0.7000939279794693 2
1756055800499 0.6970056056976318 3
1756055800508 0.7180493175983429 4
1756055800516 0.6990753144025803 5
1756055800525 0.635942491889 6
1756055800534 0.6056414693593979 7
1756055800543 0.5513227313756943 8
1756055800551 0.5189049825072288 9
1756055800560 0.48569431006908415 10
1756055800568 0.462584425508976 11
1756055800578 0.4719961598515511 12
1756055800586 0.5148456931114197 13
1756055800595 0.5949290871620179 14
1756055800604 0.4802640452980995 15
1756055800613 0.5122826397418976 16
1756055800621 0.47701007723808286 17
1756055800630 0.44337760414928196 18
1756055800638 0.4820369064807892 19
1756055800647 0.4476992905139923 20
1756055800656 0.48161606788635253 21
1756055800664 0.4950208827853203 22
1756055800673 0.5234248846769333 23
1756055800682 0.47450215816497804 24
1756055800691 0.4370735064148903 25
1756055800699 0.417795367538929 26
1756055800708 0.4668588891625404 27
1756055800718 0.4124315083026886 28
1756055800726 0.41446175128221513 29
1756055800735 0.40681358277797697 30
1756055800744 0.404422302544117 31
1756055800753 0.3829030692577362 32
1756055800762 0.43705795854330065 33
1756055800771 0.4815773472189903 34
1756055800780 0.41304856836795806 35
1756055800789 0.43518145084381105 36
1756055800798 0.41690235286951066 37
1756055800807 0.4340748518705368 38
1756055800816 0.4236889898777008 39
1756055800825 0.39653354287147524 40
1756055800835 0.40414313822984693 41
1756055800844 0.3906591430306435 42
1756055800853 0.38090128600597384 43
1756055800862 0.39402107447385787 44
1756055800871 0.37673102468252184 45
1756055800880 0.36655363738536834 46
1756055800889 0.3784755438566208 47
1756055800898 0.38544236719608305 48
1756055800907 0.3863870844244957 49
1756055800916 0.3536886930465698 50
1756055800925 0.3399099618196487 51
1756055800935 0.3382943794131279 52
1756055800944 0.33563385605812074 53
1756055800953 0.37598882168531417 54
1756055800962 0.3651502087712288 55
1756055800971 0.34926184713840486 56
1756055800981 0.32040457278490064 57
1756055800990 0.3214686378836632 58
1756055801000 0.31125728189945223 59
1756055801009 0.35065372437238695 60
1756055801019 0.37104315906763075 61
1756055801028 0.34938465505838395 62
1756055801037 0.3874496355652809 63
1756055801046 0.4230209246277809 64
1756055801056 0.3505675166845322 65
1756055801065 0.3029232405126095 66
1756055801075 0.3223899230360985 67
1756055801084 0.3327863484621048 68
1756055801094 0.36530477106571196 69
1756055801103 0.3633178472518921 70
1756055801113 0.3265969231724739 71
1756055801122 0.32366361021995543 72
1756055801132 0.3112046420574188 73
1756055801141 0.33471463471651075 74
1756055801151 0.35544584393501283 75
1756055801160 0.32486000955104827 76
1756055801170 0.30012557506561277 77
1756055801180 0.32204952016472815 78
1756055801191 0.3036803901195526 79
1756055801202 0.318917366117239 80
1756055801212 0.3286218404769897 81
1756055801222 0.29411342591047285 82
1756055801231 0.31411946266889573 83
1756055801241 0.3061684980988503 84
1756055801251 0.3632748000323772 85
1756055801261 0.31414115577936175 86
1756055801270 0.29587526693940164 87
1756055801280 0.2797956600785255 88
1756055801290 0.30935329869389533 89
1756055801299 0.291237111389637 90
1756055801309 0.33670907467603683 91
1756055801320 0.29202359914779663 92
1756055801330 0.2656969025731087 93
1756055801339 0.28101473599672316 94
1756055801349 0.2774888850748539 95
1756055801359 0.3197833850979805 96
1756055801369 0.31917376816272736 97
1756055801379 0.28289789259433745 98
1756055801389 0.3342092536389828 99
1756055801399 0.30617444664239885 100
