1756059383439 0.8446444749832154 1
1756059383452 0.6928341746330261 2
1756059383460 0.7339908719062805 3
1756059383467 0.678668537735939 4
1756059383475 0.6581579744815826 5
1756059383482 0.6311854049563408 6
1756059383490 0.6392305225133896 7
1756059383498 0.5952435687184334 8
1756059383505 0.5890983536839485 9
1756059383513 0.5862944185733795 10
1756059383520 0.5098796278238297 11
1756059383528 0.5397697523236274 12
1756059383536 0.5031023412942887 13
1756059383543 0.48527025058865547 14
1756059383551 0.48474595695734024 15
1756059383559 0.496586999297142 16
1756059383566 0.5218679368495941 17
1756059383574 0.505489394068718 18
1756059383582 0.4788454741239548 19
1756059383590 0.5142182961106301 20
1756059383597 0.43446959406137464 21
1756059383605 0.44593760967254636 22
1756059383613 0.45451602935791013 23
1756059383620 0.4383172675967216 24
1756059383628 0.43707683086395266 25
1756059383636 0.4003481656312943 26
1756059383644 0.41462443917989733 27
1756059383652 0.40130871832370757 28
1756059383660 0.3915545217692852 29
1756059383668 0.3590802013874054 30
1756059383675 0.3816288962960243 31
1756059383683 0.39036052823066714 32
1756059383691 0.38028330355882645 33
1756059383699 0.4094907745718956 34
1756059383707 0.4062826409935951 35
1756059383715 0.3889134243130684 36
1756059383723 0.3895334541797638 37
1756059383731 0.3950824037194252 38
1756059383739 0.4278697893023491 39
1756059383747 0.3891776368021965 40
1756059383755 0.39140648692846297 41
1756059383763 0.39908546656370164 42
1756059383771 0.39922101646661756 43
1756059383779 0.3894780814647675 44
1756059383787 0.37972079366445544 45
1756059383795 0.36308647841215136 46
1756059383803 0.3465604707598686 47
1756059383812 0.32683022767305375 48
1756059383820 0.37512030005455016 49
1756059383828 0.3934189036488533 50
1756059383836 0.36190797984600065 51
1756059383844 0.31600845232605934 52
1756059383852 0.3365619987249374 53
1756059383861 0.32195386588573455 54
1756059383869 0.3793871998786926 55
1756059383878 0.32318115755915644 56
1756059383886 0.335930897295475 57
1756059383894 0.34369802474975586 58
1756059383902 0.3521402969956398 59
1756059383911 0.347197362780571 60
1756059383919 0.3887141466140747 61
1756059383928 0.36477226540446284 62
1756059383936 0.32438878118991854 63
1756059383944 0.33246780186891556 64
1756059383953 0.3198128417134285 65
1756059383961 0.32166304141283036 66
1756059383969 0.29463261514902117 67
1756059383978 0.31871643513441084 68
1756059383986 0.29315729066729546 69
