1756059323520 1.2876362577080727 1
1756059323526 1.007996065914631 2
1756059323531 0.9473117850720882 3
1756059323536 1.0601977840065957 4
1756059323541 0.834085613489151 5
1756059323546 0.7224418178200722 6
1756059323550 0.7854303866624832 7
1756059323555 0.6096080094575882 8
1756059323560 1.1008202672004699 9
1756059323565 0.5697035446763039 10
1756059323569 0.440321247279644 11
1756059323574 0.4212028294801712 12
1756059323579 0.46605653166770933 13
1756059323584 0.5113592922687531 14
1756059323588 0.37779529094696046 15
1756059323593 0.37890251278877257 16
1756059323598 0.47156375274062157 17
1756059323603 0.387737900018692 18
1756059323608 0.43999096378684044 19
1756059323613 0.3369563676416874 20
1756059323618 0.3057891443371773 21
1756059323624 0.5385265596210956 22
1756059323629 0.27641596570611 23
1756059323634 0.47100754380226134 24
1756059323639 0.3263004943728447 25
1756059323644 0.3379092879593372 26
1756059323649 0.4202323563396931 27
1756059323654 0.327069541066885 28
1756059323659 0.27564829811453817 29
1756059323664 0.21745632141828536 30
1756059323670 0.25392758548259736 31
1756059323675 0.20962244570255278 32
1756059323681 0.2621331587433815 33
1756059323686 0.24772593304514884 34
1756059323691 0.21858976036310196 35
1756059323697 0.2106759376823902 36
1756059323702 0.20844274386763573 37
1756059323707 0.2908280096948147 38
1756059323712 0.20947432070970534 39
1756059323718 0.31945142410695554 40
1756059323723 0.1990501455962658 41
1756059323728 0.2619965013116598 42
1756059323734 0.1561192773282528 43
1756059323739 0.21652164198458196 44
1756059323744 0.18658677116036415 45
1756059323750 0.19648801051080228 46
1756059323755 0.23904617130756378 47
1756059323761 0.16549805887043476 48
1756059323766 0.16036051958799363 49
1756059323772 0.146630971878767 50
1756059323777 0.22622147686779498 51
