1756059323520 1.749387040734291 1
1756059323526 1.2273348420858383 2
1756059323531 1.2705260556191207 3
1756059323536 1.524775119125843 4
1756059323541 1.0262747079133987 5
1756059323546 1.0202780932188034 6
1756059323550 1.076238989830017 7
1756059323555 0.7113907992839813 8
1756059323560 1.1824610933661461 9
1756059323565 0.6479141429066658 10
1756059323569 0.528234301507473 11
1756059323574 0.46254936456680296 12
1756059323579 0.5812728598713874 13
1756059323584 0.6024966672062874 14
1756059323588 0.44501560032367704 15
1756059323593 0.4641373291611671 16
1756059323598 0.5519255369901657 17
1756059323603 0.5107488334178925 18
1756059323608 0.5141354277729988 19
1756059323613 0.39220967292785647 20
1756059323618 0.4367327705025673 21
1756059323624 0.6063320659101009 22
1756059323629 0.2945526376366615 23
1756059323634 0.6126900047063828 24
1756059323639 0.3498429723083973 25
1756059323644 0.44043358266353605 26
1756059323649 0.49134899750351907 27
1756059323654 0.4004021741449833 28
1756059323659 0.3318520687520504 29
1756059323664 0.2549300640821457 30
1756059323670 0.2715871147811413 31
1756059323675 0.2632091909646988 32
1756059323681 0.34266811683773996 33
1756059323686 0.3262990050017834 34
1756059323691 0.27003994584083557 35
1756059323697 0.2510553278028965 36
1756059323702 0.23166299238801003 37
1756059323707 0.29873670525848867 38
1756059323712 0.24096342884004116 39
1756059323718 0.3721654757857323 40
1756059323723 0.25803588405251504 41
1756059323728 0.30659880861639977 42
1756059323734 0.20436851531267167 43
1756059323739 0.23287878558039665 44
1756059323744 0.22318112552165986 45
1756059323750 0.23612398728728295 46
1756059323755 0.2862838365137577 47
1756059323761 0.20030454359948635 48
1756059323766 0.22685319259762765 49
1756059323772 0.17949337027966977 50
1756059323777 0.2624267743900418 51
