1756059323520 0.8453862473368645 1
1756059323526 0.7348693236708641 2
1756059323531 0.7145276561379432 3
1756059323536 0.7522980749607087 4
1756059323541 0.6748050004243851 5
1756059323546 0.6384915888309479 6
1756059323550 0.6546435415744781 7
1756059323555 0.5873676553368569 8
1756059323560 0.6396846026182175 9
1756059323565 0.5630015358328819 10
1756059323569 0.513037346303463 11
1756059323574 0.4872785821557045 12
1756059323579 0.4973948299884796 13
1756059323584 0.5142296567559242 14
1756059323588 0.4635233238339424 15
1756059323593 0.4642329752445221 16
1756059323598 0.5010331392288208 17
1756059323603 0.4647068202495575 18
1756059323608 0.48552840352058413 19
1756059323613 0.4274982675909996 20
1756059323618 0.4201706454157829 21
1756059323624 0.48578217029571535 22
1756059323629 0.39909193217754363 23
1756059323634 0.45355675667524337 24
1756059323639 0.4440396562218666 25
1756059323644 0.42502094656229017 26
1756059323649 0.4583430841565132 27
1756059323654 0.42779697477817535 28
1756059323659 0.41107637286186216 29
1756059323664 0.3602885350584984 30
1756059323670 0.3754560351371765 31
1756059323675 0.34628975242376325 32
1756059323681 0.38504709899425504 33
1756059323686 0.36416456401348113 34
1756059323691 0.3531815633177757 35
1756059323697 0.34882756769657136 36
1756059323702 0.3488282337784767 37
1756059323707 0.36966022849082947 38
1756059323712 0.34081963896751405 39
1756059323718 0.36742555648088454 40
1756059323723 0.3267331063747406 41
1756059323728 0.35957553461194036 42
1756059323734 0.2959020957350731 43
1756059323739 0.34287541955709455 44
1756059323744 0.323238655179739 45
1756059323750 0.332933746278286 46
1756059323755 0.3243106253445148 47
1756059323761 0.3057789772748947 48
1756059323766 0.2965808779001236 49
1756059323772 0.28718836754560473 50
1756059323777 0.33987016752362254 51
