1756059353159 0.8894313395023346 1
1756059353171 0.7116869807243347 2
1756059353177 0.7331837683916091 3
1756059353183 0.6863786898553371 4
1756059353189 0.6980385780334473 5
1756059353195 0.6474207878112793 6
1756059353201 0.6135470151901246 7
1756059353206 0.551459489762783 8
1756059353212 0.5376060754060745 9
1756059353218 0.5698513627052307 10
1756059353224 0.5264916405081749 11
1756059353230 0.5350625708699226 12
1756059353236 0.5262103691697121 13
1756059353242 0.4698431268334389 14
1756059353248 0.49583427608013153 15
1756059353254 0.48923068791627883 16
1756059353260 0.5144880250096321 17
1756059353266 0.5316738605499267 18
1756059353272 0.4680548578500748 19
1756059353279 0.4711094945669174 20
1756059353285 0.4468603789806366 21
1756059353291 0.4261365607380867 22
1756059353297 0.39761327505111693 23
1756059353303 0.4617947667837143 24
1756059353309 0.4641664460301399 25
1756059353315 0.43610542714595796 26
1756059353322 0.43158836364746095 27
1756059353328 0.4373830005526543 28
1756059353334 0.4579274386167526 29
1756059353340 0.45115825682878496 30
1756059353347 0.528341481089592 31
1756059353353 0.49866699874401094 32
1756059353359 0.45070036947727204 33
1756059353365 0.39860876873135564 34
1756059353372 0.37770486921072005 35
1756059353378 0.40041877776384355 36
1756059353384 0.3697731152176857 37
1756059353391 0.3686122491955757 38
1756059353397 0.35975080728530884 39
1756059353403 0.38042185455560684 40
1756059353410 0.37909931838512423 41
1756059353416 0.3869079455733299 42
1756059353422 0.38457555174827573 43
1756059353429 0.3955340251326561 44
1756059353435 0.37912303805351255 45
1756059353442 0.39198735505342486 46
1756059353449 0.3945597894489765 47
1756059353456 0.3758847817778587 48
1756059353463 0.3664301186800003 49
1756059353470 0.37196628004312515 50
1756059353477 0.40971771329641343 51
1756059353484 0.4148576945066452 52
1756059353490 0.38052941113710403 53
1756059353497 0.3812360569834709 54
1756059353503 0.3634448885917664 55
1756059353510 0.39553681164979937 56
1756059353517 0.38496228903532026 57
1756059353524 0.3407372862100601 58
1756059353531 0.3215929172933102 59
1756059353538 0.32954789847135546 60
1756059353545 0.3866325944662094 61
1756059353551 0.36055627167224885 62
1756059353558 0.3320065543055534 63
1756059353565 0.3244375228881836 64
1756059353572 0.32281131148338316 65
1756059353579 0.33968639746308327 66
1756059353586 0.35074314326047895 67
1756059353592 0.30043855831027033 68
