1755978820057 0.001146693209461423 1
1755978820071 0.002293386418922846 2
1755978820077 0.003440079628384269 3
1755978820084 0.004586772837845692 4
1755978820091 0.005733466047307115 5
1755978820098 0.005733466047307115 6
1755978820104 0.0057318989554422375 7
1755978820111 0.00572719939343955 8
1755978820118 0.005719372500201104 9
1755978820124 0.0057084268343197435 10
1755978820131 0.005694374364720407 11
1755978820138 0.005677230457572284 12
1755978820144 0.005657013859486138 13
1755978820151 0.005633746677015158 14
1755978820157 0.005607454352481772 15
1755978820164 0.005578165636156835 16
1755978820170 0.005545912554821638 17
1755978820177 0.005510730376747086 18
1755978820183 0.005472657573128362 19
1755978820190 0.005431735776017246 20
1755978820196 0.005388009732798069 21
1755978820203 0.0053415272572571145 22
1755978820209 0.005292339177298935 23
1755978820216 0.005240499279366795 24
1755978820222 0.005186064249627977 25
1755978820228 0.005129093611988292 26
1755978820235 0.005069649663003566 27
1755978820241 0.005007797403759265 28
1755978820248 0.004943604468792768 29
1755978820255 0.00487714105213599 30
1755978820262 0.0048084798305592395 31
1755978820269 0.004737695884100235 32
1755978820276 0.004664866613965191 33
1755978820283 0.004590071657891732 34
1755978820290 0.004513392803066195 35
1755978820297 0.004434913896690545 36
1755978820305 0.004354720754296688 37
1755978820311 0.004272901065908447 38
1755978820318 0.004189544300153811 39
1755978820325 0.0041047416064323 40
1755978820332 0.004018585715244438 41
1755978820339 0.003931170836792312 42
1755978820345 0.003842592557962096 43
1755978820352 0.0037529477378011977 44
1755978820359 0.0036623344016043116 45
