1755978860582 0.9817639488678473 1
1755978860595 0.8351888114755804 2
1755978860603 0.7833582766644367 3
1755978860612 0.7233432806157446 4
1755978860619 0.699186460925387 5
1755978860627 0.6858645874958533 6
1755978860634 0.6773729962962014 7
1755978860642 0.6198487781084977 8
1755978860649 0.6133107097892018 9
1755978860657 0.5512647930677835 10
1755978860664 0.5931812037121166 11
1755978860672 0.5683375914375504 12
1755978860680 0.5458950973176336 13
1755978860688 0.5633136591353973 14
1755978860696 0.5635523923805782 15
1755978860704 0.5273253437760589 16
1755978860712 0.5019949659124597 17
1755978860720 0.507693520614079 18
1755978860728 0.5254209231246602 19
1755978860735 0.48271748346167725 20
1755978860743 0.5373907996849581 21
1755978860751 0.527018705358753 22
1755978860758 0.5612027563832023 23
1755978860766 0.5447174802229002 24
1755978860774 0.519261705410945 25
1755978860781 0.5084288205419268 26
