1755978755853 0.001146693209461423 1
1755978755867 0.002293386418922846 2
1755978755872 0.003440079628384269 3
1755978755876 0.004586772837845692 4
1755978755880 0.005733466047307115 5
1755978755884 0.005733466047307115 6
1755978755888 0.0057318989554422375 7
1755978755893 0.00572719939343955 8
1755978755897 0.005719372500201104 9
1755978755901 0.0057084268343197435 10
1755978755905 0.005694374364720407 11
1755978755909 0.005677230457572284 12
1755978755914 0.005657013859486138 13
1755978755919 0.005633746677015158 14
1755978755924 0.005607454352481772 15
1755978755928 0.005578165636156835 16
1755978755932 0.005545912554821638 17
1755978755937 0.005510730376747086 18
1755978755941 0.005472657573128362 19
1755978755946 0.005431735776017246 20
1755978755950 0.005388009732798069 21
1755978755954 0.0053415272572571145 22
1755978755959 0.005292339177298935 23
1755978755964 0.005240499279366795 24
1755978755969 0.005186064249627977 25
1755978755974 0.005129093611988292 26
1755978755979 0.005069649663003566 27
1755978755985 0.005007797403759265 28
1755978755991 0.004943604468792768 29
1755978755997 0.00487714105213599 30
1755978756002 0.0048084798305592395 31
1755978756007 0.004737695884100235 32
1755978756012 0.004664866613965191 33
1755978756017 0.004590071657891732 34
1755978756022 0.004513392803066195 35
1755978756027 0.004434913896690545 36
1755978756031 0.004354720754296688 37
1755978756036 0.004272901065908447 38
1755978756041 0.004189544300153811 39
1755978756045 0.0041047416064323 40
1755978756050 0.004018585715244438 41
1755978756055 0.003931170836792312 42
1755978756059 0.003842592557962096 43
1755978756064 0.0037529477378011977 44
1755978756069 0.0036623344016043116 45
1755978756074 0.003570851633724197 46
1755978756079 0.0034785994692243948 47
1755978756084 0.0033856787844923526 48
1755978756089 0.0032921911869325765 49
1755978756094 0.0031982389038604287 50
1755978756098 0.003103924670718053 51
1755978756103 0.0030093516187346837 52
1755978756109 0.0029146231621541585 53
1755978756114 0.002819842885152957 54
1755978756119 0.0027251144285724313 55
1755978756124 0.002630541376589063 56
1755978756129 0.0025362271434466875 57
1755978756134 0.002442274860374539 58
1755978756140 0.002348787262814764 59
1755978756145 0.0022558665780827215 60
1755978756150 0.0021636144135829187 61
1755978756155 0.0020721316457028047 62
1755978756160 0.001981518309505918 63
1755978756165 0.0018918734893450192 64
1755978756171 0.001803295210514803 65
1755978756176 0.0017158803320626776 66
1755978756181 0.0016297244408748158 67
1755978756187 0.0015449217471533046 68
1755978756192 0.001461564981398669 69
1755978756197 0.001379745293010428 70
1755978756202 0.0012995521506165703 71
1755978756207 0.00122107324424092 72
1755978756213 0.0011443943894153832 73
1755978756218 0.0010695994333419238 74
1755978756223 0.00099677016320688 75
1755978756229 0.0009259862167478764 76
