1755982404484 1.5756391615836651 1
1755982404507 1.0911046599412892 2
1755982404514 1.170918692048494 3
1755982404522 1.0748260253435606 4
1755982404529 0.9092646705639826 5
1755982404537 0.8046490627449828 6
1755982404544 0.7776185500544387 7
1755982404551 0.753643817522309 8
1755982404559 0.5964109947929135 9
1755982404566 0.6055718695188498 10
1755982404573 0.4757091546213472 11
1755982404581 0.5111950014705782 12
1755982404588 0.5776417394737144 13
1755982404596 0.43873132358897815 14
1755982404607 0.4639427799296069 15
1755982404616 0.41617572559164717 16
1755982404623 0.511814850394602 17
1755982404630 0.4639751909228114 18
1755982404638 0.47550486492646205 19
1755982404645 0.4307486919033063 20
1755982404653 0.38218493411293275 21
1755982404660 0.48057149621573364 22
1755982404667 0.39678037998738225 23
1755982404675 0.39479109238494525 24
1755982404683 0.39577312864266434 25
