1755982366381 0.0002547298422053099 1
1755982366396 0.0005094596844106198 2
1755982366404 0.0007641895266159297 3
1755982366410 0.0010189193688212397 4
1755982366416 0.0012736492110265495 5
1755982366422 0.0012736492110265495 6
1755982366428 0.001273301305219697 7
1755982366435 0.0012722579682290312 8
1755982366441 0.0012705203409282336 9
1755982366447 0.0012680903233872457 10
1755982366454 0.0012649705727945716 11
1755982366460 0.0012611645005516806 12
1755982366466 0.0012566762685426902 13
1755982366472 0.0012515107845834064 14
1755982366478 0.0012456736970547003 15
1755982366485 0.0012391713887260846 16
1755982366492 0.0012320109697762515 17
1755982366498 0.001224200270018194 18
1755982366504 0.0012157478303374217 19
1755982366510 0.0012066628933526287 20
1755982366516 0.0011969553933090238 21
1755982366522 0.0011866359452153807 22
1755982366528 0.001175715833236681 23
1755982366535 0.0011642069983550463 24
1755982366541 0.0011521220253124483 25
1755982366547 0.0011394741288494796 26
1755982366553 0.0011262771392552278 27
1755982366559 0.0011125454872440578 28
1755982366565 0.0010982941881758379 29
1755982366572 0.0010835388256368633 30
1755982366578 0.0010682955343994352 31
1755982366584 0.0010525809827787213 32
1755982366590 0.0010364123544062004 33
1755982366597 0.0010198073294396123 34
1755982366603 0.0010027840652299654 35
1755982366609 0.0009853611764667402 36
1755982366616 0.0009675577148229989 37
1755982366622 0.000949393148122661 38
1755982366628 0.0009308873390527238 39
1755982366635 0.0009120605234437057 40
1755982366641 0.0008929332881420631 41
1755982366647 0.0008735265484987745 42
1755982366655 0.0008538615254987134 43
1755982366662 0.0008339597225558111 44
1755982366668 0.0008138429019993905 45
