1755982298470 2.0153491760229136 1
1755982298487 1.338463431345178 2
1755982298491 1.1490011273266434 3
1755982298496 1.0209639060806919 4
1755982298501 1.1050003943118183 5
1755982298505 1.019780203506544 6
1755982298510 0.736928424664906 7
1755982298515 0.7839454271189579 8
1755982298520 0.6832442511985828 9
1755982298524 0.6729094128717076 10
1755982298529 0.6395639525605487 11
1755982298533 0.5149410397975476 12
1755982298537 0.5421806808028903 13
1755982298543 0.536593367333536 14
1755982298548 0.5000766540889616 15
1755982298553 0.45915134328526336 16
1755982298558 0.49181365986149034 17
1755982298563 0.47237834353725633 18
1755982298568 0.41678583892908966 19
1755982298573 0.5985911024081243 20
1755982298577 0.44494172393695103 21
1755982298582 0.4099339733456636 22
1755982298587 0.4197823526216792 23
1755982298592 0.505999423273198 24
1755982298597 0.4796638664874164 25
1755982298601 0.4163485144252901 26
1755982298606 0.4309032050433097 27
1755982298611 0.471085055985234 28
1755982298616 0.3243446392914304 29
1755982298621 0.35207716723928206 30
1755982298625 0.33444024380538373 31
1755982298630 0.32174829238808 32
1755982298635 0.32092839953574265 33
1755982298640 0.33780243054225845 34
1755982298645 0.3290455194262715 35
1755982298650 0.30141789858023843 36
1755982298655 0.329485051914469 37
1755982298660 0.3328900533159832 38
1755982298665 0.3223346636279837 39
1755982298670 0.27992790410077417 40
1755982298675 0.3005765976456853 41
1755982298680 0.3068267378907699 42
1755982298685 0.3320070245823303 43
1755982298690 0.3180279883664924 44
1755982298695 0.2830775967956363 45
1755982298701 0.2887616184140955 46
1755982298706 0.3639631566482705 47
1755982298711 0.3381480435272316 48
1755982298716 0.28972068332232437 49
1755982298721 0.29973319056746245 50
1755982298726 0.30646614043356535 51
1755982298731 0.25727370091072926 52
