1755979386243 0.9944421590922715 1
1755979386252 0.8702469398448993 2
1755979386256 0.7588190444104084 3
1755979386261 0.7654480992199538 4
1755979386265 0.7635589884473132 5
1755979386269 0.7237090174253885 6
1755979386274 0.6402202457576603 7
1755979386279 0.6412249056549816 8
1755979386283 0.6272186238270301 9
1755979386288 0.5817044984984707 10
1755979386293 0.5781662289972429 11
1755979386297 0.5497406450184908 12
1755979386302 0.5372599030469919 13
1755979386307 0.5727573261632548 14
1755979386311 0.5562764475871991 15
1755979386316 0.5523224604594243 16
1755979386321 0.5323067082987203 17
1755979386325 0.5401988350725794 18
1755979386330 0.5252632072993687 19
1755979386334 0.47836488485336304 20
1755979386339 0.47799778758705436 21
1755979386345 0.4772909217840665 22
1755979386350 0.5068171891299161 23
1755979386355 0.5140041701205365 24
1755979386360 0.5272630139604791 25
1755979386365 0.4834006293253465 26
1755979386369 0.4900148986995994 27
1755979386374 0.4803264740999643 28
1755979386379 0.4635048611210538 29
1755979386384 0.45544094350430875 30
1755979386389 0.4590411890636791 31
1755979386394 0.45494977413833915 32
