1755979479660 1.5426418959320365 1
1755979479676 1.2065128753711651 2
1755979479683 1.2279031056088288 3
1755979479689 0.9332628989374483 4
1755979479695 0.8867975368902281 5
1755979479702 0.7960933245621719 6
1755979479708 0.8109802537924283 7
1755979479714 0.5934022090264729 8
1755979479721 0.6505283277917218 9
1755979479727 0.6066669028300744 10
1755979479734 0.5515191173785693 11
1755979479740 0.5809193474131745 12
1755979479747 0.5145688978108492 13
1755979479754 0.5504550914485733 14
1755979479760 0.494014346367353 15
1755979479767 0.5204713839989203 16
1755979479773 0.4683868425426545 17
1755979479780 0.4497066205972201 18
1755979479787 0.45107001375842404 19
1755979479793 0.44564893357939533 20
1755979479801 0.4188133232392274 21
1755979479807 0.43862442981887173 22
1755979479814 0.4600293982725639 23
1755979479820 0.4134368304308359 24
1755979479827 0.3870788443011123 25
1755979479834 0.5255319698677434 26
1755979479841 0.462594881073221 27
1755979479847 0.4326166543480638 28
1755979479854 0.3713956101761236 29
1755979479861 0.40247877174383634 30
1755979479868 0.38996693385498865 31
1755979479875 0.48044547399917203 32
1755979479881 0.35702391249405874 33
1755979479888 0.367852598041683 34
