1755979386243 1.6708505830981515 1
1755979386252 1.267325672236356 2
1755979386256 0.953738696002341 3
1755979386261 1.0050207539038225 4
1755979386265 1.0183256883899887 5
1755979386269 0.8858086830609805 6
1755979386274 0.7121981939712128 7
1755979386279 0.7293532506212012 8
1755979386283 0.68227679795259 9
1755979386288 0.5926449469157627 10
1755979386293 0.5975405542881458 11
1755979386297 0.514101773306921 12
1755979386302 0.5112219197409493 13
1755979386307 0.5716462257233533 14
1755979386311 0.5520155958153985 15
1755979386316 0.5409641321990397 16
1755979386321 0.4851938130019547 17
1755979386325 0.5098909278968712 18
1755979386330 0.46383086795156653 19
1755979386334 0.4009985298692406 20
1755979386339 0.40064434571699664 21
1755979386345 0.4225765166731624 22
1755979386350 0.4594754075462168 23
1755979386355 0.48219462397036617 24
1755979386360 0.4844824311795173 25
1755979386365 0.4114790887801678 26
1755979386369 0.4147681661627509 27
1755979386374 0.39903561983789715 28
1755979386379 0.3827725789183146 29
1755979386384 0.35815602773195737 30
1755979386389 0.3722945165324521 31
1755979386394 0.3663181355827815 32
