1756053528599 0.0002296082084281504 1
1756053528607 0.0004592164168563008 2
1756053528612 0.0006888246252844513 3
1756053528616 0.0009184328337126016 4
1756053528620 0.001148041042140752 5
1756053528624 0.001148041042140752 6
1756053528629 0.0011477274740060285 7
1756053528633 0.0011467871124840095 8
1756053528638 0.0011452209858462132 9
1756053528642 0.0011430308066291241 10
1756053528648 0.0011402189697615607 11
1756053528654 0.0011367885499458542 12
1756053528658 0.0011327432982957083 13
1756053528663 0.001128087638234411 14
1756053528667 0.0011228266606578851 15
1756053528672 0.0011169661183678698 16
1756053528677 0.0011105124197813157 17
1756053528681 0.0011034726219228753 18
1756053528686 0.0010958544227081487 19
1756053528690 0.0010876661525261286 20
1756053528695 0.00107891676513004 21
1756053528699 0.001069615827846543 22
1756053528705 0.0010597735111140022 23
1756053528710 0.0010494005773612615 24
1756053528715 0.0010385083692390853 25
1756053528720 0.0010271087972171377 26
1756053528725 0.0010152143265600576 27
1756053528730 0.001002837963696876 28
1756053528735 0.0009899932419986752 29
1756053528740 0.0009766942069800485 30
1756053528746 0.0009629554009405344 31
1756053528751 0.0009487918470628254 32
1756053528756 0.00093421903298514 33
1756053528761 0.0009192528938657161 34
1756053528766 0.0009039097949579502 35
1756053528771 0.0008882065137152329 36
1756053528776 0.0008721602214450497 37
1756053528781 0.0008557884645324088 38
1756053528786 0.0008391091452531265 39
1756053528792 0.0008221405021979513 40
1756053528797 0.0008049010903289333 41
1756053528802 0.0007874097606898441 42
1756053528808 0.0007696856397928397 43
1756053528814 0.0007517481087038974 44
1756053528819 0.0007336167818499072 45
1756053528824 0.0007153114855705824 46
1756053528830 0.0006968522364386487 47
1756053528835 0.000678259219372016 48
1756053528841 0.0006595527655618664 49
1756053528846 0.0006407533302407965 50
1756053528851 0.0006218814703153188 51
1756053528856 0.0006029578218871883 52
1756053528862 0.0005840030776881269 53
1756053528870 0.0005650379644526254 54
1756053528875 0.0005460832202535639 55
1756053528881 0.0005271595718254335 56
1756053528886 0.0005082877118999558 57
1756053528892 0.0004894882765788857 58
1756053528898 0.0004707818227687366 59
1756053528904 0.0004521888057021037 60
1756053528909 0.0004337295565701699 61
1756053528915 0.00041542426029084515 62
1756053528921 0.0003972929334368548 63
1756053528926 0.0003793554023479126 64
1756053528932 0.00036163128145090794 65
1756053528939 0.0003441399518118192 66
