1756053544384 2.3965662479400636 1
1756053544397 1.3258084774017334 2
1756053544403 0.9267370879650116 3
1756053544409 0.6735234588384629 4
1756053544415 0.5326777935028076 5
1756053544421 0.4592580020427704 6
1756053544427 0.46634305119514463 7
1756053544433 0.3918153166770935 8
1756053544439 0.3470929965376854 9
1756053544445 0.36954958736896515 10
1756053544452 0.37853167206048965 11
1756053544458 0.2946519821882248 12
1756053544464 0.24726345688104628 13
1756053544470 0.23153164088726044 14
1756053544477 0.19411821514368058 15
1756053544483 0.2304467409849167 16
1756053544489 0.24399209767580032 17
1756053544495 0.23858618587255478 18
1756053544502 0.17601483911275864 19
1756053544508 0.1997392937541008 20
1756053544514 0.15454984605312347 21
1756053544521 0.1197784386575222 22
1756053544527 0.11966023147106171 23
1756053544533 0.14514014944434167 24
1756053544539 0.14108786657452582 25
1756053544546 0.1358378514647484 26
1756053544552 0.13292178362607956 27
1756053544559 0.20870351344347 28
1756053544565 0.12667518258094787 29
1756053544572 0.11623140014708042 30
1756053544578 0.09826094731688499 31
1756053544585 0.08859138190746307 32
1756053544592 0.07932457998394966 33
1756053544599 0.07491773702204227 34
1756053544606 0.07523356564342976 35
1756053544613 0.062385670468211175 36
1756053544619 0.07042539976537228 37
1756053544626 0.06486355699598789 38
1756053544632 0.13975122049450875 39
1756053544639 0.08476893380284309 40
1756053544646 0.060311255231499675 41
1756053544653 0.06950214020907879 42
1756053544660 0.07042964249849319 43
1756053544667 0.06391049660742283 44
1756053544675 0.059847590327262876 45
1756053544682 0.05798620581626892 46
