1756053561003 1.2148042500019074 1
1756053561017 0.7471372306346893 2
1756053561024 0.7223836481571198 3
1756053561032 0.6759845465421677 4
1756053561039 0.9422774195671082 5
1756053561046 0.7544211834669113 6
1756053561054 0.490704157948494 7
1756053561062 0.35875419080257415 8
1756053561069 0.3161688283085823 9
1756053561078 0.28778086304664613 10
1756053561086 0.2861689545214176 11
1756053561094 0.2617175206542015 12
1756053561101 0.20094362050294876 13
1756053561109 0.19480157494544983 14
1756053561117 0.23497821688652037 15
1756053561124 0.23432738333940506 16
1756053561132 0.22544113099575042 17
1756053561139 0.19354529082775115 18
1756053561147 0.1737058438360691 19
1756053561155 0.1299965649843216 20
1756053561162 0.1511688359081745 21
1756053561170 0.14440069124102592 22
1756053561178 0.16582655981183053 23
1756053561185 0.13819310963153839 24
1756053561193 0.1272985428571701 25
1756053561201 0.09958512671291828 26
1756053561208 0.11207493022084236 27
1756053561216 0.1327827826142311 28
1756053561224 0.08820705004036426 29
1756053561231 0.07670270502567292 30
1756053561239 0.06562272906303405 31
1756053561247 0.06992164142429828 32
1756053561255 0.06859412305057049 33
1756053561264 0.06801173873245717 34
1756053561272 0.07452900037169456 35
1756053561281 0.08091254383325577 36
1756053561289 0.0859302595257759 37
1756053561297 0.08310892283916474 38
1756053561305 0.09010829776525497 39
1756053561312 0.08816304877400398 40
1756053561320 0.06913957372307777 41
1756053561328 0.06703220494091511 42
1756053561336 0.06527098827064037 43
1756053561345 0.05570743829011917 44
1756053561353 0.04944583587348461 45
1756053561362 0.04814683832228184 46
1756053561370 0.0440279595553875 47
1756053561378 0.05103465765714645 48
1756053561387 0.045257586240768435 49
1756053561395 0.041652529314160344 50
