1755974916488 1.7089845452989851 1
1755974916493 1.2961667733533042 2
1755974916497 1.1075908626828874 3
1755974916501 0.9211150492940631 4
1755974916505 0.7693485362189156 5
1755974916510 0.7833893511976514 6
1755974916514 0.6688247152737209 7
1755974916519 0.5126787168639046 8
1755974916523 0.3865795007773808 9
1755974916527 0.3786729850939342 10
1755974916531 0.3427571675607136 11
1755974916535 0.3331064432859421 12
1755974916539 0.3390596179025514 13
1755974916544 0.260852717927524 14
1755974916549 0.24969602908406938 15
1755974916557 0.22747616576296942 16
1755974916566 0.21277651084320887 17
1755974916574 0.21873274871281215 18
1755974916581 0.2032820103423936 19
1755974916586 0.1941724228007453 20
1755974916591 0.16235073496188437 21
1755974916596 0.14147053712180682 22
1755974916602 0.17525429172175272 23
1755974916607 0.17000651519213403 24
1755974916612 0.15396530660135405 25
1755974916618 0.13810769149235316 26
1755974916624 0.13370618330580847 27
1755974916631 0.1266264862247876 28
1755974916636 0.131096037370818 29
1755974916643 0.12509146545614516 30
1755974916650 0.11360775732568332 31
1755974916655 0.11562525906733104 32
1755974916660 0.14995050483516284 33
1755974916667 0.11737535893917084 34
1755974916673 0.12648747116327286 35
1755974916678 0.10304058289953641 36
1755974916683 0.09802659095398017 37
1755974916688 0.10162228345870972 38
1755974916695 0.07937252787607056 39
1755974916702 0.09966158228261131 40
1755974916707 0.08282843684511525 41
1755974916711 0.1031834062721048 42
1755974916716 0.0986502825149468 43
1755974916721 0.10485651131187167 44
1755974916728 0.0952589964228017 45
1755974916732 0.09211424684950284 46
1755974916737 0.08679969342691558 47
1755974916742 0.11064461192914418 48
1755974916747 0.08106750542564052 49
1755974916753 0.07517421511667115 50
1755974916759 0.07454740868083068 51
1755974916764 0.08371748216450214 52
1755974916769 0.08986789041331836 53
1755974916774 0.08962012481476579 54
1755974916779 0.08748035478804793 55
1755974916785 0.07190853596798011 56
1755974916790 0.07825636491179466 57
1755974916795 0.0683698161904301 58
1755974916801 0.061614309304526875 59
1755974916806 0.07920222489961556 60
1755974916812 0.0884069853595325 61
1755974916817 0.0780664323163884 62
1755974916822 0.07970573912773814 63
1755974916827 0.07189404884619373 64
1755974916833 0.11228246587727751 65
1755974916838 0.09242262824305467 66
1755974916844 0.06185436222170081 67
1755974916850 0.06984611334545272 68
1755974916855 0.06403705424496106 69
1755974916860 0.048783778346010616 70
1755974916866 0.07551219394164425 71
1755974916871 0.05792173503765038 72
1755974916876 0.057461581858141084 73
1755974916881 0.052176093948738914 74
1755974916886 0.06422875316015311 75
1755974916892 0.06038443398262773 76
1755974916899 0.0651950194899525 77
1755974916905 0.06274359327341829 78
1755974916910 0.06819891849798816 79
1755974916916 0.06587382618870054 80
1755974916921 0.05096824972757271 81
1755974916926 0.06829878341938768 82
1755974916932 0.05259767520640578 83
1755974916937 0.05292924400418997 84
