1756054506365 3.8041358947753907 1
1756054506375 2.235209035873413 2
1756054506380 1.705862045288086 3
1756054506384 1.2433112978935241 4
1756054506389 0.8855389475822448 5
1756054506393 0.7341140151023865 6
1756054506398 0.5882885813713074 7
1756054506402 0.5160136461257935 8
1756054506406 0.4127084791660309 9
1756054506411 0.39127728939056394 10
1756054506415 0.3550638914108276 11
1756054506420 0.33254695534706114 12
1756054506424 0.35104756355285643 13
1756054506429 0.3382709801197052 14
1756054506433 0.27668792605400083 15
1756054506438 0.2590679258108139 16
1756054506443 0.28893702030181884 17
1756054506447 0.24824225902557373 18
1756054506452 0.2504847913980484 19
1756054506456 0.23839904963970185 20
1756054506461 0.21820786893367766 21
1756054506465 0.23473863899707795 22
1756054506470 0.18735767304897308 23
1756054506475 0.17398909330368043 24
1756054506480 0.16483567655086517 25
1756054506485 0.1825675517320633 26
1756054506489 0.17280468940734864 27
1756054506494 0.163429656624794 28
1756054506499 0.1633801966905594 29
1756054506503 0.1286921516060829 30
1756054506508 0.15292133241891862 31
1756054506513 0.14237332046031953 32
1756054506518 0.12911304384469985 33
1756054506523 0.12840157598257065 34
1756054506528 0.12399733662605286 35
1756054506532 0.11609592735767364 36
1756054506537 0.11853888034820556 37
1756054506542 0.10790392905473709 38
1756054506547 0.1116006150841713 39
1756054506552 0.1307046204805374 40
1756054506557 0.13731809109449386 41
1756054506562 0.10617512464523315 42
1756054506567 0.11004216969013214 43
1756054506572 0.09016053378582001 44
1756054506577 0.1054647222161293 45
1756054506582 0.10667549967765808 46
1756054506587 0.08951527923345566 47
1756054506592 0.08368944674730301 48
1756054506597 0.09009854197502136 49
1756054506602 0.09557779431343079 50
1756054506607 0.09199009537696838 51
1756054506612 0.08612805902957917 52
1756054506618 0.08039687126874924 53
1756054506623 0.07676119282841683 54
1756054506628 0.07906293720006943 55
1756054506634 0.0803379774093628 56
1756054506639 0.0728041522204876 57
1756054506644 0.060908345878124236 58
1756054506650 0.05596534982323646 59
1756054506655 0.05521020293235779 60
1756054506660 0.06756653860211373 61
1756054506665 0.06421173959970475 62
1756054506670 0.061532719433307646 63
1756054506676 0.05761576369404793 64
1756054506681 0.05431691333651543 65
1756054506686 0.04962952211499214 66
1756054506692 0.04872095510363579 67
1756054506697 0.050455284863710405 68
1756054506702 0.04444747269153595 69
1756054506708 0.045789054781198504 70
1756054506713 0.04555685296654701 71
1756054506719 0.05426005125045776 72
1756054506724 0.05132641866803169 73
1756054506729 0.05224235951900482 74
1756054506735 0.03897444121539593 75
1756054506741 0.04466582462191582 76
1756054506746 0.039061368256807324 77
1756054506752 0.038444799929857255 78
1756054506757 0.044618863612413406 79
1756054506763 0.046488774567842485 80
1756054506768 0.03708247765898705 81
1756054506774 0.037909497320652005 82
1756054506779 0.0457450695335865 83
1756054506785 0.04052822068333626 84
1756054506790 0.028958521783351898 85
1756054506796 0.04143376275897026 86
1756054506803 0.03711282089352608 87
1756054506808 0.033465199172496796 88
1756054506814 0.03480847477912903 89
1756054506820 0.034877296164631845 90
1756054506826 0.033474916219711305 91
1756054506831 0.04231924489140511 92
1756054506837 0.030059902369976042 93
1756054506843 0.03292503729462624 94
1756054506849 0.030238408595323563 95
1756054506854 0.029811961203813554 96
1756054506860 0.032201860845088956 97
