1756054506365 0.0016040836787966563 1
1756054506375 0.0032081673575933126 2
1756054506380 0.004812251036389969 3
1756054506384 0.006416334715186625 4
1756054506389 0.008020418393983281 5
1756054506393 0.008020418393983281 6
1756054506398 0.008018226114914805 7
1756054506402 0.00801165167493435 8
1756054506406 0.008000702263095509 9
1756054506411 0.007985389852419372 10
1756054506415 0.007965731186802199 11
1756054506420 0.007941747762706215 12
1756054506424 0.007913465805653549 13
1756054506429 0.007880916241549005 14
1756054506433 0.007844134662863045 15
1756054506438 0.007803161289711941 16
1756054506443 0.007758040925877669 17
1756054506447 0.007708822909815628 18
1756054506452 0.007655561060703773 19
1756054506456 0.007598313619592124 20
1756054506461 0.007537143185717039 21
1756054506465 0.0074721166480498655 22
1756054506470 0.0074033051121548295 23
1756054506475 0.007330783822436156 24
1756054506480 0.0072546320798594025 25
1756054506485 0.0071749331552370295 26
1756054506489 0.007091774198172983 27
1756054506494 0.007005246141765884 28
1756054506499 0.006915443603175024 29
1756054506503 0.006822464780157881 30
1756054506508 0.006726411343692329 31
1756054506513 0.006627388326800894 32
1756054506518 0.006525504009698709 33
1756054506523 0.006420869801390674 34
1756054506528 0.00631360011784735 35
1756054506532 0.006203812256892775 36
1756054506537 0.0060916262699410115 37
1756054506542 0.0059771648307216955 38
1756054506547 0.005860553101138106 39
1756054506552 0.005741918594404465 40
1756054506557 0.0056213910356121164 41
1756054506562 0.005499102219877026 42
1756054506567 0.005375185868223779 43
1756054506572 0.005249777481363582 44
1756054506577 0.005123014191526242 45
1756054506582 0.004995034612508077 46
1756054506587 0.004865978688099764 47
1756054506592 0.004735987539059865 48
1756054506597 0.0046052033088013426 49
1756054506602 0.004473769007959832 50
1756054506607 0.004341828358013603 51
1756054506612 0.004209525634126238 52
1756054506618 0.004077005507383861 53
1756054506623 0.003944412886599422 54
1756054506628 0.003811892759857044 55
1756054506634 0.0036795900359696807 56
1756054506639 0.003547649386023451 57
1756054506644 0.0034162150851819394 58
1756054506650 0.003285430854923419 59
1756054506655 0.003155439705883519 60
1756054506660 0.003026383781475206 61
1756054506665 0.0028984042024570405 62
1756054506670 0.0027716409126197004 63
1756054506676 0.002646232525759504 64
1756054506681 0.002522316174106255 65
1756054506686 0.0024000273583711677 66
1756054506692 0.002279499799578817 67
1756054506697 0.0021608652928451775 68
1756054506702 0.0020442535632615886 69
1756054506708 0.0019297921240422715 70
1756054506713 0.0018176061370905083 71
1756054506719 0.001707818276135932 72
1756054506724 0.001600548592592608 73
1756054506729 0.0014959143842845732 74
1756054506735 0.001394030067182388 75
1756054506741 0.0012950070502909545 76
1756054506746 0.0011989536138254002 77
1756054506752 0.0011059747908082585 78
1756054506757 0.0010161722522173992 79
1756054506763 0.0009296441958103008 80
1756054506768 0.0008464852387462537 81
1756054506774 0.00076678631412388 82
1756054506779 0.0006906345715471263 83
1756054506785 0.0006181132818284518 84
1756054506790 0.0005493017459334171 85
1756054506796 0.0004842752082662439 86
1756054506803 0.0004231047743911584 87
1756054506808 0.00036585733327950965 88
1756054506814 0.0003125954841676543 89
1756054506820 0.0002633774681056144 90
1756054506826 0.00021825710427134047 91
1756054506831 0.0001772837311202359 92
1756054506837 0.00014050215243427682 93
1756054506843 0.00010795258832973352 94
1756054506849 7.967063127706677e-05 95
1756054506854 5.56872071810829e-05 96
1756054506860 3.602854156390893e-05 97
