1755908482023 0.9405865142871808 1
1755908482038 0.8324412571919428 2
1755908482046 0.7886869402287843 3
1755908482053 0.6929656721941837 4
1755908482060 0.7092272803767935 5
1755908482068 0.6095917149410619 6
1755908482075 0.5686218939818345 7
1755908482082 0.5292909209217344 8
1755908482089 0.5237643807739406 9
1755908482096 0.4586727084083991 10
1755908482103 0.45854092892501264 11
1755908482111 0.4063730642393038 12
1755908482118 0.45502103129764654 13
1755908482126 0.419937347049837 14
1755908482133 0.4346156292534494 15
1755908482140 0.3843997953000007 16
1755908482147 0.40268582105636597 17
1755908482154 0.3538262529613136 18
1755908482162 0.37840578085803367 19
1755908482169 0.34496159164549467 20
1755908482176 0.3671625101721132 21
1755908482183 0.37807903661356346 22
1755908482191 0.39931028433047333 23
1755908482199 0.3535495451711989 24
1755908482206 0.3592139199956671 25
1755908482214 0.35839205786779327 26
1755908482221 0.3529569167982448 27
1755908482229 0.34732361689403457 28
1755908482236 0.3276223245185691 29
1755908482244 0.29548753804055516 30
1755908482251 0.26583897186951205 31
1755908482258 0.29534870536102875 32
1755908482266 0.26574513519352133 33
1755908482273 0.260997690840975 34
1755908482280 0.2871896421851276 35
1755908482288 0.26302609660408716 36
1755908482295 0.3191311528736895 37
1755908482303 0.26364662053136084 38
1755908482310 0.27479694696602885 39
1755908482318 0.2693166215117876 40
1755908482326 0.2576782304745216 41
1755908482333 0.2568868094837511 42
1755908482341 0.2371193189415839 43
1755908482349 0.2441908685708201 44
1755908482356 0.21384300262510003 45
1755908482364 0.2377901202575727 46
1755908482371 0.26797386307220955 47
1755908482379 0.24301818245417112 48
1755908482387 0.23153817663332085 49
1755908482395 0.23978257092175545 50
1755908482403 0.22767801128037565 51
1755908482410 0.2293704892327259 52
1755908482419 0.25320563997541157 53
1755908482427 0.26279590143398807 54
1755908482434 0.25562440274984805 55
1755908482442 0.22941200410971394 56
1755908482450 0.19979374618692833 57
1755908482458 0.21612417475356685 58
1755908482466 0.25264394215562125 59
