1755908352842 1.0046391820946297 1
1755908352852 0.7863725556858948 2
1755908352857 0.8490668362998343 3
1755908352861 0.7611911521329509 4
1755908352865 0.6988419209207807 5
1755908352869 0.6287199189136554 6
1755908352873 0.5993294373348161 7
1755908352877 0.5091683589792871 8
1755908352881 0.4988781927854984 9
1755908352885 0.45838400218393893 10
1755908352890 0.5082254212398034 11
1755908352894 0.44870746832389335 12
1755908352898 0.4803993786116699 13
1755908352902 0.43554007465189154 14
1755908352906 0.418865872861503 15
1755908352910 0.3846237073083977 16
1755908352915 0.3628915800870239 17
1755908352919 0.36583617290893156 18
1755908352923 0.39497712748004243 19
1755908352928 0.3990850231864236 20
1755908352932 0.35751887560858353 21
1755908352937 0.3520708833034937 22
1755908352941 0.37827207109370786 23
1755908352946 0.32847014313878176 24
1755908352951 0.34573236581954087 25
1755908352955 0.35629648066960373 26
1755908352960 0.3545305933077614 27
1755908352964 0.3060916433860729 28
1755908352969 0.30201680232565126 29
1755908352973 0.348621779060983 30
1755908352978 0.3123050465599283 31
1755908352982 0.2994516767174393 32
1755908352986 0.30220594508694365 33
1755908352990 0.2951612445441159 34
1755908352995 0.29205193593130485 35
1755908353000 0.2996773220018133 36
1755908353004 0.27964198618353187 37
1755908353009 0.32984650062469695 38
1755908353014 0.25906698637968534 39
1755908353018 0.30108104771994926 40
1755908353023 0.242686971828535 41
1755908353028 0.2614530949526793 42
1755908353033 0.23426074534654617 43
1755908353038 0.24561761150305922 44
1755908353042 0.23678556374915236 45
1755908353047 0.30674942515113135 46
1755908353052 0.25435365673590016 47
1755908353057 0.30452594151357554 48
1755908353061 0.23955413046014773 49
1755908353067 0.21445169086967195 50
1755908353072 0.22044438394633206 51
1755908353077 0.2361013318424101 52
1755908353082 0.20074587494328425 53
1755908353087 0.19084029422177898 54
1755908353092 0.22118337404031257 55
