1756053781743 1.8131908059120179 1
1756053781755 1.2223161458969116 2
1756053781762 1.0948212146759033 3
1756053781768 1.2561838507652283 4
1756053781774 1.035691350698471 5
1756053781781 0.7748770236968994 6
1756053781787 0.8183919489383698 7
1756053781794 0.6350840479135513 8
1756053781800 0.5473358988761902 9
1756053781807 0.47740028500556947 10
1756053781813 0.4835703015327454 11
1756053781820 0.44355124831199644 12
1756053781826 0.3796224623918533 13
1756053781833 0.3844109773635864 14
1756053781839 0.31960766315460204 15
1756053781846 0.29793541431427 16
1756053781853 0.2841474488377571 17
1756053781859 0.2982103928923607 18
1756053781866 0.28224866539239885 19
1756053781873 0.2469761148095131 20
1756053781879 0.21977437734603883 21
1756053781886 0.23562753051519394 22
1756053781893 0.2462605968117714 23
1756053781900 0.23964632898569108 24
1756053781906 0.24746680557727813 25
1756053781914 0.2181846410036087 26
1756053781920 0.24137358069419862 27
1756053781927 0.20083805173635483 28
1756053781934 0.20678065866231918 29
1756053781941 0.19081984162330629 30
1756053781948 0.19960118234157562 31
1756053781955 0.17366726845502853 32
1756053781962 0.15488297566771508 33
1756053781969 0.14177939295768738 34
1756053781976 0.14096109122037886 35
1756053781983 0.13573816642165185 36
1756053781990 0.15043450146913528 37
1756053781997 0.1816679507493973 38
1756053782004 0.21667410731315612 39
1756053782011 0.21061306297779084 40
1756053782018 0.1414881430566311 41
1756053782025 0.1314620167016983 42
1756053782032 0.14775211736559868 43
1756053782039 0.14316650107502937 44
1756053782046 0.12170524448156357 45
1756053782053 0.11319141015410424 46
1756053782061 0.10681942254304885 47
1756053782068 0.10876137092709541 48
1756053782075 0.10806469842791558 49
1756053782082 0.09791601970791816 50
1756053782089 0.08644035570323468 51
1756053782096 0.10610609874129295 52
1756053782104 0.09656978547573089 53
1756053782111 0.09983541071414948 54
1756053782118 0.08978751264512538 55
1756053782126 0.091874660551548 56
1756053782133 0.09099719375371933 57
1756053782140 0.09644345864653588 58
1756053782148 0.08685446232557296 59
1756053782155 0.08497494012117386 60
1756053782162 0.07522010281682015 61
1756053782170 0.08087438941001893 62
1756053782177 0.07301462143659591 63
1756053782184 0.07344683706760406 64
1756053782192 0.07480680122971535 65
1756053782199 0.06975599862635136 66
1756053782206 0.0712981216609478 67
1756053782214 0.06360900737345218 68
1756053782221 0.06840320564806461 69
1756053782229 0.05732644200325012 70
1756053782236 0.07117031887173653 71
1756053782243 0.05972942300140858 72
1756053782251 0.06314140185713768 73
1756053782258 0.06968106999993325 74
1756053782266 0.0701963298022747 75
1756053782273 0.06146191582083702 76
1756053782281 0.0570225689560175 77
1756053782289 0.057724836841225625 78
1756053782296 0.05694037564098835 79
1756053782304 0.05003199949860573 80
1756053782311 0.053600368276238444 81
