1756053804370 1.028001457452774 1
1756053804381 0.8778609573841095 2
1756053804390 0.7590487778186799 3
1756053804398 0.6740495026111603 4
1756053804407 0.7888700485229492 5
1756053804416 0.7355522692203522 6
1756053804424 0.674252164363861 7
1756053804432 0.6145294725894928 8
1756053804441 0.5694122195243836 9
1756053804449 0.5128791868686676 10
1756053804457 0.5029282063245774 11
1756053804465 0.48862414360046386 12
1756053804474 0.4718618422746658 13
1756053804482 0.4460867255926132 14
1756053804491 0.4155014604330063 15
1756053804499 0.42683248221874237 16
1756053804508 0.4100677728652954 17
1756053804516 0.42682798504829406 18
1756053804524 0.4002560913562775 19
1756053804533 0.4246144950389862 20
1756053804542 0.41044955849647524 21
1756053804550 0.4229170262813568 22
1756053804559 0.42381766736507415 23
1756053804567 0.36297090351581573 24
1756053804576 0.3553094118833542 25
1756053804585 0.33933156430721284 26
1756053804593 0.3485319048166275 27
1756053804602 0.3406258076429367 28
1756053804611 0.3520624369382858 29
1756053804621 0.31933469474315646 30
1756053804630 0.338366362452507 31
1756053804639 0.34166077375411985 32
1756053804647 0.3032065719366074 33
1756053804656 0.31964154839515685 34
1756053804665 0.3132407546043396 35
1756053804674 0.29143726229667666 36
1756053804683 0.30708437860012056 37
1756053804691 0.289845398068428 38
1756053804700 0.28235422968864443 39
1756053804709 0.2893682599067688 40
1756053804718 0.3062800168991089 41
1756053804727 0.33534885942935944 42
1756053804736 0.30180619806051256 43
1756053804745 0.27991078794002533 44
1756053804753 0.25288209319114685 45
1756053804762 0.2488575056195259 46
1756053804771 0.25185793936252593 47
1756053804780 0.2706937357783318 48
1756053804789 0.2734271541237831 49
1756053804798 0.24076314717531205 50
1756053804807 0.24117190390825272 51
1756053804816 0.23056264370679855 52
1756053804825 0.25034455209970474 53
1756053804834 0.23795649111270906 54
1756053804843 0.2396176666021347 55
1756053804852 0.23735532760620118 56
1756053804861 0.21341316252946854 57
1756053804870 0.23874998986721038 58
1756053804879 0.20657921582460403 59
1756053804888 0.2249715194106102 60
1756053804897 0.21587550938129424 61
1756053804906 0.22792396694421768 62
1756053804916 0.20421030521392822 63
1756053804925 0.2089973509311676 64
1756053804934 0.20962285697460176 65
1756053804943 0.20240769833326339 66
1756053804952 0.20500873178243637 67
1756053804961 0.1973627582192421 68
1756053804970 0.19436880797147751 69
1756053804979 0.20164726972579955 70
1756053804988 0.18755494207143783 71
1756053804997 0.19087693989276885 72
1756053805006 0.198759762942791 73
1756053805016 0.18522338271141053 74
1756053805025 0.186675363779068 75
1756053805034 0.18387567698955537 76
1756053805044 0.18450818508863448 77
1756053805053 0.18754736483097076 78
1756053805062 0.17713875621557235 79
1756053805071 0.1810024842619896 80
1756053805081 0.17449764162302017 81
1756053805090 0.18062133342027664 82
1756053805100 0.17696500420570374 83
1756053805109 0.182514189183712 84
1756053805118 0.17321040630340576 85
1756053805128 0.17273227423429488 86
1756053805137 0.17764179408550262 87
1756053805147 0.17812262624502181 88
1756053805156 0.17335886657238006 89
