1756053804370 0.0004499205923929609 1
1756053804381 0.0008998411847859218 2
1756053804390 0.0013497617771788828 3
1756053804398 0.0017996823695718435 4
1756053804407 0.0022496029619648045 5
1756053804416 0.0022496029619648045 6
1756053804424 0.0022489882583834916 7
1756053804432 0.002247144819808893 8
1756053804441 0.002244074662014026 9
1756053804449 0.0022397811421713634 10
1756053804457 0.0022342689551818158 11
1756053804465 0.0022275441285409276 12
1756053804474 0.0022196140157478973 13
1756053804482 0.002210487288264636 14
1756053804491 0.0022001739260336488 15
1756053804499 0.0021886852065651163 16
1756053804508 0.002176033692605102 17
1756053804516 0.0021622332183983727 18
1756053804524 0.0021472988745608575 19
1756053804533 0.002131246991578279 20
1756053804542 0.0021140951219490067 21
1756053804550 0.0020958620209906597 22
1756053804559 0.0020765676263314395 23
1756053804567 0.002056233036108629 24
1756053804576 0.0020348804858980876 25
1756053804585 0.002012533324399975 26
1756053804593 0.001989215987907292 27
1756053804602 0.0019649539735851515 28
1756053804611 0.0019397738115900036 29
1756053804621 0.0019137030360592982 30
1756053804630 0.001886770155003312 31
1756053804639 0.0018590046191320536 32
1756053804647 0.0018304367896513497 33
1756053804656 0.0018010979050633086 34
1756053804665 0.001771020047007478 35
1756053804674 0.0017402361051800438 36
1756053804683 0.0017087797413694284 37
1756053804691 0.0016766853526476214 38
1756053804700 0.0016439880337574847 39
1756053804709 0.0016107235387371674 40
1756053804718 0.001576928241823591 41
1756053804727 0.001542639097677751 42
1756053804736 0.0015078936009753443 43
1756053804745 0.0014727297454068863 44
1756053804753 0.0014371859821321702 45
1756053804762 0.0014013011777344892 46
1756053804771 0.0013651145717205964 47
1756053804780 0.0013286657336128817 48
1756053804789 0.0012919945196806792 49
1756053804798 0.0012551410293580232 50
1756053804807 0.001218145561395503 51
1756053804816 0.001181048569794174 52
1756053804825 0.0011438906195697003 53
1756053804834 0.001106712342395104 54
1756053804843 0.00106955439217063 55
1756053804852 0.0010324574005693015 56
1756053804861 0.0009954619326067813 57
1756053804870 0.000958608442284125 58
1756053804879 0.0009219372283519232 59
1756053804888 0.0008854883902442083 60
1756053804897 0.0008493017842303153 61
1756053804906 0.0008134169798326344 62
1756053804916 0.0007778732165579183 63
1756053804925 0.0007427093609894599 64
1756053804934 0.0007079638642870531 65
1756053804943 0.0006736747201412139 66
1756053804952 0.0006398794232276368 67
1756053804961 0.0006066149282073198 68
1756053804970 0.0005739176093171835 69
1756053804979 0.0005418232205953763 70
1756053804988 0.0005103668567847608 71
1756053804997 0.00047958291495732626 72
1756053805006 0.0004495050569014957 73
1756053805016 0.00042016617231345455 74
1756053805025 0.00039159834283275063 75
1756053805034 0.0003638328069614927 76
1756053805044 0.000336899925905506 77
1756053805053 0.0003108291503748009 78
1756053805062 0.00028564898837965335 79
1756053805071 0.0002613869740575129 80
1756053805081 0.00023806963756482975 81
1756053805090 0.00021572247606671714 82
1756053805100 0.00019436992585617548 83
1756053805109 0.00017403533563336497 84
1756053805118 0.00015474094097414485 85
1756053805128 0.00013650784001579793 86
1756053805137 0.00011935597038652562 87
1756053805147 0.0001033040874039469 88
1756053805156 8.836974356643167e-05 89
