1756053760415 1.9121726870536804 1
1756053760421 1.1627147138118743 2
1756053760427 1.0912985384464264 3
1756053760431 1.0682587623596191 4
1756053760436 1.078118234872818 5
1756053760440 1.0979482233524323 6
1756053760444 0.7798211514949799 7
1756053760449 0.8218805432319641 8
1756053760453 0.8154303908348084 9
1756053760457 0.6165825366973877 10
1756053760462 0.5484107792377472 11
1756053760466 0.48583519756793975 12
1756053760471 0.4576410800218582 13
1756053760476 0.40652298331260683 14
1756053760480 0.41417849659919737 15
1756053760485 0.4236614406108856 16
1756053760489 0.3737322598695755 17
1756053760494 0.3577801764011383 18
1756053760498 0.39329140186309813 19
1756053760503 0.30263426154851913 20
1756053760508 0.30054051280021665 21
1756053760512 0.28925255686044693 22
1756053760518 0.2501766696572304 23
1756053760522 0.2327734798192978 24
1756053760527 0.2264004558324814 25
1756053760532 0.24693211019039155 26
1756053760537 0.20923141837120057 27
1756053760541 0.2004738211631775 28
1756053760546 0.21465134620666504 29
1756053760551 0.21074776202440262 30
1756053760555 0.1962457776069641 31
1756053760560 0.1872038871049881 32
1756053760565 0.17986247390508653 33
1756053760570 0.16217207163572311 34
1756053760575 0.17488463670015336 35
1756053760580 0.17234488874673842 36
1756053760585 0.1524507187306881 37
1756053760590 0.16021656841039658 38
1756053760594 0.20568326190114022 39
1756053760599 0.16657183393836023 40
1756053760604 0.15654787421226501 41
1756053760609 0.1433731012046337 42
1756053760615 0.1665145128965378 43
1756053760620 0.15780556052923203 44
1756053760625 0.15505102798342704 45
1756053760630 0.13298259377479554 46
1756053760635 0.15055276602506637 47
1756053760640 0.1272645428776741 48
1756053760645 0.12251686230301857 49
1756053760650 0.1062858134508133 50
1756053760655 0.10049516782164573 51
1756053760660 0.09337913244962692 52
1756053760665 0.1074488639831543 53
1756053760670 0.10899640321731567 54
1756053760675 0.11395819038152695 55
1756053760680 0.11827284172177314 56
1756053760685 0.10148599296808243 57
1756053760690 0.09674810729920864 58
1756053760695 0.08838380947709083 59
1756053760701 0.09805917516350746 60
1756053760706 0.09147588983178138 61
1756053760711 0.09464929178357125 62
1756053760716 0.08116161413490772 63
1756053760721 0.08011326417326928 64
1756053760726 0.07619913965463639 65
1756053760732 0.08373126834630966 66
1756053760737 0.08867773227393627 67
1756053760742 0.10398392528295516 68
1756053760748 0.08230941519141197 69
1756053760753 0.07843742929399014 70
1756053760758 0.07143260762095452 71
1756053760764 0.0727645441889763 72
1756053760770 0.07101872675120831 73
1756053760775 0.06905193403363227 74
1756053760781 0.07768620476126671 75
1756053760786 0.07015755735337734 76
1756053760791 0.0686516933143139 77
1756053760797 0.06614638306200504 78
1756053760802 0.06871706321835518 79
1756053760808 0.060476623848080634 80
1756053760813 0.06131071001291275 81
1756053760818 0.06127159669995308 82
1756053760824 0.05941604003310204 83
1756053760830 0.06388487443327903 84
1756053760835 0.06358008570969105 85
1756053760841 0.06484997868537903 86
1756053760846 0.06358568109571934 87
1756053760852 0.06299787499010563 88
1756053760857 0.062075573951005936 89
1756053760863 0.058773615211248395 90
1756053760869 0.05633785836398601 91
1756053760874 0.053540149703621864 92
1756053760880 0.06054794266819954 93
1756053760886 0.0571968324482441 94
1756053760892 0.06257797032594681 95
1756053760897 0.05532144419848919 96
