1756053781743 2.646909761428833 1
1756053781755 1.4572629094123841 2
1756053781762 1.3819887399673463 3
1756053781768 1.6155155301094055 4
1756053781774 1.3499800384044647 5
1756053781781 0.8929640412330627 6
1756053781787 0.9928735315799713 7
1756053781794 0.6928626954555511 8
1756053781800 0.5762892007827759 9
1756053781807 0.483172869682312 10
1756053781813 0.5137245506048203 11
1756053781820 0.4602081447839737 12
1756053781826 0.38698397278785707 13
1756053781833 0.38150485455989835 14
1756053781839 0.34041677713394164 15
1756053781846 0.31572171598672866 16
1756053781853 0.30388015508651733 17
1756053781859 0.32243853211402895 18
1756053781866 0.2890601471066475 19
1756053781873 0.25023364275693893 20
1756053781879 0.23573534190654755 21
1756053781886 0.24612245708703995 22
1756053781893 0.25212973207235334 23
1756053781900 0.25716777592897416 24
1756053781906 0.2612974688410759 25
1756053781914 0.2255828246474266 26
1756053781920 0.24572489708662032 27
1756053781927 0.22905797362327576 28
1756053781934 0.2532121643424034 29
1756053781941 0.21595794558525086 30
1756053781948 0.21147844940423965 31
1756053781955 0.17276344448328018 32
1756053781962 0.1565655805170536 33
1756053781969 0.13949696645140647 34
1756053781976 0.143435088545084 35
1756053781983 0.13516683056950568 36
1756053781990 0.14865040630102158 37
1756053781997 0.19141091480851175 38
1756053782004 0.25129910707473757 39
1756053782011 0.21880854070186614 40
1756053782018 0.14159850478172303 41
1756053782025 0.1635761097073555 42
1756053782032 0.17036107704043388 43
1756053782039 0.1442018248140812 44
1756053782046 0.12118150144815446 45
1756053782053 0.11980059295892716 46
1756053782061 0.11647936925292016 47
1756053782068 0.11525205224752426 48
1756053782075 0.10914804935455322 49
1756053782082 0.0978640753775835 50
1756053782089 0.0910693034529686 51
1756053782096 0.11226264834403991 52
1756053782104 0.10970992594957352 53
1756053782111 0.10724460259079933 54
1756053782118 0.08925677575170994 55
1756053782126 0.09889727495610715 56
1756053782133 0.09622997343540192 57
1756053782140 0.11357082724571228 58
1756053782148 0.09778040796518325 59
1756053782155 0.09070507138967514 60
1756053782162 0.0783226653933525 61
1756053782170 0.08296945430338383 62
1756053782177 0.0732662819325924 63
1756053782184 0.08040212467312813 64
1756053782192 0.08144952170550823 65
1756053782199 0.06819804683327675 66
1756053782206 0.06804892383515834 67
1756053782214 0.06421958990395069 68
1756053782221 0.06746658124029636 69
1756053782229 0.061454125121235846 70
1756053782236 0.08024903386831284 71
1756053782243 0.06487344354391097 72
1756053782251 0.06773809343576431 73
1756053782258 0.06908730082213879 74
1756053782266 0.07249987311661243 75
1756053782273 0.06471909955143929 76
1756053782281 0.0632637768983841 77
1756053782289 0.060635804384946826 78
1756053782296 0.05877573117613792 79
1756053782304 0.054236655682325365 80
1756053782311 0.0544139139354229 81
