1755983375644 1.115092182314241 1
1755983375661 0.9702140603746686 2
1755983375670 0.9229518856321063 3
1755983375679 0.8700705426079887 4
1755983375687 0.8369278741347326 5
1755983375694 0.682788720378628 6
1755983375702 0.721154010915137 7
1755983375710 0.6906188850278978 8
1755983375717 0.6650308629909119 9
1755983375726 0.6357009790160439 10
1755983375734 0.6390412964604117 11
1755983375742 0.6489811709948948 12
1755983375750 0.5819749545741391 13
1755983375757 0.622343850600255 14
1755983375765 0.5913281750369381 15
1755983375774 0.581327526987373 16
1755983375781 0.5406769746309751 17
1755983375789 0.5577804651353266 18
1755983375797 0.5906573355971992 19
1755983375806 0.5694419621647179 20
1755983375813 0.5311591234300044 21
1755983375821 0.5432919499936042 22
1755983375829 0.5628881934401276 23
1755983375836 0.5316742120625136 24
1755983375845 0.516657285102002 25
