1755983335575 0.0008708457598333148 1
1755983335588 0.0017416915196666297 2
1755983335594 0.0026125372794999443 3
1755983335600 0.0034833830393332594 4
1755983335607 0.004354228799166574 5
1755983335612 0.004354228799166574 6
1755983335619 0.0043530387512219675 7
1755983335624 0.004349469908688102 8
1755983335632 0.0043435261740418915 9
1755983335638 0.004335214046669907 10
1755983335644 0.004324542615761392 11
1755983335650 0.004311523550369368 12
1755983335656 0.004296171086650699 13
1755983335662 0.004278502012299057 14
1755983335669 0.0042585356481878315 15
1755983335675 0.004236293827243034 16
1755983335681 0.004211800870569319 17
1755983335687 0.004185083560855204 18
1755983335694 0.004156171113086604 19
1755983335700 0.004125095142600664 20
1755983335705 0.00409188963051486 21
1755983335711 0.004056590886569138 22
1755983335718 0.004019237509421751 23
1755983335724 0.003979870344442194 24
1755983335730 0.0039385324390473885 25
1755983335736 0.0038952689956299677 26
1755983335742 0.0038501273221301204 27
1755983335748 0.0038031567803050548 28
1755983335754 0.003754408731752643 29
1755983335761 0.0037039364817482647 30
1755983335767 0.0036517952209562748 31
1755983335774 0.0035980419650798174 32
1755983335781 0.003542735492514997 33
1755983335787 0.003485936280077562 34
1755983335794 0.0034277064368723946 35
1755983335800 0.003368109636378118 36
1755983335807 0.0033072110468210813 37
1755983335813 0.0032450772599148608 38
1755983335820 0.0031817762180431993 39
1755983335826 0.0031173771399660064 40
1755983335833 0.003051950445129664 41
1755983335839 0.002985567676664388 42
1755983335845 0.0029183014231528746 43
1755983335852 0.002850225239255745 44
1755983335858 0.0027814135652806066 45
