1755983270313 1.9225517658444193 1
1755983270329 1.9280367547815496 2
1755983270334 1.3605935035587906 3
1755983270338 1.112122094863421 4
1755983270343 1.1241142873640184 5
1755983270347 0.9011439578486727 6
1755983270352 0.8813051337545569 7
1755983270356 0.8638246825763157 8
1755983270361 0.8724418168331122 9
1755983270366 0.8978154078706518 10
1755983270371 0.7295762610125851 11
1755983270375 0.769393109462478 12
1755983270380 0.6379412352651744 13
1755983270385 0.7441732434483318 14
1755983270390 0.6745730292100411 15
1755983270394 0.7696450735841479 16
1755983270399 0.6111220411666027 17
1755983270403 0.6362056049046578 18
1755983270408 0.5854845455327591 19
1755983270412 0.6757628027494852 20
1755983270418 0.5799679508456936 21
1755983270423 0.5737706824363052 22
1755983270427 0.5670678809091643 23
1755983270432 0.69721766590298 24
1755983270437 0.6411958807087564 25
1755983270442 0.593168214737595 26
1755983270446 0.5348642127854484 27
1755983270451 0.5076569852890906 28
1755983270456 0.5053925945774301 29
1755983270461 0.6709047492061343 30
1755983270466 0.5269947849310838 31
1755983270471 0.48923255348360384 32
1755983270475 0.5091421237433111 33
1755983270480 0.4500090166345819 34
1755983270485 0.46399239112030377 35
1755983270490 0.48100833265812365 36
1755983270495 0.40579697936047593 37
1755983270499 0.39081914432637105 38
1755983270504 0.4784355858316669 39
1755983270509 0.3901447317042908 40
1755983270514 0.42317058591099527 41
1755983270519 0.424521219711025 42
1755983270524 0.3808224981094336 43
1755983270528 0.3549917841499502 44
1755983270533 0.4060178782258715 45
1755983270538 0.361488785256039 46
1755983270543 0.3934353298761628 47
1755983270548 0.40110994043288295 48
1755983270553 0.3361238251839365 49
1755983270558 0.3250353558884039 50
1755983270563 0.3448267488123535 51
1755983270568 0.30268539478639506 52
1755983270573 0.3407581253098203 53
