1755983270313 2.540340817593909 1
1755983270329 2.810413588177074 2
1755983270334 1.6852879493267505 3
1755983270338 1.4565132144209627 4
1755983270343 1.352930250492963 5
1755983270347 1.0845210095504663 6
1755983270352 0.9661840142367722 7
1755983270356 1.0544634322067359 8
1755983270361 1.0916034629592648 9
1755983270366 1.0807690492698125 10
1755983270371 0.8850466024566006 11
1755983270375 0.8399892948664628 12
1755983270380 0.6761953793949895 13
1755983270385 0.8400799616590723 14
1755983270390 0.8182363968777966 15
1755983270394 0.8711038096384569 16
1755983270399 0.6824934114883472 17
1755983270403 0.7045040769236428 18
1755983270408 0.6594869955019518 19
1755983270412 0.7511713319010549 20
1755983270418 0.6655397658998315 21
1755983270423 0.6613402318257791 22
1755983270427 0.6399218738079071 23
1755983270432 0.7445930681832424 24
1755983270437 0.7043770617478854 25
1755983270442 0.6585312644382576 26
1755983270446 0.572378739908144 27
1755983270451 0.5607603745801109 28
1755983270456 0.5437883714383299 29
1755983270461 0.7192572705544434 30
1755983270466 0.5835301612878775 31
1755983270471 0.5617233789586401 32
1755983270475 0.5385452905645618 33
1755983270480 0.49440072583300726 34
1755983270485 0.5093534735890178 35
1755983270490 0.516498532581639 36
1755983270495 0.4034403782374189 37
1755983270499 0.45559974963014777 38
1755983270504 0.5443756481656781 39
1755983270509 0.39622155383422775 40
1755983270514 0.4390395548823592 41
1755983270519 0.4277373784548276 42
1755983270524 0.4084325464708464 43
1755983270528 0.4229419653291826 44
1755983270533 0.427624244291287 45
1755983270538 0.3929154708400949 46
1755983270543 0.47307853463601757 47
1755983270548 0.4084649444013447 48
1755983270553 0.3438520041572583 49
1755983270558 0.3219266290982048 50
1755983270563 0.356967945377548 51
1755983270568 0.3064159649339589 52
1755983270573 0.3741142117938438 53
