1755983375644 2.0451915937584717 1
1755983375661 1.7031799810273307 2
1755983375670 1.5059185508009676 3
1755983375679 1.317538962348715 4
1755983375687 1.2018781912017178 5
1755983375694 0.7897428572177887 6
1755983375702 0.8947211364647011 7
1755983375710 0.7825043317559478 8
1755983375717 0.755110269243067 9
1755983375726 0.6902311854548269 10
1755983375734 0.695852312368232 11
1755983375742 0.7378757147045879 12
1755983375750 0.6096355048092928 13
1755983375757 0.679315719898645 14
1755983375765 0.6256199575863876 15
1755983375774 0.5981928977099332 16
1755983375781 0.5340469320873161 17
1755983375789 0.5427886073465471 18
1755983375797 0.6043667502991565 19
1755983375806 0.6160412283686848 20
1755983375813 0.506312070922418 21
1755983375821 0.5393496221536166 22
1755983375829 0.5987856585484046 23
1755983375836 0.504924838612606 24
1755983375845 0.4890998952187501 25
