1755983335575 2.834091156334072 1
1755983335588 1.8424969191675062 2
1755983335594 1.4846220449967817 3
1755983335600 1.2494187773048104 4
1755983335607 1.263622680848295 5
1755983335612 1.223157564153919 6
1755983335619 1.0868557610295035 7
1755983335624 1.0363424162973056 8
1755983335632 0.9341245330386347 9
1755983335638 0.8097384885534064 10
1755983335644 0.8303497532358417 11
1755983335650 0.9089400087084089 12
1755983335656 0.6804492823876344 13
1755983335662 0.8583150885321877 14
1755983335669 0.8394072425442857 15
1755983335675 0.7121285128516036 16
1755983335681 0.6297462193609832 17
1755983335687 0.7390561018671308 18
1755983335694 0.5577690659405349 19
1755983335700 0.5163387694916168 20
1755983335705 0.5239134862438425 21
1755983335711 0.4714823743546164 22
1755983335718 0.5256625646120542 23
1755983335724 0.5355231093315335 24
1755983335730 0.547606619728076 25
1755983335736 0.4865258734721642 26
1755983335742 0.5579769814556296 27
1755983335748 0.6046602071879746 28
1755983335754 0.5063785244892169 29
1755983335761 0.6113091184721364 30
1755983335767 0.43386129435006676 31
1755983335774 0.5504718153894722 32
1755983335781 0.4393438883609586 33
1755983335787 0.48337431639045864 34
1755983335794 0.40168278674026586 35
1755983335800 0.4540092691585615 36
1755983335807 0.4303293785491547 37
1755983335813 0.47078617865389044 38
1755983335820 0.4668644235118643 39
1755983335826 0.47244906348067445 40
1755983335833 0.4498628724318046 41
1755983335839 0.49642370302568783 42
1755983335845 0.4964012508462002 43
1755983335852 0.40091092410412704 44
1755983335858 0.4289644842411017 45
