1756057040712 1.0184617221355439 1
1756057040723 0.8904118239879608 2
1756057040730 0.8538215100765228 3
1756057040737 0.7635808944702148 4
1756057040750 0.8278455197811126 5
1756057040758 0.6530031114816666 6
1756057040765 0.6582208216190338 7
1756057040772 0.618355879187584 8
1756057040779 0.5603470176458358 9
1756057040786 0.5315013021230698 10
1756057040793 0.5369024530053139 11
1756057040800 0.5276994153857231 12
1756057040807 0.5234369233250618 13
1756057040815 0.534599031507969 14
1756057040822 0.4880174592137337 15
1756057040830 0.48779790103435516 16
1756057040837 0.48579566478729247 17
1756057040845 0.45495575964450835 18
1756057040852 0.4851472645998001 19
1756057040860 0.4956462562084198 20
1756057040867 0.4703262344002724 21
1756057040874 0.5013666450977325 22
1756057040882 0.4712274298071861 23
1756057040889 0.41467113196849825 24
1756057040897 0.3859729737043381 25
1756057040904 0.4070100039243698 26
1756057040912 0.404750283062458 27
1756057040919 0.453383107483387 28
1756057040926 0.4458022594451904 29
1756057040934 0.4738994061946869 30
1756057040942 0.5369295448064804 31
1756057040949 0.47333269864320754 32
1756057040957 0.43914486318826673 33
1756057040965 0.4549303978681564 34
1756057040972 0.4463941380381584 35
1756057040980 0.42916891276836394 36
1756057040988 0.4400600031018257 37
1756057040995 0.416483598947525 38
1756057041005 0.477285835146904 39
1756057041013 0.4395979419350624 40
1756057041020 0.43429339230060576 41
1756057041028 0.3934799894690514 42
1756057041036 0.35728092640638354 43
1756057041044 0.34752378314733506 44
1756057041052 0.41476311832666396 45
1756057041060 0.43326921463012696 46
1756057041067 0.41520808190107344 47
1756057041076 0.42232871651649473 48
1756057041084 0.45140292644500735 49
