1756057016711 2.6142321050167086 1
1756057016721 1.730854222178459 2
1756057016725 1.394625735282898 3
1756057016731 1.3562320590019226 4
1756057016736 1.122001501917839 5
1756057016740 0.7697140514850617 6
1756057016745 0.8341839432716369 7
1756057016750 0.6119777545332908 8
1756057016755 0.5559334322810173 9
1756057016760 0.517926050722599 10
1756057016765 0.5716068163514137 11
1756057016770 0.6862266838550568 12
1756057016775 0.6265402868390083 13
1756057016780 0.6003771141171456 14
1756057016785 0.4281962163746357 15
1756057016789 0.33349912613630295 16
1756057016794 0.2915363468229771 17
1756057016799 0.34711972568184135 18
1756057016804 0.44341692700982094 19
1756057016808 0.3626535624265671 20
1756057016813 0.48180842846632005 21
1756057016819 0.5374963968992233 22
1756057016825 0.7170897737145424 23
1756057016830 0.4289067007601261 24
1756057016835 0.5897887006402016 25
1756057016841 0.48550212755799294 26
1756057016846 0.29934349432587626 27
1756057016851 0.2875764586031437 28
1756057016857 0.23740668892860411 29
1756057016864 0.3665798746049404 30
1756057016869 0.38196891769766805 31
1756057016875 0.29760120809078217 32
1756057016880 0.5745347388088703 33
1756057016885 0.43953281044960024 34
1756057016890 0.3070692107081413 35
1756057016895 0.23908239686861635 36
1756057016900 0.28529673665761945 37
1756057016905 0.2540647692978382 38
1756057016910 0.22659610509872435 39
1756057016915 0.22762450911104679 40
1756057016920 0.266366146504879 41
1756057016925 0.31051369234919546 42
1756057016930 0.3383044168353081 43
1756057016936 0.28769036177545787 44
1756057016941 0.22344191148877143 45
1756057016946 0.21951607055962086 46
1756057016952 0.34133719429373743 47
1756057016958 0.17879560999572278 48
1756057016963 0.1670330710709095 49
1756057016969 0.4563895516097546 50
1756057016974 0.19628182910382747 51
1756057016979 0.22210080511868 52
1756057016985 0.4381728734821081 53
1756057016991 0.16762382723391056 54
1756057016997 0.19239897914230825 55
1756057017002 0.182164453715086 56
1756057017008 0.17587904296815396 57
1756057017014 0.2045876957476139 58
1756057017019 0.18811256885528566 59
1756057017025 0.19804489612579346 60
1756057017030 0.14724820125848054 61
1756057017036 0.1259143535513431 62
1756057017042 0.15767710097134113 63
1756057017048 0.22258918583393097 64
1756057017054 0.19223294630646706 65
1756057017059 0.23878672830760478 66
1756057017065 0.1664457330480218 67
1756057017070 0.1808998581022024 68
1756057017076 0.13726329281926156 69
1756057017082 0.1616562247276306 70
1756057017087 0.13608809523284435 71
1756057017093 0.19088887944817542 72
1756057017099 0.1434895796701312 73
1756057017104 0.14612218290567397 74
1756057017110 0.17228889726102353 75
1756057017115 0.12493720836937428 76
1756057017121 0.14687412418425083 77
1756057017126 0.2843203734606504 78
1756057017132 0.15488415248692036 79
1756057017138 0.1786898834630847 80
1756057017144 0.16669997107237577 81
1756057017149 0.14438674487173558 82
1756057017155 0.08947556167840957 83
1756057017161 0.09257678735302761 84
1756057017166 0.5785302985459566 85
1756057017172 0.1354968760162592 86
1756057017178 0.12806592229753733 87
1756057017184 0.12519762422889472 88
1756057017190 0.12070516683161259 89
1756057017195 0.0999445527791977 90
1756057017201 0.1720145782455802 91
1756057017207 0.08413413260132074 92
1756057017213 0.25710175205022096 93
1756057017218 0.15706113949418068 94
1756057017224 0.15949466042220592 95
1756057017230 0.0856491956859827 96
1756057017236 0.45405605174601077 97
1756057017242 0.08855496253818274 98
1756057017248 0.10283817611634731 99
1756057017254 0.16717212069779636 100
