1756057016711 1.8645116150379182 1
1756057016721 1.3488275110721588 2
1756057016725 1.0930297404527665 3
1756057016731 1.2034527331590652 4
1756057016736 0.856091420352459 5
1756057016740 0.637985223531723 6
1756057016745 0.7582359537482262 7
1756057016750 0.5454848304390907 8
1756057016755 0.44830817691981795 9
1756057016760 0.4807652585208416 10
1756057016765 0.5263540968298912 11
1756057016770 0.6286266967654228 12
1756057016775 0.5333385556936264 13
1756057016780 0.5024123817682267 14
1756057016785 0.39565078392624853 15
1756057016789 0.3208465173840523 16
1756057016794 0.2730016320943832 17
1756057016799 0.3116492684930563 18
1756057016804 0.3965428896248341 19
1756057016808 0.3162767857313156 20
1756057016813 0.4467630870640278 21
1756057016819 0.45268608033657076 22
1756057016825 0.6376993328332901 23
1756057016830 0.4004097357392311 24
1756057016835 0.5391799360513687 25
1756057016841 0.46382561400532724 26
1756057016846 0.2615863479673862 27
1756057016851 0.2667705699801445 28
1756057016857 0.22510259672999383 29
1756057016864 0.28757058680057523 30
1756057016869 0.31032265201210973 31
1756057016875 0.26234850138425825 32
1756057016880 0.5145566198974848 33
1756057016885 0.4066814757883549 34
1756057016890 0.2600308008491993 35
1756057016895 0.2205780134536326 36
1756057016900 0.2503284394741058 37
1756057016905 0.2254565067589283 38
1756057016910 0.204472117125988 39
1756057016915 0.1990824297070503 40
1756057016920 0.24779997989535332 41
1756057016925 0.28010691702365875 42
1756057016930 0.27804970145225527 43
1756057016936 0.2287142774090171 44
1756057016941 0.20057092979550362 45
1756057016946 0.19637994132936 46
1756057016952 0.3039746928960085 47
1756057016958 0.1693177603185177 48
1756057016963 0.15327835381031035 49
1756057016969 0.41509063392877577 50
1756057016974 0.18234047330915928 51
1756057016979 0.20886289589107038 52
1756057016985 0.38280808590352533 53
1756057016991 0.15441655777394772 54
1756057016997 0.15220653414726257 55
1756057017002 0.16311715580523015 56
1756057017008 0.15101892724633217 57
1756057017014 0.20242163054645063 58
1756057017019 0.16892348937690257 59
1756057017025 0.15934701822698116 60
1756057017030 0.12695097271353006 61
1756057017036 0.11264876336790622 62
1756057017042 0.1410491220653057 63
1756057017048 0.2154036968946457 64
1756057017054 0.17396180592477323 65
1756057017059 0.2334258370101452 66
1756057017065 0.14372635185718535 67
1756057017070 0.17448929958045484 68
1756057017076 0.12714882232248784 69
1756057017082 0.14662063997238875 70
1756057017087 0.12024546843022108 71
1756057017093 0.17136065550148488 72
1756057017099 0.13505326807498932 73
1756057017104 0.12348351590335369 74
1756057017110 0.15804046522825957 75
1756057017115 0.11112233251333237 76
1756057017121 0.14083294123411177 77
1756057017126 0.2783669589087367 78
1756057017132 0.15004158727824687 79
1756057017138 0.1508922938257456 80
1756057017144 0.14366682022809982 81
1756057017149 0.13728897497057915 82
1756057017155 0.08233548207208514 83
1756057017161 0.0802270150044933 84
1756057017166 0.5290251053869724 85
1756057017172 0.12857517302036287 86
1756057017178 0.1226780829951167 87
1756057017184 0.11205669231712818 88
1756057017190 0.11348239108920097 89
1756057017195 0.0836780596524477 90
1756057017201 0.165219016559422 91
1756057017207 0.07988079767674208 92
1756057017213 0.22367212418466806 93
1756057017218 0.15023003574460744 94
1756057017224 0.14781695920974017 95
1756057017230 0.0750796839594841 96
1756057017236 0.4097187044098973 97
1756057017242 0.07780738212168217 98
1756057017248 0.09215696062892675 99
1756057017254 0.16076956931501626 100
