1756057040712 1.8045239448547363 1
1756057040723 1.4218799471855164 2
1756057040730 1.3480433091521262 3
1756057040737 1.0412113934755325 4
1756057040750 1.195344078540802 5
1756057040758 0.7780883014202118 6
1756057040765 0.7694826543331146 7
1756057040772 0.6576922059059143 8
1756057040779 0.5293120265007019 9
1756057040786 0.5056692376732826 10
1756057040793 0.47557290494441984 11
1756057040800 0.4747611954808235 12
1756057040807 0.4957632854580879 13
1756057040815 0.5199064983986318 14
1756057040822 0.4297900766134262 15
1756057040830 0.4155403032898903 16
1756057040837 0.39524594098329546 17
1756057040845 0.3709328696131706 18
1756057040852 0.4214455410838127 19
1756057040860 0.42116706222295763 20
1756057040867 0.397471309453249 21
1756057040874 0.4353866636753082 22
1756057040882 0.39592756479978564 23
1756057040889 0.30582175105810167 24
1756057040897 0.2650864191353321 25
1756057040904 0.2994417279958725 26
1756057040912 0.28886803612113 27
1756057040919 0.3914893612265587 28
1756057040926 0.38391986340284345 29
1756057040934 0.5116188310086727 30
1756057040942 0.5453873336315155 31
1756057040949 0.4124993093311787 32
1756057040957 0.3600975885987282 33
1756057040965 0.37822209745645524 34
1756057040972 0.35176977068185805 35
1756057040980 0.3395688392221928 36
1756057040988 0.3576250709593296 37
1756057040995 0.3052094966173172 38
1756057041005 0.40102935433387754 39
1756057041013 0.3379836894571781 40
1756057041020 0.334829942882061 41
1756057041028 0.26211725510656836 42
1756057041036 0.22610646858811378 43
1756057041044 0.21638199016451837 44
1756057041052 0.3040956795215607 45
1756057041060 0.34119043350219724 46
1756057041067 0.32954167798161504 47
1756057041076 0.32529777437448504 48
1756057041084 0.39640640169382096 49
