1756057016711 1.0200005918741226 1
1756057016721 0.8792908400297165 2
1756057016725 0.7945154994726181 3
1756057016731 0.8037194907665253 4
1756057016736 0.7001712411642075 5
1756057016740 0.611492720246315 6
1756057016745 0.6568500071763992 7
1756057016750 0.5640491053462029 8
1756057016755 0.5082453548908233 9
1756057016760 0.5144926339387894 10
1756057016765 0.5546680495142937 11
1756057016770 0.5620581835508347 12
1756057016775 0.5529795140028 13
1756057016780 0.5306802228093147 14
1756057016785 0.4740005910396576 15
1756057016789 0.4291472867131233 16
1756057016794 0.38974419236183167 17
1756057016799 0.4173711821436882 18
1756057016804 0.44978329390287397 19
1756057016808 0.416107976436615 20
1756057016813 0.45665790140628815 21
1756057016819 0.5128714486956596 22
1756057016825 0.5448169738054276 23
1756057016830 0.4695923298597336 24
1756057016835 0.503295575082302 25
1756057016841 0.5009375602006912 26
1756057016846 0.38218025416135787 27
1756057016851 0.3913912922143936 28
1756057016857 0.35680723637342454 29
1756057016864 0.3828912407159805 30
1756057016869 0.3991858497262001 31
1756057016875 0.38460921943187715 32
1756057016880 0.4452915504574776 33
1756057016885 0.45719156712293624 34
1756057016890 0.381531848013401 35
1756057016895 0.346820829808712 36
1756057016900 0.3791059195995331 37
1756057016905 0.36554534137248995 38
1756057016910 0.3410495832562447 39
1756057016915 0.33622875809669495 40
1756057016920 0.37048677504062655 41
1756057016925 0.37936259508132936 42
1756057016930 0.39588474929332734 43
1756057016936 0.3615534320473671 44
1756057016941 0.33762777894735335 45
1756057016946 0.32224367260932923 46
1756057016952 0.35050162971019744 47
1756057016958 0.31587978899478913 48
1756057016963 0.2975249782204628 49
1756057016969 0.3957557037472725 50
1756057016974 0.3229056388139725 51
1756057016979 0.33144121170043944 52
1756057016985 0.3847642205655575 53
1756057016991 0.30335308983922005 54
1756057016997 0.29789534881711005 55
1756057017002 0.3107655689120293 56
1756057017008 0.2879380092024803 57
1756057017014 0.31821800097823144 58
1756057017019 0.3097676359117031 59
1756057017025 0.3039622649550438 60
1756057017030 0.2704572707414627 61
1756057017036 0.25140014924108983 62
1756057017042 0.2843159280717373 63
1756057017048 0.3244876451790333 64
1756057017054 0.2985424280166626 65
1756057017059 0.3381991647183895 66
1756057017065 0.27622711658477783 67
1756057017070 0.2907900243997574 68
1756057017076 0.25713992938399316 69
1756057017082 0.2757896281778812 70
1756057017087 0.26093257740139963 71
1756057017093 0.29468133449554446 72
1756057017099 0.2697816275060177 73
1756057017104 0.26517252400517466 74
1756057017110 0.27230444028973577 75
1756057017115 0.2535130552947521 76
1756057017121 0.2742482893168926 77
1756057017126 0.30382983162999155 78
1756057017132 0.28095370084047316 79
1756057017138 0.2786845415830612 80
1756057017144 0.26401309072971346 81
1756057017149 0.2622413352131844 82
1756057017155 0.21489840894937515 83
1756057017161 0.21364246755838395 84
1756057017166 0.34642654806375506 85
1756057017172 0.2505032531917095 86
1756057017178 0.25613796561956403 87
1756057017184 0.2551129855215549 88
1756057017190 0.25030412748456 89
1756057017195 0.218843574821949 90
1756057017201 0.2736800961196423 91
1756057017207 0.22087992876768112 92
1756057017213 0.2807703487575054 93
1756057017218 0.2676291950047016 94
1756057017224 0.25366063192486765 95
1756057017230 0.2140164017677307 96
1756057017236 0.30527469143271446 97
1756057017242 0.20929112881422043 98
1756057017248 0.22074439898133277 99
1756057017254 0.26614198461174965 100
