1756060120513 1.4572680652141572 1
1756060120529 1.2293503642082215 2
1756060120537 0.7654419742524624 3
1756060120545 0.7290590271353722 4
1756060120552 0.7052874267101288 5
1756060120560 0.6273772478103637 6
1756060120568 0.6236809358000756 7
1756060120576 0.5346975982189178 8
1756060120583 0.554072080552578 9
1756060120591 0.5121629476547241 10
1756060120599 0.3993053033947945 11
1756060120607 0.39663706719875336 12
1756060120614 0.5725066527724266 13
1756060120622 0.5041364699602127 14
1756060120630 0.610296006500721 15
1756060120638 0.5545508861541748 16
1756060120646 0.4985923647880554 17
1756060120654 0.4270739510655403 18
1756060120663 0.5483910337090492 19
1756060120671 0.5554763048887252 20
1756060120679 0.4163056641817093 21
1756060120687 0.4448538303375244 22
1756060120695 0.3827043786644936 23
1756060120703 0.4263857424259186 24
1756060120710 0.4622363895177841 25
1756060120718 0.49874656945466994 26
1756060120726 0.486481611430645 27
1756060120734 0.42637269794940946 28
1756060120742 0.4300712451338768 29
1756060120750 0.418034502863884 30
1756060120758 0.4779731184244156 31
1756060120767 0.387054343521595 32
1756060120775 0.33073016032576563 33
1756060120784 0.32919628694653513 34
1756060120792 0.28936595246195795 35
1756060120800 0.3136797592043877 36
1756060120808 0.3149963393807411 37
1756060120816 0.28799010515213014 38
1756060120824 0.34175678715109825 39
1756060120832 0.36468110233545303 40
1756060120840 0.3764240711927414 41
1756060120848 0.3466280892491341 42
1756060120856 0.3001635350286961 43
1756060120864 0.2781952328979969 44
1756060120873 0.2900872863829136 45
1756060120881 0.3369098290801048 46
1756060120889 0.3099285364151001 47
1756060120897 0.27181014940142634 48
1756060120906 0.23909459114074708 49
1756060120914 0.2509931497275829 50
1756060120922 0.23557382002472876 51
1756060120931 0.23993016295135022 52
1756060120939 0.3322838947176933 53
1756060120948 0.216696535423398 54
1756060120956 0.2135790277272463 55
1756060120965 0.18814164623618126 56
1756060120974 0.17936890199780464 57
1756060120983 0.22771432623267174 58
1756060120991 0.20228608846664428 59
1756060121000 0.24386997446417807 60
1756060121009 0.28774301558732984 61
1756060121018 0.23970235362648964 62
1756060121027 0.21320777833461763 63
1756060121037 0.19561143964529037 64
1756060121046 0.2143722541630268 65
1756060121055 0.21756142228841782 66
