1756060120513 2.0678714156150817 1
1756060120529 1.6134629726409913 2
1756060120537 0.9411913156509399 3
1756060120545 1.0269446432590486 4
1756060120552 0.8667489066720009 5
1756060120560 0.7506607621908188 6
1756060120568 0.8179121658205986 7
1756060120576 0.6202966123819351 8
1756060120583 0.656430447101593 9
1756060120591 0.6493256628513336 10
1756060120599 0.46317874193191527 11
1756060120607 0.47688478231430054 12
1756060120614 0.6339056685566902 13
1756060120622 0.6429300472140312 14
1756060120630 0.7773757517337799 15
1756060120638 0.6661247968673706 16
1756060120646 0.5596412792801857 17
1756060120654 0.5210273161530494 18
1756060120663 0.6464647576212883 19
1756060120671 0.7905127629637718 20
1756060120679 0.5449112951755524 21
1756060120687 0.5991339743137359 22
1756060120695 0.46734142005443574 23
1756060120703 0.49713563174009323 24
1756060120710 0.49447504729032515 25
1756060120718 0.5438934832811355 26
1756060120726 0.6137034878134727 27
1756060120734 0.522815988957882 28
1756060120742 0.46588062196969987 29
1756060120750 0.44463256299495696 30
1756060120758 0.5744902275502681 31
1756060120767 0.5071298979222775 32
1756060120775 0.38394791483879087 33
1756060120784 0.38111010640859605 34
1756060120792 0.3233883358538151 35
1756060120800 0.36346365585923196 36
1756060120808 0.3659657746553421 37
1756060120816 0.32649665921926496 38
1756060120824 0.3992662213742733 39
1756060120832 0.3766623646020889 40
1756060120840 0.5029101818799973 41
1756060120848 0.4359844386577606 42
1756060120856 0.322628989815712 43
1756060120864 0.3443182177841663 44
1756060120873 0.35383163690567015 45
1756060120881 0.3874516300857067 46
1756060120889 0.31623421758413317 47
1756060120897 0.30322042405605315 48
1756060120906 0.2836381681263447 49
1756060120914 0.30008319243788717 50
1756060120922 0.27649412788450717 51
1756060120931 0.2774320937693119 52
1756060120939 0.36560291349887847 53
1756060120948 0.2449756905436516 54
1756060120956 0.24215669110417365 55
1756060120965 0.1941667553037405 56
1756060120974 0.20446556583046913 57
1756060120983 0.2653127692639828 58
1756060120991 0.22702021710574627 59
1756060121000 0.27643240317702295 60
1756060121009 0.34375614672899246 61
1756060121018 0.28845677971839906 62
1756060121027 0.23786332979798316 63
1756060121037 0.21333060301840306 64
1756060121046 0.24278497248888015 65
1756060121055 0.23975369073450564 66
