1756060120513 0.0012236652671533256 1
1756060120529 0.002447330534306651 2
1756060120537 0.0036709958014599768 3
1756060120545 0.004894661068613302 4
1756060120552 0.0061183263357666275 5
1756060120560 0.0061183263357666275 6
1756060120568 0.006116654034133007 7
1756060120576 0.0061116389578694304 8
1756060120583 0.006103286590888161 9
1756060120591 0.0060916060663798646 10
1756060120599 0.006076610156826599 11
1756060120607 0.0060583152600352935 12
1756060120614 0.006036741381206985 13
1756060120622 0.00601191211106143 14
1756060120630 0.005983854600040992 15
1756060120638 0.005952599528622034 16
1756060120646 0.005918181073766274 17
1756060120654 0.005880636871548767 18
1756060120663 0.00584000797600342 19
1756060120671 0.0057963388142310045 20
1756060120679 0.0057496771378187745 21
1756060120687 0.005700073970624809 22
1756060120695 0.005647583552984164 23
1756060120703 0.005592263282397877 24
1756060120710 0.005534173650769627 25
1756060120718 0.0054733781782587395 26
1756060120726 0.005409943343821812 27
1756060120734 0.005343938512518962 28
1756060120742 0.005275435859664145 29
1756060120750 0.005204510291902512 30
1756060120758 0.0051312393653010924 31
1756060120767 0.005055703200542372 32
1756060120775 0.004977984395313504 33
1756060120784 0.004898167933986948 34
1756060120792 0.004816341094691313 35
1756060120800 0.004732593353874 36
1756060120808 0.004647016288460018 37
1756060120816 0.004559703475713971 38
1756060120824 0.004470750390914679 39
1756060120832 0.004380254302954377 40
1756060120840 0.0042883141679765984 41
1756060120848 0.004195030521169089 42
1756060120856 0.004100505366830059 43
1756060120864 0.004004842066827971 44
1756060120873 0.003908145227576864 45
1756060120881 0.003810520585650769 46
1756060120889 0.0037120748921623237 47
1756060120897 0.003612915796031992 48
1756060120906 0.003513151726275552 49
1756060120914 0.003412891773438563 50
1756060120922 0.003312245570307449 51
1756060120931 0.003211323172027661 52
1756060120939 0.003110234935759992 53
1756060120948 0.003009091400006636 54
1756060120956 0.002908003163738966 55
1756060120965 0.0028070807654591795 56
1756060120974 0.002706434562328065 57
1756060120983 0.0026061746094910754 58
1756060120991 0.002506410539734637 59
1756060121000 0.0024072514436043043 60
1756060121009 0.002308805750115859 61
1756060121018 0.002211181108189765 62
1756060121027 0.002114484268938657 63
1756060121037 0.0020188209689365687 64
1756060121046 0.0019242958145975371 65
1756060121055 0.0018310121677900296 66
