1755978000620 1.1401679103191082 1
1755978000633 0.99889820202803 2
1755978000640 1.0060519385032165 3
1755978000647 0.875849282894379 4
1755978000654 0.7525657220528676 5
1755978000662 0.8081563741732867 6
1755978000669 0.7724958872183775 7
1755978000676 0.6925517817338308 8
1755978000684 0.8005452217199863 9
1755978000692 0.5687493093502827 10
1755978000701 0.5268713541519947 11
1755978000709 0.5025762357772925 12
1755978000717 0.48251761763523787 13
1755978000724 0.45279240952088284 14
1755978000731 0.5424964458514483 15
1755978000739 0.48152150557591367 16
1755978000747 0.38423503591464114 17
1755978000754 0.3812459776034722 18
1755978000761 0.400929909103956 19
1755978000769 0.3684997459252675 20
1755978000776 0.3363255434311353 21
1755978000784 0.34792635265069133 22
1755978000791 0.37802775815511364 23
1755978000799 0.32257951146517044 24
1755978000806 0.40597067582301605 25
1755978000813 0.3139012196125128 26
