1755978000620 1.6295296855461903 1
1755978000633 1.3149212094453664 2
1755978000640 1.387783876596353 3
1755978000647 1.0819417673807878 4
1755978000654 0.9023542962013147 5
1755978000662 0.9620952690259005 6
1755978000669 1.0627619310831413 7
1755978000676 0.8628396567625877 8
1755978000684 1.0055856215648162 9
1755978000692 0.6661402032925532 10
1755978000701 0.6058729512569232 11
1755978000709 0.54632118726388 12
1755978000717 0.563423256843518 13
1755978000724 0.5686692874401044 14
1755978000731 0.6393401660980322 15
1755978000739 0.5390468988663111 16
1755978000747 0.4082477650581262 17
1755978000754 0.43250546470666545 18
1755978000761 0.42160732394609696 19
1755978000769 0.41541429513540024 20
1755978000776 0.38893689864721054 21
1755978000784 0.3880026244964355 22
1755978000791 0.4086382778791281 23
1755978000799 0.3719482456262295 24
1755978000806 0.4729403028121361 25
1755978000813 0.35272957461002546 26
