1755977943892 1.1982257916377141 1
1755977943903 0.9836569451368772 2
1755977943908 0.8902419049006242 3
1755977943913 1.051163042202974 4
1755977943917 0.7613158317712637 5
1755977943921 0.9359042980732062 6
1755977943926 0.7596290548069354 7
1755977943931 0.6275993478603852 8
1755977943936 0.6690256289946728 9
1755977943940 0.5992656923257388 10
1755977943945 0.5317706225010065 11
1755977943949 0.5021797334536527 12
1755977943955 0.4587540897803429 13
1755977943960 0.4565069201665047 14
1755977943966 0.5023127224964973 15
1755977943970 0.5027024604571171 16
1755977943975 0.47783067440375304 17
1755977943979 0.3558653253011214 18
1755977943984 0.37364937594303715 19
1755977943989 0.35867006885699737 20
1755977943994 0.38669017530404604 21
1755977943999 0.3141956707605949 22
1755977944004 0.30252658709501606 23
1755977944009 0.3554774175087611 24
1755977944013 0.3346309528136865 25
1755977944018 0.3356751872178836 26
1755977944023 0.3358805156671084 27
1755977944028 0.3482970083371187 28
1755977944032 0.30400298344783294 29
1755977944037 0.3092085734391824 30
1755977944042 0.28915338180004024 31
1755977944046 0.28878486156463623 32
1755977944051 0.28388957602855486 33
1755977944056 0.27988879955731905 34
1755977944060 0.21451705827926978 35
1755977944065 0.22004004357716975 36
1755977944070 0.291913563815447 37
1755977944075 0.23860637003030533 38
1755977944079 0.28592497416031665 39
1755977944085 0.23811430713305107 40
1755977944090 0.3256536324818929 41
1755977944095 0.22830666028536284 42
1755977944100 0.2473472645267462 43
1755977944105 0.2708962981899579 44
1755977944110 0.22084213678653425 45
1755977944115 0.29699504872163135 46
1755977944120 0.2718763265472192 47
1755977944125 0.21789219211309385 48
1755977944130 0.2440738557622983 49
1755977944135 0.22919384046242788 50
1755977944140 0.25106623424933505 51
1755977944145 0.23148225056819427 52
