1755911939759 1.2127754390239716 1
1755911939777 0.825318169593811 2
1755911939785 0.7787386655807496 3
1755911939792 0.7652608454227448 4
1755911939797 0.6871202945709228 5
1755911939801 0.5247967600822449 6
1755911939810 0.4503509908914566 7
1755911939815 0.3875207930803299 8
1755911939820 0.3364116162061691 9
1755911939829 0.2765499860048294 10
1755911939833 0.2360069841146469 11
1755911939844 0.2218355119228363 12
1755911939849 0.20030756741762162 13
1755911939854 0.1716278851032257 14
1755911939859 0.16434361413121223 15
1755911939864 0.17362899258732795 16
1755911939872 0.1666930913925171 17
1755911939890 0.16403075009584428 18
1755911939905 0.14946304708719255 19
1755911939912 0.13016538321971893 20
1755911939918 0.13962730765342712 21
1755911939926 0.12119152396917343 22
1755911939944 0.12107782289385796 23
1755911939956 0.12158594131469727 24
1755911939970 0.12876251935958863 25
1755911939994 0.10768538117408752 26
1755911940010 0.1034802444279194 27
1755911940015 0.10630681067705154 28
1755911940021 0.12934372946619987 29
1755911940027 0.1007440634071827 30
1755911940035 0.09439789801836014 31
1755911940043 0.10078997239470482 32
1755911940050 0.09902890957891941 33
1755911940060 0.10890981554985046 34
1755911940078 0.10243535041809082 35
1755911940088 0.09253552071750164 36
1755911940108 0.08196648247539998 37
1755911940122 0.07007774412631988 38
1755911940130 0.06724962033331394 39
1755911940141 0.0783284991979599 40
1755911940154 0.0677067931741476 41
1755911940169 0.06033192686736584 42
1755911940182 0.05741209276020527 43
1755911940191 0.05958430543541908 44
1755911940196 0.07846698462963105 45
1755911940202 0.07540085837244988 46
1755911940211 0.07134385071694851 47
1755911940216 0.06077803671360016 48
1755911940222 0.061680782958865164 49
1755911940231 0.05822800099849701 50
1755911940239 0.055713807418942454 51
1755911940248 0.050090708583593366 52
1755911940255 0.059072365239262584 53
1755911940262 0.05824418663978577 54
1755911940269 0.05188970882445574 55
1755911940274 0.05192442256957293 56
1755911940284 0.04037932325154543 57
