1755911977766 1.1564290702342988 1
1755911977787 0.8006882727146148 2
1755911977795 0.7456780135631561 3
1755911977804 0.7612551212310791 4
1755911977814 0.6408480614423752 5
1755911977822 0.5697710812091827 6
1755911977830 0.42025806903839114 7
1755911977839 0.33600029945373533 8
1755911977850 0.27633062601089475 9
1755911977858 0.21660563796758653 10
1755911977866 0.1880620539188385 11
1755911977874 0.19996762722730638 12
1755911977882 0.18345186114311218 13
1755911977890 0.1490949958562851 14
1755911977899 0.14615389108657836 15
1755911977907 0.1626204863190651 16
1755911977915 0.1557562157511711 17
1755911977922 0.1482163265347481 18
1755911977929 0.13386844843626022 19
1755911977937 0.12632642462849616 20
1755911977945 0.14295799881219864 21
1755911977952 0.1472509026527405 22
1755911977960 0.11684274449944496 23
1755911977967 0.10861225426197052 24
1755911977975 0.1213390626013279 25
1755911977983 0.1162738099694252 26
1755911977992 0.09223581328988076 27
1755911977999 0.10706044286489487 28
1755911978009 0.1122146975249052 29
1755911978020 0.09511401206254959 30
1755911978029 0.0841428056359291 31
1755911978037 0.07643194198608398 32
1755911978046 0.08514125980436801 33
1755911978055 0.07733479514718056 34
1755911978063 0.06771765127778054 35
1755911978071 0.07159124612808228 36
1755911978080 0.06534483544528484 37
1755911978089 0.057590649276971814 38
1755911978097 0.05891611278057098 39
1755911978105 0.05153849758207798 40
1755911978114 0.045740538649260996 41
1755911978122 0.05114089511334896 42
1755911978131 0.04822312705218792 43
