1755978387531 0.0002927591541081544 1
1755978387542 0.0005855183082163089 2
1755978387548 0.0008782774623244633 3
1755978387554 0.0011710366164326177 4
1755978387560 0.0014637957705407722 5
1755978387567 0.0014637957705407722 6
1755978387573 0.0014633958841161383 7
1755978387578 0.001462196662112171 8
1755978387584 0.0014601994158605252 9
1755978387590 0.001457406329320653 10
1755978387596 0.0014538204566916788 11
1755978387602 0.001449445719072675 12
1755978387608 0.0014442869001749983 13
1755978387614 0.0014383496410913727 14
1755978387620 0.0014316404341274361 15
1755978387626 0.0014241666157024998 16
1755978387632 0.0014159363583272824 17
1755978387638 0.0014069586616673878 18
1755978387645 0.0013972433427023047 19
1755978387650 0.0013868010249906823 20
1755978387656 0.0013756431270536258 21
1755978387662 0.001363781849888711 22
