1755978427089 0.0002927591541081544 1
1755978427105 0.0005855183082163089 2
1755978427113 0.0008782774623244633 3
1755978427121 0.0011710366164326177 4
1755978427131 0.0014637957705407722 5
1755978427139 0.0014637957705407722 6
1755978427146 0.0014633958841161383 7
1755978427154 0.001462196662112171 8
1755978427162 0.0014601994158605252 9
1755978427169 0.001457406329320653 10
1755978427176 0.0014538204566916788 11
1755978427183 0.001449445719072675 12
1755978427189 0.0014442869001749983 13
1755978427197 0.0014383496410913727 14
1755978427204 0.0014316404341274361 15
1755978427212 0.0014241666157024998 16
1755978427219 0.0014159363583272824 17
1755978427226 0.0014069586616673878 18
1755978427233 0.0013972433427023047 19
1755978427241 0.0013868010249906823 20
1755978427248 0.0013756431270536258 21
1755978427255 0.001363781849888711 22
1755978427262 0.0013512301636283716 23
1755978427270 0.0013380017933572522 24
1755978427279 0.0013241112041040264 25
1755978427286 0.0013095735850241037 26
1755978427293 0.0012944048327905083 27
1755978427300 0.0012786215342111026 28
1755978427307 0.001262240948091155 29
1755978427315 0.0012452809863610901 30
1755978427322 0.0012277601944900567 31
1755978427329 0.0012096977312067276 32
1755978427337 0.0011911133475495128 33
1755978427345 0.0011720273652690882 34
