1755978387531 1.0348501480542696 1
1755978387542 0.7772329220404992 2
1755978387548 0.8399723187471048 3
1755978387554 0.8902033261763744 4
1755978387560 0.8410454591115316 5
1755978387567 0.7339591605541034 6
1755978387573 0.6889938918443826 7
1755978387578 0.6847802805594909 8
1755978387584 0.6195931663879981 9
1755978387590 0.5778550062424097 10
1755978387596 0.5675057967503866 11
1755978387602 0.5360920971784836 12
1755978387608 0.5533964855548663 13
1755978387614 0.5378151769057299 14
1755978387620 0.5189947822155097 15
1755978387626 0.510671106668619 16
1755978387632 0.560745874276528 17
1755978387638 0.5488466307138785 18
1755978387645 0.5397382248670627 19
1755978387650 0.5219841156250391 20
1755978387656 0.5104878705281478 21
1755978387662 0.47892137750601155 22
