1755978427089 0.9765948699070857 1
1755978427105 0.9033425572590951 2
1755978427113 0.8052803201553149 3
1755978427121 0.7497216784037076 4
1755978427131 0.757629781197279 5
1755978427139 0.749000975718865 6
1755978427146 0.7511151692806146 7
1755978427154 0.6339868138997983 8
1755978427162 0.6173879504203796 9
1755978427169 0.6307328786605444 10
1755978427176 0.6122208887185806 11
1755978427183 0.5948027166036459 12
1755978427189 0.5922637558900393 13
1755978427197 0.5566339103075174 14
1755978427204 0.5338854591051737 15
1755978427212 0.5558107021527413 16
1755978427219 0.522975110854858 17
1755978427226 0.5030948145267291 18
1755978427233 0.44928799989895946 19
1755978427241 0.4548736084730197 20
1755978427248 0.47541132722145474 21
1755978427255 0.505256923345419 22
1755978427262 0.4914463766110249 23
1755978427270 0.47141343584427464 24
1755978427279 0.4920550546584985 25
1755978427286 0.4840940214120425 26
1755978427293 0.5083515949738331 27
1755978427300 0.4771833809522482 28
1755978427307 0.46018036359395736 29
1755978427315 0.43961543226853395 30
1755978427322 0.4235698890227538 31
1755978427329 0.4340120248305492 32
1755978427337 0.4326031322662647 33
1755978427345 0.40966413571284366 34
