1756055560407 0.9020562022924423 1
1756055560422 0.6993708550930023 2
1756055560430 0.731275075674057 3
1756055560439 0.6705593794584275 4
1756055560446 0.6193900674581527 5
1756055560455 0.6513683304190636 6
1756055560463 0.5916813522577286 7
1756055560471 0.5640544325113297 8
1756055560479 0.5276263803243637 9
1756055560487 0.46211176216602323 10
1756055560494 0.4566143035888672 11
1756055560502 0.445346936583519 12
1756055560510 0.4647699162364006 13
1756055560518 0.4382050588726997 14
1756055560526 0.46504064053297045 15
1756055560534 0.49642585813999174 16
1756055560542 0.450714199244976 17
1756055560550 0.5572772905230522 18
1756055560558 0.5195278689265251 19
1756055560566 0.4363973066210747 20
1756055560574 0.4145406648516655 21
1756055560582 0.4472729668021202 22
1756055560591 0.470730172097683 23
1756055560599 0.4263298138976097 24
1756055560607 0.40124598443508147 25
1756055560615 0.42167133241891863 26
1756055560624 0.4505674555897713 27
1756055560632 0.42398494482040405 28
1756055560641 0.41913341283798217 29
1756055560649 0.42985163182020186 30
1756055560658 0.38986828476190566 31
1756055560665 0.4569306656718254 32
1756055560674 0.38896422535181047 33
1756055560683 0.39310927540063856 34
1756055560691 0.3822971537709236 35
1756055560699 0.40808378010988233 36
1756055560708 0.38989688605070116 37
1756055560716 0.36565816700458526 38
1756055560724 0.36672746390104294 39
1756055560733 0.36164205372333524 40
1756055560741 0.35067165791988375 41
1756055560749 0.34280873239040377 42
1756055560758 0.3866602197289467 43
1756055560767 0.4121038556098938 44
1756055560775 0.4384795486927032 45
1756055560784 0.367862731218338 46
1756055560792 0.34526197165250777 47
1756055560801 0.41349110305309295 48
1756055560809 0.3341904118657112 49
1756055560817 0.3645039513707161 50
1756055560826 0.3642590805888176 51
1756055560834 0.3673212073743343 52
1756055560843 0.3513867765665054 53
1756055560851 0.33902654945850375 54
1756055560859 0.30537725389003756 55
1756055560867 0.3279996633529663 56
1756055560876 0.3350036710500717 57
1756055560884 0.3161377929151058 58
1756055560892 0.30157975777983664 59
