1756055506930 0.8670430988073349 1
1756055506938 0.7579538524150848 2
1756055506943 0.7618986010551453 3
1756055506947 0.6689879268407821 4
1756055506952 0.6863032907247544 5
1756055506957 0.6530994221568107 6
1756055506961 0.5120329648256302 7
1756055506966 0.5030119433999062 8
1756055506971 0.5181676208972931 9
1756055506975 0.49722990244626997 10
1756055506981 0.5216054141521453 11
1756055506986 0.5983814805746078 12
1756055506991 0.4830007180571556 13
1756055506995 0.47726667374372483 14
1756055507000 0.48551150113344194 15
1756055507004 0.49297361969947817 16
1756055507009 0.42982765585184096 17
1756055507014 0.4538931682705879 18
1756055507018 0.4308905702084303 19
1756055507023 0.42163725942373276 20
1756055507028 0.4244247943162918 21
1756055507033 0.37344098687171934 22
1756055507038 0.38790384978055953 23
1756055507042 0.4063826262950897 24
1756055507047 0.3500587210059166 25
1756055507052 0.3941002428531647 26
1756055507057 0.37745997309684753 27
1756055507061 0.36591596752405164 28
1756055507066 0.40598869919776914 29
1756055507071 0.42429653704166415 30
1756055507076 0.3825092166662216 31
1756055507080 0.4100143015384674 32
1756055507085 0.3665957123041153 33
1756055507090 0.33144345954060556 34
1756055507095 0.32071628123521806 35
1756055507100 0.3578826069831848 36
1756055507105 0.3491818755865097 37
1756055507110 0.2884376659989357 38
1756055507115 0.3260632134974003 39
1756055507120 0.33957125023007395 40
1756055507125 0.2781645081937313 41
1756055507130 0.29820113629102707 42
1756055507135 0.2981327556073666 43
1756055507140 0.2791809864342213 44
1756055507145 0.29163685292005537 45
1756055507150 0.2702334553003311 46
1756055507155 0.3461256369948387 47
1756055507160 0.31732882782816885 48
1756055507165 0.27819817438721656 49
1756055507170 0.33262591511011125 50
1756055507175 0.2902943067252636 51
1756055507180 0.29846777990460394 52
1756055507185 0.258479230850935 53
1756055507191 0.28812695369124414 54
1756055507196 0.2787220276892185 55
1756055507201 0.3078619226813316 56
1756055507207 0.28925732597708703 57
1756055507212 0.2572679050266743 58
1756055507218 0.3346739888191223 59
1756055507223 0.31338285356760026 60
1756055507229 0.2616783082485199 61
1756055507234 0.2834128372371197 62
