1755983092011 2.4309284315480815 1
1755983092027 1.3260077748979842 2
1755983092032 1.204937170078228 3
1755983092037 1.3042990290499352 4
1755983092041 0.9599151626809851 5
1755983092046 0.822055401353093 6
1755983092050 0.7350990000096235 7
1755983092055 0.7161231015796785 8
1755983092060 0.686761153208745 9
1755983092064 0.6401367060743369 10
1755983092069 0.5922061682908566 11
1755983092073 0.6179952842074555 12
1755983092078 0.7031440761956301 13
1755983092083 0.5476400722543915 14
1755983092087 0.5007006263771614 15
1755983092091 0.5189666159741291 16
1755983092096 0.4835250855653317 17
1755983092101 0.5373311555617816 18
1755983092105 0.517366678103224 19
1755983092110 0.39046151829617365 20
1755983092114 0.41628258452787026 21
1755983092120 0.4142076196995648 22
1755983092125 0.4305577486172899 23
1755983092130 0.39558144262084716 24
1755983092135 0.4839922065858717 25
1755983092139 0.3952911506806101 26
1755983092144 0.44542531553026915 27
1755983092152 0.3732693500139497 28
1755983092157 0.3841309725464164 29
1755983092161 0.44580795925546 30
1755983092166 0.3563879838624558 31
1755983092171 0.38009888049844026 32
1755983092176 0.3834206426104942 33
1755983092181 0.36749780294183015 34
1755983092186 0.36506080346835124 35
1755983092191 0.3351017874363181 36
1755983092196 0.29711393576550793 37
1755983092200 0.3157999925799184 38
1755983092205 0.3134233955439035 39
1755983092210 0.31159081871246364 40
1755983092215 0.3099422144231858 41
1755983092220 0.3372013175061771 42
1755983092225 0.26301890650352877 43
1755983092230 0.2749129433620286 44
1755983092234 0.3086036921708615 45
1755983092239 0.36921754227830217 46
1755983092244 0.291191805008944 47
1755983092249 0.29041299727055936 48
1755983092254 0.27294730327346106 49
1755983092259 0.2676137492254183 50
1755983092264 0.25363459883185174 51
1755983092269 0.2599215546211639 52
1755983092274 0.21350239933311166 53
1755983092279 0.2353966428668468 54
1755983092284 0.27451592920856044 55
1755983092289 0.22409228109694146 56
1755983092294 0.2253469077797679 57
1755983092300 0.2001678358231272 58
1755983092304 0.23274064363984318 59
1755983092310 0.18150834274756444 60
1755983092315 0.23195050477788046 61
1755983092320 0.1964499270180603 62
1755983092325 0.24922977513694144 63
1755983092330 0.21344754201444713 64
1755983092336 0.16717811804506685 65
1755983092341 0.17206518685856423 66
1755983092346 0.21646395538534438 67
1755983092351 0.2102459849088223 68
1755983092356 0.20564634454521266 69
