1755983195288 0.0002638130864629915 1
1755983195304 0.000527626172925983 2
1755983195312 0.0007914392593889744 3
1755983195321 0.001055252345851966 4
1755983195329 0.0013190654323149574 5
1755983195336 0.0013190654323149574 6
1755983195344 0.0013187051110153088 7
1755983195352 0.0013176245411224137 8
1755983195360 0.0013158249042235853 9
1755983195368 0.0013133081681953505 10
1755983195375 0.0013100770850516057 11
1755983195382 0.0013061351879343306 12
1755983195390 0.0013014867872501482 13
1755983195398 0.0012961369659569599 14
1755983195405 0.0012900915740058044 15
1755983195413 0.0012833572219440223 16
1755983195421 0.0012759412736867211 17
1755983195428 0.00126785183846444 18
1755983195437 0.0012590977619558266 19
1755983195445 0.001249688616615017 20
1755983195452 0.0012396346912042977 21
1755983195460 0.0012289469795434954 22
1755983195467 0.0012176371684883953 23
1755983195474 0.0012057176251513374 24
1755983195482 0.0011932013833779599 25
1755983195490 0.0011801021294948805 26
1755983195497 0.0011664341873438985 27
1755983195505 0.0011522125026190856 28
1755983195512 0.0011374526265238878 29
1755983195520 0.0011221706987661127 30
1755983195527 0.0011063834299093968 31
1755983195535 0.0010901080831004482 32
1755983195542 0.0010733624551920503 33
1755983195550 0.0010561648572824643 34
1755983195557 0.0010385340946925115 35
1755983195565 0.0010204894464022319 36
1755983195572 0.001002050643969602 37
1755983195580 0.000983237849954366 38
