1755987543792 4.6254078388214115 1
1755987543803 3.6768546223640444 2
1755987543807 2.041862154006958 3
1755987543812 2.0028573513031005 4
1755987543818 1.2204169631004333 5
1755987543823 1.088600355386734 6
1755987543828 0.8200121760368347 7
1755987543833 0.659977114200592 8
1755987543837 0.5493678629398346 9
1755987543842 0.6527087032794953 10
1755987543847 0.5632787853479385 11
1755987543851 0.4371008604764938 12
1755987543856 0.45074525773525237 13
1755987543861 0.46205447018146517 14
1755987543865 0.41186347901821135 15
1755987543870 0.38040378093719485 16
1755987543875 0.35001669079065323 17
1755987543879 0.41176091730594633 18
1755987543884 0.4102606698870659 19
1755987543888 0.43331549167633054 20
1755987543893 0.3879659861326218 21
1755987543898 0.44203448593616484 22
1755987543905 0.3654010742902756 23
1755987543910 0.3070571213960648 24
1755987543915 0.29925877451896665 25
1755987543919 0.2856495529413223 26
1755987543924 0.2739052206277847 27
1755987543930 0.2554990455508232 28
1755987543936 0.22223701924085618 29
1755987543940 0.1986854687333107 30
1755987543945 0.21300593316555022 31
1755987543950 0.24384812861680985 32
1755987543955 0.25951830595731734 33
1755987543961 0.25169340521097183 34
1755987543966 0.25958904922008513 35
1755987543971 0.2816633954644203 36
1755987543976 0.3167718932032585 37
1755987543980 0.2227933630347252 38
1755987543985 0.20643919259309768 39
1755987543991 0.19818131625652313 40
1755987543996 0.19782107695937157 41
1755987544001 0.18366094827651977 42
1755987544006 0.14481794387102126 43
1755987544011 0.14629544615745543 44
1755987544017 0.1495041012763977 45
1755987544022 0.16723855584859848 46
1755987544028 0.15335498079657556 47
1755987544033 0.1292542427778244 48
1755987544037 0.19190263301134108 49
1755987544043 0.27625823616981504 50
1755987544048 0.18749966323375702 51
1755987544053 0.14941813424229622 52
1755987544058 0.11755275130271911 53
1755987544063 0.09691160097718239 54
1755987544068 0.15210811123251916 55
1755987544073 0.11603345274925232 56
1755987544079 0.10325608849525451 57
1755987544084 0.09524228572845458 58
1755987544089 0.1572810210287571 59
1755987544094 0.12529979199171065 60
1755987544099 0.11808504238724708 61
1755987544105 0.1075135625898838 62
1755987544110 0.0904735766351223 63
1755987544115 0.09015569984912872 64
1755987544121 0.10073722377419472 65
1755987544126 0.07481997571885586 66
1755987544131 0.07781090065836907 67
1755987544136 0.06474763117730617 68
1755987544142 0.07220758385956287 69
1755987544147 0.08735203407704831 70
1755987544153 0.0760909654200077 71
1755987544159 0.05720422454178333 72
1755987544164 0.05764705203473568 73
1755987544170 0.07346170470118522 74
1755987544176 0.06833397075533867 75
1755987544181 0.0629107728600502 76
1755987544186 0.060765910893678665 77
1755987544192 0.06543692722916603 78
1755987544197 0.0828017458319664 79
1755987544203 0.07113698460161685 80
1755987544209 0.06327028274536133 81
1755987544215 0.04927399214357138 82
1755987544221 0.0545294102281332 83
1755987544227 0.05187704302370548 84
1755987544233 0.04092065133154392 85
1755987544239 0.040031873434782025 86
1755987544244 0.04226893559098244 87
1755987544250 0.05050985962152481 88
1755987544256 0.0434148121625185 89
1755987544261 0.04119251035153866 90
1755987544267 0.053045683167874814 91
1755987544273 0.04988586120307446 92
1755987544279 0.05428282022476196 93
1755987544285 0.04512856341898441 94
1755987544292 0.05270825102925301 95
1755987544298 0.04659070111811161 96
