1755986465780 3.1033706843852995 1
1755986465795 3.2988571524620056 2
1755986465803 3.8456308364868166 3
1755986465812 2.3479407906532286 4
1755986465819 1.6035942733287811 5
1755986465828 1.277284774184227 6
1755986465837 1.1833959937095642 7
1755986465850 1.1580579340457917 8
1755986465860 0.8634458392858505 9
1755986465869 1.0043109089136124 10
1755986465878 1.0631270319223405 11
1755986465886 1.01019689142704 12
1755986465898 0.6715241834521294 13
1755986465906 0.5773018196225166 14
1755986465916 0.4713315173983574 15
1755986465948 0.4793428786098957 16
1755986465961 0.5465882889926433 17
1755986465977 0.5098454822786153 18
1755986465991 0.5435005150735378 19
1755986466005 0.5008707851171493 20
1755986466015 0.4415630608797073 21
1755986466025 0.3877449564635754 22
1755986466035 0.47669059336185454 23
1755986466045 0.4471865832805634 24
1755986466055 0.3933465458452702 25
1755986466064 0.4910077199339867 26
1755986466077 0.4869855172932148 27
1755986466087 0.46725213453173636 28
1755986466096 0.34288612231612203 29
1755986466105 0.37725594341754914 30
1755986466116 0.3389966174960136 31
1755986466126 0.46593079939484594 32
1755986466137 0.3217372544109821 33
1755986466155 0.46443348452448846 34
1755986466165 0.5365260548889637 35
1755986466173 0.608096869289875 36
1755986466183 0.5644586011767387 37
1755986466191 0.38028073906898496 38
1755986466200 0.4075300462543964 39
