1755986440838 1.2829757988452912 1
1755986440851 1.1422801911830902 2
1755986440856 1.03157699406147 3
1755986440862 0.8654081642627716 4
1755986440869 0.7576753765344619 5
1755986440873 0.7479651540517807 6
1755986440880 0.7216210156679154 7
1755986440885 0.675539082288742 8
1755986440891 0.7243825644254684 9
1755986440896 0.7512464582920074 10
1755986440900 0.7130882352590561 11
1755986440910 0.5856809213757515 12
1755986440923 0.6741352409124375 13
1755986440928 0.6620442569255829 14
1755986440932 0.5947737365961074 15
1755986440938 0.5990321502089501 16
1755986440942 0.6231587752699852 17
1755986440947 0.517254213988781 18
1755986440952 0.5972078248858452 19
1755986440957 0.505862133204937 20
1755986440961 0.4858055114746094 21
1755986440966 0.47726660817861555 22
1755986440971 0.4599465042352676 23
1755986440976 0.5179241254925728 24
1755986440980 0.4665933161973953 25
1755986440985 0.4768932953476906 26
1755986440990 0.4715060845017433 27
1755986440995 0.5876480489969254 28
1755986440999 0.5749038174748421 29
1755986441004 0.5579380914568901 30
1755986441009 0.5482838079333305 31
1755986441014 0.5156926974654198 32
1755986441019 0.41011753752827645 33
1755986441024 0.475437319278717 34
1755986441029 0.5553828552365303 35
1755986441034 0.5437015295028687 36
1755986441038 0.44178640842437744 37
1755986441043 0.42199723720550536 38
1755986441048 0.4604922592639923 39
1755986441053 0.5576061889529228 40
1755986441058 0.4261201798915863 41
1755986441063 0.4200403898954391 42
1755986441068 0.41669261306524275 43
1755986441074 0.3880514144897461 44
1755986441080 0.3678734730929136 45
1755986441085 0.4555268958210945 46
1755986441090 0.5207333400845527 47
1755986441095 0.4134580433368683 48
1755986441100 0.3970584228634834 49
1755986441106 0.4000970333814621 50
1755986441111 0.40437301248311996 51
1755986441117 0.4651248887181282 52
1755986441122 0.40566030740737913 53
1755986441127 0.3695968225598335 54
1755986441132 0.4509526163339615 55
1755986441138 0.4102635070681572 56
1755986441143 0.390325503051281 57
1755986441149 0.4042747110128403 58
1755986441154 0.37912425249814985 59
1755986441159 0.34737066477537154 60
1755986441165 0.37085688933730127 61
1755986441170 0.41652063727378846 62
1755986441176 0.3618644952774048 63
1755986441181 0.3470129042863846 64
1755986441187 0.3936380103230476 65
1755986441192 0.3063818052411079 66
1755986441198 0.29582554548978807 67
1755986441206 0.31462195217609407 68
1755986441212 0.3511298462748528 69
1755986441217 0.32628071010112764 70
1755986441223 0.29068091288208964 71
1755986441229 0.32457835897803305 72
1755986441234 0.3989672988653183 73
1755986441239 0.330148895829916 74
1755986441245 0.3114522948861122 75
1755986441250 0.27884027659893035 76
1755986441256 0.28026976585388186 77
1755986441262 0.32914680019021036 78
1755986441267 0.26891048178076743 79
1755986441273 0.3091202460229397 80
1755986441279 0.2719400316476822 81
1755986441285 0.3049999810755253 82
1755986441290 0.2549687050282955 83
1755986441296 0.2609618566930294 84
1755986441302 0.25173574313521385 85
1755986441307 0.2815802298486233 86
1755986441313 0.28944349735975267 87
