1755986465780 0.0011529621340229336 1
1755986465795 0.002305924268045867 2
1755986465803 0.003458886402068801 3
1755986465812 0.004611848536091734 4
1755986465819 0.005764810670114668 5
1755986465828 0.005764810670114668 6
1755986465837 0.0057632350095285795 7
1755986465850 0.0057585097507320306 8
1755986465860 0.00575064006072614 9
1755986465869 0.005739634544901387 10
1755986465878 0.005725505237627745 11
1755986465886 0.005708267589095275 12
1755986465898 0.0056879404484195635 13
1755986465906 0.0056645460430305005 14
1755986465916 0.005638109954366907 15
1755986465948 0.0056086610899036046 16
1755986465961 0.005576231651541521 17
1755986465977 0.005540857100395381 18
1755986465991 0.005502576118017497 19
1755986466005 0.005461430564100065 20
1755986466015 0.005417465430702201 21
1755986466025 0.0053707287930517865 22
1755986466035 0.00532127175697591 23
1755986466045 0.0052691484030174 24
1755986466055 0.005214415727298544 25
1755986466064 0.005157133579196663 26
1755986466077 0.005097364595899699 27
1755986466087 0.0050351741339133655 28
1755986466096 0.004970630197594776 29
1755986466105 0.004903803364790667 30
1755986466116 0.004834766709661573 31
1755986466126 0.004763595722776288 32
1755986466137 0.004690368228564052 33
1755986466155 0.004615164300214667 34
1755986466165 0.004538066172119653 35
1755986466173 0.004459158149950139 36
1755986466183 0.004378526518469849 37
1755986466191 0.004296259447183987 38
1755986466200 0.00421244689392717 39
