1756346397613 1.3676284551620483 1
1756346397621 1.3912677946298018 2
1756346397627 1.5637151728505674 3
1756346397633 0.9796104845793351 4
1756346397639 1.0975921957389168 5
1756346397645 0.9429590676141821 6
1756346397651 0.8354307050290315 7
1756346397657 0.6427203377951747 8
1756346397663 0.7209734968517137 9
1756346397670 0.5220447260400524 10
1756346397676 0.48266199231147766 11
1756346397682 0.41580456365709717 12
1756346397688 0.38902157091576123 13
1756346397694 0.4499127903710241 14
1756346397701 0.44083924267603003 15
1756346397707 0.3510561527117439 16
1756346397713 0.3301553194937499 17
1756346397720 0.4006201359240905 18
1756346397726 0.36837574062140094 19
1756346397733 0.36946600481219916 20
1756346397739 0.32536483394063037 21
1756346397745 0.29154174418553064 22
1756346397752 0.2860953632904136 23
1756346397758 0.4299541012100551 24
1756346397765 0.3374721077473267 25
1756346397772 0.3306817561388016 26
1756346397778 0.3443536330824313 27
1756346397785 0.29484658461550006 28
1756346397791 0.40533982800400775 29
1756346397798 0.29600384183551953 30
1756346397805 0.25869527394356934 31
1756346397812 0.2510248260653537 32
1756346397818 0.26010677024074225 33
1756346397825 0.2573511295992395 34
1756346397832 0.23030393926993661 35
1756346397839 0.2329258381024651 36
1756346397846 0.20540337458900784 37
1756346397853 0.21223660396493 38
1756346397860 0.21018815364526666 39
1756346397867 0.20338315484316452 40
1756346397874 0.20182388373043225 41
1756346397881 0.17689077264588812 42
1756346397888 0.178437944015731 43
1756346397895 0.2205881790622421 44
1756346397902 0.1990854821127394 45
1756346397910 0.1714413820401482 46
1756346397917 0.22880293428897858 47
1756346397924 0.17903355671011884 48
1756346397931 0.1883816119769345 49
1756346397939 0.16626127776892288 50
1756346397946 0.15383551399344983 51
1756346397953 0.13591328813977863 52
1756346397960 0.1473218652865161 53
1756346397968 0.1419161415618399 54
1756346397975 0.18360320867403693 55
1756346397983 0.16558168666518253 56
1756346397990 0.14167032520408215 57
