1756346427862 0.0007081512109173708 1
1756346427875 0.0014163024218347415 2
1756346427887 0.002124453632752112 3
1756346427898 0.002832604843669483 4
1756346427909 0.003540756054586854 5
1756346427920 0.003540756054586854 6
1756346427931 0.003540340660706807 7
1756346427942 0.0035390946740541987 8
1756346427953 0.0035370186795001027 9
1756346427965 0.003534113651524589 10
1756346427976 0.0035303809537593025 11
1756346427987 0.003525822338347367 12
1756346427998 0.003520439945120923 13
1756346428010 0.003514236300596681 14
1756346428021 0.0035072143167899656 15
1756346428033 0.0034993772898478056 16
1756346428044 0.003490728898501705 17
1756346428055 0.0034812732023408355 18
1756346428067 0.0034710146399064483 19
1756346428078 0.003459958026608405 20
1756346428090 0.0034481085524648057 21
1756346428101 0.003435471779665773 22
1756346428113 0.0034220536399625387 23
1756346428125 0.003407860431883057 24
1756346428136 0.003392898817775447 25
1756346428148 0.003377175820680665 26
1756346428160 0.0033606988210358574 27
1756346428171 0.0033434755532099573 28
1756346428183 0.0033255141018731374 29
1756346428195 0.003306822898201838 30
1756346428207 0.0032874107159211363 31
1756346428218 0.0032672866671863256 32
1756346428230 0.0032464601983056337 33
1756346428243 0.0032249410853060897 34
1756346428254 0.0032027394293446167 35
1756346428266 0.0031798656519665086 36
1756346428278 0.0031563304902135158 37
1756346428290 0.0031321449915838366 38
1756346428303 0.0031073205088463754 39
1756346428315 0.003081868694711709 40
1756346428327 0.003055801496362259 41
1756346428339 0.0030291311498442356 42
1756346428351 0.0030018701743239895 43
1756346428363 0.0029740313662114663 44
1756346428376 0.0029456277931535204 45
1756346428388 0.002916672787899909 46
1756346428400 0.002887179942044848 47
1756346428413 0.0028571630996470625 48
1756346428425 0.002826636350731332 49
1756346428438 0.0027956140246745763 50
1756346428450 0.002764110683479588 51
1756346428462 0.0027321411149395735 52
1756346428475 0.0026997203256967023 53
1756346428487 0.0026668635341979283 54
1756346428500 0.002633586163551395 55
1756346428512 0.002599903834286762 56
1756346428525 0.002565832357022871 57
1756346428538 0.0025313877250461754 58
1756346428550 0.002496586106803431 59
1756346428563 0.00246144383831216 60
1756346428575 0.002425977415492463 61
1756346428588 0.0023902034864237654 62
1756346428601 0.002354138843530146 63
1756346428614 0.0023178004156979033 64
1756346428626 0.002281205260329073 65
1756346428639 0.0022443705553346132 66
1756346428652 0.002207313591071024 67
1756346428665 0.00217005176222419 68
1756346428678 0.0021326025596442415 69
1756346428691 0.002094983562135282 70
1756346428704 0.0020572124282038267 71
1756346428716 0.002019306887769832 72
1756346428730 0.0019812847338441975 73
1756346428743 0.0019431638141766607 74
1756346428756 0.001904962022877986 75
1756346428769 0.0018666972920204049 76
1756346428782 0.0018283875832202266 77
1756346428795 0.0017900508792065835 78
