1756346397613 2.3779269094052524 1
1756346397621 2.3922464121942935 2
1756346397627 2.379371427971384 3
1756346397633 1.4001642336016116 4
1756346397639 1.8511177456897239 5
1756346397645 1.1853297028852545 6
1756346397651 0.8831818388855975 7
1756346397657 0.911072515923044 8
1756346397663 0.8751989680787792 9
1756346397670 0.5375420347503994 10
1756346397676 0.5683342827403027 11
1756346397682 0.4376192352046137 12
1756346397688 0.3934670647849207 13
1756346397694 0.5989715340344802 14
1756346397701 0.4745823012098022 15
1756346397707 0.3603915228791859 16
1756346397713 0.33536082830118097 17
1756346397720 0.516435330328734 18
1756346397726 0.4335441187671993 19
1756346397733 0.4257307266411574 20
1756346397739 0.3427961799113647 21
1756346397745 0.3793135146084039 22
1756346397752 0.30375400056009705 23
1756346397758 0.5894813770833223 24
1756346397765 0.4726325467876766 25
1756346397772 0.4890003942924997 26
1756346397778 0.36142907518407574 27
1756346397785 0.3725948268952577 28
1756346397791 0.49387987281965173 29
1756346397798 0.34126255499280017 30
1756346397805 0.28400819910609204 31
1756346397812 0.3185321847381799 32
1756346397818 0.3546065137438152 33
1756346397825 0.31208635153977765 34
1756346397832 0.25283155946627905 35
1756346397839 0.27957116326560144 36
1756346397846 0.22893604085497235 37
1756346397853 0.24808221958253696 38
1756346397860 0.23435084521770477 39
1756346397867 0.23702709344418152 40
1756346397874 0.2231537349846052 41
1756346397881 0.16666724338479663 42
1756346397888 0.22984149436587872 43
1756346397895 0.282695764756721 44
1756346397902 0.2872615974882375 45
1756346397910 0.20467254033555154 46
1756346397917 0.2952851549438808 47
1756346397924 0.2213068999674009 48
1756346397931 0.21635030242411987 49
1756346397939 0.1736722601496655 50
1756346397946 0.1820569365568783 51
1756346397953 0.17920002697602563 52
1756346397960 0.18931720891724463 53
1756346397968 0.1897005652603896 54
1756346397975 0.2602365159470102 55
1756346397983 0.17804968033147894 56
1756346397990 0.19676956858323968 57
