1756346467376 1.9886930092521335 1
1756346467395 2.2279100210770317 2
1756346467413 2.8107798306838325 3
1756346467430 1.5763219387634941 4
1756346467448 1.2297591463379238 5
1756346467466 0.8347382623216381 6
1756346467483 0.6865395592606586 7
1756346467501 0.6921002437239108 8
1756346467518 0.6652127245198125 9
1756346467536 0.5392915917479474 10
1756346467554 0.5533076926417972 11
1756346467572 0.490511672652286 12
1756346467589 0.49099979258101917 13
1756346467607 0.49431069260058197 14
1756346467625 0.48083315336185956 15
1756346467643 0.4294983615045962 16
1756346467661 0.3210007036509721 17
1756346467679 0.37445299133010534 18
1756346467697 0.35671179579651874 19
1756346467715 0.3733631016119667 20
1756346467733 0.4828844990419305 21
1756346467751 0.34040613083735755 22
1756346467769 0.36425405481587286 23
1756346467787 0.3914083605227263 24
1756346467805 0.3285843924335811 25
1756346467823 0.2630497097321179 26
1756346467841 0.3770258297090945 27
1756346467859 0.44902033585569134 28
1756346467878 0.2898116779068242 29
1756346467896 0.29065465473610425 30
1756346467914 0.3171967034754546 31
1756346467932 0.27792013112617575 32
1756346467951 0.22531903373158496 33
1756346467969 0.20074838821006857 34
1756346467987 0.21447584616101306 35
1756346468006 0.2169675661817841 36
1756346468024 0.2641425268805545 37
1756346468043 0.21937212477559628 38
1756346468061 0.2556566129560056 39
1756346468080 0.20037503670091214 40
1756346468098 0.24398813688236734 41
1756346468117 0.2843828483120255 42
1756346468135 0.1868488328612369 43
1756346468154 0.23772561226202094 44
1756346468172 0.16438327308582223 45
1756346468191 0.1748264998845432 46
1756346468210 0.1760388036137042 47
1756346468228 0.19971404321815656 48
1756346468247 0.17804747852294342 49
1756346468266 0.2679877669914909 50
1756346468285 0.19345825068328693 51
1756346468304 0.19042174356139224 52
1756346468323 0.17109535958455957 53
1756346468342 0.16468843558560248 54
1756346468361 0.137362251787082 55
1756346468380 0.1753329611990763 56
1756346468399 0.15684816403233487 57
1756346468418 0.14724349100952563 58
1756346468437 0.12791973903127338 59
1756346468456 0.12588912523958995 60
1756346468475 0.13236832715894864 61
1756346468494 0.1486958819239036 62
1756346468513 0.10668296026794807 63
1756346468532 0.11039993928178497 64
1756346468552 0.11288504723621451 65
1756346468571 0.13093723956009615 66
1756346468590 0.10827245903403862 67
1756346468609 0.097121587590031 68
1756346468629 0.10468216159421465 69
1756346468648 0.09498916712144147 70
1756346468668 0.16099561005830765 71
1756346468687 0.13855561856990276 72
1756346468706 0.11581985684840576 73
1756346468726 0.11818982255847557 74
1756346468746 0.12023065109615741 75
1756346468765 0.12689323593740878 76
1756346468785 0.15772696001374203 77
1756346468804 0.14138161520595136 78
1756346468824 0.1649172466410243 79
1756346468844 0.11676762884725696 80
1756346468864 0.08882403713853462 81
1756346468883 0.12253115812073583 82
1756346468903 0.13997224054258803 83
1756346468923 0.10460886181048724 84
1756346468943 0.08890535042661687 85
1756346468963 0.09200417201804079 86
1756346468983 0.11000517156461011 87
