1756346448714 0.0007081512109173708 1
1756346448730 0.0014163024218347415 2
1756346448744 0.002124453632752112 3
1756346448758 0.002832604843669483 4
1756346448772 0.003540756054586854 5
1756346448786 0.003540756054586854 6
1756346448800 0.003540340660706807 7
1756346448814 0.0035390946740541987 8
1756346448828 0.0035370186795001027 9
1756346448843 0.003534113651524589 10
1756346448857 0.0035303809537593025 11
1756346448871 0.003525822338347367 12
1756346448885 0.003520439945120923 13
1756346448899 0.003514236300596681 14
1756346448914 0.0035072143167899656 15
1756346448928 0.0034993772898478056 16
1756346448942 0.003490728898501705 17
1756346448957 0.0034812732023408355 18
1756346448971 0.0034710146399064483 19
1756346448985 0.003459958026608405 20
1756346449000 0.0034481085524648057 21
1756346449014 0.003435471779665773 22
1756346449029 0.0034220536399625387 23
1756346449043 0.003407860431883057 24
1756346449058 0.003392898817775447 25
1756346449072 0.003377175820680665 26
1756346449087 0.0033606988210358574 27
1756346449101 0.0033434755532099573 28
1756346449116 0.0033255141018731374 29
1756346449131 0.003306822898201838 30
1756346449145 0.0032874107159211363 31
1756346449160 0.0032672866671863256 32
1756346449175 0.0032464601983056337 33
1756346449190 0.0032249410853060897 34
1756346449205 0.0032027394293446167 35
1756346449220 0.0031798656519665086 36
1756346449235 0.0031563304902135158 37
1756346449249 0.0031321449915838366 38
1756346449264 0.0031073205088463754 39
1756346449279 0.003081868694711709 40
1756346449294 0.003055801496362259 41
1756346449309 0.0030291311498442356 42
1756346449324 0.0030018701743239895 43
1756346449339 0.0029740313662114663 44
1756346449354 0.0029456277931535204 45
1756346449369 0.002916672787899909 46
1756346449385 0.002887179942044848 47
1756346449400 0.0028571630996470625 48
1756346449415 0.002826636350731332 49
1756346449430 0.0027956140246745763 50
1756346449446 0.002764110683479588 51
1756346449461 0.0027321411149395735 52
1756346449476 0.0026997203256967023 53
1756346449491 0.0026668635341979283 54
1756346449507 0.002633586163551395 55
1756346449522 0.002599903834286762 56
1756346449538 0.002565832357022871 57
1756346449553 0.0025313877250461754 58
1756346449569 0.002496586106803431 59
1756346449584 0.00246144383831216 60
1756346449600 0.002425977415492463 61
1756346449615 0.0023902034864237654 62
1756346449631 0.002354138843530146 63
1756346449647 0.0023178004156979033 64
1756346449662 0.002281205260329073 65
1756346449678 0.0022443705553346132 66
1756346449694 0.002207313591071024 67
1756346449709 0.00217005176222419 68
1756346449725 0.0021326025596442415 69
1756346449741 0.002094983562135282 70
1756346449757 0.0020572124282038267 71
1756346449773 0.002019306887769832 72
1756346449789 0.0019812847338441975 73
1756346449805 0.0019431638141766607 74
1756346449821 0.001904962022877986 75
1756346449837 0.0018666972920204049 76
1756346449853 0.0018283875832202266 77
1756346449869 0.0017900508792065835 78
1756346449885 0.0017517051753802705 79
1756346449901 0.0017133684713666276 80
1756346449917 0.001675058762566449 81
1756346449933 0.001636794031708868 82
1756346449949 0.001598592240410194 83
1756346449965 0.0015604713207426565 84
1756346449982 0.0015224491668170226 85
1756346449998 0.0014845436263830278 86
1756346450014 0.0014467724924515724 87
1756346450030 0.001409153494942613 88
1756346450047 0.001371704292362664 89
1756346450063 0.0013344424635158302 90
1756346450080 0.0012973854992522418 91
1756346450096 0.0012605507942577813 92
1756346450112 0.0012239556388889512 93
1756346450129 0.0011876172110567085 94
1756346450146 0.0011515525681630888 95
1756346450162 0.0011157786390943911 96
1756346450179 0.0010803122162746938 97
1756346450196 0.0010451699477834232 98
1756346450212 0.0010103683295406788 99
1756346450229 0.000975923697563984 100
1756346450246 0.0009418522203000925 101
