1756060188656 0.0010222119701517765 1
1756060188667 0.002044423940303553 2
1756060188674 0.00306663591045533 3
1756060188681 0.004088847880607106 4
1756060188688 0.005111059850758883 5
1756060188694 0.005111059850758883 6
1756060188701 0.005109662906903467 7
1756060188708 0.005105473602874817 8
1756060188715 0.00509849651961538 9
1756060188723 0.005088739286463265 10
1756060188729 0.005076212572809668 11
1756060188737 0.005060930076432055 12
1756060188744 0.005042908508515839 13
1756060188751 0.005022167575380948 14
1756060188758 0.004998729956933247 15
1756060188766 0.0049726212818644025 16
1756060188773 0.00494387009962728 17
1756060188780 0.004912507849217532 18
1756060188787 0.004878568824795528 19
1756060188795 0.004842090138186184 20
1756060188802 0.0048031116782977345 21
1756060188809 0.004761676067503791 22
1756060188816 0.004717828615036403 23
1756060188823 0.004671617267441085 24
1756060188831 0.004623092556147963 25
1756060188838 0.004572307542216404 26
1756060188845 0.004519317758313522 27
1756060188853 0.0044641811479900284 28
1756060188860 0.004406958002319804 29
1756060188867 0.004347710893972497 30
1756060188875 0.00428650460879123 31
1756060188882 0.004223406074950224 32
1756060188889 0.004158484289769833 33
1756060188896 0.004091810244268978 34
1756060188904 0.0040234568455375175 35
1756060188911 0.003953498837013409 36
1756060188919 0.0038820127167518603 37
1756060188926 0.0038090766537758293 38
1756060188934 0.0037347704025993433 39
1756060188941 0.0036591752160171098 40
1756060188949 0.0035823737562557813 41
1756060188956 0.003504450004584017 42
1756060188964 0.0034254891694802062 43
1756060188971 0.003345577593458243 44
1756060188979 0.003264802658653257 45
1756060188987 0.0031832526912705336 46
1756060188994 0.0031010168650020997 47
1756060189002 0.003018185103516606 48
1756060189009 0.002934847982129113 49
1756060189017 0.0028510966287583154 50
1756060189025 0.0027670226242794984 51
1756060189033 0.002682717902382197 52
1756060189040 0.0025982746490420586 53
1756060189048 0.002513785201716825 54
1756060189056 0.0024293419483766856 55
1756060189064 0.0023450372264793855 56
1756060189071 0.002260963222000568 57
1756060189079 0.0021772118686297698 58
1756060189087 0.002093874747242278 59
