1756060142814 0.9232386112213135 1
1756060142820 0.7677617371082306 2
1756060142825 0.7041001468896866 3
1756060142830 0.6929610133171081 4
1756060142835 0.6642020612955093 5
1756060142840 0.6022859543561936 6
1756060142845 0.5791098222136497 7
1756060142850 0.540392842888832 8
1756060142855 0.6181028261780739 9
1756060142860 0.5308387443423271 10
1756060142865 0.4980008497834206 11
1756060142870 0.5264724925160408 12
1756060142875 0.5067718967795372 13
1756060142880 0.5034589171409607 14
1756060142885 0.5324581161141395 15
1756060142890 0.4766929239034653 16
1756060142895 0.41259428262710574 17
1756060142901 0.42165963500738146 18
1756060142906 0.4363464519381523 19
1756060142911 0.4004165276885033 20
1756060142916 0.42139918357133865 21
1756060142921 0.41618873327970507 22
1756060142927 0.3878289595246315 23
1756060142932 0.3917906656861305 24
1756060142937 0.41396902948617936 25
1756060142942 0.4451245442032814 26
1756060142947 0.45850125402212144 27
1756060142952 0.4704571947455406 28
1756060142958 0.441917259991169 29
1756060142963 0.4330583274364471 30
1756060142968 0.42409382462501527 31
1756060142974 0.3808260917663574 32
1756060142979 0.4012087032198906 33
1756060142984 0.382538004219532 34
1756060142989 0.43604450970888137 35
1756060142994 0.3923847585916519 36
1756060143000 0.38494502007961273 37
1756060143005 0.3621304228901863 38
1756060143010 0.3545815646648407 39
1756060143015 0.3672177940607071 40
1756060143021 0.3641903460025787 41
1756060143026 0.35262881219387054 42
1756060143032 0.35168320387601854 43
