1756060188656 1.6718253076076508 1
1756060188667 1.441353327035904 2
1756060188674 1.2920059233903884 3
1756060188681 1.1339489346370102 4
1756060188688 0.8197905860841275 5
1756060188694 0.7115370154380798 6
1756060188701 0.727342925965786 7
1756060188708 0.6512614347040653 8
1756060188715 0.5384547755122184 9
1756060188723 0.5240255787968635 10
1756060188729 0.5248670071363449 11
1756060188737 0.5181256517767906 12
1756060188744 0.5674856148660183 13
1756060188751 0.586963438987732 14
1756060188758 0.6184866964817047 15
1756060188766 0.6096751749515533 16
1756060188773 0.6274289891123772 17
1756060188780 0.5425093352794648 18
1756060188787 0.4834343656897545 19
1756060188795 0.49946413934230804 20
1756060188802 0.6847815573215484 21
1756060188809 0.7582134291529655 22
1756060188816 0.615158525109291 23
1756060188823 0.4376599043607712 24
1756060188831 0.5102245330810546 25
1756060188838 0.45846096649765966 26
1756060188845 0.41781286969780923 27
1756060188853 0.46073376685380935 28
1756060188860 0.5394182860851288 29
1756060188867 0.37081446051597594 30
1756060188875 0.32846019193530085 31
1756060188882 0.30870193913578986 32
1756060188889 0.44635256603360174 33
1756060188896 0.45422184765338897 34
1756060188904 0.32167432382702826 35
1756060188911 0.2776670604944229 36
1756060188919 0.26290847957134245 37
1756060188926 0.27508801966905594 38
1756060188934 0.2736812815070152 39
1756060188941 0.42820005416870116 40
1756060188949 0.3477914832532406 41
1756060188956 0.36985866278409957 42
1756060188964 0.2426698725670576 43
1756060188971 0.3506693311035633 44
1756060188979 0.2936712965369225 45
1756060188987 0.2812014974653721 46
1756060188994 0.31105917170643804 47
1756060189002 0.23340700715780258 48
1756060189009 0.2803486816585064 49
1756060189017 0.3127518564462662 50
1756060189025 0.27902599722146987 51
1756060189033 0.227313544601202 52
1756060189040 0.31776269525289536 53
1756060189048 0.26544012650847437 54
1756060189056 0.26066488996148107 55
1756060189064 0.2628673009574413 56
1756060189071 0.3515982531011105 57
1756060189079 0.23373883888125419 58
1756060189087 0.2823466993868351 59
