1756060142814 1.9701525449752808 1
1756060142820 1.3615680456161499 2
1756060142825 1.2415671691298484 3
1756060142830 1.1855065360665322 4
1756060142835 0.9608668476343155 5
1756060142840 0.8331135034561157 6
1756060142845 0.6570889115333557 7
1756060142850 0.5507320925593376 8
1756060142855 0.7753244303166866 9
1756060142860 0.6026319563388824 10
1756060142865 0.5199636355042457 11
1756060142870 0.6127238497138023 12
1756060142875 0.5504609659314156 13
1756060142880 0.5309974774718285 14
1756060142885 0.5941314235329628 15
1756060142890 0.49704709500074384 16
1756060142895 0.37357433550059793 17
1756060142901 0.35325795188546183 18
1756060142906 0.45501890368759634 19
1756060142911 0.3549144143238664 20
1756060142916 0.3902762413024902 21
1756060142921 0.3974250927567482 22
1756060142927 0.336203932762146 23
1756060142932 0.34150721654295924 24
1756060142937 0.3801273018121719 25
1756060142942 0.5550619885325432 26
1756060142947 0.4065078742802143 27
1756060142952 0.48661593422293664 28
1756060142958 0.4171593368053436 29
1756060142963 0.4774009555578232 30
1756060142968 0.38853118047118185 31
1756060142974 0.3293942496180534 32
1756060142979 0.37651494070887565 33
1756060142984 0.34359668344259264 34
1756060142989 0.5037267647683621 35
1756060142994 0.3189966782927513 36
1756060143000 0.30514614954590796 37
1756060143005 0.28014223389327525 38
1756060143010 0.23686616867780685 39
1756060143015 0.28892180398106576 40
1756060143021 0.26747115328907967 41
1756060143026 0.28760554939508437 42
1756060143032 0.28344137966632843 43
