1756060142814 1.523665264248848 1
1756060142820 1.0818009585142137 2
1756060142825 0.9327121078968048 3
1756060142830 0.859696327149868 4
1756060142835 0.801240336894989 5
1756060142840 0.6397209793329239 6
1756060142845 0.5843959093093872 7
1756060142850 0.5018538936972619 8
1756060142855 0.6904834330081939 9
1756060142860 0.48384190201759336 10
1756060142865 0.4549973577260971 11
1756060142870 0.4995298147201538 12
1756060142875 0.4416139662265778 13
1756060142880 0.4266666606068611 14
1756060142885 0.4864188864827156 15
1756060142890 0.40848045200109484 16
1756060142895 0.30587812289595606 17
1756060142901 0.31133907064795496 18
1756060142906 0.3484430318698287 19
1756060142911 0.28870665058493616 20
1756060142916 0.3328808851540089 21
1756060142921 0.3166704326868057 22
1756060142927 0.2714236229658127 23
1756060142932 0.27041655369102957 24
1756060142937 0.31301808133721354 25
1756060142942 0.46538551449775695 26
1756060142947 0.36093902960419655 27
1756060142952 0.39092377945780754 28
1756060142958 0.3490520052611828 29
1756060142963 0.3455608896911144 30
1756060142968 0.3270807020366192 31
1756060142974 0.2553535260260105 32
1756060142979 0.29130141362547873 33
1756060142984 0.26300871223211286 34
1756060142989 0.4547823451459408 35
1756060142994 0.2930041655898094 36
1756060143000 0.263076488673687 37
1756060143005 0.22613406777381898 38
1756060143010 0.22569561041891575 39
1756060143015 0.23230036497116088 40
1756060143021 0.23527761697769164 41
1756060143026 0.23081410005688668 42
1756060143032 0.2277374044060707 43
