1756057237696 1.3777124136686325 1
1756057237704 1.1872869610786438 2
1756057237711 0.9789768397808075 3
1756057237717 1.063789889961481 4
1756057237724 0.8179812252521514 5
1756057237730 0.7347998321056366 6
1756057237737 0.6233840405941009 7
1756057237743 0.669449569284916 8
1756057237750 0.4865572599694133 9
1756057237756 0.658532164990902 10
1756057237763 0.4779215455055237 11
1756057237770 0.4784050464630127 12
1756057237776 0.4583956152200699 13
1756057237783 0.5224820598959923 14
1756057237790 0.5258965007960796 15
1756057237796 0.5342086270451546 16
1756057237803 0.4438162498176098 17
1756057237810 0.377985655516386 18
1756057237817 0.3791197933256626 19
1756057237823 0.40576310008764266 20
1756057237830 0.35420219153165816 21
1756057237837 0.3379166580736637 22
1756057237844 0.34508840516209605 23
1756057237851 0.34785841703414916 24
1756057237858 0.3252209544181824 25
1756057237865 0.317113596200943 26
1756057237872 0.34650019109249114 27
1756057237879 0.38242056891322135 28
1756057237886 0.5288879230618477 29
1756057237893 0.36675153449177744 30
1756057237900 0.3494906656444073 31
1756057237907 0.31688050627708436 32
1756057237914 0.2956197664141655 33
1756057237921 0.29753243997693063 34
1756057237928 0.2729202747344971 35
1756057237935 0.277531735599041 36
1756057237942 0.36755575761199 37
1756057237949 0.31916275471448896 38
1756057237956 0.27909106239676473 39
1756057237963 0.25427902340888975 40
1756057237970 0.2617655448615551 41
1756057237977 0.24425579309463502 42
1756057237984 0.28406934514641763 43
1756057237991 0.3204836070537567 44
1756057237998 0.27306295558810234 45
1756057238006 0.22653210163116455 46
1756057238013 0.2899735111743212 47
1756057238020 0.24197375625371934 48
1756057238028 0.25015961080789567 49
1756057238035 0.2987075760960579 50
1756057238042 0.29475709423422813 51
1756057238050 0.27234633192420005 52
1756057238057 0.2475239172577858 53
1756057238064 0.35699246227741244 54
1756057238071 0.24985582381486893 55
1756057238079 0.2296722985804081 56
1756057238086 0.20636433809995652 57
1756057238093 0.21220025047659874 58
1756057238101 0.19904611743986605 59
1756057238108 0.221747587621212 60
1756057238115 0.24520992934703828 61
1756057238123 0.22903286665678024 62
