1756057259778 0.9183597803115845 1
1756057259789 0.759949341416359 2
1756057259798 0.725403967499733 3
1756057259807 0.7288770228624344 4
1756057259815 0.7108837902545929 5
1756057259824 0.6698365896940232 6
1756057259832 0.6510418027639389 7
1756057259841 0.6474737495183944 8
1756057259850 0.569252897799015 9
1756057259859 0.5464097484946251 10
1756057259867 0.5611258879303932 11
1756057259876 0.5700555428862571 12
1756057259885 0.5704009503126144 13
1756057259894 0.5172989085316658 14
1756057259903 0.45623261779546737 15
1756057259912 0.5206326425075531 16
1756057259921 0.4678537413477898 17
1756057259930 0.43653451949357985 18
1756057259938 0.47486482560634613 19
1756057259947 0.4872395247220993 20
1756057259956 0.5250983864068985 21
1756057259965 0.46843271851539614 22
1756057259974 0.4738274872303009 23
1756057259982 0.43082489222288134 24
1756057259991 0.4365318074822426 25
1756057260002 0.43803423047065737 26
1756057260012 0.4567709416151047 27
1756057260021 0.4408910617232323 28
1756057260030 0.4483689174056053 29
1756057260039 0.4482894837856293 30
1756057260048 0.44263016283512113 31
1756057260057 0.43664407581090925 32
1756057260065 0.3890044927597046 33
1756057260074 0.38003420978784563 34
1756057260083 0.39322988837957384 35
1756057260092 0.4017923891544342 36
1756057260100 0.4053645595908165 37
1756057260109 0.37641493380069735 38
1756057260117 0.40837484449148176 39
1756057260126 0.43267680555582044 40
1756057260135 0.4558444142341614 41
1756057260144 0.403916434943676 42
1756057260152 0.4026954859495163 43
1756057260161 0.38726030588150023 44
1756057260170 0.39036405831575394 45
