1756057237696 1.968681439757347 1
1756057237704 1.5845468938350677 2
1756057237711 1.153400081396103 3
1756057237717 1.439635220170021 4
1756057237724 0.9726156964898109 5
1756057237730 0.9475571379065514 6
1756057237737 0.7128735199570656 7
1756057237743 0.8163154974579812 8
1756057237750 0.5840116826817393 9
1756057237756 0.7609054207801819 10
1756057237763 0.5608909219503403 11
1756057237770 0.5463053479790687 12
1756057237776 0.6055667564272881 13
1756057237783 0.640106838941574 14
1756057237790 0.6079146452248096 15
1756057237796 0.6187076598405838 16
1756057237803 0.5135612025856972 17
1756057237810 0.4312268853187561 18
1756057237817 0.4301612451672554 19
1756057237823 0.4622159883379936 20
1756057237830 0.42090034633874895 21
1756057237837 0.41378928916528823 22
1756057237844 0.4372162640094757 23
1756057237851 0.383895979821682 24
1756057237858 0.36441191881895063 25
1756057237865 0.37006744742393494 26
1756057237872 0.41661486625671384 27
1756057237879 0.4181478828191757 28
1756057237886 0.650398175418377 29
1756057237893 0.42342489659786225 30
1756057237900 0.3992408886551857 31
1756057237907 0.3924433298408985 32
1756057237914 0.38282373920083046 33
1756057237921 0.33481155931949613 34
1756057237928 0.35373965334147217 35
1756057237935 0.3402097627520561 36
1756057237942 0.4088158316910267 37
1756057237949 0.35867670476436614 38
1756057237956 0.30956595614552496 39
1756057237963 0.3089814029633999 40
1756057237970 0.3024057254195213 41
1756057237977 0.2721478655934334 42
1756057237984 0.32671402096748353 43
1756057237991 0.36289276704192164 44
1756057237998 0.29364370331168177 45
1756057238006 0.2447681225836277 46
1756057238013 0.3098855637013912 47
1756057238020 0.2917521096765995 48
1756057238028 0.3063743129372597 49
1756057238035 0.34581919461488725 50
1756057238042 0.3758289936929941 51
1756057238050 0.29300684705376623 52
1756057238057 0.3140328828245401 53
1756057238064 0.3700448930263519 54
1756057238071 0.2642210803925991 55
1756057238079 0.2679255217313766 56
1756057238086 0.2742958914488554 57
1756057238093 0.25873776748776434 58
1756057238101 0.21934764906764032 59
1756057238108 0.27003639601171014 60
1756057238115 0.2706057220697403 61
1756057238123 0.28435359671711924 62
