1756054659178 1.9424893021583558 1
1756054659188 1.4924845933914184 2
1756054659197 1.1806748449802398 3
1756054659205 0.8352863669395447 4
1756054659214 0.7235523700714112 5
1756054659222 0.4907247930765152 6
1756054659230 0.41880556046962736 7
1756054659238 0.32188636660575864 8
1756054659246 0.2678980052471161 9
1756054659254 0.2241921067237854 10
1756054659262 0.21680204272270204 11
1756054659272 0.26577305644750593 12
1756054659282 0.21494837403297423 13
1756054659290 0.18221090734004974 14
1756054659300 0.14796783700585364 15
1756054659308 0.1360696166753769 16
1756054659316 0.13452055752277375 17
1756054659325 0.11115779429674148 18
1756054659333 0.10440798029303551 19
1756054659342 0.1047242246568203 20
1756054659350 0.12072785347700118 21
1756054659359 0.17320981323719026 22
1756054659367 0.13635413050651551 23
1756054659375 0.126768109947443 24
1756054659383 0.13323824256658554 25
1756054659392 0.10248652026057244 26
1756054659401 0.10792379453778267 27
1756054659410 0.08876069597899913 28
1756054659418 0.08846248984336853 29
1756054659426 0.08994449824094772 30
1756054659435 0.09107639566063881 31
1756054659444 0.09895082786679268 32
1756054659454 0.08530090451240539 33
1756054659463 0.08066554293036461 34
1756054659472 0.06500494554638862 35
1756054659481 0.07074230425059795 36
1756054659489 0.06068561002612114 37
1756054659498 0.08583770990371704 38
1756054659506 0.07462695315480232 39
1756054659515 0.07415229193866253 40
1756054659525 0.06709535308182239 41
1756054659534 0.05335906483232975 42
1756054659544 0.05173897333443165 43
1756054659554 0.048107823356986046 44
1756054659562 0.05028293505311012 45
1756054659571 0.05271574147045612 46
1756054659580 0.041671726293861865 47
1756054659589 0.0468573184683919 48
1756054659598 0.04073748011142016 49
1756054659607 0.04717599898576737 50
1756054659615 0.03482149019837379 51
1756054659624 0.04324692953377962 52
1756054659633 0.04594585914164782 53
1756054659641 0.0396270027384162 54
1756054659650 0.046341441199183465 55
1756054659659 0.037912766262888906 56
