1756054641406 0.001678050400563086 1
1756054641418 0.003356100801126172 2
1756054641425 0.005034151201689258 3
1756054641433 0.006712201602252344 4
1756054641441 0.00839025200281543 5
1756054641447 0.00839025200281543 6
1756054641455 0.008387958621841598 7
1756054641461 0.008381080986698531 8
1756054641468 0.008369626617979279 9
1756054641475 0.008353608040867865 10
1756054641481 0.008333042771443177 11
1756054641488 0.008307953297525398 12
1756054641496 0.008278367054085894 13
1756054641503 0.008244316393247486 14
1756054641510 0.008205838548907876 15
1756054641517 0.008162975596024922 16
1756054641523 0.008115774404608292 17
1756054641530 0.008064286588467803 18
1756054641537 0.008008568448774464 19
1756054641544 0.007948680912495988 20
1756054641550 0.007884689465774032 21
1756054641557 0.007816664082316079 22
1756054641564 0.007744679146880195 23
1756054641571 0.0076688133739364105 24
1756054641577 0.007589149721593589 25
1756054641584 0.007505775300885957 26
1756054641591 0.007418781280518469 27
1756054641598 0.0073282627871751604 28
1756054641605 0.0072343188014995265 29
1756054641612 0.007137052049860628 30
1756054641619 0.007036568892023331 31
1756054641627 0.006932979204845447 32
1756054641633 0.006826396262129019 33
1756054641640 0.006716936610757072 34
1756054641647 0.0066047199432513115 35
1756054641654 0.0064898689668901055 36
1756054641661 0.00637250926952988 37
1756054641668 0.006252769182276641 38
1756054641675 0.006130779639157794 39
1756054641683 0.006006674033947705 40
1756054641691 0.005880588074303575 41
1756054641699 0.005752659633371095 42
1756054641706 0.005623028599022203 43
1756054641714 0.0054918367208897315 44
1756054641721 0.0053592274553662805 45
1756054641728 0.0052253458087367505 46
1756054641735 0.0050903381786161 47
1756054641742 0.004954352193865705 48
1756054641750 0.004817536553163361 49
1756054641757 0.004680040862403472 50
1756054641764 0.004542015471105191 51
1756054641772 0.004403611308007435 52
1756054641779 0.004264979716030522 53
1756054641786 0.004126272286784909 54
1756054641793 0.003987640694807995 55
1756054641800 0.00384923653171024 56
1756054641807 0.0037112111404119584 57
1756054641814 0.003573715449652069 58
1756054641821 0.0034368998089497273 59
1756054641829 0.0033009138241993307 60
1756054641836 0.00316590619407868 61
1756054641843 0.0030320245474491506 62
1756054641850 0.0028994152819256996 63
1756054641858 0.002768223403793228 64
1756054641865 0.002638592369444334 65
1756054641873 0.0025106639285118566 66
1756054641881 0.0023845779688677253 67
