1755909413932 1.0596916496753692 1
1755909413943 0.9011952161788941 2
1755909413948 0.8287859201431275 3
1755909413952 0.767692756652832 4
1755909413957 0.6955171763896942 5
1755909413961 0.6196534276008606 6
1755909413966 0.5576718121767044 7
1755909413970 0.49693589508533476 8
1755909413975 0.458919033408165 9
1755909413979 0.47036506831645963 10
1755909413983 0.4232075959444046 11
1755909413988 0.3893156796693802 12
1755909413992 0.4011552482843399 13
1755909413997 0.36521974503993987 14
1755909414001 0.35811997652053834 15
1755909414005 0.3337776273488998 16
1755909414009 0.34078688025474546 17
1755909414013 0.32073129117488863 18
1755909414017 0.3081074386835098 19
1755909414022 0.307606640458107 20
1755909414026 0.32805158495903014 21
1755909414031 0.29345430582761767 22
1755909414035 0.2895541101694107 23
1755909414040 0.283201789855957 24
1755909414045 0.26571453362703323 25
1755909414050 0.2464312806725502 26
1755909414054 0.25268245190382005 27
1755909414059 0.23106118738651277 28
1755909414063 0.2318282499909401 29
1755909414067 0.2407122626900673 30
1755909414072 0.22853792756795882 31
1755909414076 0.22566815763711928 32
1755909414080 0.22533183842897414 33
1755909414085 0.23329888731241227 34
1755909414089 0.24385971426963807 35
1755909414094 0.23451074063777924 36
1755909414098 0.2369904786348343 37
1755909414103 0.224716454744339 38
