1756346356456 0.0011091054669522009 1
1756346356468 0.0022182109339044017 2
1756346356478 0.0033273164008566026 3
1756346356488 0.004436421867808803 4
1756346356498 0.005545527334761004 5
1756346356508 0.005545527334761004 6
1756346356518 0.005544876678984985 7
1756346356529 0.005542925017077329 8
1756346356539 0.00553967326515587 9
1756346356549 0.0055351229496058444 10
1756346356560 0.005529276206363408 11
1756346356570 0.005522135779913007 12
1756346356580 0.005513705021999116 13
1756346356590 0.00550398789005291 14
1756346356601 0.005492988945334634 15
1756346356611 0.005480713350792531 16
1756346356621 0.005467166868639324 17
1756346356632 0.005452355857647423 18
1756346356642 0.005436287270164083 19
1756346356652 0.005418968648847949 20
1756346356663 0.005400408123128501 21
1756346356674 0.0053806144053900684 22
1756346356684 0.0053595967868821995 23
1756346356695 0.005337365133358318 24
1756346356705 0.005313929880444689 25
1756346356716 0.005289302028741908 26
1756346356727 0.005263493138661164 27
1756346356738 0.005236515324997742 28
1756346356748 0.00520838125124429 29
1756346356759 0.005179104123646523 30
1756346356770 0.0051486976850041635 31
1756346356781 0.005117176208220012 32
1756346356792 0.005084554489600189 33
1756346356802 0.005050847841908698 34
1756346356813 0.005016072087179545 35
1756346356824 0.004980243549289817 36
1756346356835 0.0049433790462971895 37
1756346356846 0.004905495882545463 38
1756346356857 0.004866611840541833 39
1756346356868 0.004826745172609717 40
1756346356879 0.004785914592321033 41
1756346356890 0.0047441392657119824 42
1756346356901 0.004701438802286433 43
1756346356912 0.004657833245811139 44
1756346356923 0.00461334306490712 45
1756346356935 0.00456798914344161 46
1756346356946 0.004521792770725083 47
1756346356957 0.004474775631517968 48
1756346356968 0.004426959795851742 49
1756346356979 0.004378367708669162 50
