1756346367329 0.0011091054669522009 1
1756346367343 0.0022182109339044017 2
1756346367355 0.0033273164008566026 3
1756346367367 0.004436421867808803 4
1756346367380 0.005545527334761004 5
1756346367392 0.005545527334761004 6
1756346367404 0.005544876678984985 7
1756346367416 0.005542925017077329 8
1756346367429 0.00553967326515587 9
1756346367441 0.0055351229496058444 10
1756346367453 0.005529276206363408 11
1756346367465 0.005522135779913007 12
1756346367478 0.005513705021999116 13
1756346367490 0.00550398789005291 14
1756346367503 0.005492988945334634 15
1756346367515 0.005480713350792531 16
1756346367528 0.005467166868639324 17
1756346367540 0.005452355857647423 18
1756346367553 0.005436287270164083 19
1756346367565 0.005418968648847949 20
1756346367578 0.005400408123128501 21
1756346367590 0.0053806144053900684 22
1756346367603 0.0053595967868821995 23
1756346367616 0.005337365133358318 24
1756346367629 0.005313929880444689 25
1756346367641 0.005289302028741908 26
1756346367654 0.005263493138661164 27
1756346367667 0.005236515324997742 28
1756346367680 0.00520838125124429 29
1756346367693 0.005179104123646523 30
1756346367705 0.0051486976850041635 31
1756346367718 0.005117176208220012 32
1756346367731 0.005084554489600189 33
1756346367744 0.005050847841908698 34
1756346367757 0.005016072087179545 35
1756346367770 0.004980243549289817 36
1756346367783 0.0049433790462971895 37
1756346367796 0.004905495882545463 38
1756346367809 0.004866611840541833 39
1756346367823 0.004826745172609717 40
1756346367836 0.004785914592321033 41
1756346367849 0.0047441392657119824 42
1756346367862 0.004701438802286433 43
1756346367876 0.004657833245811139 44
1756346367889 0.00461334306490712 45
1756346367902 0.00456798914344161 46
1756346367916 0.004521792770725083 47
1756346367929 0.004474775631517968 48
1756346367942 0.004426959795851742 49
1756346367956 0.004378367708669162 50
1756346367969 0.0043290221792885225 51
1756346367982 0.004278946370696872 52
1756346367996 0.004228163788677217 53
1756346368009 0.00417669827077481 54
1756346368023 0.004124573975107714 55
1756346368036 0.004071815369026885 56
1756346368050 0.004018447217631102 57
1756346368064 0.003964494572142129 58
1756346368077 0.003909982758145574 59
1756346368091 0.0038549373637029615 60
1756346368105 0.0037993842273405876 61
1756346368119 0.00374334942592082 62
1756346368132 0.0036868592624015126 63
1756346368146 0.003629940253489294 64
1756346368160 0.00357261911719252 65
1756346368174 0.003514922760279733 66
1756346368188 0.00345687826564952 67
1756346368202 0.0033985128796176936 68
1756346368216 0.0033398539991277604 69
1756346368230 0.00328092915889069 70
1756346368244 0.00322176601846001 71
1756346368258 0.003162392349248304 72
1756346368272 0.0031028360214911998 73
1756346368286 0.003043124991164971 74
1756346368301 0.0029832872868638884 75
1756346368315 0.00292335099664349 76
1756346368329 0.0028633442548359343 77
1756346368343 0.002803295228843635 78
1756346368358 0.00274323210591737 79
1756346368372 0.0026831830799250705 80
1756346368386 0.002623176338117515 81
1756346368401 0.0025632400478971164 82
1756346368415 0.002503402343596034 83
1756346368429 0.002443691313269805 84
1756346368444 0.002384134985512701 85
1756346368458 0.002324761316300995 86
1756346368473 0.0022655981758703146 87
1756346368487 0.0022066733356332444 88
1756346368502 0.0021480144551433112 89
1756346368517 0.0020896490691114846 90
