1756346377999 1.5926384627819061 1
1756346378016 1.38174769282341 2
1756346378031 1.3732366065184276 3
1756346378047 0.8794247880578041 4
1756346378063 0.7665494879086813 5
1756346378078 0.5925454497337341 6
1756346378094 0.5158242558439573 7
1756346378109 0.48565637568632763 8
1756346378125 0.4822872926791509 9
1756346378140 0.37102844814459485 10
1756346378156 0.3449362516403198 11
1756346378172 0.3476763268311818 12
1756346378187 0.30716978510220844 13
1756346378203 0.31291381518046063 14
1756346378218 0.2875817082822323 15
1756346378234 0.26829379548629123 16
1756346378250 0.319377555201451 17
1756346378266 0.24544588724772134 18
1756346378281 0.26493314901987713 19
1756346378297 0.22911802679300308 20
1756346378313 0.20374063154061636 21
1756346378329 0.19381012146671614 22
1756346378345 0.1667243285725514 23
1756346378361 0.16692252891759077 24
1756346378377 0.14658421091735363 25
1756346378393 0.15823320796092352 26
1756346378409 0.15554744005203247 27
1756346378425 0.14665744081139565 28
1756346378441 0.13106774104138216 29
1756346378457 0.11937193758785725 30
1756346378474 0.11553945081929366 31
1756346378490 0.12141468438009421 32
1756346378506 0.15038108825683594 33
1756346378522 0.1539138350635767 34
1756346378538 0.11809280514717102 35
1756346378555 0.10636118426918983 36
1756346378571 0.1105904175589482 37
1756346378587 0.10356660497685273 38
1756346378604 0.13117882298926511 39
1756346378620 0.15203297262390456 40
1756346378636 0.1392643948396047 41
1756346378653 0.12894727351764837 42
1756346378669 0.10463590050737064 43
1756346378686 0.09532542526721954 44
1756346378702 0.11556161629656951 45
1756346378719 0.11311573535203934 46
1756346378735 0.09749307669699192 47
1756346378752 0.07801548081139724 48
1756346378769 0.07651733979582787 49
1756346378785 0.08064971305429935 50
1756346378802 0.05929236145069202 51
1756346378819 0.05702859597901503 52
1756346378836 0.0724206439529856 53
1756346378852 0.07092630739013354 54
1756346378869 0.059294020446638264 55
1756346378886 0.05310275095204512 56
1756346378902 0.05735575873404741 57
1756346378919 0.0709044939527909 58
1756346378936 0.056240651135643326 59
1756346378953 0.054126281601687275 60
1756346378970 0.047696743005265795 61
1756346378987 0.04237890662625432 62
1756346379004 0.05141510162502527 63
1756346379021 0.05372751224786043 64
1756346379038 0.05558095717181762 65
1756346379055 0.04134739904354016 66
1756346379072 0.04622964778294166 67
1756346379089 0.03611852244163553 68
1756346379107 0.032843674533069134 69
1756346379124 0.030842892825603485 70
1756346379141 0.042335962721457086 71
1756346379158 0.033842856685320534 72
1756346379176 0.03579393851881226 73
1756346379193 0.02973324138050278 74
1756346379211 0.03352001247306665 75
1756346379228 0.02968562813475728 76
1756346379245 0.02909997881700595 77
1756346379263 0.03333975545441111 78
1756346379280 0.023588122334331274 79
1756346379298 0.02648449254532655 80
1756346379315 0.02459334737310807 81
1756346379333 0.03584677865728736 82
