1755906546326 0.0010183271891637108 1
1755906546340 0.0020366543783274216 2
1755906546347 0.0030549815674911327 3
1755906546355 0.004073308756654843 4
1755906546362 0.005091635945818554 5
1755906546369 0.005091635945818554 6
1755906546375 0.0050902443119018575 7
1755906546382 0.005086070931883021 8
1755906546389 0.005079120369291826 9
1755906546395 0.005069400224466415 10
1755906546401 0.005056921126242447 11
1755906546407 0.005041696720330613 12
1755906546414 0.005023743654395256 13
1755906546421 0.00500308155985039 14
1755906546430 0.004979733030393045 15
1755906546438 0.00495372359729738 16
1755906546444 0.004925081701496621 17
1755906546451 0.004893838662483308 18
1755906546457 0.004860028644061897 19
1755906546464 0.004823688616991139 20
1755906546470 0.004784858318557096 21
1755906546476 0.004743580209121005 22
1755906546483 0.004699899425689495 23
1755906546489 0.004653863732557936 24
1755906546495 0.004605523469080874 25
1755906546502 0.004554931494626701 26
1755906546508 0.004502143130776694 27
1755906546515 0.004447216100831696 28
1755906546521 0.00439021046669252 29
1755906546527 0.004331188563183147 30
1755906546535 0.004270214929888518 31
1755906546542 0.004207356240581431 32
1755906546549 0.004142681230315763 33
1755906546556 0.0040762606202656895 34
1755906546563 0.004008167040393123 35
1755906546569 0.003938474950027916 36
1755906546576 0.0038672605564476713 37
1755906546582 0.0037946017315462115 38
1755906546589 0.0037205779266817995 39
1755906546596 0.0036452700857982473 40
1755906546603 0.003568760556913905 41
1755906546612 0.003491133002075303 42
1755906546618 0.003412472305873943 43
1755906546626 0.003332864482626236 44
1755906546633 0.0032523965823181124 45
1755906546640 0.0031711565954171427 46
1755906546647 0.0030892333566562486 47
1755906546654 0.0030067164478942304 48
1755906546661 0.002923696100159318 49
1755906546668 0.0028402630949828683 50
1755906546676 0.0027565086651310895 51
1755906546683 0.002672524394843354 52
1755906546690 0.002588402119686179 53
1755906546697 0.002504233826132376 54
1755906546704 0.0024201115509752 55
1755906546711 0.002336127280687466 56
1755906546718 0.0022523728508356865 57
1755906546725 0.002168939845659236 58
1755906546732 0.002085919497924325 59
1755906546739 0.0020034025891623067 60
1755906546746 0.001921479350401412 61
