1755906429870 0.7464111122218046 1
1755906429882 0.6836071889121811 2
1755906429886 0.5863782798315024 3
1755906429890 0.5589158565967114 4
1755906429895 0.5607481889136425 5
1755906429899 0.550085519428377 6
1755906429903 0.5418630052696575 7
1755906429908 0.5161111730259734 8
1755906429912 0.4934035555108801 9
1755906429917 0.4802924816484575 10
1755906429921 0.48751109180512364 11
1755906429926 0.4700650969496021 12
1755906429930 0.4686798302384166 13
1755906429935 0.4538920395947122 14
1755906429940 0.4451505882399423 15
1755906429944 0.44884725611705284 16
1755906429949 0.47550277624811443 17
1755906429954 0.45147319563797544 18
1755906429958 0.42633062639793795 19
1755906429963 0.40986544358265864 20
1755906429968 0.38779707969009103 21
1755906429972 0.4091900619980577 22
1755906429977 0.4165992080778271 23
1755906429982 0.44262142730997756 24
1755906429986 0.3935636014907391 25
1755906429991 0.40800057235476256 26
1755906429996 0.4133609871972691 27
1755906430000 0.40998515273843494 28
1755906430005 0.3960525064499347 29
1755906430010 0.4042415965300102 30
1755906430015 0.3748458530995753 31
1755906430020 0.3821472332075045 32
1755906430024 0.37438701480240016 33
