1756057502226 0.0006552138591013486 1
1756057502237 0.0013104277182026973 2
1756057502242 0.001965641577304046 3
1756057502249 0.0026208554364053945 4
1756057502256 0.0032760692955067427 5
1756057502262 0.003276069295506743 6
1756057502268 0.0032751739854591047 7
1756057502274 0.0032724890343245818 8
1756057502280 0.0032680173780578192 9
1756057502286 0.0032617639063492938 10
1756057502291 0.0032537354572785048 11
1756057502296 0.00324394080983664 12
1756057502302 0.0032323906743268725 13
1756057502308 0.0032190976806528056 14
1756057502313 0.003204076364507855 15
1756057502319 0.0031873431514806857 16
1756057502326 0.003168916339094068 17
1756057502332 0.003148816076796807 18
1756057502338 0.0031270643439306146 19
1756057502345 0.0031036849256960257 20
1756057502351 0.0030787033871436257 21
1756057502358 0.0030521470452190475 22
1756057502364 0.0030240449388922877 23
1756057502370 0.0029944277974040256 24
1756057502375 0.0029633280066636426 25
1756057502381 0.0029307795738357113 26
1756057502387 0.0028968180901536578 27
1756057502393 0.002861480692001271 28
1756057502398 0.0028248060203046117 29
1756057502403 0.002786834178278728 30
1756057502409 0.0027476066875753795 31
1756057502415 0.002707166442879717 32
1756057502420 0.0026655576650055773 33
1756057502426 0.0026228258525406727 34
1756057502432 0.0025790177320945506 35
1756057502437 0.0025341812072037354 36
1756057502443 0.0024883653059499114 37
1756057502450 0.002441620127348437 38
1756057502456 0.002393996786565808 39
1756057502462 0.0023455473590259703 40
1756057502469 0.0022963248234666132 41
1756057502475 0.0022463830040076907 42
1756057502482 0.002195776511295544 43
1756057502489 0.002144560682786957 44
1756057502496 0.0020927915222384596 45
1756057502502 0.002040525638467045 46
1756057502509 0.0019878201834492575 47
1756057502514 0.001934732789826345 48
1756057502521 0.0018813215078838125 49
1756057502527 0.001827644742074289 50
1756057502533 0.0017737611871531114 51
1756057502539 0.001719729763996476 52
1756057502545 0.001665609555172324 53
1756057502552 0.0016114597403344188 54
1756057502557 0.0015573395315102666 55
1756057502564 0.001503308108353632 56
1756057502570 0.0014494245534324543 57
1756057502578 0.0013957477876229301 58
1756057502585 0.0013423365056803988 59
1756057502592 0.001289249112057486 60
1756057502598 0.0012365436570396981 61
1756057502604 0.001184277773268284 62
1756057502611 0.0011325086127197865 63
1756057502617 0.0010812927842111988 64
1756057502624 0.001030686291499052 65
1756057502632 0.0009807444720401305 66
1756057502638 0.0009315219364807726 67
1756057502645 0.0008830725089409353 68
1756057502652 0.0008354491681583067 69
1756057502665 0.0007887039895568325 70
1756057502672 0.0007428880883030082 71
1756057502679 0.0006980515634121925 72
1756057502686 0.0006542434429660706 73
1756057502693 0.0006115116305011658 74
1756057502699 0.0005699028526270262 75
1756057502705 0.000529462607931364 76
1756057502711 0.0004902351172280149 77
1756057502717 0.00045226327520213165 78
1756057502723 0.00041558860350547296 79
1756057502729 0.0003802512053530859 80
1756057502735 0.0003462897216710322 81
1756057502742 0.0003137412888431008 82
1756057502749 0.0002826414981027177 83
1756057502756 0.0002530243566144549 84
1756057502764 0.00022492225028769548 85
1756057502771 0.0001983659083631173 86
1756057502778 0.00017338436981071743 87
1756057502785 0.0001500049515761284 88
1756057502792 0.00012825321870993647 89
1756057502799 0.00010815295641267533 90
1756057502805 8.972614402605733e-05 91
1756057502812 7.299293099888792e-05 92
1756057502819 5.797161485393796e-05 93
1756057502826 4.4678621179870726e-05 94
1756057502833 3.3128485670103186e-05 95
1756057502840 2.333383822823821e-05 96
1756057502848 1.5305389157449548e-05 97
1756057502855 9.05191744892373e-06 98
1756057502863 4.580261182161601e-06 99
1756057502870 1.895310047638404e-06 100
