1756057502226 1.3221058469265698 1
1756057502237 1.1159252867102623 2
1756057502242 0.9851608142256737 3
1756057502249 0.9551888018846512 4
1756057502256 0.825658529996872 5
1756057502262 0.714573535323143 6
1756057502268 0.6412393435835838 7
1756057502274 0.6177653297781944 8
1756057502280 0.49736632257699964 9
1756057502286 0.6371627569198608 10
1756057502291 0.45336661785840987 11
1756057502296 0.48117130547761916 12
1756057502302 0.6549441635608673 13
1756057502308 0.43625586330890653 14
1756057502313 0.36870107874274255 15
1756057502319 0.5497216045856476 16
1756057502326 0.4280684843659401 17
1756057502332 0.4112996280193329 18
1756057502338 0.407046976685524 19
1756057502345 0.3354583315551281 20
1756057502351 0.3085606165230274 21
1756057502358 0.2913020424544811 22
1756057502364 0.2550948053598404 23
1756057502370 0.27749034464359285 24
1756057502375 0.5332833006978035 25
1756057502381 0.5689360588788986 26
1756057502387 0.39392760023474693 27
1756057502393 0.39494631364941596 28
1756057502398 0.2724988728761673 29
1756057502403 0.3226127579808235 30
1756057502409 0.2756597902625799 31
1756057502415 0.2573902055621147 32
1756057502420 0.22868343591690063 33
1756057502426 0.22803101018071176 34
1756057502432 0.2590066909790039 35
1756057502437 0.28618398904800413 36
1756057502443 0.28546082600951195 37
1756057502450 0.25812744796276094 38
1756057502456 0.30001988261938095 39
1756057502462 0.43044766411185265 40
1756057502469 0.24101117849349976 41
1756057502475 0.19996067509055138 42
1756057502482 0.2408928617835045 43
1756057502489 0.2453023951500654 44
1756057502496 0.19233140647411345 45
1756057502502 0.2583668176084757 46
1756057502509 0.21997961774468422 47
1756057502514 0.16977210715413094 48
1756057502521 0.4498286034911871 49
1756057502527 0.2123402815312147 50
1756057502533 0.32975166775286197 51
1756057502539 0.23439764752984046 52
1756057502545 0.4362378381192684 53
1756057502552 0.2089791137725115 54
1756057502557 0.32801821678876875 55
1756057502564 0.20649235956370832 56
1756057502570 0.18630855306982994 57
1756057502578 0.22742656916379927 58
1756057502585 0.1592678591609001 59
1756057502592 0.19883043728768826 60
1756057502598 0.1792992576956749 61
1756057502604 0.45914825424551964 62
1756057502611 0.340756456181407 63
1756057502617 0.1784848764538765 64
1756057502624 0.20201617367565633 65
1756057502632 0.15276793986558915 66
1756057502638 0.4900711443275213 67
1756057502645 0.18265518993139268 68
1756057502652 0.13059706687927247 69
1756057502665 0.13446490243077278 70
1756057502672 0.177075220271945 71
1756057502679 0.13966788500547409 72
1756057502686 0.155372304469347 73
1756057502693 0.1327272104099393 74
1756057502699 0.1252490509301424 75
1756057502705 0.1736731728538871 76
1756057502711 0.1247878059744835 77
1756057502717 0.11389526054263115 78
1756057502723 0.12027926035225392 79
1756057502729 0.10941470423713326 80
1756057502735 0.1070722408592701 81
1756057502742 0.11932478751987219 82
1756057502749 0.12461966518312692 83
1756057502756 0.14453381933271886 84
1756057502764 0.09693244732916355 85
1756057502771 0.11517064645886421 86
1756057502778 0.09925384558737278 87
1756057502785 0.09607226513326168 88
1756057502792 0.10978494826704263 89
1756057502799 0.16213725693523884 90
1756057502805 0.09542711731046438 91
1756057502812 0.22724984847009183 92
1756057502819 0.10258587487041951 93
1756057502826 0.17184353210031986 94
1756057502833 0.24198019672185184 95
1756057502840 0.11658382415771484 96
1756057502848 0.11020241566002369 97
1756057502855 0.1140957448631525 98
1756057502863 0.13050907645374538 99
1756057502870 0.113737709261477 100
