1756057572354 0.0006552138591013486 1
1756057572371 0.0013104277182026973 2
1756057572380 0.001965641577304046 3
1756057572390 0.0026208554364053945 4
1756057572399 0.0032760692955067427 5
1756057572408 0.003276069295506743 6
1756057572417 0.0032751739854591047 7
1756057572426 0.0032724890343245818 8
1756057572435 0.0032680173780578192 9
1756057572444 0.0032617639063492938 10
1756057572454 0.0032537354572785048 11
1756057572464 0.00324394080983664 12
1756057572473 0.0032323906743268725 13
1756057572482 0.0032190976806528056 14
1756057572492 0.003204076364507855 15
1756057572501 0.0031873431514806857 16
1756057572511 0.003168916339094068 17
1756057572521 0.003148816076796807 18
1756057572530 0.0031270643439306146 19
1756057572540 0.0031036849256960257 20
1756057572549 0.0030787033871436257 21
1756057572558 0.0030521470452190475 22
1756057572568 0.0030240449388922877 23
1756057572577 0.0029944277974040256 24
1756057572587 0.0029633280066636426 25
1756057572597 0.0029307795738357113 26
1756057572608 0.0028968180901536578 27
1756057572617 0.002861480692001271 28
1756057572628 0.0028248060203046117 29
1756057572637 0.002786834178278728 30
1756057572646 0.0027476066875753795 31
1756057572656 0.002707166442879717 32
1756057572666 0.0026655576650055773 33
1756057572675 0.0026228258525406727 34
1756057572686 0.0025790177320945506 35
1756057572696 0.0025341812072037354 36
1756057572706 0.0024883653059499114 37
1756057572716 0.002441620127348437 38
1756057572726 0.002393996786565808 39
1756057572736 0.0023455473590259703 40
1756057572746 0.0022963248234666132 41
1756057572755 0.0022463830040076907 42
1756057572765 0.002195776511295544 43
1756057572775 0.002144560682786957 44
1756057572785 0.0020927915222384596 45
1756057572795 0.002040525638467045 46
1756057572805 0.0019878201834492575 47
1756057572816 0.001934732789826345 48
1756057572826 0.0018813215078838125 49
1756057572836 0.001827644742074289 50
1756057572845 0.0017737611871531114 51
1756057572855 0.001719729763996476 52
1756057572865 0.001665609555172324 53
1756057572875 0.0016114597403344188 54
1756057572885 0.0015573395315102666 55
1756057572896 0.001503308108353632 56
1756057572906 0.0014494245534324543 57
1756057572916 0.0013957477876229301 58
1756057572926 0.0013423365056803988 59
1756057572936 0.001289249112057486 60
1756057572945 0.0012365436570396981 61
1756057572955 0.001184277773268284 62
1756057572964 0.0011325086127197865 63
1756057572975 0.0010812927842111988 64
1756057572986 0.001030686291499052 65
1756057572996 0.0009807444720401305 66
1756057573006 0.0009315219364807726 67
1756057573017 0.0008830725089409353 68
1756057573027 0.0008354491681583067 69
