1756057572354 0.8429171442985535 1
1756057572371 0.7618615359067917 2
1756057572380 0.7640749275684356 3
1756057572390 0.7365679293870926 4
1756057572399 0.6910081386566163 5
1756057572408 0.6888130456209183 6
1756057572417 0.6477320954203606 7
1756057572426 0.6395393043756485 8
1756057572435 0.5840125098824501 9
1756057572444 0.6480428591370583 10
1756057572454 0.5329735845327377 11
1756057572464 0.5243550568819046 12
1756057572473 0.6001530826091767 13
1756057572482 0.5095735296607018 14
1756057572492 0.5019568607211113 15
1756057572501 0.5294451534748077 16
1756057572511 0.5374378696084022 17
1756057572521 0.5358493998646736 18
1756057572530 0.5414425238966942 19
1756057572540 0.5164011508226395 20
1756057572549 0.4835478216409683 21
1756057572558 0.48402485996484756 22
1756057572568 0.47661628276109697 23
1756057572577 0.4646810472011566 24
1756057572587 0.4352022647857666 25
1756057572597 0.4367526099085808 26
1756057572608 0.4481737643480301 27
1756057572617 0.4724069148302078 28
1756057572628 0.42841159701347353 29
1756057572637 0.4414136722683907 30
1756057572646 0.4320182427763939 31
1756057572656 0.4555873662233353 32
1756057572666 0.44235223680734637 33
1756057572675 0.48576542884111407 34
1756057572686 0.49828956425189974 35
1756057572696 0.46054235845804214 36
1756057572706 0.4310031607747078 37
1756057572716 0.397896783798933 38
1756057572726 0.4384375408291817 39
1756057572736 0.46374761313199997 40
1756057572746 0.4471908822655678 41
1756057572755 0.4058054521679878 42
1756057572765 0.41246254146099093 43
1756057572775 0.38792997449636457 44
1756057572785 0.3937531441450119 45
1756057572795 0.4028406500816345 46
1756057572805 0.4069986119866371 47
1756057572816 0.38709312230348586 48
1756057572826 0.42127718925476076 49
1756057572836 0.39583603143692014 50
1756057572845 0.38076229989528654 51
1756057572855 0.37472838163375854 52
1756057572865 0.35779559016227724 53
1756057572875 0.3614419877529144 54
1756057572885 0.3471959173679352 55
1756057572896 0.33039619475603105 56
1756057572906 0.3488406531512737 57
1756057572916 0.35296002626419065 58
1756057572926 0.3666824996471405 59
1756057572936 0.3140756279230118 60
1756057572945 0.33354061245918276 61
1756057572955 0.3201561361551285 62
1756057572964 0.34303666055202486 63
1756057572975 0.3196796789765358 64
1756057572986 0.33180585950613023 65
1756057572996 0.34366342797875404 66
1756057573006 0.3645780920982361 67
1756057573017 0.3511143296957016 68
1756057573027 0.3240836814045906 69
