1756063998179 0.0005833294424545335 1
1756063998184 0.001166658884909067 2
1756063998188 0.0017499883273636003 3
1756063998192 0.002333317769818134 4
1756063998196 0.0029166472122726674 5
1756063998201 0.0029166472122726674 6
1756063998205 0.0029163050581836065 7
1756063998209 0.0029152787565249094 8
1756063998213 0.002913568789046642 9
1756063998218 0.0029111759584143147 10
1756063998222 0.0029081013878321104 11
1756063998226 0.0029043465205156435 12
1756063998230 0.0028999131190145144 13
1756063998235 0.0028948032643849562 14
1756063998239 0.0028890193552129828 15
1756063998244 0.0028825641064884823 16
1756063998248 0.002875440548330788 17
1756063998253 0.0028676520245663286 18
1756063998257 0.0028592021911590273 19
1756063998261 0.002850095014494171 20
1756063998266 0.0028403347695165793 21
1756063998271 0.0028299260377239238 22
1756063998275 0.0028188737050161587 23
1756063998280 0.002807182959402058 24
1756063998284 0.002794859288563943 25
1756063998289 0.002781908477281745 26
1756063998294 0.002768336604717604 27
1756063998298 0.0027541500415622865 28
1756063998303 0.002739355447044761 29
1756063998308 0.0027239597658063244 30
1756063998312 0.0027079702246407644 31
1756063998317 0.002691394329102071 32
1756063998321 0.0026742398599812994 33
1756063998326 0.0026565148696542406 34
1756063998331 0.0026382276783015975 35
1756063998335 0.0026193868700034647 36
1756063998340 0.002600001288709923 37
1756063998345 0.0025800800340896584 38
1756063998350 0.0025596324572585375 39
1756063998354 0.0025386681563901595 40
1756063998359 0.002517196972210434 41
1756063998365 0.002495228983378306 42
1756063998370 0.002472774501754793 43
1756063998375 0.0024498440675625576 44
1756063998380 0.002426448444438283 45
1756063998384 0.002402598614380181 46
1756063998389 0.002378305772593 47
1756063998394 0.002353581322232946 48
1756063998399 0.002328436869055004 49
1756063998404 0.0023028842159651427 50
1756063998409 0.002276935357479988 51
1756063998414 0.0022506024740965506 52
1756063998418 0.002223897926574648 53
1756063998423 0.002196834250134717 54
1756063998428 0.0021694241485737346 55
1756063998433 0.0021416804883019986 56
1756063998439 0.0021136162923035915 57
1756063998443 0.0020852447340233326 58
1756063998449 0.0020565791311831167 59
1756063998453 0.00202763293953052 60
1756063998458 0.0019984197465226184 61
1756063998463 0.0019689532649479827 62
1756063998468 0.0019392473264898409 63
1756063998474 0.0019093158752334306 64
1756063998479 0.0018791729611205912 65
1756063998484 0.0018488327333546644 66
1756063998489 0.0018183094337588025 67
1756063998494 0.0017876173900908008 68
1756063998499 0.0017567710093175908 69
1756063998505 0.0017257847708525528 70
1756063998510 0.0016946732197588212 71
1756063998515 0.0016634509599217754 72
1756063998520 0.0016321326471939181 73
1756063998526 0.00160073298251536 74
1756063998531 0.0015692667050131374 75
1756063998536 0.0015377485850826124 76
1756063998542 0.001506193417454188 77
1756063998548 0.0014746160142486027 78
1756063998553 0.0014430311980240644 79
1756063998558 0.0014114537948184793 80
1756063998564 0.001379898627190055 81
1756063998570 0.00134838050725953 82
1756063998576 0.0013169142297573078 83
1756063998583 0.001285514565078749 84
1756063998589 0.0012541962523508917 85
1756063998596 0.0012229739925138463 86
1756063998602 0.0011918624414201143 87
1756063998608 0.0011608762029550765 88
1756063998614 0.0011300298221818663 89
