1756063998179 0.8282521985195301 1
1756063998184 0.7855074736807082 2
1756063998188 0.7303476797209846 3
1756063998192 0.7149357310047856 4
1756063998196 0.6448275027451692 5
1756063998201 0.6196101087111013 6
1756063998205 0.5529167983267043 7
1756063998209 0.517397024013378 8
1756063998213 0.5142764062793167 9
1756063998218 0.48136453164948356 10
1756063998222 0.46564815662525316 11
1756063998226 0.4372502675762883 12
1756063998230 0.43892756435606217 13
1756063998235 0.40595199995570713 14
1756063998239 0.394689091929683 15
1756063998244 0.38942838377422756 16
1756063998248 0.3772811072844046 17
1756063998253 0.39332790948726515 18
1756063998257 0.4054853673334475 19
1756063998261 0.3729209414234868 20
1756063998266 0.37044346553307994 21
1756063998271 0.3574446009265052 22
1756063998275 0.33941732181443107 23
1756063998280 0.3284676704141829 24
1756063998284 0.3670356306764815 25
1756063998289 0.32683302075774584 26
1756063998294 0.3242677119043138 27
1756063998298 0.3319755494594574 28
1756063998303 0.31671630729127814 29
1756063998308 0.32223015471741007 30
1756063998312 0.3162381141274064 31
1756063998317 0.3007714240639298 32
1756063998321 0.30512854236143605 33
1756063998326 0.2887055360608631 34
1756063998331 0.2929792415212702 35
1756063998335 0.30577340556515586 36
1756063998340 0.28968941999806297 37
1756063998345 0.292809436166728 38
1756063998350 0.2791475780584194 39
1756063998354 0.2641668231398971 40
1756063998359 0.26005526659665285 41
1756063998365 0.27152057985464734 42
1756063998370 0.2710620551197617 43
1756063998375 0.2715342276626163 44
1756063998380 0.2736433976226383 45
1756063998384 0.2881641238927841 46
1756063998389 0.27247530221939087 47
1756063998394 0.250528739006431 48
1756063998399 0.24422735306951734 49
1756063998404 0.258322536945343 50
1756063998409 0.24660755197207132 51
1756063998414 0.26197766650606086 52
1756063998418 0.2591409059586348 53
1756063998423 0.25397409829828477 54
1756063998428 0.26030246913433075 55
1756063998433 0.25332980740953376 56
1756063998439 0.24656084897341551 57
1756063998443 0.2295759596206524 58
1756063998449 0.23074187890247064 59
1756063998453 0.23000728256172603 60
1756063998458 0.23700167128333338 61
1756063998463 0.2188152245901249 62
1756063998468 0.2272256557588224 63
1756063998474 0.2237753266537631 64
1756063998479 0.21590430372291142 65
1756063998484 0.20453628621719502 66
1756063998489 0.20680117220790298 67
1756063998494 0.20907014222056777 68
1756063998499 0.21177098430969096 69
1756063998505 0.20747443150590966 70
1756063998510 0.2125313232342402 71
1756063998515 0.20423157733899575 72
1756063998520 0.20795007657121728 73
1756063998526 0.1970282942056656 74
1756063998531 0.19974417818917167 75
1756063998536 0.20847677135909046 76
1756063998542 0.21643250187238058 77
1756063998548 0.19865003172998075 78
1756063998553 0.19934347713435138 79
1756063998558 0.19514361520608267 80
1756063998564 0.19716299959906824 81
1756063998570 0.18245712695298372 82
1756063998576 0.19405868318345812 83
1756063998583 0.18819761110676658 84
1756063998589 0.19038373287077304 85
1756063998596 0.18668623710120166 86
1756063998602 0.1865733519748405 87
1756063998608 0.1959960162639618 88
1756063998614 0.18438593160223077 89
