1756057409516 2.109301343560219 1
1756057409527 1.5307303607463836 2
1756057409533 1.209107629302889 3
1756057409538 1.0629585325717925 4
1756057409543 1.1319938108325005 5
1756057409547 0.8085726201534271 6
1756057409552 0.7332694232463837 7
1756057409557 0.7465939939022064 8
1756057409562 0.6560987919569016 9
1756057409567 1.0711168259382249 10
1756057409572 0.6407453045248985 11
1756057409577 0.5981237135827542 12
1756057409582 0.5060715615749359 13
1756057409587 0.4596679285168648 14
1756057409592 0.43521058931946754 15
1756057409597 0.44386814832687377 16
1756057409603 0.37198163345456126 17
1756057409608 0.4368096299469471 18
1756057409613 0.4722661554813385 19
1756057409618 0.5992183640599251 20
1756057409623 0.3192944251000881 21
1756057409628 0.36800761222839357 22
1756057409633 0.3752999618649483 23
1756057409638 0.38574246540665624 24
1756057409643 0.4427685298025608 25
1756057409648 0.4152132995426655 26
1756057409654 0.38097264601383357 27
1756057409659 0.3556551896035671 28
1756057409664 0.25710400752723217 29
1756057409670 0.3942613147199154 30
1756057409675 0.34881553798913956 31
1756057409680 0.30562329664826393 32
1756057409685 0.24231489673256873 33
1756057409690 0.3079338312149048 34
1756057409695 0.2632570303976536 35
1756057409701 0.2667879186570644 36
1756057409706 0.25050704926252365 37
1756057409711 0.2788800194859505 38
1756057409716 0.2614704564213753 39
1756057409722 0.3099525712430477 40
1756057409727 0.2867028385400772 41
1756057409733 0.25711654387414457 42
1756057409738 0.20418595150113106 43
1756057409743 0.16444396264851094 44
1756057409749 0.19900180865079165 45
1756057409754 0.23794356510043144 46
1756057409760 0.25190039835870265 47
1756057409766 0.24039346799254419 48
1756057409772 0.24373872429132462 49
1756057409778 0.15586029924452305 50
1756057409785 0.2053059920668602 51
1756057409791 0.31419236660003663 52
1756057409796 0.3381063550710678 53
1756057409802 0.25876296758651735 54
1756057409808 0.28507778123021127 55
1756057409814 0.23549816459417344 56
1756057409819 0.1753782469779253 57
1756057409825 0.16864311881363392 58
1756057409831 0.20948751382529734 59
1756057409836 0.19080814067274332 60
1756057409842 0.16624551340937616 61
1756057409848 0.26520023345947263 62
1756057409854 0.24285409711301326 63
1756057409860 0.1759638000279665 64
1756057409866 0.15744474288076163 65
1756057409872 0.17224946580827236 66
1756057409878 0.14666605815291406 67
1756057409883 0.16584988683462143 68
1756057409889 0.12966325972229242 69
1756057409894 0.2774197947233915 70
1756057409900 0.15233507826924325 71
1756057409905 0.2185023095458746 72
1756057409911 0.17148545943200588 73
1756057409916 0.171096758171916 74
1756057409922 0.13054804615676402 75
1756057409928 0.12655699998140335 76
1756057409934 0.19103022031486033 77
1756057409939 0.13420323692262173 78
1756057409945 0.21342145688831807 79
1756057409951 0.12005034517496824 80
1756057409957 0.13206718154251576 81
1756057409962 0.15498264208436013 82
1756057409968 0.1303953045979142 83
1756057409974 0.09755684025585651 84
1756057409980 0.2687230924144387 85
1756057409986 0.12552207000553608 86
1756057409992 0.26059079319238665 87
1756057409998 0.11465689521282911 88
1756057410004 0.12369632143527269 89
1756057410009 0.15238544661551714 90
1756057410015 0.16901773475110532 91
1756057410021 0.11262658201158046 92
1756057410027 0.10947450622916222 93
1756057410034 0.08674956224858761 94
1756057410040 0.12008998394012452 95
1756057410046 0.14773636944592 96
1756057410052 0.10093946736305952 97
1756057410058 0.1398873606696725 98
1756057410065 0.09168402459472418 99
1756057410070 0.11430064623709768 100
