1756057455836 1.4253988958895207 1
1756057455853 0.9919003486633301 2
1756057455863 0.843517979979515 3
1756057455871 0.8492153435945511 4
1756057455881 1.021322126686573 5
1756057455891 0.65481798350811 6
1756057455900 0.6705309227108955 7
1756057455908 0.5435455441474915 8
1756057455923 0.5890200525522232 9
1756057455933 0.527548149228096 10
1756057455941 0.492269803583622 11
1756057455950 0.43846005350351336 12
1756057455959 0.428488178178668 13
1756057455968 0.4709682136774063 14
1756057455977 0.3786381922662258 15
1756057455987 0.31094522327184676 16
1756057455996 0.3417461231350899 17
1756057456007 0.3050991490483284 18
1756057456015 0.3828104354441166 19
1756057456025 0.31382249519228933 20
1756057456033 0.2998863510787487 21
1756057456043 0.29893476963043214 22
1756057456053 0.27054446190595627 23
1756057456062 0.31545020788908007 24
1756057456072 0.2901986911892891 25
1756057456082 0.2918114684522152 26
1756057456092 0.33837260901927946 27
1756057456103 0.34980724677443503 28
1756057456112 0.31985480189323423 29
1756057456122 0.26500865668058393 30
1756057456133 0.4301776267588139 31
1756057456145 0.33149660378694534 32
1756057456165 0.34297303333878515 33
1756057456177 0.3691008597612381 34
1756057456186 0.45626786202192304 35
1756057456195 0.37588839828968046 36
1756057456204 0.35887552723288535 37
1756057456215 0.333883298933506 38
1756057456224 0.3479254707694054 39
1756057456235 0.23988208696246147 40
1756057456244 0.2324971318244934 41
1756057456254 0.430025988817215 42
1756057456265 0.2752405881881714 43
1756057456274 0.2636073432862759 44
1756057456284 0.2682332366704941 45
1756057456293 0.24250816851854323 46
1756057456303 0.2117014978080988 47
1756057456312 0.2329607479274273 48
1756057456323 0.2709852777421474 49
