1756057409516 1.3858559399843215 1
1756057409527 1.1251496642827987 2
1756057409533 0.8623788944445551 3
1756057409538 0.9428510665893555 4
1756057409543 0.9462279081344604 5
1756057409547 0.6798591271042824 6
1756057409552 0.6800905138254165 7
1756057409557 0.6066244974732399 8
1756057409562 0.5496247619390487 9
1756057409567 0.9561646148562432 10
1756057409572 0.6107382714748383 11
1756057409577 0.5324552923440933 12
1756057409582 0.4614908203482628 13
1756057409587 0.40406266748905184 14
1756057409592 0.37682385444641114 15
1756057409597 0.374716055393219 16
1756057409603 0.37670448496937753 17
1756057409608 0.3829230681061745 18
1756057409613 0.38231187760829927 19
1756057409618 0.55586107224226 20
1756057409623 0.29946252182126043 21
1756057409628 0.33704850599169733 22
1756057409633 0.31429672092199323 23
1756057409638 0.3507592111825943 24
1756057409643 0.3310204841196537 25
1756057409648 0.31686560809612274 26
1756057409654 0.31786992501001804 27
1756057409659 0.30856527760624886 28
1756057409664 0.22934660948812963 29
1756057409670 0.34439144730567933 30
1756057409675 0.3123821631073952 31
1756057409680 0.25277036502957345 32
1756057409685 0.19928727559745313 33
1756057409690 0.2612804040312767 34
1756057409695 0.2371913656592369 35
1756057409701 0.21339706294238567 36
1756057409706 0.22911202982068063 37
1756057409711 0.23443878181278704 38
1756057409716 0.22413387559354306 39
1756057409722 0.24490373581647873 40
1756057409727 0.22953373976051808 41
1756057409733 0.21830940060317516 42
1756057409738 0.18194943703711033 43
1756057409743 0.16060217916965486 44
1756057409749 0.16484897620975972 45
1756057409754 0.188285556063056 46
1756057409760 0.20376714318990707 47
1756057409766 0.21877854466438293 48
1756057409772 0.21719364076852798 49
1756057409778 0.14216738417744637 50
1756057409785 0.17795128077268602 51
1756057409791 0.2468990720808506 52
1756057409796 0.304896030575037 53
1756057409802 0.22361547574400903 54
1756057409808 0.25183607041835787 55
1756057409814 0.2053888827562332 56
1756057409819 0.14599868543446065 57
1756057409825 0.14078457094728947 58
1756057409831 0.16299006901681423 59
1756057409836 0.1658715821802616 60
1756057409842 0.13948722127825022 61
1756057409848 0.2372930970042944 62
1756057409854 0.21059968285262584 63
1756057409860 0.15354524366557598 64
1756057409866 0.13008822035044432 65
1756057409872 0.13811575286090375 66
1756057409878 0.1370107565075159 67
1756057409883 0.14236500188708306 68
1756057409889 0.10964852198958397 69
1756057409894 0.22627427689731122 70
1756057409900 0.13387256469577552 71
1756057409905 0.1933969132602215 72
1756057409911 0.16620167046785356 73
1756057409916 0.1482848159968853 74
1756057409922 0.12629182767122984 75
1756057409928 0.10113079473376274 76
1756057409934 0.16396291851997374 77
1756057409939 0.12108581960201263 78
1756057409945 0.19226777292788028 79
1756057409951 0.10437752418220043 80
1756057409957 0.10603900142014026 81
1756057409962 0.1433595722541213 82
1756057409968 0.11301368679851294 83
1756057409974 0.0933461394160986 84
1756057409980 0.23655400294810533 85
1756057409986 0.11738296207040548 86
1756057409992 0.25093382224440575 87
1756057409998 0.10505369435995818 88
1756057410004 0.1126131035387516 89
1756057410009 0.13801989294588565 90
1756057410015 0.15228528287261725 91
1756057410021 0.09714682810008526 92
1756057410027 0.10941534023731947 93
1756057410034 0.0815365007147193 94
1756057410040 0.10643218662589789 95
1756057410046 0.1357078470289707 96
1756057410052 0.09080117084085941 97
1756057410058 0.11469466630369425 98
1756057410065 0.08646901752799749 99
1756057410070 0.09513814903330058 100
