1756346636436 0.0006785327664405016 1
1756346636457 0.0013570655328810032 2
1756346636476 0.0020355982993215047 3
1756346636495 0.0027141310657620064 4
1756346636514 0.003392663832202508 5
1756346636533 0.003392663832202508 6
1756346636552 0.003392265817091481 7
1756346636571 0.003391071958588271 8
1756346636590 0.0033890828170947906 9
1756346636608 0.0033862993263219397 10
1756346636627 0.003382722792851318 11
1756346636647 0.003378354895521911 12
1756346636666 0.003373197684642035 13
1756346636685 0.003367253581026915 14
1756346636704 0.0033605253748623443 15
1756346636723 0.0033530162243949617 16
1756346636742 0.003344729654449755 17
1756346636761 0.0033356695547754962 18
1756346636780 0.0033258401782188785 19
1756346636800 0.003315246138728211 20
1756346636819 0.0033038924091876158 21
1756346636838 0.0032917843190827336 22
1756346636858 0.0032789275519990446 23
1756346636877 0.0032653281429539708 24
1756346636896 0.0032509924755640116 25
1756346636915 0.003235927279048253 26
1756346636935 0.003220139625069643 27
1756346636954 0.0032036369244155265 28
1756346636974 0.0031864269235189913 29
1756346636993 0.0031685177008226617 30
1756346637013 0.0031499176629866464 31
1756346637032 0.0031306355409424186 32
1756346637052 0.0031106803857944808 33
1756346637071 0.0030900615645717425 34
1756346637091 0.0030687887558305984 35
1756346637110 0.0030468719451117775 36
1756346637130 0.003024321420253087 37
1756346637150 0.003001147766560265 38
1756346637169 0.002977361861838192 39
1756346637189 0.0029529748712848096 40
1756346637209 0.0029279982422501295 41
1756346637229 0.002902443698862804 42
1756346637248 0.002876323236526772 43
1756346637268 0.002849649116290571 44
1756346637288 0.00282243385909195 45
1756346637308 0.002794690239880493 46
1756346637328 0.0027664312816210066 47
1756346637348 0.0027376702491804885 48
1756346637368 0.002708420643101548 49
1756346637388 0.0026786961932651955 50
1756346637408 0.002648510852445983 51
1756346637428 0.002617878789762516 52
1756346637448 0.0025868143840264146 53
1756346637468 0.00255533221699284 54
1756346637488 0.0025234470665157632 55
1756346637508 0.00249117389961118 56
1756346637529 0.002458527865431535 57
1756346637549 0.0024255242881546482 58
1756346637569 0.0023921786597904887 59
1756346637590 0.0023585066329091606 60
1756346637610 0.002324524013293525 61
1756346637631 0.0022902467525199033 62
1756346637651 0.002255690940470345 63
