1756346622727 0.9243799862654313 1
1756346622744 0.9377320564311483 2
1756346622760 0.9324241202810536 3
1756346622776 0.845110737759134 4
1756346622792 0.70675771780636 5
1756346622808 0.7090050759522811 6
1756346622824 0.6449345376180566 7
1756346622840 0.5938061294348344 8
1756346622856 0.5859295453714288 9
1756346622872 0.5250368468139482 10
1756346622888 0.49134649141975073 11
1756346622905 0.5439905446508656 12
1756346622921 0.5233173240786013 13
1756346622937 0.5164184207501619 14
1756346622953 0.485050275273945 15
1756346622969 0.4630291176878888 16
1756346622986 0.44471620735914813 17
1756346623002 0.44747330442718836 18
1756346623018 0.45108146511990094 19
1756346623035 0.4490981594375942 20
1756346623051 0.4213000237941742 21
1756346623067 0.4022189132545305 22
1756346623084 0.39613973316938983 23
1756346623100 0.3644936693751294 24
1756346623116 0.4000088572502136 25
1756346623133 0.38629466813543567 26
1756346623149 0.36993724626043567 27
1756346623166 0.3707669403242028 28
1756346623183 0.38679850360621576 29
1756346623199 0.3343585146510083 30
1756346623216 0.3652984111205391 31
1756346623232 0.3462016990651255 32
1756346623249 0.3394202926884527 33
1756346623266 0.3536540529002314 34
1756346623283 0.33275808070016943 35
1756346623299 0.3317483832006869 36
1756346623316 0.35177198959433514 37
1756346623333 0.30927736862846045 38
1756346623350 0.30871722944404767 39
1756346623367 0.31973447423914203 40
1756346623384 0.3306455664012743 41
1756346623401 0.4263000877007194 42
1756346623418 0.3493454378584157 43
1756346623435 0.32224642841712287 44
1756346623452 0.3276650931524194 45
1756346623469 0.3116433989742528 46
1756346623486 0.33745392249978107 47
1756346623503 0.3448938999487006 48
1756346623520 0.3026458977357201 49
1756346623537 0.3490992616052213 50
1756346623555 0.3514770820089009 51
1756346623572 0.3383291998635168 52
1756346623589 0.3325694358867148 53
1756346623606 0.32232694457406585 54
1756346623624 0.30733773630598316 55
1756346623641 0.2992430523685787 56
1756346623658 0.2855983026649641 57
1756346623676 0.2931450760882834 58
1756346623693 0.2964223869468855 59
1756346623710 0.26690544188022614 60
1756346623728 0.3025374282961306 61
1756346623745 0.2773363285738489 62
1756346623763 0.27016394229038904 63
1756346623780 0.26883662459642993 64
1756346623798 0.24630002936591272 65
1756346623815 0.2794061711300974 66
1756346623833 0.2596241002497466 67
1756346623851 0.2500952702501546 68
1756346623868 0.2745088559129964 69
1756346623886 0.2633654747320258 70
1756346623904 0.27066444767558057 71
1756346623922 0.2675110445074413 72
1756346623940 0.25192924297374225 73
1756346623958 0.2565962063229602 74
1756346623976 0.22881181343742038 75
1756346623994 0.2224066911832146 76
1756346624012 0.23031034741712653 77
