1756346606149 0.0006785327664405016 1
1756346606163 0.0013570655328810032 2
1756346606176 0.0020355982993215047 3
1756346606188 0.0027141310657620064 4
1756346606201 0.003392663832202508 5
1756346606214 0.003392663832202508 6
1756346606226 0.003392265817091481 7
1756346606239 0.003391071958588271 8
1756346606251 0.0033890828170947906 9
1756346606264 0.0033862993263219397 10
1756346606277 0.003382722792851318 11
1756346606290 0.003378354895521911 12
1756346606302 0.003373197684642035 13
1756346606315 0.003367253581026915 14
1756346606328 0.0033605253748623443 15
1756346606341 0.0033530162243949617 16
1756346606354 0.003344729654449755 17
1756346606367 0.0033356695547754962 18
1756346606380 0.0033258401782188785 19
1756346606393 0.003315246138728211 20
1756346606406 0.0033038924091876158 21
1756346606419 0.0032917843190827336 22
1756346606432 0.0032789275519990446 23
1756346606445 0.0032653281429539708 24
1756346606458 0.0032509924755640116 25
1756346606471 0.003235927279048253 26
1756346606485 0.003220139625069643 27
1756346606498 0.0032036369244155265 28
1756346606511 0.0031864269235189913 29
1756346606524 0.0031685177008226617 30
1756346606537 0.0031499176629866464 31
1756346606551 0.0031306355409424186 32
1756346606564 0.0031106803857944808 33
1756346606577 0.0030900615645717425 34
1756346606591 0.0030687887558305984 35
1756346606604 0.0030468719451117775 36
1756346606618 0.003024321420253087 37
1756346606631 0.003001147766560265 38
1756346606644 0.002977361861838192 39
1756346606658 0.0029529748712848096 40
1756346606672 0.0029279982422501295 41
1756346606685 0.002902443698862804 42
1756346606699 0.002876323236526772 43
1756346606713 0.002849649116290571 44
1756346606726 0.00282243385909195 45
1756346606740 0.002794690239880493 46
1756346606754 0.0027664312816210066 47
1756346606768 0.0027376702491804885 48
1756346606781 0.002708420643101548 49
1756346606796 0.0026786961932651955 50
1756346606810 0.002648510852445983 51
1756346606823 0.002617878789762516 52
1756346606837 0.0025868143840264146 53
1756346606851 0.00255533221699284 54
1756346606865 0.0025234470665157632 55
1756346606879 0.00249117389961118 56
1756346606893 0.002458527865431535 57
1756346606907 0.0024255242881546482 58
1756346606921 0.0023921786597904887 59
1756346606935 0.0023585066329091606 60
1756346606949 0.002324524013293525 61
1756346606964 0.0022902467525199033 62
1756346606978 0.002255690940470345 63
1756346606992 0.0022208727977799715 64
1756346607006 0.002185808668222948 65
1756346607020 0.002150515011040648 66
1756346607034 0.0021150083932156226 67
1756346607049 0.002079305481694993 68
1756346607063 0.002043423035566919 69
1756346607077 0.0020073778981938165 70
1756346607092 0.001971186989306016 71
1756346607107 0.0019348672970595747 72
1756346607121 0.0018984358700619701 73
1756346607136 0.0018619098093694143 74
1756346607150 0.0018253062604595487 75
1756346607165 0.0017886424051832932 76
1756346607179 0.0017519354536996152 77
1756346607194 0.001715202636397011 78
1756346607209 0.001678461195805497 79
1756346607223 0.001641728378502893 80
1756346607238 0.0016050214270192148 81
1756346607252 0.0015683575717429594 82
1756346607267 0.0015317540228330943 83
1756346607282 0.0014952279621405378 84
1756346607297 0.0014587965351429333 85
1756346607312 0.0014224768428964924 86
1756346607327 0.0013862859340086917 87
1756346607343 0.0013502407966355893 88
1756346607357 0.001314358350507515 89
1756346607373 0.0012786554389868858 90
1756346607388 0.0012431488211618606 91
1756346607403 0.0012078551639795603 92
1756346607418 0.0011727910344225365 93
1756346607433 0.001137972891732163 94
1756346607448 0.001103417079682605 95
1756346607463 0.0010691398189089831 96
