1756346636436 2.1782724598179692 1
1756346636457 2.6028003122495567 2
1756346636476 2.644208151361217 3
1756346636495 1.8352287437604822 4
1756346636514 1.2614852552828582 5
1756346636533 1.1708281377087468 6
1756346636552 0.7322768128436544 7
1756346636571 0.7262411752472753 8
1756346636590 0.7421463170777196 9
1756346636608 0.6700952986012334 10
1756346636627 0.5912372988203297 11
1756346636647 0.4227264173652815 12
1756346636666 0.5127266425153484 13
1756346636685 0.449983154302058 14
1756346636704 0.38778384224228235 15
1756346636723 0.2911240043847457 16
1756346636742 0.3613756046346996 17
1756346636761 0.4001257189589998 18
1756346636780 0.39899395471033844 19
1756346636800 0.27965840632500855 20
1756346636819 0.27614155152569647 21
1756346636838 0.39278622425120807 22
1756346636858 0.3018599495939586 23
1756346636877 0.2803985405227412 24
1756346636896 0.2862347662448883 25
1756346636915 0.2946135524822318 26
1756346636935 0.27065248495858646 27
1756346636954 0.2685343182605246 28
1756346636974 0.5284785038751104 29
1756346636993 0.7414755030818607 30
1756346637013 0.2903572706424672 31
1756346637032 0.2855187434217204 32
1756346637052 0.29939189747623773 33
1756346637071 0.26599481377912604 34
1756346637091 0.2514666480862576 35
1756346637110 0.26555629528087116 36
1756346637130 0.26993440091609955 37
1756346637150 0.22893457859754562 38
1756346637169 0.20774922617103742 39
1756346637189 0.18676531735969626 40
1756346637209 0.1745464675452398 41
1756346637229 0.16588229135326718 42
1756346637248 0.19146196900502496 43
1756346637268 0.1494503225321355 44
1756346637288 0.16766367658324863 45
1756346637308 0.17889192700386047 46
1756346637328 0.1777854837153269 47
1756346637348 0.1590821065980455 48
1756346637368 0.12818607428799506 49
1756346637388 0.13816970036081647 50
1756346637408 0.1383064554437347 51
1756346637428 0.15482890346775885 52
1756346637448 0.15929103027219357 53
1756346637468 0.13816986006239187 54
1756346637488 0.1255803383562876 55
1756346637508 0.1369543895125389 56
1756346637529 0.20019985670628754 57
1756346637549 0.17873631547326627 58
1756346637569 0.1481758731862773 59
1756346637590 0.12576185474577156 60
1756346637610 0.10872453677913417 61
1756346637631 0.14845293128620024 62
1756346637651 0.1798721571331439 63
