1756346622727 1.6355940233106199 1
1756346622744 1.6473786105280337 2
1756346622760 1.562549300815748 3
1756346622776 1.2599353971688643 4
1756346622792 0.8816892660182455 5
1756346622808 0.9049756708352462 6
1756346622824 0.7667412602383158 7
1756346622840 0.6176772778448851 8
1756346622856 0.6325120239154153 9
1756346622872 0.49433627335921576 10
1756346622888 0.4270559795524763 11
1756346622905 0.5488317038701929 12
1756346622921 0.481529440568841 13
1756346622937 0.47170455559440283 14
1756346622953 0.44031773248444434 15
1756346622969 0.38881690476251685 16
1756346622986 0.35465316798376 17
1756346623002 0.35773413012857025 18
1756346623018 0.35878001412619714 19
1756346623035 0.3671636173258657 20
1756346623051 0.33054291424543963 21
1756346623067 0.2923574149608612 22
1756346623084 0.27766546736592834 23
1756346623100 0.2388786291298659 24
1756346623116 0.2942964564199033 25
1756346623133 0.2663463762272959 26
1756346623149 0.24129611642464346 27
1756346623166 0.24813130562720093 28
1756346623183 0.27503062590308813 29
1756346623199 0.20341074401917664 30
1756346623216 0.2404298555591832 31
1756346623232 0.22115627287522607 32
1756346623249 0.21088979684788248 33
1756346623266 0.23383188442043637 34
1756346623283 0.1967102859331214 35
1756346623299 0.2004867189604303 36
1756346623316 0.22665538282498068 37
1756346623333 0.1740441895697428 38
1756346623350 0.1718639326484307 39
1756346623367 0.19057803892570993 40
1756346623384 0.20193442961444025 41
1756346623401 0.3418125244586364 42
1756346623418 0.21958275916783707 43
1756346623435 0.18952486566875293 44
1756346623452 0.19420519276805545 45
1756346623469 0.17579210258048514 46
1756346623486 0.20971174084621927 47
1756346623503 0.22705125646746677 48
1756346623520 0.18059953755658606 49
1756346623537 0.23565371755672537 50
1756346623555 0.25548791172711743 51
1756346623572 0.2115993311871653 52
1756346623589 0.20401290156271146 53
1756346623606 0.19065569470758023 54
1756346623624 0.17912729926731275 55
1756346623641 0.15842626308617386 56
1756346623658 0.1502646855686022 57
1756346623676 0.16218330516763355 58
1756346623693 0.1715560898832653 59
1756346623710 0.12814213335514069 60
1756346623728 0.17301038749839948 61
1756346623745 0.14184113689090894 62
1756346623763 0.1324840735482133 63
1756346623780 0.13817744378162466 64
1756346623798 0.11761950118386227 65
1756346623815 0.15547720893569614 66
1756346623833 0.1319773080556289 67
1756346623851 0.11746440050394638 68
1756346623868 0.14784131555453592 69
1756346623886 0.1295388370104458 70
1756346623904 0.13376952610586001 71
1756346623922 0.14318965051485144 72
1756346623940 0.12850505113601685 73
1756346623958 0.11991789807444034 74
1756346623976 0.09674331902161888 75
1756346623994 0.09528522112447282 76
1756346624012 0.09451709849678952 77
