1756346572225 0.0006785327664405016 1
1756346572233 0.0013570655328810032 2
1756346572239 0.0020355982993215047 3
1756346572245 0.0027141310657620064 4
1756346572251 0.003392663832202508 5
1756346572257 0.003392663832202508 6
1756346572263 0.003392265817091481 7
1756346572269 0.003391071958588271 8
1756346572276 0.0033890828170947906 9
1756346572282 0.0033862993263219397 10
1756346572288 0.003382722792851318 11
1756346572295 0.003378354895521911 12
1756346572301 0.003373197684642035 13
1756346572307 0.003367253581026915 14
1756346572314 0.0033605253748623443 15
1756346572320 0.0033530162243949617 16
1756346572326 0.003344729654449755 17
1756346572333 0.0033356695547754962 18
1756346572339 0.0033258401782188785 19
1756346572346 0.003315246138728211 20
1756346572352 0.0033038924091876158 21
1756346572359 0.0032917843190827336 22
1756346572365 0.0032789275519990446 23
1756346572372 0.0032653281429539708 24
1756346572378 0.0032509924755640116 25
1756346572385 0.003235927279048253 26
1756346572391 0.003220139625069643 27
1756346572398 0.0032036369244155265 28
1756346572405 0.0031864269235189913 29
1756346572411 0.0031685177008226617 30
1756346572418 0.0031499176629866464 31
1756346572425 0.0031306355409424186 32
1756346572432 0.0031106803857944808 33
1756346572439 0.0030900615645717425 34
1756346572445 0.0030687887558305984 35
1756346572452 0.0030468719451117775 36
1756346572459 0.003024321420253087 37
1756346572466 0.003001147766560265 38
1756346572473 0.002977361861838192 39
1756346572480 0.0029529748712848096 40
1756346572487 0.0029279982422501295 41
1756346572494 0.002902443698862804 42
1756346572501 0.002876323236526772 43
1756346572508 0.002849649116290571 44
1756346572516 0.00282243385909195 45
1756346572523 0.002794690239880493 46
1756346572530 0.0027664312816210066 47
1756346572537 0.0027376702491804885 48
1756346572544 0.002708420643101548 49
1756346572552 0.0026786961932651955 50
1756346572559 0.002648510852445983 51
1756346572566 0.002617878789762516 52
1756346572574 0.0025868143840264146 53
1756346572581 0.00255533221699284 54
1756346572589 0.0025234470665157632 55
1756346572596 0.00249117389961118 56
1756346572603 0.002458527865431535 57
1756346572611 0.0024255242881546482 58
1756346572618 0.0023921786597904887 59
1756346572626 0.0023585066329091606 60
1756346572634 0.002324524013293525 61
1756346572641 0.0022902467525199033 62
1756346572649 0.002255690940470345 63
1756346572657 0.0022208727977799715 64
1756346572664 0.002185808668222948 65
1756346572672 0.002150515011040648 66
1756346572680 0.0021150083932156226 67
1756346572688 0.002079305481694993 68
1756346572696 0.002043423035566919 69
1756346572703 0.0020073778981938165 70
1756346572711 0.001971186989306016 71
1756346572719 0.0019348672970595747 72
1756346572727 0.0018984358700619701 73
1756346572735 0.0018619098093694143 74
1756346572743 0.0018253062604595487 75
1756346572751 0.0017886424051832932 76
1756346572759 0.0017519354536996152 77
1756346572767 0.001715202636397011 78
1756346572775 0.001678461195805497 79
1756346572784 0.001641728378502893 80
1756346572792 0.0016050214270192148 81
1756346572800 0.0015683575717429594 82
1756346572808 0.0015317540228330943 83
1756346572816 0.0014952279621405378 84
1756346572825 0.0014587965351429333 85
1756346572833 0.0014224768428964924 86
1756346572841 0.0013862859340086917 87
1756346572850 0.0013502407966355893 88
1756346572858 0.001314358350507515 89
1756346572867 0.0012786554389868858 90
1756346572875 0.0012431488211618606 91
1756346572884 0.0012078551639795603 92
1756346572892 0.0011727910344225365 93
1756346572901 0.001137972891732163 94
1756346572917 0.001103417079682605 95
1756346572926 0.0010691398189089831 96
1756346572934 0.0010351571992933475 97
1756346572943 0.0010014851724120192 98
1756346572952 0.0009681395440478604 99
1756346572961 0.0009351359667709743 100
1756346572969 0.0009024899325913284 101
1756346572980 0.0008702167656867452 102
1756346572989 0.0008383316152096681 103
1756346572998 0.0008068494481760939 104
1756346573007 0.0007757850424399921 105
1756346573016 0.0007451529797565256 106
1756346573025 0.0007149676389373129 107
