1756346572225 0.9848476052284241 1
1756346572233 0.8690275161162667 2
1756346572239 0.9309489727020264 3
1756346572245 0.9486889035805411 4
1756346572251 0.7682313037955243 5
1756346572257 0.6706412460493005 6
1756346572263 0.6552021192467731 7
1756346572269 0.6516460556051006 8
1756346572276 0.5640057740004166 9
1756346572282 0.5609909658846648 10
1756346572288 0.5108892023563385 11
1756346572295 0.5538840786270474 12
1756346572301 0.5298333206902379 13
1756346572307 0.500513018473335 14
1756346572314 0.4831580830656964 15
1756346572320 0.5097804730353148 16
1756346572326 0.47167219545530237 17
1756346572333 0.42957565317983215 18
1756346572339 0.4312919715176458 19
1756346572346 0.45428866407145624 20
1756346572352 0.44583537785903266 21
1756346572359 0.4427582880725031 22
1756346572365 0.4367171707360641 23
1756346572372 0.4165656618449999 24
1756346572378 0.40429565180902893 25
1756346572385 0.38183644543523376 26
1756346572391 0.4064074871332749 27
1756346572398 0.4171985672867816 28
1756346572405 0.44840747247571533 29
1756346572411 0.4197549236857373 30
1756346572418 0.40244143164676166 31
1756346572425 0.3726888428563657 32
1756346572432 0.3677300396172897 33
1756346572439 0.356619656085968 34
1756346572445 0.3456412592659826 35
1756346572452 0.34506423836169037 36
1756346572459 0.35998104836629785 37
1756346572466 0.37770937836688495 38
1756346572473 0.35227402526399365 39
1756346572480 0.3804319604583409 40
1756346572487 0.4018994803014009 41
1756346572494 0.35866120328073914 42
1756346572501 0.33016261199246283 43
1756346572508 0.331289934075397 44
1756346572516 0.3215809470933417 45
1756346572523 0.33247647078140924 46
1756346572530 0.3152748501819113 47
1756346572537 0.31843633884968964 48
1756346572544 0.2954012265671854 49
1756346572552 0.30017920097579126 50
1756346572559 0.296533913716026 51
1756346572566 0.3119340798129206 52
1756346572574 0.279265653827916 53
1756346572581 0.28933325798615167 54
1756346572589 0.2613199392090673 55
1756346572596 0.2724139528430026 56
1756346572603 0.2684956510429797 57
1756346572611 0.2594578123610953 58
1756346572618 0.2728545393632806 59
1756346572626 0.2567907785591872 60
1756346572634 0.25971351045629254 61
1756346572641 0.25171830278375873 62
1756346572649 0.24300094207991724 63
1756346572657 0.2532259543304858 64
1756346572664 0.25295783903287805 65
1756346572672 0.25827504240948224 66
1756346572680 0.24608127578445102 67
1756346572688 0.24151832189248956 68
1756346572696 0.25968847002672113 69
1756346572703 0.26119495928287506 70
1756346572711 0.25584166594173596 71
1756346572719 0.242564069836036 72
1756346572727 0.2317513661540073 73
1756346572735 0.2494406123524127 74
1756346572743 0.23739173036554587 75
1756346572751 0.2449039162501045 76
1756346572759 0.22831090183361716 77
1756346572767 0.2400811282188996 78
1756346572775 0.22843229641085086 79
1756346572784 0.2199683532766674 80
1756346572792 0.21058513483275537 81
1756346572800 0.21635000278120456 82
1756346572808 0.21358926982983298 83
1756346572816 0.21861545417619788 84
1756346572825 0.21990080436934595 85
1756346572833 0.22197929672572925 86
1756346572841 0.2107609069865683 87
1756346572850 0.21644682469575302 88
1756346572858 0.21713907951894013 89
1756346572867 0.22563330116479294 90
1756346572875 0.20629451974578525 91
1756346572884 0.24556367876737015 92
1756346572892 0.2534955118013465 93
1756346572901 0.21286610481531723 94
1756346572917 0.2096968422765317 95
1756346572926 0.2259591474481251 96
1756346572934 0.21193511006624802 97
1756346572943 0.2158106461815212 98
1756346572952 0.21571359297503595 99
1756346572961 0.2078287361756615 100
1756346572969 0.1973348933717479 101
1756346572980 0.20496258463548578 102
1756346572989 0.20470274855261264 103
1756346572998 0.18735133759353473 104
1756346573007 0.20026305706604666 105
1756346573016 0.1972476574389831 106
1756346573025 0.18954683645911838 107
