1755987706941 1.627481210231781 1
1755987706957 1.2741175234317779 2
1755987706964 0.8254236280918121 3
1755987706972 0.7119406998157501 4
1755987706979 0.7090413570404053 5
1755987706987 0.5646998882293701 6
1755987706994 0.47776421904563904 7
1755987707002 0.4433398932218552 8
1755987707009 0.32972728461027145 9
1755987707016 0.37322506308555603 10
1755987707023 0.28800668716430666 11
1755987707030 0.2662872612476349 12
1755987707037 0.23259604275226592 13
1755987707044 0.2190447434782982 14
1755987707052 0.2102596268057823 15
1755987707060 0.19643878787755967 16
1755987707068 0.19614524245262147 17
1755987707076 0.19099556654691696 18
1755987707086 0.1639639988541603 19
1755987707096 0.13223931863903998 20
1755987707106 0.14174179285764693 21
1755987707115 0.15787608474493026 22
1755987707122 0.1962582677602768 23
1755987707131 0.28299334794282915 24
1755987707140 0.29843258708715437 25
1755987707149 0.23037474751472473 26
1755987707160 0.1897859126329422 27
1755987707168 0.19371815025806427 28
1755987707179 0.15642192140221595 29
1755987707188 0.14736370295286177 30
1755987707200 0.12088561728596688 31
1755987707209 0.13249822407960893 32
1755987707219 0.11775354370474815 33
1755987707227 0.10900989472866059 34
1755987707235 0.10967346057295799 35
1755987707242 0.09146779924631118 36
1755987707250 0.08070996552705764 37
1755987707259 0.07761655673384667 38
1755987707267 0.07518158964812756 39
1755987707277 0.07866508103907108 40
1755987707287 0.08268025517463684 41
1755987707298 0.08236440569162369 42
1755987707308 0.07933641448616982 43
1755987707317 0.06209997981786728 44
1755987707327 0.04530047550797463 45
1755987707335 0.05157039798796177 46
1755987707345 0.050219655781984326 47
1755987707354 0.05903686545789242 48
1755987707364 0.047078880667686465 49
1755987707372 0.051907092705368994 50
1755987707380 0.05069256462156772 51
1755987707393 0.06265705898404121 52
1755987707401 0.045244207978248595 53
1755987707409 0.03783760219812393 54
1755987707418 0.03072196915745735 55
1755987707426 0.0359848303720355 56
1755987707435 0.034761971607804296 57
1755987707449 0.035180773586034775 58
1755987707457 0.03138331435620785 59
1755987707466 0.030265597626566887 60
1755987707475 0.02999563990160823 61
1755987707487 0.028658470883965493 62
1755987707497 0.035917083360254766 63
1755987707506 0.030792831256985665 64
1755987707515 0.035361321084201335 65
1755987707523 0.025186362117528914 66
1755987707531 0.03041527569293976 67
1755987707540 0.028157584182918072 68
1755987707547 0.026384372729808092 69
1755987707556 0.01880620075389743 70
1755987707565 0.023365584667772055 71
1755987707574 0.0201949093490839 72
1755987707582 0.02143752295523882 73
