1755987671741 0.000923851940834443 1
1755987671757 0.001847703881668886 2
1755987671762 0.002771555822503329 3
1755987671766 0.003695407763337772 4
1755987671771 0.004619259704172215 5
1755987671775 0.004619259704172215 6
1755987671780 0.004617997204376738 7
1755987671785 0.004614211085515299 8
1755987671789 0.004607905487653284 9
1755987671793 0.004599087305869378 10
1755987671799 0.004587766182715896 11
1755987671803 0.004573954497674789 12
1755987671808 0.004557667353620869 13
1755987671812 0.004538922560307035 14
1755987671817 0.004517740614889565 15
1755987671821 0.004494144679514784 16
1755987671826 0.004468160555991593 17
1755987671831 0.004439816657577568 18
1755987671835 0.004409143977909485 19
1755987671841 0.004376176057112229 20
1755987671846 0.004340948945123162 21
1755987671851 0.004303501162272044 22
1755987671856 0.00426387365715962 23
1755987671861 0.0042221097618809255 24
1755987671866 0.004178255144642277 25
1755987671871 0.004132357759823757 26
1755987671876 0.004084467795541807 27
1755987671880 0.004034637618769255 28
1755987671885 0.003982921718072803 29
1755987671890 0.003929376644030576 30
1755987671895 0.0038740609473949016 31
1755987671900 0.003817035115067911 32
1755987671905 0.0037583615039600096 33
1755987671909 0.003698104272803507 34
1755987671914 0.003636329311995985 35
1755987671919 0.0035731041715501163 36
1755987671924 0.003508497987228715 37
1755987671929 0.0034425814049457997 38
1755987671934 0.003375426503516318 39
1755987671939 0.0033071067158390245 40
1755987671944 0.003237696748598685 41
1755987671949 0.0031672725005754084 42
1755987671956 0.003095910979650451 43
