1755908551774 0.0003017385648520392 1
1755908551786 0.0006034771297040784 2
1755908551794 0.0009052156945561177 3
1755908551803 0.0012069542594081567 4
1755908551810 0.001508692824260196 5
1755908551817 0.001508692824260196 6
1755908551824 0.0015082806642682945 7
1755908551832 0.0015070446349834902 8
1755908551840 0.0015049860879856587 9
1755908551847 0.001502107274265719 10
1755908551855 0.0014984113417642073 11
1755908551866 0.001493902331929051 12
1755908551874 0.0014885851752963041 13
1755908551882 0.001482465686098679 14
1755908551890 0.0014755505559077677 15
1755908551899 0.001467847346316907 16
1755908551907 0.0014593644806726875 17
1755908551914 0.0014501112348641466 18
1755908551925 0.0014400977271797214 19
1755908551934 0.0014293349072430476 20
1755908551942 0.001417834544039708 21
1755908551950 0.0014056092130480195 22
1755908551960 0.0013926722824879297 23
1755908551967 0.001379037898703069 24
1755908551975 0.0013647209706919277 25
1755908551983 0.0013497371538050873 26
1755908551990 0.001334102832626323 27
1755908551998 0.001317835103056303 28
1755908552006 0.001300951753618472 29
1755908552017 0.001283471246007561 30
1755908552025 0.0012654126949019969 31
1755908639311 0.00022645145439282536 1
1755908639335 0.0004529029087856507 2
1755908639351 0.0006793543631784761 3
1755908639366 0.0009058058175713014 4
1755908639380 0.0011322572719641268 5
1755908639395 0.0011322572719641268 6
1755908639409 0.0011319480186596416 7
1755908639423 0.001131020596910134 8
1755908639438 0.0011294760208376707 9
1755908639454 0.00112731597941351 10
1755908639468 0.0011245428346112355 11
1755908639483 0.0011211596188239737 12
1755908639498 0.0011171700315485162 13
1755908639513 0.0011125784353399738 14
1755908639527 0.001107389851041388 15
1755908639542 0.001101609952293511 16
1755908639556 0.0010952450593307637 17
1755908639571 0.001088302132070153 18
1755908639586 0.0010807887625007028 19
1755908639601 0.0010727131663817275 20
1755908639616 0.0010640841742590183 21
1755908639631 0.001054911221808772 22
1755908639646 0.0010452043395198167 23
1755908639661 0.0010349741417254206 24
1755908639675 0.0010242318149966737 25
1755908639691 0.0010129891059101363 26
1755908639706 0.0010012583082031309 27
1755908639721 0.0009890522493307204 28
1755908639735 0.0009763842764390742 29
1755908639751 0.0009632682417705596 30
1755908639765 0.0009497184875165197 31
1755908639780 0.0009357498301342951 32
1755908639795 0.0009213775441456478 33
1755908639810 0.0009066173454342947 34
1755908889990 0.0008859338125458661 1
1755908890049 0.0017718676250917322 2
1755908890092 0.0026578014376375985 3
1755908890134 0.0035437352501834643 4
1755908890179 0.00442966906272933 5
1755908890223 0.00442966906272933 6
1755908890266 0.004428458391579572 7
1755908890312 0.004424827701981427 8
1755908890354 0.004418780964040664 9
1755908890396 0.004410324789776443 10
1755908890440 0.004399468425891172 11
1755908890483 0.0043862237436593675 12
1755908890527 0.004370605225946593 13
1755908890572 0.004352629951372657 14
1755908890616 0.004332317575636398 15
1755908890660 0.00430969031002246 16
1755908890704 0.004284772897113581 17
1755908890933 0.004257592583734944 18
1755908890975 0.00422817909116017 19
1755908891019 0.0041965645826115465 20
1755908891064 0.00416278362809001 21
1755908891106 0.004126873166573365 22
1755908891150 0.004088872465624045 23
1755908891193 0.00404882307845062 24
1755908891241 0.004006768798469965 25
1755908891285 0.003962755611419802 26
1755908891329 0.003916831645073976 27
1755908891375 0.0038690471166154387 28
1755908891420 0.003819454277724493 29
1755908891466 0.0037681073574423506 30
1755908891511 0.0037150625028724744 31
1755908891557 0.0036603777177845382 32
1755908891600 0.003604112799188162 33
1755908891643 0.0035463292719457576 34
1755908891686 0.003487090321495996 35
1755908891729 0.0034264607247614562 36
1755908891774 0.0033645067793160125 37
1755908891821 0.0033012962308894105 38
1755908891868 0.0032368981992883074 39
1755908891915 0.003171383102814776 40
1755908891961 0.0031048225812649287 41
1755908892007 0.0030372894175918464 42
1755908892051 0.0029688574583184952 43
1755908892097 0.0028996015327876316 44
1755908892144 0.0028295973713370194 45
1755908892189 0.0027589215224894134 46
1755908892235 0.0026876512692478763 47
1755908892281 0.0026158645445879484 48
1755908892326 0.0025436398462390826 49
1755908892373 0.0024710561508485326 50
1755908892419 0.0023981928276215433 51
1755908892466 0.0023251295515322955 52
1755908892513 0.0022519462162004893 53
1755908892560 0.0021787228465288415 54
1755908892605 0.002105539511197035 55
1755908892650 0.0020324762351077875 56
1755908892695 0.001959612911880798 57
1755908892740 0.0018870292164902473 58
1755908892784 0.0018148045181413828 59
1755908892830 0.0017430177934814545 60
1755908892875 0.0016717475402399172 61
1755908892921 0.0016010716913923114 62
1755908892966 0.0015310675299416987 63
1755908893011 0.001461811604410835 64
1755908893056 0.0013933796451374833 65
1755908893101 0.001325846481464402 66
1755908893146 0.001259285959914554 67
1755908965802 0.0009445754086045953 1
1755908966270 0.0018891508172091905 2
1755908966633 0.0028337262258137856 3
1755908967005 0.003778301634418381 4
1755908967269 0.004722877043022976 5
1755908967636 0.004722877043022976 6
1755908968001 0.004721586217217815 7
1755908968366 0.004717715151301397 8
1755908968732 0.004711268078227467 9
1755908969098 0.004702252047775778 10
1755908969466 0.004690676918843255 11
1755908969831 0.004676555348663443 12
1755908970196 0.004659902778966002 13
1755908970463 0.004640737419091406 14
1755908970827 0.004619080226079294 15
1755908971193 0.004594954881752258 16
1755908971558 0.0045683877668201145 17
1755908971923 0.004539407932032988 18
1755908972288 0.0045080470664147386 19
1755908972651 0.004474339462611486 20
1755908973016 0.004438321979393098 21
1755908973383 0.004400034001348673 22
1755908973648 0.00435951739582006 23
1755908974016 0.00431681646712055 24
1755908974384 0.0042719779080887445 25
1755908974755 0.004225050749030632 26
1755908975124 0.004176086304105666 27
1755908975492 0.0041251381152154825 28
1755908975871 0.004072261893456619 29
1755908976249 0.004017515458201247 30
1755908976629 0.0039609586738725425 31
1755908976903 0.003902653384483807 32
1755908977275 0.0038426633460129597 33
1755908977651 0.0037810541566863022 34
1755908978027 0.003717893185247827 35
1755908978399 0.0036532494972924823 36
1755908978772 0.0035871937797439576 37
1755908979145 0.003519798263559572 38
1755908979518 0.003451136644746782 39
1755909262878 0.0005912461278016816 1
1755909266370 0.0011824922556033632 2
1755909269587 0.0017737383834050449 3
1755909272880 0.0023649845112067264 4
1755909276063 0.002956230639008408 5
1755909279245 0.002956230639008408 6
1755909282499 0.0029554227636795338 7
1755909285679 0.002953000021092722 8
1755909288836 0.002948965060481422 9
1755909291993 0.00294332229401582 10
1755909295229 0.0029360778919782005 11
1755909298372 0.002927239776015831 12
1755909301635 0.002916817610478756 13
1755909304851 0.0029048227918519734 14
1755909308030 0.0028912684362935454 15
1755909311258 0.002876169365292272 16
1755909314394 0.0028595420894606117 17
1755909317552 0.0028414047904805665 18
1755909320711 0.0028217773012222816 19
1755909323967 0.002800681084057094 20
1755909327148 0.002778139207388741 21
1755909330413 0.0027541763204284044 22
1755909333570 0.0027288186262411545 23
1755909336715 0.0027020938530932883 24
1755909339951 0.0026740312241318727 25
1755909343109 0.0026446614254296667 26
1755909346371 0.0026140165724303473 27
1755909349635 0.002582130174830746 28
1755909352976 0.0025490370999384877 29
1755909356110 0.0025147735345450975 30
1755909359407 0.002479376945356283 31
1755909362576 0.002442886038022633 32
1755909365768 0.002405340714815563 33
1755909369128 0.0023667820309947645 34
1755909372359 0.002327252149914884 35
1755909375514 0.00228679429692051 36
1755909378704 0.002245452712079895 37
1755909381957 0.0022032726018090918 38
1755909385264 0.002160300089439399 39
1755909388591 0.0021165821647821767 40
1755909391808 0.0020721666327461787 41
1755909394965 0.0020271020610635824 42
1755909398243 0.0019814377271818923 43
1755911410272 0.00047326181476331253 1
1755911434354 0.0009465236295266251 2
1755911458182 0.0014197854442899375 3
1755911482150 0.0018930472590532501 4
1755911505954 0.0023663090738165627 5
1755911529786 0.0023663090738165627 6
1755911553691 0.0023656624661302877 7
1755911577401 0.0023637233501274738 8
1755911602345 0.0023604938462030004 9
1755911626861 0.002355977485771994 10
1755911650873 0.0023501792074082767 11
1755911675604 0.0023431053514441106 12
1755911699100 0.002334763653037135 13
1755911723510 0.002325163233712086 14
1755911748590 0.002314314591386544 15
1755911774392 0.0023022295888916132 16
