1756053364678 1.7128838300704956 1
1756053364689 1.3006370186805725 2
1756053364696 1.0009281635284424 3
1756053364703 0.7711022138595581 4
1756053364710 0.7791371703147888 5
1756053364717 0.6279267907142639 6
1756053364724 0.5854987859725952 7
1756053364731 0.5715781271457672 8
1756053364738 0.4916848123073578 9
1756053364744 0.49847567081451416 10
1756053364752 0.4164361536502838 11
1756053364759 0.3608663082122803 12
1756053364766 0.3627711236476898 13
1756053364774 0.36050463318824766 14
1756053364781 0.3267809748649597 15
1756053364788 0.29917973279953003 16
1756053364795 0.2979808241128922 17
1756053364803 0.2487610697746277 18
1756053364810 0.25095327496528624 19
1756053364817 0.22799118757247924 20
1756053364824 0.22706378400325775 21
1756053364831 0.2178213983774185 22
1756053364838 0.20959654450416565 23
1756053364845 0.176863631606102 24
1756053364852 0.1977294534444809 25
1756053364859 0.1806441366672516 26
1756053364866 0.17636202573776244 27
1756053364876 0.162604022026062 28
1756053364884 0.16768164336681365 29
1756053364891 0.14164891988039016 30
1756053364899 0.17192637026309968 31
1756053364906 0.18108088076114653 32
1756053364914 0.19834456741809844 33
1756053364921 0.17941450476646423 34
1756053364929 0.1635238528251648 35
1756053364936 0.17384544909000396 36
1756053364943 0.17343049347400666 37
1756053364951 0.15005470514297486 38
1756053364959 0.1429633155465126 39
1756053364966 0.15378563702106476 40
1756053364973 0.1259218156337738 41
1756053364980 0.11112809479236603 42
1756053364988 0.1118388146162033 43
1756053364995 0.11235332489013672 44
1756053365003 0.09881536513566971 45
1756053365010 0.09393185526132583 46
1756053365018 0.09861984848976135 47
1756053365026 0.08753081858158111 48
1756053365033 0.08078088015317916 49
1756053365041 0.07946233600378036 50
1756053365050 0.09079473465681076 51
1756053365057 0.09581846296787262 52
1756053365065 0.07778823673725128 53
1756053365073 0.07735520005226135 54
1756053365080 0.07216281592845916 55
1756053365087 0.07056462615728379 56
1756053365095 0.06733549758791924 57
1756053365102 0.08632239252328873 58
1756053365110 0.06623118594288827 59
1756053365118 0.07662783861160279 60
1756053365127 0.06750822216272354 61
1756053365135 0.06849071532487869 62
1756053365143 0.06712300926446915 63
1756053365152 0.0578740268945694 64
1756053365160 0.06365754678845406 65
1756053365168 0.06732951402664185 66
1756053365176 0.06826983690261841 67
1756053365185 0.06430413946509361 68
1756053365193 0.0598749540746212 69
1756053365201 0.06711561158299446 70
1756053365209 0.05772105902433396 71
1756053365217 0.05812705084681511 72
1756053365226 0.060530459880828856 73
1756053365233 0.05968949273228645 74
1756053365241 0.05780231952667236 75
1756053365249 0.05413862019777298 76
1756053365258 0.05344880223274231 77
1756053365265 0.05097254514694214 78
1756053365274 0.056170711666345595 79
