1756053348188 2.6753221988677978 1
1756053348197 1.4852233171463012 2
1756053348202 1.181812345981598 3
1756053348207 1.355226492881775 4
1756053348212 1.2707664251327515 5
1756053348216 1.2174597024917602 6
1756053348222 1.0837723731994628 7
1756053348226 0.7398656129837036 8
1756053348231 0.75213143825531 9
1756053348235 0.5885756969451904 10
1756053348240 0.469943106174469 11
1756053348244 0.46037949323654176 12
1756053348248 0.4137894332408905 13
1756053348253 0.36550299525260926 14
1756053348258 0.4489272117614746 15
1756053348263 0.4135497212409973 16
1756053348268 0.3713589310646057 17
1756053348273 0.2945909857749939 18
1756053348278 0.3086832702159882 19
1756053348283 0.28246607780456545 20
1756053348288 0.27956061959266665 21
1756053348293 0.25328452587127687 22
1756053348298 0.25554036200046537 23
1756053348303 0.2537906229496002 24
1756053348309 0.2669262528419495 25
1756053348314 0.2031293660402298 26
1756053348319 0.21702401340007782 27
1756053348324 0.20786747932434083 28
1756053348330 0.19711962938308716 29
1756053348335 0.1780333012342453 30
1756053348340 0.20300254821777344 31
1756053348345 0.17413438856601715 32
1756053348350 0.2248726636171341 33
1756053348356 0.17319148182868957 34
1756053348362 0.1691192716360092 35
1756053348366 0.17269814014434814 36
1756053348372 0.1610415279865265 37
1756053348378 0.15546400099992752 38
1756053348383 0.16190216243267058 39
1756053348388 0.15749697983264924 40
1756053348393 0.1740449160337448 41
1756053348399 0.154360768198967 42
1756053348405 0.14789896607398986 43
1756053348409 0.13849620819091796 44
1756053348415 0.15122175812721253 45
1756053348420 0.11650647073984147 46
1756053348426 0.12094522267580032 47
1756053348432 0.11330376118421555 48
1756053348438 0.11126024872064591 49
1756053348443 0.10777354538440705 50
1756053348449 0.09721957445144654 51
1756053348455 0.09387710839509963 52
1756053348460 0.09044123440980911 53
1756053348466 0.09267161041498184 54
1756053348471 0.1168623372912407 55
1756053348478 0.10588146597146988 56
1756053348483 0.11138549596071243 57
1756053348488 0.09007793366909027 58
1756053348495 0.10050591230392455 59
1756053348500 0.09158179759979249 60
1756053348507 0.0977111965417862 61
1756053348512 0.0783657893538475 62
1756053348517 0.07898689731955529 63
1756053348522 0.08095709979534149 64
1756053348529 0.08422698080539703 65
1756053348535 0.11677665710449218 66
1756053348541 0.09322807043790818 67
1756053348547 0.08712698370218278 68
1756053348552 0.09262435883283615 69
1756053348559 0.09419957250356674 70
1756053348565 0.08207396864891052 71
1756053348570 0.0733677864074707 72
1756053348576 0.0786176711320877 73
1756053348582 0.07277671098709107 74
1756053348588 0.07602300941944122 75
1756053348594 0.07388503402471543 76
1756053348600 0.06837929934263229 77
1756053348606 0.07082629203796387 78
1756053348612 0.08020798712968827 79
1756053348618 0.06291026249527931 80
1756053348624 0.06505199447274208 81
1756053348630 0.06396262645721436 82
1756053348636 0.06633833646774293 83
1756053348642 0.06304319128394127 84
1756053348648 0.06463245898485184 85
