1756053378899 0.880828320980072 1
1756053378915 0.8275629281997681 2
1756053378924 0.8050617456436158 3
1756053378932 0.8096533298492432 4
1756053378941 0.7235434293746948 5
1756053378949 0.6482240080833435 6
1756053378957 0.6015994310379028 7
1756053378966 0.5849764466285705 8
1756053378975 0.5855679869651794 9
1756053378986 0.5259849667549134 10
1756053378994 0.5157532513141632 11
1756053379004 0.4613768994808197 12
1756053379013 0.4894520044326782 13
1756053379022 0.4476611495018005 14
1756053379031 0.43967126607894896 15
1756053379040 0.4092192530632019 16
1756053379050 0.4208799064159393 17
1756053379058 0.39819938540458677 18
1756053379067 0.3703263342380524 19
1756053379076 0.3644722580909729 20
1756053379085 0.3725553691387177 21
1756053379093 0.36423336863517763 22
1756053379102 0.36983001232147217 23
1756053379111 0.33768519163131716 24
1756053379121 0.33772373795509336 25
1756053379129 0.31545082926750184 26
1756053379138 0.30438266396522523 27
1756053379148 0.32180105447769164 28
1756053379156 0.31786020994186404 29
1756053379166 0.29937244653701783 30
1756053379176 0.30447874069213865 31
1756053379185 0.3073155164718628 32
1756053379193 0.3230941653251648 33
1756053379202 0.314410126209259 34
1756053379211 0.2983428120613098 35
1756053379220 0.3076842546463013 36
1756053379229 0.29756050407886503 37
1756053379239 0.2942644417285919 38
1756053379249 0.3256536841392517 39
1756053379259 0.3111923158168793 40
1756053379269 0.3372646808624268 41
1756053379278 0.2805419683456421 42
1756053379288 0.2923206567764282 43
1756053379297 0.27760050892829896 44
1756053379306 0.2601130664348602 45
1756053379315 0.2425041228532791 46
1756053379325 0.25972929298877717 47
1756053379335 0.2445741891860962 48
1756053379344 0.25284635126590727 49
1756053379353 0.2551219522953033 50
1756053379363 0.2541330009698868 51
1756053379372 0.2306811183691025 52
1756053379381 0.23089301586151123 53
1756053379390 0.23809744715690612 54
1756053379399 0.22792798578739165 55
1756053379408 0.23443578481674193 56
