1756054220163 2.0155298352241515 1
1756054220171 1.3431290626525878 2
1756054220179 0.9454375743865967 3
1756054220186 0.6782307207584382 4
1756054220193 0.45824819803237915 5
1756054220200 0.43275660276412964 6
1756054220206 0.4185859352350235 7
1756054220213 0.35144686698913574 8
1756054220220 0.3058382898569107 9
1756054220227 0.2585416421294212 10
1756054220234 0.24438738822937012 11
1756054220240 0.2766472414135933 12
1756054220247 0.2946684882044792 13
1756054220254 0.231449456512928 14
1756054220262 0.18397513329982756 15
1756054220269 0.20740026533603667 16
1756054220276 0.22193340808153153 17
1756054220284 0.16921313852071762 18
1756054220291 0.186164590716362 19
1756054220298 0.18195419535040855 20
1756054220305 0.17967720478773117 21
1756054220312 0.16389710903167726 22
1756054220318 0.12694168388843535 23
1756054220325 0.12846781313419342 24
1756054220333 0.18467675000429154 25
1756054220340 0.14968571439385414 26
1756054220349 0.10840265154838562 27
1756054220356 0.0809200331568718 28
1756054220364 0.08225594498217106 29
1756054220372 0.0943370781838894 30
1756054220379 0.09665176048874854 31
1756054220387 0.07303804531693459 32
1756054220394 0.06461943425238133 33
1756054220401 0.059476225450634954 34
1756054220410 0.09549210555851459 35
1756054220418 0.07711460441350937 36
1756054220425 0.08108661770820617 37
1756054220433 0.07531931512057781 38
1756054220441 0.08385207876563072 39
1756054220449 0.08547402732074261 40
1756054220457 0.08601275682449341 41
1756054220465 0.05050767436623573 42
1756054220473 0.058529436215758325 43
1756054220481 0.060956723242998126 44
1756054220489 0.05348132252693176 45
1756054220496 0.04264898151159287 46
1756054220504 0.044172785431146624 47
1756054220511 0.053991087898612025 48
1756054220518 0.05930121652781963 49
1756054220526 0.04528550207614899 50
1756054220534 0.042153088934719564 51
1756054220541 0.039548189379274845 52
1756054220548 0.040165331400930884 53
1756054220555 0.04606214724481106 54
1756054220563 0.037194089591503145 55
1756054220570 0.02854764498770237 56
1756054220577 0.03299012053757906 57
1756054220586 0.025666614063084126 58
1756054220594 0.02053202362731099 59
1756054220603 0.03182003451511264 60
1756054220611 0.024083636980503798 61
1756054220619 0.026793901063501834 62
1756054220627 0.03225153796374798 63
1756054220635 0.029750441201031208 64
1756054220642 0.02312567988410592 65
1756054220650 0.026573786325752736 66
1756054220659 0.022641370166093112 67
