1756054220163 1.087256705760956 1
1756054220171 0.8918781280517578 2
1756054220179 0.7488339006900787 3
1756054220186 0.6245334267616272 4
1756054220193 0.5125637114048004 5
1756054220200 0.4965743958950043 6
1756054220206 0.48858666718006133 7
1756054220213 0.44454864263534544 8
1756054220220 0.4116632014513016 9
1756054220227 0.37775488793849943 10
1756054220234 0.3729015052318573 11
1756054220240 0.39664129018783567 12
1756054220247 0.41263818740844727 13
1756054220254 0.36316761672496795 14
1756054220262 0.32086485624313354 15
1756054220269 0.3367586463689804 16
1756054220276 0.3553710520267487 17
1756054220284 0.3029449313879013 18
1756054220291 0.32083927989006045 19
1756054220298 0.31637521386146544 20
1756054220305 0.3252311319112778 21
1756054220312 0.3002390295267105 22
1756054220318 0.2680617541074753 23
1756054220325 0.26874027848243714 24
1756054220333 0.3221256732940674 25
1756054220340 0.29107058346271514 26
1756054220349 0.2489534929394722 27
1756054220356 0.2152368977665901 28
1756054220364 0.21254128813743592 29
1756054220372 0.22979706078767775 30
1756054220379 0.23276934176683425 31
1756054220387 0.20905226618051528 32
1756054220394 0.19693247973918915 33
1756054220401 0.18656430691480635 34
1756054220410 0.23535457402467727 35
1756054220418 0.2089355021715164 36
1756054220425 0.2157287046313286 37
1756054220433 0.20501198917627333 38
1756054220441 0.2194525644183159 39
1756054220449 0.22229543030261995 40
1756054220457 0.22132444530725479 41
1756054220465 0.17167026400566102 42
1756054220473 0.1844444453716278 43
1756054220481 0.18703733384609222 44
1756054220489 0.17385890781879426 45
1756054220496 0.15752384662628174 46
1756054220504 0.15878949910402299 47
1756054220511 0.17606113702058793 48
1756054220518 0.1833163768053055 49
1756054220526 0.16305518597364427 50
1756054220534 0.15877129137516022 51
1756054220541 0.1514676630496979 52
1756054220548 0.15192093849182128 53
1756054220555 0.16448410600423813 54
1756054220563 0.14598530530929565 55
1756054220570 0.13000960275530815 56
1756054220577 0.13849067389965058 57
1756054220586 0.1244957372546196 58
1756054220594 0.10929805189371108 59
1756054220603 0.13412937223911287 60
1756054220611 0.12108933329582214 61
1756054220619 0.12604850009083748 62
1756054220627 0.13703591376543045 63
1756054220635 0.1338087573647499 64
1756054220642 0.11452917531132698 65
1756054220650 0.12618614360690117 66
1756054220659 0.11490253731608391 67
