1756054235946 1.6587288618087768 1
1756054235960 1.1210151851177215 2
1756054235970 0.8415211856365203 3
1756054235979 0.6396865904331207 4
1756054235988 0.5677090764045716 5
1756054235997 0.4718895822763443 6
1756054236005 0.41639870703220366 7
1756054236013 0.3565110981464386 8
1756054236021 0.3005829691886902 9
1756054236029 0.28527648746967316 10
1756054236038 0.23377820551395417 11
1756054236047 0.2605088442564011 12
1756054236056 0.26801605373620985 13
1756054236064 0.20868040174245833 14
1756054236073 0.2077132284641266 15
1756054236082 0.2337759792804718 16
1756054236091 0.24125777333974838 17
1756054236099 0.19374231696128846 18
1756054236107 0.15384427309036255 19
1756054236116 0.13328072652220727 20
1756054236124 0.14958049058914186 21
1756054236132 0.14485130533576013 22
1756054236141 0.12762202844023704 23
1756054236150 0.14165059253573417 24
1756054236159 0.15519266352057456 25
1756054236168 0.14495110660791397 26
1756054236177 0.11889636889100075 27
1756054236186 0.10975428000092506 28
1756054236194 0.12536970004439354 29
1756054236203 0.09820349514484406 30
1756054236211 0.11130979284644127 31
1756054236220 0.11086188331246376 32
1756054236228 0.09673360660672188 33
1756054236237 0.08730998262763023 34
1756054236246 0.0885370347648859 35
1756054236254 0.07464430779218674 36
1756054236263 0.06220564767718315 37
1756054236272 0.06890144944190979 38
1756054236281 0.0792932752519846 39
1756054236290 0.11284640803933144 40
1756054236300 0.07705522626638413 41
1756054236309 0.07167608439922332 42
1756054236318 0.06328658610582352 43
