1755906180217 0.0007982611757123357 1
1755906180230 0.0015965223514246714 2
1755906180235 0.0023947835271370074 3
1755906180241 0.003193044702849343 4
1755906180246 0.003991305878561679 5
1755906180252 0.003991305878561679 6
1755906180256 0.003990215043338397 7
1755906180262 0.0039869437304808535 8
1755906180267 0.003981495517121628 9
1755906180272 0.00397387636080204 10
1755906180279 0.003964094592957661 11
1755906180285 0.003952160909808014 12
1755906180289 0.003938088360660416 13
1755906180295 0.003921892333640748 14
1755906180302 0.0039035905388667674 15
1755906180307 0.0038832029890823565 16
1755906180312 0.003860751977773878 17
1755906180318 0.0038362620547925737 18
1755906180323 0.0038097599995096675 19
1755906180328 0.0037812747915335113 20
1755906180334 0.0037508375790208117 21
1755906180339 0.003718481644616577 22
1755906180346 0.0036842423690600324 23
1755906180351 0.003648157192496304 24
1755906180357 0.003610265573536166 25
1755906180363 0.003570608946108633 26
1755906180368 0.003529230674153564 27
1755906180374 0.003486176004203832 28
1755906180380 0.003441492015908905 29
1755906180387 0.0033952275705539385 30
1755906180393 0.003347433257630683 31
1755906180398 0.0032981613395186094 32
1755906180404 0.00324746569433677 33
1755906180411 0.003195401757028866 34
1755906180416 0.003142026458745948 35
1755906180421 0.003087398164593041 36
