1755906212253 0.7370602190494537 1
1755906212267 0.536446078465535 2
1755906212274 0.5757768054803213 3
1755906212280 0.6183346150777279 4
1755906212287 0.5785693228244781 5
1755906212293 0.5698195573611137 6
1755906212299 0.5504175050136371 7
1755906212305 0.4691275518674117 8
1755906212311 0.531374101455395 9
1755906212318 0.4839140451871432 10
1755906212324 0.4831662865785452 11
1755906212330 0.46647920593237263 12
1755906212336 0.5017752563342069 13
1755906212342 0.44097301746026063 14
1755906212348 0.4196867667711698 15
1755906212354 0.4177618141357715 16
1755906212360 0.460223288108141 17
1755906212366 0.4737177307789142 18
1755906212373 0.44047069014647067 19
1755906212379 0.40534127064240283 20
1755906212385 0.4220818304098569 21
1755906212391 0.42991333435743284 22
1755906212397 0.4004340523328537 23
1755906212404 0.3835892180601756 24
1755906212410 0.4139688970186772 25
1755906212416 0.43868332642775315 26
1755906212423 0.3999170603660437 27
1755906212429 0.3898465587542607 28
1755906212435 0.4496704034316234 29
1755906212441 0.41488951673874486 30
1755906212447 0.42035566155727094 31
1755906212454 0.3938515178668193 32
1755906212460 0.38570218208508616 33
1755906212466 0.3877713198845203 34
1755906212473 0.3939388199494435 35
1755906212479 0.39219898673204273 36
1755906212485 0.3833890159924825 37
1755906212491 0.36794517590449405 38
1755906212498 0.34639220512830293 39
1755906212504 0.3449516548560216 40
1755906212510 0.34346819726320416 41
1755906212517 0.3606026806892493 42
1755906212523 0.3909312922220964 43
