1755906150940 0.0007982611757123357 1
1755906150947 0.0015965223514246714 2
1755906150951 0.0023947835271370074 3
1755906150955 0.003193044702849343 4
1755906150960 0.003991305878561679 5
1755906150964 0.003991305878561679 6
1755906150968 0.003990215043338397 7
1755906150972 0.0039869437304808535 8
1755906150976 0.003981495517121628 9
1755906150980 0.00397387636080204 10
1755906150985 0.003964094592957661 11
1755906150989 0.003952160909808014 12
1755906150993 0.003938088360660416 13
1755906150998 0.003921892333640748 14
1755906151002 0.0039035905388667674 15
1755906151007 0.0038832029890823565 16
1755906151011 0.003860751977773878 17
1755906151015 0.0038362620547925737 18
1755906151020 0.0038097599995096675 19
1755906151024 0.0037812747915335113 20
1755906151029 0.0037508375790208117 21
