1756058965688 2.4728945314884188 1
1756058965700 1.9024298936128616 2
1756058965708 2.058471071720123 3
1756058965717 2.1746871888637545 4
1756058965724 1.6085225626826287 5
1756058965732 1.2520960360765456 6
1756058965740 0.9763003572821617 7
1756058965748 1.080785322189331 8
1756058965756 1.499685662984848 9
1756058965764 0.9020718321204185 10
1756058965772 0.8217193976044654 11
1756058965780 0.672126504778862 12
1756058965788 0.6391261130571365 13
1756058965797 0.6251783251762391 14
1756058965805 0.6153964184224605 15
1756058965813 0.5496796146035194 16
1756058965821 0.46180500239133837 17
1756058965829 0.4434264451265335 18
1756058965837 0.44505542814731597 19
1756058965846 0.4694446511566639 20
1756058965854 0.5721762657165528 21
1756058965863 0.475022878497839 22
1756058965871 0.5742990121245384 23
1756058965880 0.5555917665362358 24
1756058965889 0.42382107973098754 25
1756058965898 0.4352693632245064 26
1756058965907 0.4033779174089432 27
1756058965915 0.4519165135920048 28
1756058965924 0.4110449329018593 29
1756058965933 0.4702881954610348 30
1756058965942 0.5464534245431423 31
1756058965950 0.37354792207479476 32
1756058965959 0.3728445485234261 33
1756058965968 0.32220666771754625 34
1756058965977 0.487521643191576 35
1756058965986 0.39591212198138237 36
1756058965995 0.3784724295139313 37
1756058966004 0.3391007915139198 38
1756058966013 0.37246841490268706 39
1756058966022 0.30834216102957723 40
1756058966031 0.33499425947666167 41
1756058966040 0.25528954714536667 42
1756058966049 0.36139814630150796 43
1756058966059 0.33875100389122964 44
1756058966068 0.28059162124991416 45
1756058966077 0.2561295688152313 46
1756058966085 0.31303340271115304 47
1756058966094 0.289693895727396 48
1756058966103 0.2658786982297897 49
1756058966112 0.28266548588871954 50
1756058966121 0.2672060623764992 51
1756058966130 0.2880558677017689 52
1756058966139 0.3666644155979156 53
1756058966148 0.4832129865884781 54
1756058966157 0.4048313245177269 55
1756058966167 0.33985850065946577 56
1756058966176 0.392569488286972 57
1756058966185 0.44564841091632845 58
