1756058938827 1.8631040811538697 1
1756058938838 1.4248259037733078 2
1756058938845 1.2864097356796265 3
1756058938851 1.3016198001801969 4
1756058938857 1.1781543642282486 5
1756058938864 1.3035882413387299 6
1756058938870 0.9505160182714463 7
1756058938876 0.7952248059213162 8
1756058938883 0.665710799396038 9
1756058938889 0.6471409365534783 10
1756058938896 0.5800971608608961 11
1756058938902 0.5316280424594879 12
1756058938909 0.6821901097893714 13
1756058938916 0.5731224119663239 14
1756058938923 0.5526993691921234 15
1756058938930 0.4738600328564644 16
1756058938937 0.45344174951314925 17
1756058938944 0.4528354644775391 18
1756058938950 0.447776260972023 19
1756058938957 0.478120157122612 20
1756058938963 0.3833852708339691 21
1756058938970 0.4239358760416508 22
1756058938977 0.456729431450367 23
1756058938984 0.47066949903964994 24
1756058938991 0.48364758789539336 25
1756058938998 0.5255636185407638 26
1756058939005 0.4939435482025146 27
1756058939012 0.4247181057929993 28
1756058939019 0.37736181542277336 29
1756058939026 0.2785414569079876 30
1756058939033 0.30576508715748785 31
1756058939041 0.28865364715456965 32
1756058939048 0.32933922335505483 33
1756058939055 0.3423323266208172 34
1756058939063 0.3828535653650761 35
1756058939070 0.36805323213338853 36
1756058939077 0.31166899427771566 37
1756058939085 0.36475414633750913 38
1756058939092 0.2669051565229893 39
1756058939099 0.27512133195996286 40
1756058939107 0.2752662688493729 41
1756058939114 0.37356594800949094 42
1756058939121 0.5145591892302036 43
1756058939129 0.3686813861131668 44
1756058939136 0.30987570360302924 45
1756058939143 0.36109982877969743 46
1756058939151 0.2604598976671696 47
1756058939158 0.23150831824168563 48
1756058939165 0.2883190423250198 49
1756058939173 0.3155845120549202 50
1756058939180 0.30860693752765656 51
1756058939188 0.41659194603562355 52
1756058939196 0.3176352508366108 53
1756058939203 0.36185050308704375 54
1756058939211 0.2405112035572529 55
