1756058912530 2.655618226528168 1
1756058912543 2.427001465857029 2
1756058912548 2.334617042541504 3
1756058912552 2.0021143674850466 4
1756058912556 1.7574265897274017 5
1756058912561 1.2448047429323197 6
1756058912565 1.3325983822345733 7
1756058912570 0.9351248055696487 8
1756058912575 0.9920495599508286 9
1756058912579 1.230757039785385 10
1756058912584 0.8924370735883713 11
1756058912588 0.8095153346657753 12
1756058912593 0.6494170695543289 13
1756058912598 0.650932788848877 14
1756058912602 0.8125269711017609 15
1756058912607 0.5727716505527496 16
1756058912612 0.4448743999004364 17
1756058912616 0.66617092192173 18
1756058912621 0.6989773020148278 19
1756058912626 0.4787331365048885 20
1756058912631 0.4290214113891125 21
1756058912636 0.5071096658706665 22
1756058912641 0.5014776647090912 23
1756058912647 0.4461106665432453 24
1756058912652 0.44451811220496895 25
1756058912657 0.356622002273798 26
1756058912662 0.3433790296316147 27
1756058912667 0.3610793001949787 28
1756058912672 0.36628852859139444 29
1756058912677 0.41526598781347274 30
1756058912682 0.32340316101908684 31
1756058912687 0.6678677447140217 32
1756058912692 0.5103724278509617 33
1756058912697 0.3553744673728943 34
1756058912702 0.4521070972084999 35
1756058912707 0.4099227212369442 36
1756058912712 0.2882351242005825 37
1756058912717 0.3041489325463772 38
1756058912722 0.3260914571583271 39
1756058912728 0.8441886492073536 40
1756058912733 0.37017359137535094 41
1756058912738 0.3117974080145359 42
1756058912743 0.3335103288292885 43
1756058912748 0.38915688917040825 44
1756058912753 0.28513114135712386 45
1756058912759 0.35496849939227104 46
1756058912764 0.2561890996992588 47
1756058912769 0.3411389671266079 48
1756058912774 0.28208945095539095 49
1756058912779 0.24656894505023957 50
1756058912784 0.33896636217832565 51
1756058912790 0.2627499282360077 52
1756058912795 0.23774900920689107 53
1756058912800 0.2546125490218401 54
1756058912806 0.31929709725081923 55
1756058912811 0.26540060006082056 56
1756058912816 0.24700949862599372 57
1756058912822 0.2548940472304821 58
1756058912827 0.21910046488046647 59
1756058912832 0.41697274819016455 60
1756058912838 0.23018080182373524 61
1756058912843 0.19287968478165568 62
1756058912849 0.2566988281905651 63
1756058912854 0.2559853356331587 64
1756058912860 0.28278802931308744 65
1756058912865 0.7994784403592348 66
1756058912870 0.19382887333631516 67
1756058912876 0.28112245015799997 68
1756058912881 0.27938281521201136 69
1756058912887 0.23789847902953626 70
1756058912893 0.23037198781967164 71
1756058912899 0.26116309091448786 72
1756058912905 0.209870221093297 73
1756058912910 0.2262133989483118 74
1756058912916 0.19131440222263335 75
1756058912921 0.22242249324917793 76
1756058912927 0.1788915667682886 77
1756058912933 0.2420424237847328 78
1756058912938 0.2864098411053419 79
1756058912944 0.2675666555762291 80
1756058912950 0.18613910712301732 81
1756058912956 0.16619273610413074 82
1756058912961 0.1611011575907469 83
1756058912967 0.17304425574839116 84
1756058912972 0.17374945543706416 85
