1756058912530 1.898245456814766 1
1756058912543 1.680668258666992 2
1756058912548 1.638792273402214 3
1756058912552 1.4769128173589707 4
1756058912556 1.3245007127523423 5
1756058912561 1.0737431973218918 6
1756058912565 1.096652939915657 7
1756058912570 0.857112142443657 8
1756058912575 0.8704122602939606 9
1756058912579 1.114981271326542 10
1756058912584 0.8017125353217125 11
1756058912588 0.7681275710463524 12
1756058912593 0.5905248180031777 13
1756058912598 0.5472481846809387 14
1756058912602 0.7295193776488305 15
1756058912607 0.5048883780837059 16
1756058912612 0.3998106766492128 17
1756058912616 0.4903612077236176 18
1756058912621 0.6152713462710381 19
1756058912626 0.4611572504043579 20
1756058912631 0.40775433704257014 21
1756058912636 0.4443881370127201 22
1756058912641 0.44440840631723405 23
1756058912647 0.38839423283934593 24
1756058912652 0.39655800219625237 25
1756058912657 0.3383372135460377 26
1756058912662 0.30950293242931365 27
1756058912667 0.32776077650487423 28
1756058912672 0.33577221669256685 29
1756058912677 0.38559323400259016 30
1756058912682 0.29467733614146707 31
1756058912687 0.5935267798602581 32
1756058912692 0.47844498604536057 33
1756058912697 0.35607377290725706 34
1756058912702 0.36800115182995796 35
1756058912707 0.36475044786930083 36
1756058912712 0.2648747809231281 37
1756058912717 0.26024094223976135 38
1756058912722 0.28583035841584203 39
1756058912728 0.7230396658182144 40
1756058912733 0.30860997512936594 41
1756058912738 0.25189938708208504 42
1756058912743 0.29073118790984154 43
1756058912748 0.35287100821733475 44
1756058912753 0.24527067113667728 45
1756058912759 0.2691148340702057 46
1756058912764 0.2426265798509121 47
1756058912769 0.2770068943500519 48
1756058912774 0.2384073853492737 49
1756058912779 0.22012584656476974 50
1756058912784 0.30064302906394 51
1756058912790 0.24283563792705537 52
1756058912795 0.1903053767979145 53
1756058912800 0.20019332133233547 54
1756058912806 0.2934093430638313 55
1756058912811 0.24377963095903396 56
1756058912816 0.2251043077558279 57
1756058912822 0.2294971015304327 58
1756058912827 0.19493394196033478 59
1756058912832 0.3760467618703842 60
1756058912838 0.20359581783413888 61
1756058912843 0.16091483905911447 62
1756058912849 0.2151788104325533 63
1756058912854 0.23069389462471007 64
1756058912860 0.24837881028652192 65
1756058912865 0.6688755467534065 66
1756058912870 0.1806147165596485 67
1756058912876 0.2527839411050081 68
1756058912881 0.24157371930778027 69
1756058912887 0.22080063670873643 70
1756058912893 0.20093622542917727 71
1756058912899 0.23426232822239398 72
1756058912905 0.1788522783666849 73
1756058912910 0.21700407527387142 74
1756058912916 0.16374350450932978 75
1756058912921 0.20737627446651458 76
1756058912927 0.16839220114052295 77
1756058912933 0.23146143592894078 78
1756058912938 0.2566976062953472 79
1756058912944 0.24184076599776744 80
1756058912950 0.1684623271226883 81
1756058912956 0.15312302336096764 82
1756058912961 0.13715456947684287 83
1756058912967 0.1526885073632002 84
1756058912972 0.1637156642973423 85
