1755915763210 0.9340664423429049 1
1755915763216 0.5958454219194559 2
1755915763220 0.4615008808099307 3
1755915763224 0.40282764572363633 4
1755915763228 0.40722920573674715 5
1755915763232 0.35209291600264037 6
1755915763236 0.2385821629029054 7
1755915763241 0.20555280148983002 8
1755915763245 0.17469721000928146 9
1755915763249 0.16446786029980734 10
1755915763253 0.13158152252435684 11
1755915763257 0.13163129813396013 12
1755915763261 0.11084316155085197 13
1755915763266 0.10985453656086555 14
1755915763270 0.10245065964185275 15
1755915763274 0.09884697084243481 16
1755915763278 0.09902386625225727 17
1755915763282 0.07469263902077308 18
1755915763286 0.0758093879199945 19
1755915763291 0.07558687117237312 20
1755915763298 0.07190014335971612 21
1755915763303 0.0695455469764196 22
1755915763307 0.06297099561645435 23
1755915763312 0.07250281079457356 24
1755915763316 0.06658712659890835 25
1755915763321 0.06468583299563481 26
1755915763325 0.05649551204763926 27
1755915763330 0.06026149397859207 28
1755915763334 0.050547933349242576 29
1755915763339 0.054490073082538754 30
1755915763343 0.05092501984192775 31
1755915763347 0.05164111434267117 32
1755915763352 0.05284587394159574 33
1755915763356 0.04835875862492965 34
1755915763361 0.04588292825680513 35
1755915763366 0.042458328346793466 36
1755915763370 0.048672993309222735 37
1755915763376 0.0436070581468252 38
1755915763381 0.043797257427985854 39
1755915763386 0.0411406084895134 40
1755915763391 0.040468054895217605 41
1755915763398 0.038346048731070295 42
1755915763403 0.03864904951590758 43
1755915763408 0.037870246630448565 44
1755915763413 0.04410425143746229 45
1755915763418 0.04026100798868216 46
1755915763422 0.04045747578717195 47
1755915763427 0.03820775062418901 48
1755915763432 0.03945526394706506 49
1755915763436 0.03343060383429894 50
1755915763441 0.03810912642914515 51
1755915763445 0.03456370589824823 52
1755915763450 0.03235818832539595 53
1755915763455 0.034406751250991456 54
1755915763459 0.03411744391688934 55
1755915763464 0.0264213398958628 56
1755915763469 0.027342416489353545 57
1755915763474 0.027314123769219104 58
1755915763479 0.03171354489257702 59
1755915763484 0.02785781197823011 60
1755915763489 0.03184254539127533 61
1755915763495 0.033051339049751945 62
1755915763500 0.029212667105289605 63
1755915763505 0.03699076763139321 64
1755915763510 0.027380148521982707 65
1755915763515 0.03148688476246137 66
1755915763520 0.03314908350316378 67
1755915763525 0.03155567683279514 68
1755915763529 0.033163029270676464 69
1755915763534 0.02778788240483174 70
1755915763539 0.025369080929802015 71
1755915763544 0.02398133449829542 72
1755915763549 0.02675690043431062 73
1755915763554 0.025600191922141954 74
1755915763559 0.019701423696600474 75
1755915763564 0.026387094161831416 76
1755915763569 0.023465207133155603 77
1755915763574 0.021160796356315795 78
1755915763579 0.02393280456845577 79
1755915763584 0.02038559840562252 80
1755915763590 0.024039453611924097 81
1755915763595 0.023647963642500915 82
1755915763600 0.024593402918141622 83
1755915763605 0.02216222108556674 84
1755915763610 0.02205984817387966 85
1755915763616 0.026953996087496098 86
1755915763621 0.025425216326346763 87
