1756055230172 2.0665348768234253 1
1756055230186 1.2319882452487945 2
1756055230192 1.0575750529766084 3
1756055230198 1.1738214433193206 4
1756055230205 1.0244514316320419 5
1756055230211 0.7988477796316147 6
1756055230217 0.5962729200720787 7
1756055230223 0.6262296974658966 8
1756055230229 0.8444060876965522 9
1756055230235 0.677384439110756 10
1756055230241 0.5750218451023101 11
1756055230247 0.4731917858123779 12
1756055230253 0.4367705166339874 13
1756055230259 0.5340876974165439 14
1756055230265 0.5498310804367066 15
1756055230271 0.43426704704761504 16
1756055230278 0.44574718475341796 17
1756055230284 0.45914117246866226 18
1756055230290 0.3716155834496021 19
1756055230296 0.355408701300621 20
1756055230302 0.3800594866275787 21
1756055230309 0.5578814908862114 22
1756055230315 0.4372481986880302 23
1756055230321 0.3764939680695534 24
1756055230327 0.5080832421779633 25
1756055230334 0.47110907584428785 26
1756055230340 0.47828089594841006 27
1756055230346 0.41554737985134127 28
1756055230353 0.5167653053998947 29
1756055230359 0.5615602761507035 30
1756055230365 0.41724771112203596 31
1756055230372 0.3492452383041382 32
1756055230378 0.3652401059865952 33
1756055230384 0.33163527101278306 34
1756055230391 0.31882240772247317 35
1756055230397 0.33108763098716737 36
1756055230403 0.37809891626238823 37
1756055230410 0.5053128652274609 38
1756055230416 0.4107227370142937 39
1756055230422 0.3222336158156395 40
1756055230429 0.308285041898489 41
1756055230435 0.312148430198431 42
1756055230442 0.3156476132571697 43
1756055230448 0.3027454361319542 44
1756055230454 0.2710523322224617 45
1756055230461 0.23729690611362458 46
1756055230467 0.34486577436327936 47
1756055230474 0.3323522716760635 48
1756055230480 0.37104751616716386 49
1756055230487 0.29976628832519053 50
1756055230493 0.25423859506845475 51
1756055230500 0.37192375138401984 52
1756055230506 0.30129209756851194 53
1756055230513 0.2576103664934635 54
1756055230520 0.22463991045951842 55
1756055230526 0.2319051131606102 56
1756055230533 0.1963303539901972 57
1756055230540 0.2026631638407707 58
1756055230547 0.2005043111741543 59
1756055230554 0.1930466927587986 60
1756055230560 0.2651448637247086 61
1756055230567 0.2855953544378281 62
1756055230574 0.1935875851660967 63
1756055230580 0.1797650258988142 64
1756055230587 0.2045836068689823 65
1756055230594 0.35203909166157243 66
1756055230601 0.2071762815117836 67
1756055230608 0.1661095641553402 68
1756055230614 0.30854909010231496 69
1756055230621 0.2777085803449154 70
1756055230628 0.21959876455366611 71
1756055230635 0.1993355754762888 72
1756055230642 0.18715086840093137 73
1756055230649 0.16440036855638027 74
1756055230656 0.2337230458855629 75
1756055230663 0.15676604770123959 76
1756055230670 0.1486842479556799 77
1756055230677 0.15872244089841842 78
1756055230684 0.17406887002289295 79
1756055230691 0.24850016124546528 80
