1756055196511 0.0008352897001038185 1
1756055196519 0.001670579400207637 2
1756055196524 0.0025058691003114553 3
1756055196528 0.003341158800415274 4
1756055196533 0.0041764485005190925 5
1756055196537 0.0041764485005190925 6
1756055196541 0.004175307052611092 7
1756055196546 0.004171883957043621 8
1756055196550 0.004166182956921423 9
1756055196555 0.004158210286204432 10
1756055196560 0.004147974662891024 11
1756055196564 0.004135487279485012 12
1756055196568 0.004120761790756815 13
1756055196574 0.004103814298812157 14
1756055196578 0.004084663335484662 15
1756055196583 0.004063329842071556 16
1756055196588 0.00403983714643467 17
1756055196592 0.004014210937491767 18
1756055196597 0.003986479237126087 19
1756055196602 0.003956672369544826 20
1756055196606 0.003924822928120064 21
1756055196611 0.0038909657397483916 22
1756055196616 0.003855137826768205 23
1756055196621 0.0038173783664763295 24
1756055196625 0.003777728648288215 25
1756055196630 0.0037362320285885685 26
1756055196635 0.003692933883321785 27
1756055196640 0.003647881558374016 28
1756055196645 0.003601124317801141 29
1756055196649 0.0035527132899592423 30
1756055196654 0.003502701411596504 31
1756055196659 0.003451143369967646 32
1756055196664 0.0033980955430342238 33
1756055196669 0.0033436159378161475 34
1756055196674 0.0032877641269618623 35
1756055196679 0.0032306011836065298 36
1756055196684 0.0031721896145894503 37
1756055196689 0.003112593292103754 38
1756055196694 0.0030518773838530944 39
1756055196699 0.002990108281791722 40
1756055196704 0.0029273535295258574 41
1756055196710 0.0028636817484557447 42
1756055196715 0.0027991625627391665 43
1756055196720 0.0027338665231584416 44
1756055196725 0.0026678650299741856 45
1756055196730 0.002601230254850171 46
1756055196736 0.0025340350619346736 47
1756055196741 0.0024663529281845967 48
1756055196746 0.002398257863019497 49
1756055196751 0.002329824327393372 50
1756055196756 0.0022611271523726956 51
1756055196761 0.0021922414573097527 52
1756055196766 0.002123242567700725 53
1756055196771 0.0020542059328183676 54
