1755976710657 0.0006664427151092469 1
1755976710663 0.0013328854302184939 2
1755976710668 0.0019993281453277406 3
1755976710672 0.0026657708604369878 4
1755976710677 0.003332213575546235 5
1755976710681 0.0033322135755462345 6
1755976710685 0.0033313029172621156 7
1755976710689 0.003328571938201223 8
1755976710693 0.0033240236246490635 9
1755976710697 0.003317662950119729 10
1755976710702 0.0033094968699174305 11
1755976710706 0.0032995343135309766 12
1755976710711 0.003287786174869507 13
1755976710715 0.003274265300350163 14
1755976710720 0.0032589864748507206 15
1755976710724 0.003241966405542541 16
1755976710728 0.0032232237036215285 17
1755976710733 0.003202778863957054 18
1755976710737 0.0031806542426811245 19
1755976710742 0.003156874032742273 20
1755976710746 0.003131464237450931 21
1755976710750 0.003104452642045187 22
1755976710755 0.003075868783308036 23
1755976710760 0.0030457439172693443 24
1755976710764 0.0030141109850278357 25
1755976710769 0.002981004576730486 26
1755976710773 0.0029464608937487054 27
1755976710778 0.0029105177090926687 28
1755976710782 0.0028732143261070856 29
1755976710787 0.002834591535493567 30
1755976710791 0.0027946915707065963 31
1755976710796 0.002753558061771861 32
1755976710800 0.002711235987577466 33
1755976710805 0.0026677716266901765 34
1755976710810 0.002623212506750485 35
1755976710814 0.002577607352501836 36
1755976710819 0.002531006032510831 37
1755976710824 0.0024834595046366874 38
1755976710829 0.0024350197603095636 39
1755976710833 0.002385739767678697 40
1755976710838 0.002335673413692508 41
1755976710843 0.002284875445174013 42
1755976710847 0.0022334014089559796 43
1755976710852 0.002181307591141277 44
1755976710857 0.0021286509555548524 45
1755976710862 0.002075489081454623 46
1755976710867 0.0020218801005694015 47
1755976710871 0.0019678826335327083 48
1755976710876 0.0019135557257819633 49
1755976710881 0.0018589587829931744 50
1755976710886 0.0018041515061216953 51
1755976710891 0.001749193826120113 52
1755976710896 0.0016941458384046298 53
1755976710901 0.0016390677371416046 54
1755976710905 0.0015840197494261209 55
1755976710910 0.0015290620694245393 56
1755976710915 0.0014742547925530602 57
1755976710920 0.0014196578497642706 58
1755976710925 0.001365330942013527 59
1755976710930 0.001311333474976833 60
1755976710935 0.0012577244940916118 61
1755976710940 0.0012045626199913824 62
1755976710945 0.0011519059844049577 63
1755976710950 0.001099812166590255 64
1755976710955 0.0010483381303722208 65
1755976710960 0.0009975401618537267 66
1755976710965 0.0009474738078675375 67
1755976710970 0.000898193815236671 68
1755976710975 0.0008497540709095481 69
1755976710981 0.0008022075430354042 70
1755976710986 0.0007556062230443991 71
1755976710991 0.0007100010687957494 72
1755976710996 0.0006654419488560579 73
1755976711001 0.0006219775879687682 74
1755976711007 0.0005796555137743731 75
1755976711013 0.0005385220048396384 76
1755976711018 0.0004986220400526671 77
