1755976726442 0.8626916348934174 1
1755976726451 0.7743521094322204 2
1755976726457 0.728443568944931 3
1755976726463 0.7204637229442596 4
1755976726469 0.7086670815944671 5
1755976726475 0.6423240542411804 6
1755976726481 0.6592389166355133 7
1755976726487 0.588731324672699 8
1755976726493 0.5731749534606934 9
1755976726499 0.5408879458904267 10
1755976726506 0.5001609623432159 11
1755976726512 0.48391338288784025 12
1755976726518 0.4482692688703537 13
1755976726524 0.4447921723127365 14
1755976726531 0.43090929090976715 15
1755976726537 0.39328794479370116 16
1755976726544 0.41197153329849245 17
1755976726551 0.45540437996387484 18
1755976726557 0.39563522636890414 19
1755976726563 0.4002902150154114 20
1755976726570 0.3949862062931061 21
1755976726576 0.3469494491815567 22
1755976726582 0.3435449630022049 23
1755976726589 0.33419131487607956 24
1755976726596 0.33799256682395934 25
1755976726603 0.3411794453859329 26
1755976726610 0.32611520290374757 27
1755976726617 0.3204375237226486 28
1755976726623 0.3197338432073593 29
1755976726630 0.30667237639427186 30
1755976726636 0.27280458360910415 31
1755976726643 0.29583068788051603 32
1755976726649 0.3012349337339401 33
1755976726656 0.3013201177120209 34
1755976726663 0.2920141935348511 35
1755976726669 0.30200699865818026 36
1755976726676 0.2825619995594025 37
1755976726683 0.299654021859169 38
1755976726690 0.34840411245822905 39
1755976726696 0.4003680557012558 40
1755976726703 0.3459699243307114 41
1755976726710 0.3232515066862106 42
1755976726716 0.31594164073467257 43
1755976726723 0.29375700652599335 44
1755976726730 0.29779544323682783 45
