1756075330657 0.0005833294424545335 1
1756075330662 0.001166658884909067 2
1756075330667 0.0017499883273636003 3
1756075330672 0.002333317769818134 4
1756075330676 0.0029166472122726674 5
1756075330681 0.0029166472122726674 6
1756075330685 0.0029163050581836065 7
1756075330690 0.0029152787565249094 8
1756075330694 0.002913568789046642 9
1756075330699 0.0029111759584143147 10
1756075330704 0.0029081013878321104 11
1756075330708 0.0029043465205156435 12
1756075330714 0.0028999131190145144 13
1756075330718 0.0028948032643849562 14
1756075330724 0.0028890193552129828 15
1756075330729 0.0028825641064884823 16
1756075330734 0.002875440548330788 17
1756075330739 0.0028676520245663286 18
1756075330743 0.0028592021911590273 19
1756075330748 0.002850095014494171 20
1756075330753 0.0028403347695165793 21
1756075330758 0.0028299260377239238 22
1756075330764 0.0028188737050161587 23
1756075330769 0.002807182959402058 24
1756075330774 0.002794859288563943 25
1756075330778 0.002781908477281745 26
1756075330783 0.002768336604717604 27
1756075330788 0.0027541500415622865 28
1756075330793 0.002739355447044761 29
1756075330798 0.0027239597658063244 30
1756075330802 0.0027079702246407644 31
1756075330807 0.002691394329102071 32
1756075330812 0.0026742398599812994 33
1756075330817 0.0026565148696542406 34
1756075330822 0.0026382276783015975 35
1756075330827 0.0026193868700034647 36
1756075330832 0.002600001288709923 37
1756075330836 0.0025800800340896584 38
1756075330841 0.0025596324572585375 39
1756075330847 0.0025386681563901595 40
1756075330852 0.002517196972210434 41
1756075330856 0.002495228983378306 42
1756075330862 0.002472774501754793 43
1756075330867 0.0024498440675625576 44
1756075330872 0.002426448444438283 45
1756075330877 0.002402598614380181 46
1756075330882 0.002378305772593 47
1756075330887 0.002353581322232946 48
1756075330893 0.002328436869055004 49
1756075330898 0.0023028842159651427 50
1756075330903 0.002276935357479988 51
1756075330908 0.0022506024740965506 52
1756075330914 0.002223897926574648 53
1756075330919 0.002196834250134717 54
1756075330924 0.0021694241485737346 55
1756075330929 0.0021416804883019986 56
1756075330935 0.0021136162923035915 57
1756075330940 0.0020852447340233326 58
1756075330945 0.0020565791311831167 59
1756075330951 0.00202763293953052 60
1756075330956 0.0019984197465226184 61
1756075330961 0.0019689532649479827 62
1756075330967 0.0019392473264898409 63
1756075330972 0.0019093158752334306 64
1756075330978 0.0018791729611205912 65
1756075330983 0.0018488327333546644 66
1756075330989 0.0018183094337588025 67
1756075330994 0.0017876173900908008 68
1756075330999 0.0017567710093175908 69
1756075331005 0.0017257847708525528 70
1756075331011 0.0016946732197588212 71
1756075331016 0.0016634509599217754 72
1756075331021 0.0016321326471939181 73
1756075331027 0.00160073298251536 74
1756075331032 0.0015692667050131374 75
1756075331037 0.0015377485850826124 76
1756075331042 0.001506193417454188 77
1756075331047 0.0014746160142486027 78
1756075331053 0.0014430311980240644 79
1756075331058 0.0014114537948184793 80
1756075331064 0.001379898627190055 81
1756075331070 0.00134838050725953 82
1756075331075 0.0013169142297573078 83
1756075331081 0.001285514565078749 84
1756075331086 0.0012541962523508917 85
1756075331092 0.0012229739925138463 86
1756075331097 0.0011918624414201143 87
1756075331103 0.0011608762029550765 88
1756075331108 0.0011300298221818663 89
1756075331114 0.0010993377785138648 90
1756075331120 0.0010688144789180033 91
1756075331125 0.001038474251152076 92
1756075331131 0.0010083313370392367 93
1756075331136 0.0009783998857828267 94
1756075331142 0.0009486939473246848 95
1756075331148 0.0009192274657500491 96
1756075331154 0.0008900142727421476 97
1756075331159 0.0008610680810895508 98
1756075331166 0.0008324024782493353 99
1756075331172 0.0008040309199690768 100
1756075331177 0.0007759667239706688 101
1756075331183 0.0007482230636989333 102
1756075331189 0.0007208129621379501 103
1756075331194 0.0006937492856980197 104
1756075331200 0.0006670447381761165 105
1756075331207 0.0006407118547926792 106
1756075331213 0.0006147629963075252 107
1756075331219 0.0005892103432176641 108
1756075331225 0.0005640658900397214 109
1756075331231 0.000539341439679668 110
1756075331237 0.0005150485978924862 111
1756075331243 0.0004911987678343847 112
1756075331248 0.00046780314471010987 113
1756075331255 0.0004448727105178743 114
1756075331261 0.0004224182288943618 115
1756075331267 0.00040045024006223404 116
1756075331273 0.0003789790558825082 117
1756075331280 0.0003580147550141303 118
1756075331286 0.00033756717818300897 119
1756075331292 0.0003176459235627445 120
1756075331298 0.0002982603422692029 121
1756075331304 0.00027941953397107 122
1756075331311 0.0002611323426184272 123
1756075331318 0.00024340735229136826 124
1756075331324 0.000226252883170597 125
1756075331331 0.00020967698763190324 126
1756075331339 0.00019368744646634274 127
1756075331345 0.00017829176522790653 128
1756075331352 0.0001634971707103807 129
1756075331359 0.00014931060755506398 130
1756075331365 0.00013573873499092285 131
1756075331372 0.00012278792370872446 132
1756075331378 0.00011046425287060966 133
1756075331384 9.877350725650886e-05 134
1756075331392 8.772117454874365e-05 135
1756075331398 7.731244275608843e-05 136
1756075331404 6.75521977784962e-05 137
1756075331411 5.844502111364022e-05 138
1756075331418 4.999518770633873e-05 139
1756075331425 4.220666394187976e-05 140
1756075331432 3.508310578418498e-05 141
1756075331439 2.8627857059684313e-05 142
1756075331446 2.284394788771134e-05 143
1756075331453 1.7734093258153414e-05 144
1756075331460 1.3300691757023808e-05 145
1756075331466 9.545824440557187e-06 146
1756075331473 6.47125385835248e-06 147
1756075331480 4.0784232260253805e-06 148
1756075331487 2.368455747757954e-06 149
1756075331494 1.3421540890608121e-06 150
