1756075330657 0.9832082368709423 1
1756075330662 0.8842181143937288 2
1756075330667 1.031848669052124 3
1756075330672 0.9028862560236895 4
1756075330676 0.9208129754772892 5
1756075330681 0.8013796188213207 6
1756075330685 0.7205500735176934 7
1756075330690 0.7655414585713987 8
1756075330694 0.7971842509728891 9
1756075330699 0.6708854613480745 10
1756075330704 0.6649795086295517 11
1756075330708 0.6357153565795334 12
1756075330714 0.6312440302636888 13
1756075330718 0.6187520082350131 14
1756075330724 0.6095702979299757 15
1756075330729 0.6222135799902456 16
1756075330734 0.5860726678812945 17
1756075330739 0.5811623456301512 18
1756075330743 0.5722660963182096 19
1756075330748 0.5564816980450241 20
1756075330753 0.5609839117085492 21
1756075330758 0.557552859739021 22
1756075330764 0.5541370411713918 23
1756075330769 0.5402380250118397 24
1756075330774 0.5094719429810842 25
1756075330778 0.5221377169644391 26
1756075330783 0.5257611837651994 27
1756075330788 0.519531543608065 28
1756075330793 0.5354903009202745 29
1756075330798 0.507145020696852 30
1756075330802 0.4891047179698944 31
1756075330807 0.5161522063944075 32
1756075330812 0.4887100976926309 33
1756075330817 0.46250929876610086 34
1756075330822 0.46008298684049537 35
1756075330827 0.46307699879010517 36
1756075330832 0.4547021918826633 37
1756075330836 0.42333261171976727 38
1756075330841 0.4455239353356538 39
1756075330847 0.4106239886195571 40
1756075330852 0.43095792554042955 41
1756075330856 0.40466343252747144 42
1756075330862 0.4353854810750043 43
1756075330867 0.4294560032862204 44
1756075330872 0.442514854448813 45
1756075330877 0.4394569893678029 46
1756075330882 0.39561548829078674 47
1756075330887 0.38606956049248026 48
1756075330893 0.3979179726706611 49
1756075330898 0.40557400164780794 50
1756075330903 0.39299000634087455 51
1756075330908 0.3935401141643524 52
1756075330914 0.4155761809260757 53
1756075330919 0.40750373403231305 54
1756075330924 0.38711524451220475 55
1756075330929 0.39017173095985697 56
1756075330935 0.37444039185841876 57
1756075330940 0.37250778630927756 58
1756075330945 0.3793993790944417 59
1756075330951 0.38854008030008386 60
1756075330956 0.4004132416513231 61
1756075330961 0.38234998451338875 62
1756075330967 0.3721909114608058 63
1756075330972 0.36650299805181996 64
1756075330978 0.3754373049294507 65
1756075330983 0.3565357978697176 66
1756075330989 0.3317995954442907 67
1756075330994 0.34521916067158737 68
1756075330999 0.3630703224076165 69
1756075331005 0.36261785913396766 70
1756075331011 0.3454093524703273 71
1756075331016 0.35714968597447433 72
1756075331021 0.340023441447152 73
1756075331027 0.34302277200751835 74
1756075331032 0.33806595978913484 75
1756075331037 0.3507893538033521 76
1756075331042 0.3253252384839235 77
1756075331047 0.32207697409170644 78
1756075331053 0.34657112536606965 79
1756075331058 0.3208263952423025 80
1756075331064 0.31421931087970734 81
1756075331070 0.2987898240486781 82
1756075331075 0.3245555813665743 83
1756075331081 0.3228028499417835 84
1756075331086 0.31928659368444373 85
1756075331092 0.330275935155374 86
1756075331097 0.3252824953308812 87
1756075331103 0.3225974319157777 88
1756075331108 0.3100493649641673 89
1756075331114 0.29365795298858927 90
1756075331120 0.2972273616879075 91
1756075331125 0.3007796715807032 92
1756075331131 0.3008742580811183 93
1756075331136 0.28467438949478996 94
1756075331142 0.31681713461875916 95
1756075331148 0.3060690893067254 96
1756075331154 0.28642296735887174 97
1756075331159 0.2825903230243259 98
1756075331166 0.27384451031684875 99
1756075331172 0.28262290082595964 100
1756075331177 0.2910719022706703 101
1756075331183 0.286865109094867 102
1756075331189 0.29046316500063296 103
1756075331194 0.2700942859605507 104
1756075331200 0.28764212517826643 105
1756075331207 0.2787211520804299 106
1756075331213 0.27326544732959185 107
1756075331219 0.2860350752318347 108
1756075331225 0.2714761754980794 109
1756075331231 0.26686349897472944 110
1756075331237 0.2725904821245759 111
1756075331243 0.26539738641844857 112
1756075331248 0.26388396598674635 113
1756075331255 0.261159501141972 114
1756075331261 0.24772520694467756 115
1756075331267 0.2631568389910239 116
1756075331273 0.2758652474041338 117
1756075331280 0.26083756928090696 118
1756075331286 0.25435250169701046 119
1756075331292 0.2570113865313707 120
1756075331298 0.254197813294552 121
1756075331304 0.26226355135440826 122
1756075331311 0.25925853186183506 123
1756075331318 0.24237343337800768 124
1756075331324 0.24889306006608186 125
1756075331331 0.24771329760551453 126
1756075331339 0.24871820045842064 127
1756075331345 0.2549197237800669 128
1756075331352 0.23495478596952227 129
1756075331359 0.24428727560573155 130
1756075331365 0.25067841289220033 131
1756075331372 0.25365183695598886 132
1756075331378 0.2471392038795683 133
1756075331384 0.2558068975254341 134
1756075331392 0.24071980129789422 135
1756075331398 0.2421279439219722 136
1756075331404 0.24992575303271966 137
1756075331411 0.24605239927768707 138
1756075331418 0.24179378979735905 139
1756075331425 0.2479284957603172 140
1756075331432 0.24975688589943779 141
1756075331439 0.24621469499888243 142
1756075331446 0.24826653743231739 143
1756075331453 0.25530331167909837 144
1756075331460 0.24670435764171458 145
1756075331466 0.246621107061704 146
1756075331473 0.23825903126487025 147
1756075331480 0.23663491617750237 148
1756075331487 0.24384062985579172 149
1756075331494 0.2484675458183995 150
