1756053157970 1.5797964930534363 1
1756053157980 1.141741579771042 2
1756053157984 1.0031142234802246 3
1756053157988 0.8826682507991791 4
1756053157993 0.8666849136352539 5
1756053157997 0.7364190876483917 6
1756053158001 0.7067340970039367 7
1756053158006 0.6765275865793228 8
1756053158010 0.5201553106307983 9
1756053158014 0.5390056371688843 10
1756053158019 0.5318684339523315 11
1756053158023 0.4399872422218323 12
1756053158027 0.3504054218530655 13
1756053158032 0.3626177340745926 14
1756053158037 0.3625840604305267 15
1756053158041 0.32464584410190583 16
1756053158046 0.3423056662082672 17
1756053158050 0.31094232499599456 18
1756053158054 0.35072013437747956 19
1756053158059 0.29512341022491456 20
1756053158064 0.27715897262096406 21
1756053158068 0.271748511493206 22
1756053158073 0.2633084639906883 23
1756053158078 0.27917013317346573 24
1756053158082 0.29339806735515594 25
1756053158087 0.2308698669075966 26
1756053158092 0.20258454233407974 27
1756053158096 0.23248490393161775 28
1756053158101 0.2432251363992691 29
1756053158106 0.23923346623778344 30
1756053158111 0.27791005969047544 31
1756053158115 0.22377090752124787 32
1756053158120 0.17618352323770523 33
1756053158125 0.15246216729283332 34
1756053158130 0.16712481677532195 35
1756053158135 0.20065999925136566 36
1756053158139 0.15440286546945572 37
1756053158144 0.11642529964447021 38
1756053158149 0.1373342864215374 39
1756053158154 0.13343290537595748 40
1756053158159 0.2183729186654091 41
1756053158164 0.15167267769575118 42
1756053158169 0.11227376163005828 43
1756053158174 0.11937115341424942 44
1756053158179 0.12278791293501853 45
1756053158184 0.10169170126318931 46
1756053158189 0.10571849718689919 47
1756053158194 0.09799735844135285 48
1756053158199 0.10233986750245094 49
1756053158204 0.1314298167824745 50
1756053158209 0.09829557538032532 51
1756053158214 0.11050403490662575 52
1756053158219 0.08098642602562904 53
1756053158224 0.0960649661719799 54
1756053158229 0.08468124605715274 55
1756053158235 0.07839262336492539 56
1756053158240 0.08674478605389595 57
1756053158245 0.07537272460758686 58
1756053158250 0.07872812896966934 59
1756053158255 0.08039784915745259 60
1756053158260 0.07943890616297722 61
1756053158265 0.07333407551050186 62
1756053158271 0.07901158779859543 63
1756053158276 0.07575900033116341 64
1756053158281 0.07116624861955642 65
1756053158286 0.06102036982774735 66
1756053158292 0.06387510932981968 67
1756053158297 0.06594795845448971 68
1756053158302 0.059570053964853285 69
1756053158308 0.057152703031897546 70
1756053158313 0.06228510029613972 71
1756053158318 0.05223941616714001 72
1756053158324 0.06266597881913186 73
1756053158329 0.056520867720246316 74
1756053158334 0.06528731025755405 75
1756053158340 0.056459929421544076 76
1756053158345 0.04759203158318996 77
1756053158351 0.061052314937114716 78
1756053158356 0.05730876289308071 79
1756053158362 0.0479125838726759 80
1756053158367 0.051522393524646756 81
1756053158373 0.049314592778682706 82
1756053158378 0.05084006451070309 83
1756053158384 0.04786692187190056 84
1756053158389 0.0475155133754015 85
1756053158395 0.049574090912938115 86
1756053158401 0.04590939991176128 87
1756053158406 0.04778495952486992 88
1756053158412 0.04739153310656548 89
1756053158417 0.04842129796743393 90
1756053158423 0.04652123413980007 91
