1756053157970 0.0005580723141480738 1
1756053157980 0.0011161446282961477 2
1756053157984 0.0016742169424442215 3
1756053157988 0.0022322892565922953 4
1756053157993 0.0027903615707403693 5
1756053157997 0.0027903615707403693 6
1756053158001 0.0027895990392592168 7
1756053158006 0.0027873122786327377 8
1756053158010 0.002783503789400104 9
1756053158014 0.0027781777360883757 10
1756053158019 0.0027713399426586524 11
1756053158023 0.0027629978861376586 12
1756053158027 0.002753160688441723 13
1756053158032 0.0027418391064020975 14
1756053158037 0.002729045520002521 15
1756053158041 0.0027147939188418876 16
1756053158046 0.002699099886836827 17
1756053158050 0.002681980585180919 18
1756053158054 0.002663454733579181 19
1756053158059 0.002643542589778346 20
1756053158064 0.0026222659274153133 21
1756053158068 0.002599648012207996 22
1756053158073 0.0025757135765145994 23
1756053158078 0.002550488792289154 24
1756053158082 0.002524001242462863 25
1756053158087 0.0024962798907825746 26
1756053158092 0.0024673550501393515 27
1756053158096 0.0024372583494217657 28
1756053158101 0.0024060226989301775 29
1756053158106 0.0023736822543898015 30
1756053158111 0.0023402723796019263 31
1756053158115 0.002305829607774112 32
1756053158120 0.0022703916015716697 33
1756053158125 0.002233997111934086 34
1756053158130 0.0021966859357014402 35
1756053158135 0.002158498872097147 36
1756053158139 0.0021194776781146 37
1756053158144 0.002079665022856516 38
1756053158149 0.0020391044408768957 39
1756053158154 0.0019978402845766295 40
1756053158159 0.0019559176757047983 41
1756053158164 0.0019133824560187004 42
1756053158169 0.0018702811371565686 43
1756053158174 0.0018266608497777702 44
1756053158179 0.0017825692920261276 45
1756053158184 0.0017380546773726967 46
1756053158189 0.0016931656818950439 47
1756053158194 0.0016479513910506703 48
1756053158199 0.0016024612460027847 49
1756053158204 0.0015567449895571178 50
1756053158209 0.001510852611768893 51
1756053158214 0.0014648342952794367 52
1756053158219 0.0014187403604421969 53
1756053158224 0.0013726212102981724 54
1756053158229 0.0013265272754609321 55
1756053158235 0.0012805089589714763 56
1756053158240 0.0012346165811832515 57
1756053158245 0.0011889003247375842 58
1756053158250 0.0011434101796896992 59
1756053158255 0.0010981958888453254 60
1756053158260 0.0010533068933676725 61
1756053158265 0.0010087922787142417 62
1756053158271 0.0009647007209625992 63
1756053158276 0.0009210804335838006 64
1756053158281 0.0008779791147216683 65
1756053158286 0.0008354438950355716 66
1756053158292 0.0007935212861637401 67
1756053158297 0.000752257129863474 68
1756053158302 0.0007116965478838542 69
1756053158308 0.0006718838926257699 70
1756053158313 0.0006328626986432227 71
1756053158318 0.000594675635038929 72
1756053158324 0.0005573644588062836 73
1756053158329 0.0005209699691686995 74
1756053158334 0.000485531962966257 75
1756053158340 0.00045108919113844324 76
1756053158345 0.00041767931635056755 77
1756053158351 0.00038533887181019184 78
1756053158356 0.00035410322131860405 79
1756053158362 0.0003240065206010185 80
1756053158367 0.00029508167995779503 81
1756053158373 0.00026736032827750686 82
1756053158378 0.00024087277845121543 83
1756053158384 0.00021564799422576966 84
1756053158389 0.00019171355853237347 85
1756053158395 0.00016909564332505622 86
1756053158401 0.00014781898096202325 87
1756053158406 0.00012790683716118839 88
1756053158412 0.00010938098555945052 89
1756053158417 9.22616839035426e-05 90
1756053158423 7.656765189848177e-05 91
