1755987633018 2.079912793636322 1
1755987633041 1.6678811669349671 2
1755987633049 1.6594026207923889 3
1755987633057 2.0589361786842346 4
1755987633064 1.5410098135471344 5
1755987633071 0.9244303166866302 6
1755987633077 0.6512382328510284 7
1755987633084 0.500680148601532 8
1755987633090 0.37263957858085633 9
1755987633097 0.33886724561452863 10
1755987633103 0.25832663625478747 11
1755987633110 0.28671448230743407 12
1755987633117 0.24888215214014053 13
1755987633124 0.28393087536096573 14
1755987633131 0.45950305461883545 15
1755987633138 0.3410891443490982 16
1755987633153 0.28808311372995377 17
1755987633160 0.21321444660425187 18
1755987633168 0.21048262119293212 19
1755987633174 0.26065820157527925 20
1755987633182 0.21008674502372743 21
1755987633189 0.20589085668325424 22
1755987633196 0.15031758770346643 23
1755987633203 0.15631238296627997 24
1755987633209 0.14375602826476097 25
1755987633216 0.18643003851175308 26
1755987633223 0.11679177954792977 27
1755987633229 0.12893781438469887 28
1755987633236 0.10213548764586448 29
1755987633243 0.13000482693314552 30
1755987633250 0.13386474698781967 31
1755987633257 0.11248646453022956 32
1755987633264 0.13754266873002052 33
1755987633270 0.12095145024359226 34
1755987633277 0.12930658161640168 35
1755987633284 0.1086940236389637 36
1755987633291 0.10567884892225266 37
1755987633298 0.10055719539523125 38
1755987633305 0.11165967285633087 39
1755987633312 0.11659949421882629 40
1755987633319 0.1296714499592781 41
1755987633326 0.0879104383289814 42
1755987633333 0.08144159205257892 43
1755987633341 0.06908434480428696 44
1755987633348 0.05490563288331032 45
1755987633354 0.07091154977679252 46
1755987633362 0.049377551302313805 47
1755987633369 0.06936664469540119 48
1755987633376 0.07329609617590904 49
1755987633382 0.05462534017860889 50
1755987633391 0.044044846296310426 51
1755987633398 0.05297282002866268 52
1755987633406 0.043743318878114223 53
1755987633413 0.04348241668194532 54
1755987633420 0.040008179098367694 55
1755987633427 0.04001234788447618 56
1755987633435 0.02877127695828676 57
