1755987612645 1.0341413915157318 1
1755987612657 0.9689470112323761 2
1755987612661 0.9984172940254211 3
1755987612666 0.8776469230651855 4
1755987612671 0.7500888705253601 5
1755987612675 0.6782699406147004 6
1755987612679 0.6056259512901306 7
1755987612684 0.5423613578081131 8
1755987612688 0.494873383641243 9
1755987612693 0.48217062652111053 10
1755987612697 0.4657118499279022 11
1755987612702 0.45597816407680514 12
1755987612707 0.4264432579278946 13
1755987612712 0.3977674275636673 14
1755987612717 0.40768460333347323 15
1755987612721 0.409457129240036 16
1755987612726 0.36539956629276277 17
1755987612731 0.34579492807388307 18
1755987612735 0.3349447280168533 19
1755987612740 0.3473792731761932 20
1755987612745 0.39700851440429685 21
1755987612750 0.3889174610376358 22
1755987612755 0.3394945442676544 23
1755987612760 0.32336742579936983 24
1755987612765 0.32375794649124146 25
1755987612770 0.33579485714435575 26
1755987612774 0.3624355137348175 27
1755987612779 0.3628472685813904 28
1755987612784 0.31002374589443205 29
1755987612788 0.31563148498535154 30
1755987612793 0.3108744442462921 31
1755987612798 0.26929654479026793 32
1755987612803 0.28171981424093245 33
1755987612807 0.28321182131767275 34
1755987612812 0.2635506510734558 35
1755987612817 0.23702840954065324 36
1755987612822 0.2647277906537056 37
1755987612827 0.2594418853521347 38
1755987612832 0.2737851679325104 39
1755987612837 0.23686412125825881 40
1755987612842 0.24217793941497803 41
1755987612847 0.22585039883852004 42
1755987612851 0.21078501045703887 43
1755987612857 0.20733432173728944 44
1755987612862 0.21950821578502655 45
1755987612870 0.23128804415464402 46
1755987612876 0.25816820859909057 47
1755987612881 0.21828614175319672 48
1755987612886 0.2132932037115097 49
1755987612891 0.18209255784749984 50
1755987612896 0.15900156050920486 51
1755987612902 0.16935891807079315 52
1755987612907 0.17411434054374694 53
1755987612912 0.18612290769815446 54
1755987612917 0.16745598763227462 55
1755987612922 0.17715250253677367 56
1755987612927 0.1691098392009735 57
1755987612932 0.17104072272777557 58
1755987612937 0.18664823472499847 59
1755987612943 0.19994470477104187 60
1755987612948 0.1948975384235382 61
1755987612953 0.1646556958556175 62
1755987612958 0.16210761070251464 63
1755987612964 0.15091361254453659 64
1755987612969 0.15918103605508804 65
1755987612974 0.14418337047100066 66
1755987612980 0.15145584493875502 67
1755987612985 0.14738378077745437 68
1755987612990 0.15266402885317804 69
1755987612996 0.12505508512258529 70
1755987613001 0.15405688732862471 71
1755987613007 0.13460156470537185 72
1755987613012 0.12784066125750543 73
1755987613019 0.12673840522766114 74
1755987613026 0.11851983144879341 75
1755987613034 0.12493097931146621 76
1755987613041 0.12167209759354591 77
1755987613048 0.1400803416967392 78
1755987613056 0.11793156266212464 79
1755987613063 0.11124851703643798 80
1755987613068 0.10650174543261529 81
1755987613075 0.12358753308653832 82
