1755910177821 0.7470284640789032 1
1755910177834 0.6359625697135926 2
1755910177841 0.6377403140068054 3
1755910177847 0.5764465093612671 4
1755910177854 0.5418458402156829 5
1755910177860 0.45922958850860596 6
1755910177867 0.4267998099327087 7
1755910177874 0.37294100821018217 8
1755910177881 0.36065331995487215 9
1755910177888 0.3585608541965485 10
1755910177895 0.33452487885952 11
1755910177902 0.31594781279563905 12
1755910177909 0.3043157130479813 13
1755910177916 0.3021481364965439 14
1755910177922 0.2696192666888237 15
1755910177929 0.2594556286931038 16
1755910177936 0.24408761262893677 17
1755910177942 0.22588083297014236 18
1755910177949 0.22634543478488922 19
1755910177957 0.2151076912879944 20
1755910177964 0.20730345100164413 21
1755910177970 0.20299776643514633 22
1755910177977 0.19947592914104462 23
1755910177987 0.20796729028224945 24
1755910177994 0.20082694590091704 25
1755910178000 0.1951635390520096 26
1755910178007 0.20849302858114244 27
1755910178014 0.18015022128820418 28
1755910178021 0.18561930805444718 29
1755910178027 0.19462323039770127 30
1755910178034 0.20311899185180665 31
1755910178040 0.17935479432344437 32
1755910178047 0.18659881353378296 33
1755910178053 0.19839749485254288 34
1755910178060 0.18152019530534744 35
1755910178066 0.18103890866041183 36
