1755910191698 1.090830647945404 1
1755910191712 0.7549427211284637 2
1755910191721 0.809422892332077 3
1755910191729 0.6661908030509949 4
1755910191736 0.5159533858299256 5
1755910191743 0.4288510471582413 6
1755910191751 0.34665077179670334 7
1755910191758 0.28636182844638824 8
1755910191765 0.23587509989738464 9
1755910191772 0.24287185817956924 10
1755910191780 0.19021443873643876 11
1755910191787 0.16413738578557968 12
1755910191795 0.13645412102341653 13
1755910191803 0.14409548416733742 14
1755910191810 0.1278150424361229 15
1755910191818 0.1166124626994133 16
1755910191826 0.12970988526940347 17
1755910191834 0.11870824098587036 18
1755910191842 0.10753453522920609 19
1755910191850 0.10245178826153278 20
1755910191857 0.09468339681625366 21
1755910191867 0.09890495091676713 22
1755910191876 0.08711143583059311 23
1755910191885 0.07639281898736953 24
1755910191895 0.07894504144787788 25
1755910191903 0.0768527265638113 26
1755910191912 0.07542010694742203 27
1755910191921 0.06884359642863273 28
1755910191930 0.07034227252006531 29
1755910191938 0.05911393314599991 30
1755910191947 0.05784700810909271 31
1755910191955 0.05687289200723171 32
1755910191963 0.09354819320142269 33
1755910191971 0.06393602155148984 34
1755910191979 0.056302791088819505 35
1755910191987 0.056088270246982576 36
1755910191995 0.05509364679455757 37
