1755910163140 0.0007137595101400039 1
1755910163148 0.0014275190202800078 2
1755910163153 0.002141278530420012 3
1755910163158 0.0028550380405600157 4
1755910163164 0.0035687975507000197 5
1755910163168 0.0035687975507000197 6
1755910163173 0.003567822217140066 7
1755910163178 0.0035648972829731332 8
1755910163183 0.003560025946571789 9
1755910163188 0.0035532135346708683 10
1755910163192 0.0035444674965427656 11
1755910163197 0.0035337973958517667 12
1755910163202 0.0035212149001963198 13
1755910163207 0.0035067337683506897 14
1755910163212 0.00349036983521994 15
1755910163216 0.003472140994524696 16
1755910163222 0.003452067179234626 17
1755910163227 0.003430170339772027 18
1755910163232 0.0034064744200093667 19
1755910163237 0.003381005331087005 20
1755910163242 0.0033537909230797447 21
1755910163247 0.003324860954543185 22
1755910163252 0.0032942470599731737 23
1755910163258 0.003261982715213956 24
1755910163263 0.0032281032008528244 25
1755910163268 0.0031926455636413194 26
1755910163273 0.003155648575985148 27
1755910163277 0.0031171526935471275 28
1755910163282 0.0030772000110095136 29
1755910163287 0.0030358342160440813 30
1755910163292 0.0029931005415402994 31
1755910163297 0.002949045716143828 32
1755910163302 0.0029037179131594314 33
1755910163307 0.0028571666978741772 34
1755910163312 0.002809442973358522 35
1755910163316 0.002760598924804551 36
1755910163322 0.0027106879624622365 37
1755910163327 0.0026597646632361143 38
1755910163332 0.0026078847110062404 39
1755910163337 0.002555104835738684 40
1755910163342 0.0025014827514521446 41
1755910163346 0.0024470770931085167 42
1755910163352 0.002391947352496424 43
1755910163357 0.0023361538131778195 44
1755910163362 0.002279757484568795 45
1755910163367 0.002222820035226682 46
1755910163372 0.0021654037254163895 47
1755910163378 0.0021075713390297166 48
1755910163384 0.00204938611493209 49
1755910163390 0.0019909116778117956 50
1755910163396 0.001932211968607309 51
1755910163401 0.0018733511745888263 52
1755910163406 0.0018143936591704215 53
1755910163412 0.0017554038915295982 54
1755910163417 0.0016964463761111929 55
1755910163423 0.0016375855820927108 56
1755910163428 0.0015788858728882245 57
1755910163433 0.0015204114357679293 58
1755910163439 0.001462226211670304 59
1755910163445 0.0014043938252836306 60
1755910163450 0.0013469775154733377 61
1755910163456 0.001290040066131225 62
1755910163463 0.0012336437375222002 63
1755910163470 0.0011778501982035953 64
