1755910191698 1.090830671787262 1
1755910191712 0.7549427509307861 2
1755910191721 0.809422904253006 3
1755910191729 0.6661908328533173 4
1755910191736 0.5159534037113189 5
1755910191743 0.42885106801986694 6
1755910191751 0.34665079414844513 7
1755910191758 0.28636184334754944 8
1755910191765 0.2358751118183136 9
1755910191772 0.2428718775510788 10
1755910191780 0.19021445214748384 11
1755910191787 0.16413739919662476 12
1755910191795 0.13645413219928743 13
1755910191803 0.14409549459815024 14
1755910191810 0.12781505286693573 15
1755910191818 0.11661247313022613 16
1755910191826 0.1297098994255066 17
1755910191834 0.1187082476913929 18
1755910191842 0.10753454118967057 19
1755910191850 0.10245179757475853 20
1755910191857 0.09468340426683426 21
1755910191867 0.09890495762228965 22
1755910191876 0.08711144179105759 23
1755910191885 0.07639282383024693 24
1755910191895 0.07894504740834236 25
1755910191903 0.07685272954404354 26
1755910191912 0.07542011179029942 27
1755910191921 0.06884360536932946 28
1755910191930 0.07034227922558785 29
1755910191938 0.059113938361406326 30
1755910191947 0.05784701369702816 31
1755910191955 0.05687289759516716 32
1755910191963 0.09354819729924202 33
1755910191971 0.0639360275119543 34
1755910191979 0.056302794814109804 35
1755910191987 0.05608827508985996 36
1755910191995 0.0550936508923769 37
