1756054390185 1.132631492614746 1
1756054390191 0.8452211439609527 2
1756054390196 0.7629747211933136 3
1756054390200 0.6994947552680969 4
1756054390204 0.5955567508935928 5
1756054390209 0.550027710199356 6
1756054390213 0.5010139226913453 7
1756054390218 0.46024851202964784 8
1756054390222 0.41488789618015287 9
1756054390226 0.3911710500717163 10
1756054390231 0.3796070277690887 11
1756054390236 0.34318522810935975 12
1756054390240 0.37512839734554293 13
1756054390245 0.34155802726745604 14
1756054390249 0.31564339697360994 15
1756054390254 0.3124676048755646 16
1756054390259 0.310774365067482 17
1756054390263 0.3021993190050125 18
1756054390268 0.28504170179367067 19
1756054390273 0.29007688760757444 20
1756054390277 0.2723464369773865 21
1756054390282 0.2916429594159126 22
1756054390287 0.277738057076931 23
1756054390292 0.28899177312850954 24
1756054390297 0.28951858878135683 25
1756054390302 0.26404414027929307 26
1756054390306 0.2578726753592491 27
1756054390311 0.2511799231171608 28
1756054390316 0.23808443397283555 29
1756054390321 0.2367637649178505 30
1756054390326 0.22981647849082948 31
1756054390331 0.22456233352422714 32
1756054390336 0.23854821622371675 33
1756054390340 0.2498551905155182 34
1756054390346 0.23083278238773347 35
1756054390350 0.2291954815387726 36
1756054390355 0.2145356699824333 37
1756054390360 0.2256706491112709 38
1756054390365 0.19981200844049454 39
1756054390370 0.19673018753528596 40
1756054390375 0.21981317549943924 41
1756054390380 0.20582214295864104 42
1756054390385 0.20211678892374038 43
1756054390390 0.2058263286948204 44
1756054390395 0.19027203619480132 45
1756054390400 0.21550205945968628 46
1756054390405 0.17758771777153015 47
1756054390410 0.1781324028968811 48
1756054390415 0.17217847108840942 49
1756054390420 0.1809521958231926 50
1756054390425 0.19928282797336577 51
1756054390430 0.18887798339128495 52
1756054390435 0.18578130155801773 53
1756054390440 0.18828360140323638 54
1756054390446 0.18367136269807816 55
1756054390451 0.1832673206925392 56
1756054390456 0.17491631358861923 57
1756054390461 0.17740069180727006 58
1756054390467 0.17143359482288362 59
