1756054429226 1.8103160738945008 1
1756054429241 0.8787078380584716 2
1756054429249 0.9416512846946716 3
1756054429256 0.590946638584137 4
1756054429263 0.42754984796047213 5
1756054429271 0.39833539426326753 6
1756054429278 0.33594354838132856 7
1756054429286 0.3420387268066406 8
1756054429294 0.32889541387557986 9
1756054429301 0.28443278223276136 10
1756054429309 0.2632135197520256 11
1756054429316 0.2670306205749512 12
1756054429324 0.2270832270383835 13
1756054429331 0.15772362649440766 14
1756054429339 0.1657620668411255 15
1756054429346 0.16261048913002013 16
1756054429354 0.17232876196503638 17
1756054429361 0.15256484001874923 18
1756054429369 0.12551986277103425 19
1756054429377 0.13271972313523292 20
1756054429385 0.12816676795482634 21
1756054429393 0.1652076505124569 22
1756054429400 0.13367752879858016 23
1756054429408 0.16929011642932892 24
1756054429416 0.1916757643222809 25
1756054429424 0.14717226028442382 26
1756054429431 0.11768727451562881 27
1756054429439 0.11858157441020012 28
1756054429447 0.12095663249492646 29
1756054429455 0.12838528975844382 30
1756054429462 0.12851996943354607 31
1756054429470 0.12350303754210472 32
1756054429478 0.11488801762461662 33
1756054429486 0.12140637636184692 34
1756054429493 0.12157767787575721 35
1756054429501 0.11222156286239623 36
1756054429509 0.07667104080319405 37
1756054429517 0.08169605769217014 38
1756054429525 0.07517681494355202 39
1756054429533 0.09003150500357152 40
1756054429541 0.08531923890113831 41
1756054429549 0.0986958958208561 42
1756054429557 0.08325046971440316 43
1756054429565 0.0843500092625618 44
1756054429573 0.06286263056099414 45
1756054429581 0.07086761184036731 46
1756054429589 0.0584633469581604 47
1756054429597 0.058037642389535904 48
1756054429605 0.057639413699507716 49
1756054429613 0.05234509240835905 50
1756054429621 0.05542228631675243 51
1756054429629 0.05645367447286844 52
1756054429637 0.05356124117970466 53
1756054429646 0.05138718597590923 54
1756054429654 0.045593303814530375 55
1756054429662 0.04697420112788677 56
1756054429670 0.04885285571217537 57
1756054429678 0.05141991786658764 58
1756054429686 0.0532093258574605 59
1756054429695 0.04671159349381924 60
1756054429703 0.043355632573366165 61
1756054429711 0.04957071505486965 62
1756054429719 0.04673933871090412 63
1756054429728 0.04413170460611582 64
1756054429736 0.03959138486534357 65
1756054429745 0.0444629643112421 66
1756054429754 0.03918484859168529 67
1756054429762 0.04089289866387844 68
1756054429770 0.03334490153938532 69
1756054429779 0.03705753274261951 70
1756054429787 0.03562779501080513 71
1756054429795 0.03720020782202482 72
1756054429804 0.035850255750119686 73
1756054429812 0.037906363420188424 74
1756054429821 0.03271698448807001 75
1756054429829 0.03854723107069731 76
1756054429838 0.03647841289639473 77
1756054429846 0.03619545493274927 78
1756054429855 0.03742006998509169 79
1756054429863 0.029272985830903053 80
1756054429872 0.03346441425383091 81
