1755908755276 1.0516840636730194 1
1755908755285 0.8298378586769104 2
1755908755289 0.729847115278244 3
1755908755294 0.6979047238826752 4
1755908755298 0.644440370798111 5
1755908755302 0.5844523191452027 6
1755908755306 0.5539207577705383 7
1755908755311 0.4840958684682846 8
1755908755315 0.4734668493270874 9
1755908755319 0.45374107360839844 10
1755908755324 0.42201452553272245 11
1755908755328 0.3944929510354996 12
1755908755332 0.40026432275772095 13
1755908755337 0.37561562061309817 14
1755908755341 0.37650699615478517 15
1755908755345 0.34763585329055785 16
1755908755350 0.3492522567510605 17
1755908755355 0.34641302525997164 18
1755908755359 0.3359437733888626 19
1755908755363 0.3159898668527603 20
1755908755368 0.3189798563718796 21
1755908755372 0.3053563505411148 22
1755908755376 0.30673615336418153 23
1755908755381 0.29662842452526095 24
1755908755385 0.2984966814517975 25
1755908755390 0.27617978155612943 26
1755908755394 0.2761010929942131 27
1755908755399 0.27317558526992797 28
1755908755404 0.2565395399928093 29
1755908755408 0.27606122344732287 30
1755908755412 0.24196596592664718 31
1755908755417 0.25306197106838224 32
1755908755421 0.23615251779556273 33
1755908755426 0.24272850900888443 34
1755908755431 0.24429391473531722 35
1755908755435 0.23362306207418443 36
1755908755440 0.22902087569236756 37
1755908755444 0.22436967492103577 38
1755908755449 0.21491933912038802 39
1755908755454 0.20616569519042968 40
1755908755459 0.20174165666103364 41
1755908755463 0.197341488301754 42
1755908755468 0.21334858238697052 43
1755908755473 0.20814109593629837 44
1755908755478 0.1881071463227272 45
1755908755483 0.21150609999895095 46
1755908755488 0.19064304530620574 47
1755908755493 0.18126780539751053 48
1755908755497 0.18806354850530624 49
1755908755502 0.1764921173453331 50
1755908755507 0.15888759940862657 51
1755908755512 0.1798185169696808 52
1755908755517 0.17988595962524415 53
1755908755522 0.19909430742263795 54
1755908755527 0.19932127594947815 55
1755908755532 0.18826126605272292 56
1755908755536 0.18748862892389298 57
1755908755541 0.1741579219698906 58
1755908755547 0.16787426620721818 59
1755908755551 0.15591633170843125 60
1755908755556 0.1573130264878273 61
1755908755561 0.15869051069021226 62
1755908755566 0.15332516729831697 63
1755908755571 0.16488673090934752 64
1755908755576 0.1513366311788559 65
1755908755581 0.1480769120156765 66
1755908755586 0.145550499856472 67
1755908755592 0.1545081317424774 68
1755908755597 0.14773578941822052 69
1755908755602 0.144000343978405 70
1755908755607 0.15087017118930818 71
1755908755613 0.153217314183712 72
1755908755618 0.1458999663591385 73
1755908755623 0.15525570660829544 74
1755908755628 0.13974824398756028 75
1755908755634 0.14609106481075287 76
1755908755639 0.13602645620703696 77
1755908755644 0.13643961623311043 78
1755908755650 0.1432455837726593 79
1755908755655 0.14834292083978654 80
1755908755660 0.14365130364894868 81
1755908755665 0.14714771136641502 82
1755908755671 0.135611093044281 83
1755908755676 0.13966162651777267 84
1755908755682 0.13739423900842668 85
1755908755688 0.13391925022006035 86
1755908755694 0.13094836696982384 87
