1755908789293 1.2801514267921448 1
1755908789307 1.0211860597133637 2
1755908789316 0.7566675305366516 3
1755908789324 0.643195566534996 4
1755908789332 0.5757606238126755 5
1755908789340 0.5501435786485672 6
1755908789348 0.47197036147117616 7
1755908789356 0.4000362426042557 8
1755908789364 0.37324667572975156 9
1755908789371 0.36574305295944215 10
1755908789379 0.3405429244041443 11
1755908789387 0.33083241879940034 12
1755908789396 0.28976118862628936 13
1755908789405 0.3040795147418976 14
1755908789413 0.26409599334001543 15
1755908789421 0.23676826804876328 16
1755908789429 0.2484927996993065 17
1755908789437 0.22885860204696656 18
1755908789445 0.19411240369081498 19
1755908789453 0.1802486225962639 20
1755908789461 0.1801057904958725 21
1755908789469 0.15526507049798965 22
1755908789478 0.1406925566494465 23
1755908789486 0.14366959929466247 24
1755908789494 0.13516810759902 25
1755908789502 0.15095994845032693 26
1755908789510 0.14572023078799248 27
1755908789518 0.11949344947934151 28
1755908789526 0.13378478214144707 29
1755908789534 0.13516812771558762 30
1755908789542 0.11739860698580742 31
1755908789551 0.09856906533241272 32
1755908789559 0.08741533979773522 33
1755908789567 0.09414902105927467 34
1755908789575 0.0925097830593586 35
1755908789583 0.08254751041531563 36
1755908789591 0.08820609040558339 37
1755908789600 0.08247048109769821 38
1755908789608 0.07462192177772523 39
1755908789616 0.0753380760550499 40
1755908789625 0.07487780265510083 41
1755908789633 0.06628666669130326 42
1755908789641 0.061947856470942496 43
1755908789650 0.06557681374251842 44
1755908789658 0.05670519322156906 45
1755908789666 0.062169362977147105 46
1755908789674 0.05946279130876064 47
1755908789683 0.06357037425041198 48
1755908789691 0.06507828086614609 49
1755908789700 0.062610924243927 50
1755908789708 0.05279398113489151 51
1755908789716 0.06495852470397949 52
1755908789725 0.05398132354021072 53
1755908789734 0.0521844319999218 54
