1755908772533 1.3923666715621947 1
1755908772546 0.9433629512786865 2
1755908772553 0.7697490453720093 3
1755908772559 0.7123070418834686 4
1755908772565 0.6148872911930084 5
1755908772572 0.6004470825195313 6
1755908772578 0.5123709112405777 7
1755908772584 0.43521553575992583 8
1755908772590 0.39698166847229005 9
1755908772596 0.3757518768310547 10
1755908772603 0.33966565430164336 11
1755908772609 0.3137746125459671 12
1755908772615 0.28703752905130386 13
1755908772621 0.25005509704351425 14
1755908772628 0.21981616616249083 15
1755908772634 0.22981416881084443 16
1755908772641 0.23721813261508942 17
1755908772648 0.20162075608968735 18
1755908772654 0.19341010153293609 19
1755908772660 0.16961948648095132 20
1755908772667 0.16067187637090682 21
1755908772673 0.14320979714393617 22
1755908772680 0.12060560211539269 23
1755908772686 0.12679112255573272 24
1755908772693 0.11463901773095131 25
1755908772700 0.11830302327871323 26
1755908772706 0.10356064140796661 27
1755908772713 0.11113297194242477 28
1755908772719 0.09605672955513 29
1755908772725 0.09947480261325836 30
1755908772732 0.08122557550668716 31
1755908772738 0.08579346984624862 32
1755908772745 0.07733921483159065 33
1755908772752 0.08434701636433602 34
1755908772758 0.07543332427740097 35
1755908772765 0.09102888219058514 36
1755908772772 0.08078771159052849 37
1755908772778 0.07499142810702324 38
1755908772785 0.06623165495693684 39
1755908772792 0.06775808855891227 40
1755908772799 0.07765314802527427 41
1755908772806 0.06587293781340123 42
1755908772813 0.05674467794597149 43
1755908772819 0.06654858253896237 44
1755908772826 0.06829330436885357 45
1755908772833 0.05983919240534306 46
1755908772840 0.0594065073877573 47
1755908772847 0.06156623922288418 48
1755908772854 0.04771609045565128 49
1755908772861 0.0630936548113823 50
1755908772868 0.05065916404128075 51
1755908772875 0.047534802183508876 52
1755908772882 0.06165410466492176 53
