1755908648819 1.1518545746803284 1
1755908648828 0.7869266927242279 2
1755908648832 0.6744103252887725 3
1755908648838 0.6364702880382538 4
1755908648843 0.540958920121193 5
1755908648848 0.49946947693824767 6
1755908648853 0.38701037466526034 7
1755908648858 0.33013213872909547 8
1755908648862 0.2805053532123566 9
1755908648867 0.2828800156712532 10
1755908648871 0.23969051092863083 11
1755908648875 0.2506669476628304 12
1755908648879 0.18830701112747192 13
1755908648884 0.15930845141410827 14
1755908648888 0.15742611289024352 15
1755908648894 0.15049341917037964 16
1755908648900 0.140863598883152 17
1755908648904 0.13603853806853294 18
1755908648908 0.12309588417410851 19
1755908648913 0.11577747762203217 20
1755908648917 0.12495935559272767 21
1755908648922 0.11198590025305748 22
1755908648926 0.09258148074150085 23
1755908648930 0.09262156039476395 24
1755908648938 0.08935163095593453 25
1755908648943 0.08646049350500107 26
1755908648948 0.09332568198442459 27
1755908648953 0.08183906562626361 28
1755908648958 0.0901043951511383 29
1755908648963 0.08641013279557228 30
1755908648969 0.08971808329224587 31
1755908648974 0.08292759358882903 32
1755908648978 0.09838524162769317 33
1755908648983 0.083607979118824 34
1755908648988 0.08033707439899444 35
1755908648993 0.08610608503222465 36
1755908648997 0.06900059096515179 37
1755908649002 0.05719412826001644 38
1755908649008 0.06320497430860997 39
1755908649012 0.06206847690045834 40
1755908649017 0.0634099304676056 41
1755908649024 0.054239137843251226 42
1755908649029 0.05005167536437512 43
1755908649034 0.053867897391319274 44
1755908649039 0.059134116768836974 45
1755908649045 0.05710237510502338 46
1755908649049 0.05664031766355038 47
1755908649055 0.06259379312396049 48
1755908649061 0.04568197466433048 49
1755908649065 0.04700247682631016 50
1755908649072 0.05775745175778866 51
1755908649077 0.05712752416729927 52
1755908649082 0.0612450435757637 53
1755908649087 0.05025756899267435 54
1755908649092 0.06592027992010116 55
1755908649097 0.05056065544486046 56
1755908649104 0.05274451076984406 57
1755908649109 0.047442400455474855 58
1755908649114 0.049841444939374924 59
1755908649120 0.05428128950297832 60
1755908649125 0.04008117690682411 61
1755908649130 0.0401325648650527 62
1755908649135 0.03689456954598427 63
1755908649140 0.03785074520856142 64
1755908649148 0.03866291921585798 65
1755908649153 0.04701128993183375 66
1755908649159 0.0481157248839736 67
1755908649165 0.044746831990778446 68
1755908649170 0.04867290146648884 69
1755908649176 0.03935934621840716 70
1755908649182 0.040452015772461894 71
1755908649187 0.041103896126151084 72
1755908649192 0.0342620987445116 73
1755908649198 0.04064699038863182 74
1755908649204 0.033609240874648096 75
1755908649210 0.031593919917941096 76
1755908649215 0.03784802313894033 77
1755908649221 0.03606389369815588 78
1755908649227 0.036314090341329576 79
1755908649233 0.033568772673606875 80
1755908649239 0.0329761628061533 81
1755908649246 0.03170728981494904 82
