1755908648819 0.0005349380456732224 1
1755908648828 0.0010698760913464447 2
1755908648832 0.001604814137019667 3
1755908648838 0.0021397521826928894 4
1755908648843 0.0026746902283661116 5
1755908648848 0.0026746902283661116 6
1755908648853 0.002673959318113613 7
1755908648858 0.0026717673865957474 8
1755908648862 0.002668116830657448 9
1755908648867 0.0026630116421280364 10
1755908648871 0.002656457403456216 11
1755908648875 0.0026484612816057456 12
1755908648879 0.0026390320202184714 13
1755908648884 0.002628179930053281 14
1755908648888 0.002615916877711441 15
1755908648894 0.0026022562726606435 16
1755908648900 0.0025872130525719486 17
1755908648904 0.0025708036669856603 18
1755908648908 0.0025530460593239973 19
1755908648913 0.0025339596472702232 20
1755908648917 0.002513565301535695 21
1755908648922 0.002491885323038047 22
1755908648926 0.0024689434185154627 23
1755908648930 0.002444764674603709 24
1755908648938 0.002419375530404265 25
1755908648943 0.0023928037485735527 26
1755908648948 0.0023650783849648808 27
1755908648953 0.0023362297568562955 28
1755908648958 0.0023062894097990827 29
1755908648963 0.0022752900831231695 30
1755908648969 0.0022432656741371492 31
1755908648974 0.0022102512010620692 32
1755908648978 0.0021762827647395246 33
1755908648983 0.002141397509155914 34
1755908648988 0.0021056335808260374 35
1755908648993 0.002069030087080444 36
1755908648997 0.0020316270533021364 37
1755908649002 0.001993465379159406 38
1755908649008 0.0019545867938826436 39
1755908649012 0.0019150338106340393 40
1755908649017 0.001874849680020066 41
1755908649024 0.0018340783427975705 42
1755908649029 0.0017927643818252085 43
1755908649034 0.001750952973312737 44
1755908649039 0.0017086898374214956 45
1755908649045 0.0016660211882700805 46
1755908649049 0.0016229936833998836 47
1755908649055 0.0015796543727557575 48
1755908649061 0.0015360506472375894 49
1755908649065 0.001492230186879051 50
1755908649072 0.001448240908710178 51
1755908649077 0.001404130914360804 52
1755908649082 0.0013599484374621346 53
1755908649087 0.0013157417909039767 54
1755908649092 0.001271559314005307 55
1755908649097 0.0012274493196559337 56
1755908649104 0.0011834600414870606 57
1755908649109 0.0011396395811285218 58
1755908649114 0.0010960358556103545 59
1755908649120 0.001052696544966228 60
1755908649125 0.001009669040096031 61
1755908649130 0.0009670003909446162 62
1755908649135 0.0009247372550533746 63
1755908649140 0.0008829258465409029 64
1755908649148 0.0008416118855685405 65
1755908649153 0.000800840548346046 66
1755908649159 0.0007606564177320721 67
1755908649165 0.0007211034344834681 68
1755908649170 0.0006822248492067063 69
1755908649176 0.0006440631750639757 70
1755908649182 0.0006066601412856682 71
1755908649187 0.0005700566475400744 72
1755908649192 0.0005342927192101979 73
1755908649198 0.0004994074636265871 74
1755908649204 0.00046543902730404206 75
1755908649210 0.00043242455422896263 76
1755908649215 0.00040040014524294194 77
1755908649221 0.0003694008185670289 78
1755908649227 0.00033946047150981663 79
1755908649233 0.0003106118434012315 80
1755908649239 0.00028288647979255935 81
1755908649246 0.00025631469796184674 82
