1755908648819 0.8058015763759613 1
1755908648828 0.6565576255321502 2
1755908648832 0.6163514792919159 3
1755908648838 0.5940805494785308 4
1755908648843 0.5394457936286926 5
1755908648848 0.5254897177219391 6
1755908648853 0.4681904762983322 7
1755908648858 0.42572291791439054 8
1755908648862 0.3996304363012314 9
1755908648867 0.39409714937210083 10
1755908648871 0.3630896478891373 11
1755908648875 0.3706140905618668 12
1755908648879 0.3278749316930771 13
1755908648884 0.29861174821853637 14
1755908648888 0.2964285582304001 15
1755908648894 0.2898939445614815 16
1755908648900 0.2826157212257385 17
1755908648904 0.2762986496090889 18
1755908648908 0.2619787842035294 19
1755908648913 0.2569666102528572 20
1755908648917 0.2703834816813469 21
1755908648922 0.2453065663576126 22
1755908648926 0.23325855433940887 23
1755908648930 0.22995828241109847 24
1755908648938 0.22603604942560196 25
1755908648943 0.22359843999147416 26
1755908648948 0.22817924618721008 27
1755908648953 0.21743780821561814 28
1755908648958 0.22427572309970856 29
1755908648963 0.21729467809200287 30
1755908648969 0.22528309226036072 31
1755908648974 0.2172537311911583 32
1755908648978 0.23124202489852905 33
1755908648983 0.2194959804415703 34
1755908648988 0.2093167781829834 35
1755908648993 0.22057264894247056 36
1755908648997 0.19671382158994674 37
1755908649002 0.17911156862974167 38
1755908649008 0.18978367298841475 39
1755908649012 0.18859597593545913 40
1755908649017 0.183762763440609 41
1755908649024 0.17681552618741989 42
1755908649029 0.1684028059244156 43
1755908649034 0.17286744415760041 44
1755908649039 0.1772688537836075 45
1755908649045 0.17428731471300124 46
1755908649049 0.17548547834157943 47
1755908649055 0.18875392228364946 48
1755908649061 0.1614486202597618 49
1755908649065 0.16152140647172927 50
1755908649072 0.17766431272029876 51
1755908649077 0.1778190940618515 52
1755908649082 0.1775376245379448 53
1755908649087 0.16936226636171342 54
1755908649092 0.18857323080301286 55
1755908649097 0.16642170995473862 56
1755908649104 0.16778635382652282 57
1755908649109 0.16174377799034118 58
1755908649114 0.1639868751168251 59
1755908649120 0.1735823407769203 60
1755908649125 0.15206704139709473 61
1755908649130 0.1512992188334465 62
1755908649135 0.14311719909310341 63
1755908649140 0.14679589569568635 64
1755908649148 0.1469949185848236 65
1755908649153 0.15543797314167024 66
1755908649159 0.15825608596205712 67
1755908649165 0.15796336084604262 68
1755908649170 0.16567740589380264 69
1755908649176 0.1494450345635414 70
1755908649182 0.14752451553940774 71
1755908649187 0.15285714417696 72
1755908649192 0.13630232065916062 73
1755908649198 0.1437756299972534 74
1755908649204 0.13807038217782974 75
1755908649210 0.1323987752199173 76
1755908649215 0.14441120699048043 77
1755908649221 0.140250127017498 78
1755908649227 0.13822416216135025 79
1755908649233 0.13691124692559242 80
1755908649239 0.133978733420372 81
1755908649246 0.13351326137781144 82
