1755981478130 0.00045614507834490546 1
1755981478145 0.0009122901566898109 2
1755981478152 0.0013684352350347164 3
1755981478159 0.0018245803133796219 4
1755981478167 0.0022807253917245273 5
1755981478173 0.0022807253917245273 6
1755981478181 0.0022801021801632125 7
1755981478188 0.00227823322695196 8
1755981478195 0.0022751205757636666 9
1755981478202 0.0022707676302367074 10
1755981478208 0.002265179150253107 11
1755981478216 0.0022583612467336777 12
1755981478222 0.0022503213749558194 13
1755981478230 0.0022410683264012803 14
1755981478237 0.0022306122191428027 15
1755981478245 0.002218964486780159 16
1755981478252 0.0022061378659376783 17
1755981478261 0.002192146382336932 18
1755981478268 0.002177005335459817 19
1755981478275 0.0021607312818187957 20
1755981478283 0.00214334201685259 21
1755981478291 0.002124856555467135 22
1755981478299 0.0021052951112430535 23
1755981478306 0.0020846790743324077 24
1755981478313 0.002063030988068877 25
1755981478320 0.002040374524316957 26
1755981478327 0.002016734457587121 27
1755981478335 0.001992136637945259 28
1755981478342 0.001966607962746007 29
1755981478349 0.0019401763472208869 30
1755981478357 0.0019128706939534116 31
1755981478364 0.0018847208612745305 32
1755981478371 0.001855757630612987 33
1755981478378 0.0018260126728362749 34
1755981478386 0.0017955185136190122 35
1755981478393 0.0017643084978765926 36
1755981478401 0.0017324167533030095 37
1755981478408 0.0016998781530527239 38
