1755981462911 1.3057742476463319 1
1755981462932 0.8090851306915283 2
1755981462940 0.7154923558235169 3
1755981462947 0.7651080191135406 4
1755981462953 0.8555371880531311 5
1755981462960 1.06872056722641 6
1755981462966 0.6654799580574036 7
1755981462972 0.655815041065216 8
1755981462979 0.4971497684717178 9
1755981462986 0.4027153551578522 10
1755981462992 0.4443200439214706 11
1755981462998 0.3833231121301651 12
1755981463005 0.3446681559085846 13
1755981463011 0.3075522527098656 14
1755981463018 0.33616719096899034 15
1755981463024 0.28602457642555235 16
1755981463031 0.24632585644721985 17
1755981463037 0.2504245489835739 18
1755981463043 0.2574514865875244 19
1755981463049 0.2723564863204956 20
1755981463055 0.22402818650007247 21
1755981463062 0.2491542637348175 22
