1755981462911 1.919854426383972 1
1755981462932 1.0116219997406006 2
1755981462940 1.2250456035137176 3
1755981462947 1.0483090698719024 4
1755981462953 1.4727356851100921 5
1755981462960 1.7227954149246216 6
1755981462966 0.8977714955806733 7
1755981462972 0.7337155640125275 8
1755981462979 0.5449716508388519 9
1755981462986 0.5418591797351837 10
1755981462992 0.5858628153800964 11
1755981462998 0.5347080498933792 12
1755981463005 0.381746718287468 13
1755981463011 0.34445981681346893 14
1755981463018 0.37025209665298464 15
1755981463024 0.3204616025090218 16
1755981463031 0.30372877418994904 17
1755981463037 0.3482706919312477 18
1755981463043 0.38775705099105834 19
1755981463049 0.3575110971927643 20
1755981463055 0.2914608001708984 21
1755981463062 0.29853256940841677 22
