1755981478130 0.8847231090068817 1
1755981478145 0.6895222902297974 2
1755981478152 0.6786326110363007 3
1755981478159 0.7005469322204589 4
1755981478167 0.6248361110687256 5
1755981478173 0.6291303932666779 6
1755981478181 0.5997622549533844 7
1755981478188 0.5729990035295487 8
1755981478195 0.5590867280960083 9
1755981478202 0.4744993418455124 10
1755981478208 0.4479280948638916 11
1755981478216 0.42373006641864774 12
1755981478222 0.4277911722660065 13
1755981478230 0.4068360298871994 14
1755981478237 0.40318881869316103 15
1755981478245 0.36897053718566897 16
1755981478252 0.36492248475551603 17
1755981478261 0.3387687116861343 18
1755981478268 0.32223849892616274 19
1755981478275 0.3208294570446014 20
1755981478283 0.316789573431015 21
1755981478291 0.29731808304786683 22
1755981478299 0.3014430463314056 23
1755981478306 0.3332846611738205 24
1755981478313 0.30685933232307433 25
1755981478320 0.3248187392950058 26
1755981478327 0.305221489071846 27
1755981478335 0.29157169312238695 28
1755981478342 0.289720019698143 29
1755981478349 0.28328921645879745 30
1755981478357 0.27649481445550916 31
1755981478364 0.2536431342363358 32
1755981478371 0.2590725600719452 33
1755981478378 0.24805435240268708 34
1755981478386 0.24410505145788192 35
1755981478393 0.2395629271864891 36
1755981478401 0.24823933094739914 37
1755981478408 0.24057942181825637 38
