1755981478130 1.3867642760276795 1
1755981478145 0.850810581445694 2
1755981478152 0.8391107141971588 3
1755981478159 0.8845177114009857 4
1755981478167 0.7076335966587066 5
1755981478173 0.7140464067459107 6
1755981478181 0.6917808353900909 7
1755981478188 0.5879123866558075 8
1755981478195 0.5738903433084488 9
1755981478202 0.4103495329618454 10
1755981478208 0.367299222946167 11
1755981478216 0.3271666795015335 12
1755981478222 0.3284264236688614 13
1755981478230 0.3107348158955574 14
1755981478237 0.299611309170723 15
1755981478245 0.2406017318367958 16
1755981478252 0.23076842874288558 17
1755981478261 0.19765561819076538 18
1755981478268 0.1869570404291153 19
1755981478275 0.1806455984711647 20
1755981478283 0.17682003676891328 21
1755981478291 0.15814730226993562 22
1755981478299 0.1664331890642643 23
1755981478306 0.2026958480477333 24
1755981478313 0.1691157415509224 25
1755981478320 0.18171231150627137 26
1755981478327 0.1679729104042053 27
1755981478335 0.1563880242407322 28
1755981478342 0.15061376318335534 29
1755981478349 0.14291897341609 30
1755981478357 0.13132908642292024 31
1755981478364 0.11389293298125266 32
1755981478371 0.11908015310764312 33
1755981478378 0.10763200148940086 34
1755981478386 0.10798753127455711 35
1755981478393 0.10205802842974662 36
1755981478401 0.10865010619163513 37
1755981478408 0.10041684210300446 38
