1755981478130 2.122151792049408 1
1755981478145 1.015280431509018 2
1755981478152 1.234234368801117 3
1755981478159 1.088791412115097 4
1755981478167 0.9314728617668152 5
1755981478173 1.0785319268703462 6
1755981478181 1.0143589854240418 7
1755981478188 0.7358081221580506 8
1755981478195 0.6136833786964416 9
1755981478202 0.41123506128787995 10
1755981478208 0.438823801279068 11
1755981478216 0.39972163438797 12
1755981478222 0.473268187046051 13
1755981478230 0.3822337731719017 14
1755981478237 0.3884276121854782 15
1755981478245 0.2697985261678696 16
1755981478252 0.2442500963807106 17
1755981478261 0.21341382712125778 18
1755981478268 0.19990619122982026 19
1755981478275 0.19073415398597718 20
1755981478283 0.173534394800663 21
1755981478291 0.17800798416137695 22
1755981478299 0.23369240686297416 23
1755981478306 0.23992830514907837 24
1755981478313 0.24170143902301788 25
1755981478320 0.23496409207582475 26
1755981478327 0.21999121755361556 27
1755981478335 0.18927715048193933 28
1755981478342 0.15890055596828462 29
1755981478349 0.15382247567176818 30
1755981478357 0.13471099138259887 31
1755981478364 0.12025150209665299 32
1755981478371 0.13709990158677102 33
1755981478378 0.11789674386382103 34
1755981478386 0.11957796439528465 35
1755981478393 0.12525396049022675 36
1755981478401 0.1333269767463207 37
1755981478408 0.1327819511294365 38
