1756349354652 1.3975662900053936 1
1756349354666 1.0242726077204165 2
1756349354677 1.0663062100825103 3
1756349354689 1.0780848964400913 4
1756349354701 1.0360820552577144 5
1756349354712 1.007219726624696 6
1756349354724 0.9319467440895413 7
1756349354736 0.7779351744962775 8
1756349354748 0.7505402383597001 9
1756349354759 0.683282363673915 10
1756349354771 0.7140781931255175 11
1756349354783 0.5446535232274429 12
1756349354795 0.5923286702321924 13
1756349354807 0.4915889579316844 14
1756349354819 0.39443370829457824 15
1756349354831 0.44136196893194446 16
1756349354843 0.41623157133226807 17
1756349354855 0.4662682621375374 18
1756349354867 0.3867004008396812 19
1756349354879 0.427618022846139 20
1756349354891 0.36321366740309674 21
1756349354904 0.3208031531261361 22
1756349354916 0.3950554961743562 23
1756349354928 0.3448854218358579 24
1756349354940 0.28046602788178815 25
1756349354953 0.33012498720832495 26
1756349354965 0.303574215458787 27
1756349354977 0.3520490507716718 28
1756349354990 0.271091407407885 29
1756349355002 0.29187735137732135 30
1756349355015 0.3426836942848952 31
1756349355027 0.3189904067827308 32
1756349355040 0.2876557429199633 33
1756349355052 0.2602451774089233 34
1756349355065 0.2653183522431747 35
1756349355077 0.2214934132669283 36
1756349355090 0.21085455786922705 37
1756349355102 0.24463006270968396 38
1756349355115 0.23335385516933774 39
1756349355128 0.21694990992546082 40
1756349355140 0.2152036726474762 41
1756349355153 0.21522428710823474 42
1756349355166 0.23829335524984027 43
1756349355179 0.21460376809472623 44
1756349355192 0.21287194088749264 45
1756349355205 0.20913618155147717 46
1756349355218 0.21641939101011856 47
1756349355231 0.2059933996718863 48
1756349355244 0.1846453210581904 49
1756349355257 0.19833813510511233 50
1756349355270 0.17957021684750266 51
1756349355283 0.15999050567979398 52
1756349355296 0.1598829040708749 53
1756349355309 0.15230555670416873 54
1756349355322 0.1669952529280082 55
1756349355335 0.1604491611537726 56
1756349355348 0.17335820036089938 57
1756349355361 0.15167596644681433 58
1756349355375 0.15353223551874576 59
1756349355388 0.15666870740444763 60
1756349355401 0.1466845857060474 61
1756349355414 0.1507181570581768 62
1756349355428 0.14940872691247775 63
1756349355441 0.17901195326577063 64
1756349355454 0.13633698354596677 65
1756349355468 0.13435927033424377 66
1756349355481 0.14026460343081018 67
1756349355495 0.14258048618617264 68
1756349355508 0.13602004265007767 69
1756349355522 0.13984683285588803 70
1756349355535 0.12238122134105019 71
1756349355549 0.11014495336491129 72
1756349355563 0.12449416145682335 73
1756349355577 0.12433361942353456 74
1756349355590 0.11410869398842687 75
1756349355604 0.11273422902045042 76
1756349355618 0.11682037426077801 77
1756349355632 0.12178544343813606 78
1756349355645 0.13552472837593244 79
1756349355659 0.1264274330890697 80
1756349355673 0.1222022506205932 81
1756349355687 0.11523695905571399 82
1756349355701 0.11718354179807332 83
1756349355715 0.111104103534118 84
1756349355729 0.09655453540060831 85
1756349355743 0.10502911002739616 86
1756349355757 0.10494754107102104 87
1756349355771 0.09798870867361194 88
1756349355785 0.12093314852403558 89
1756349355799 0.12003911157017169 90
1756349355813 0.11838196833496509 91
1756349355828 0.1116471459036288 92
1756349355842 0.09850747996698254 93
1756349355856 0.09508721562831299 94
1756349355870 0.1040859941555106 95
1756349355885 0.092666102492291 96
1756349355899 0.11100162063603816 97
1756349355913 0.09767195274648459 98
1756349355928 0.09129842727080635 99
1756349355942 0.08960038747476495 100
1756349355956 0.08916234597563744 101
1756349355971 0.09066522072838701 102
1756349355985 0.09346918794124023 103
1756349356000 0.08755972981452942 104
1756349356014 0.08027745329815408 105
1756349356029 0.08535656543529552 106
1756349356044 0.08786132397211116 107
1756349356058 0.07655357051154842 108
1756349356073 0.08206731145796568 109
1756349356088 0.09055905416607857 110
1756349356103 0.08027744568560434 111
