1756349354652 0.8893376277840656 1
1756349354666 0.7642181748929231 2
1756349354677 0.7616965615231058 3
1756349354689 0.754829246064891 4
1756349354701 0.7567689341047535 5
1756349354712 0.73645186683406 6
1756349354724 0.7067069877748904 7
1756349354736 0.6524502622044605 8
1756349354748 0.6456887242586716 9
1756349354759 0.6132931929567585 10
1756349354771 0.6186679627584375 11
1756349354783 0.5512092955734419 12
1756349354795 0.5680445769558782 13
1756349354807 0.517886616613554 14
1756349354819 0.469544583040735 15
1756349354831 0.5004691818486089 16
1756349354843 0.4759128326955049 17
1756349354855 0.5022556043189504 18
1756349354867 0.4654699499192445 19
1756349354879 0.4873056606106136 20
1756349354891 0.45177666259848553 21
1756349354904 0.41997420139934705 22
1756349354916 0.46055009701977606 23
1756349354928 0.43952291556026624 24
1756349354940 0.395380692637485 25
1756349354953 0.42559677492017334 26
1756349354965 0.41309083285539044 27
1756349354977 0.4334236862866775 28
1756349354990 0.39181840549344604 29
1756349355002 0.39805508437363996 30
1756349355015 0.42989471295605536 31
1756349355027 0.4141176537327144 32
1756349355040 0.3948076652443927 33
1756349355052 0.37807477168414905 34
1756349355065 0.3830626192300216 35
1756349355077 0.3559226004973702 36
1756349355090 0.3399974587170974 37
1756349355102 0.36136042035144306 38
1756349355115 0.35615331064099853 39
1756349355128 0.3514378757580467 40
1756349355140 0.345466409040534 41
1756349355153 0.34309516911921295 42
1756349355166 0.36483647253202356 43
1756349355179 0.3507320453291354 44
1756349355192 0.3456193156864332 45
1756349355205 0.34491449464922364 46
1756349355218 0.3492942944816921 47
1756349355231 0.3365755988203961 48
1756349355244 0.31995904445648193 49
1756349355257 0.3289713788291682 50
1756349355270 0.31067331783149554 51
1756349355283 0.29320022463798523 52
1756349355296 0.3010948915844378 53
1756349355309 0.29367363258548407 54
1756349355322 0.3020108666109002 55
1756349355335 0.29761530005413556 56
1756349355348 0.3057270024133765 57
1756349355361 0.29398967908776324 58
1756349355375 0.29374070724715357 59
1756349355388 0.29143295469491376 60
1756349355401 0.2890820282956828 61
1756349355414 0.28734605662200763 62
1756349355428 0.2886927114880603 63
1756349355441 0.31253254737543024 64
1756349355454 0.2706037014722824 65
1756349355468 0.2746817152137342 66
1756349355481 0.27623494682104693 67
1756349355495 0.2756130624076594 68
1756349355508 0.2700680461914643 69
1756349355522 0.2799388358126516 70
1756349355535 0.25892931611641595 71
1756349355549 0.2414719002402347 72
1756349355563 0.2616918676573297 73
1756349355577 0.2528907300337501 74
1756349355590 0.25291389097338135 75
1756349355604 0.25564878660699597 76
1756349355618 0.2489231675863266 77
1756349355632 0.25625703581001447 78
1756349355645 0.2731180119773616 79
1756349355659 0.26233048153960187 80
1756349355673 0.2618927625210389 81
1756349355687 0.25175750061221747 82
1756349355701 0.25316841382047406 83
1756349355715 0.2479363660449567 84
1756349355729 0.23276512583960657 85
1756349355743 0.24358431411826093 86
1756349355757 0.24139506920524265 87
1756349355771 0.2340660088736078 88
1756349355785 0.25556446417518286 89
1756349355799 0.2570169516231703 90
1756349355813 0.2568872421979904 91
1756349355828 0.24853198359841885 92
1756349355842 0.23196827393511069 93
1756349355856 0.2304958778878917 94
1756349355870 0.236503713156866 95
1756349355885 0.22445453897766446 96
1756349355899 0.2447048684825068 97
1756349355913 0.22915642676146133 98
1756349355928 0.22262188662653384 99
1756349355942 0.22455293328865714 100
1756349355956 0.22327828018561655 101
1756349355971 0.22156667644562927 102
1756349355985 0.22152211225551108 103
1756349356000 0.22295396872188733 104
1756349356014 0.21392759939898615 105
1756349356029 0.2143871641677359 106
1756349356044 0.21991417589394943 107
1756349356058 0.20471673944722052 108
1756349356073 0.21477592898451764 109
1756349356088 0.22169478755930197 110
1756349356103 0.20992117796255194 111
