1756349332760 0.000275963711522295 1
1756349332771 0.00055192742304459 2
1756349332781 0.0008278911345668851 3
1756349332790 0.00110385484608918 4
1756349332799 0.0013798185576114751 5
1756349332809 0.0013798185576114751 6
1756349332818 0.001379656751887664 7
1756349332827 0.0013791714106684786 8
1756349332837 0.0013783627617750106 9
1756349332846 0.0013772311847902552 10
1756349332856 0.001375777210880934 11
1756349332865 0.0013740015225481613 12
1756349332874 0.0013719049533070786 13
1756349332884 0.0013694884872955959 14
1756349332894 0.001366753258812435 15
1756349332903 0.001363700551784687 16
1756349332913 0.0013603317991651277 17
1756349332922 0.0013566485822595876 18
1756349332932 0.0013526526299846786 19
1756349332942 0.0013483458180562349 20
1756349332951 0.0013437301681088435 21
1756349332961 0.0013388078467468818 22
1756349332971 0.0013335811645275044 23
1756349332980 0.0013280525748760588 24
1756349332990 0.001322224672934437 25
1756349333000 0.0013161001943429067 26
1756349333010 0.0013096820139559904 27
1756349333020 0.0013029731444929968 28
1756349333030 0.0012959767351238397 29
1756349333040 0.0012886960699908037 30
1756349333049 0.001281134566666956 31
1756349333059 0.0012732957745519233 32
1756349333069 0.0012651833732057894 33
1756349333079 0.0012568011706218963 34
1756349333089 0.0012481531014393555 35
1756349333100 0.001239243225096114 36
1756349333110 0.0012300757239234374 37
1756349333120 0.0012206549011827075 38
1756349333130 0.0012109851790454535 39
1756349333140 0.0012010710965175682 40
1756349333151 0.00119091730730868 41
1756349333161 0.001180528577647683 42
1756349333171 0.0011699097840454516 43
1756349333182 0.0011590659110057848 44
1756349333193 0.001148002048685662 45
1756349333203 0.0011367233905059033 46
1756349333214 0.0011252352307133554 47
1756349333224 0.0011135429618957526 48
1756349333235 0.0011016520724504155 49
1756349333245 0.0010895681440079735 50
1756349333256 0.001077296848812326 51
1756349333266 0.0010648439470580695 52
1756349333277 0.0010522152841866393 53
1756349333288 0.0010394167881424344 54
1756349333298 0.0010264544665902191 55
1756349333309 0.0010133344040951 56
1756349333320 0.0010000627592664077 57
1756349333330 0.0009866457618668203 58
1756349333341 0.0009730897098880895 59
1756349333352 0.0009594009665947372 60
1756349333363 0.0009455859575371141 61
1756349333373 0.0009316511675352213 62
1756349333384 0.0009176031376347094 63
1756349333395 0.0009034484620364868 64
1756349333405 0.0008891937850013748 65
1756349333416 0.0008748457977312651 66
