1756349319190 0.8987313586732616 1
1756349319197 0.8131638350694076 2
1756349319203 0.7830261199370675 3
1756349319209 0.7661441590475 4
1756349319215 0.745280340961788 5
1756349319221 0.6941787082216014 6
1756349319227 0.6853031023688938 7
1756349319233 0.6985772148422573 8
1756349319240 0.6242336190265158 9
1756349319246 0.614090867664503 10
1756349319252 0.5917110183964605 11
1756349319258 0.6463043352831965 12
1756349319264 0.5980960221394248 13
1756349319271 0.6282868657423102 14
1756349319277 0.5570144666277844 15
1756349319283 0.5116706892200138 16
1756349319290 0.5286403920339502 17
1756349319296 0.4970024085563162 18
1756349319302 0.5616964905158334 19
1756349319309 0.5728284120559692 20
1756349319315 0.49340862942778546 21
1756349319322 0.4816604943379112 22
1756349319328 0.4832726380099421 23
1756349319335 0.45892634728680487 24
1756349319341 0.44748962832533795 25
1756349319348 0.48596392377563147 26
1756349319355 0.4277570571588433 27
1756349319361 0.4174574017524719 28
1756349319368 0.4024466004060662 29
1756349319375 0.41423038425652875 30
1756349319382 0.40780006025148474 31
1756349319388 0.4113260339135709 32
1756349319395 0.38582302565160004 33
1756349319402 0.4032424312570821 34
1756349319409 0.37370657532111456 35
1756349319416 0.41259938996771106 36
1756349319423 0.3958200164463209 37
1756349319430 0.3886757907660111 38
1756349319437 0.36711025756338367 39
1756349319444 0.36310168582460156 40
1756349319451 0.3637625121552011 41
1756349319458 0.37551052544427954 42
1756349319465 0.37498613932858343 43
1756349319472 0.37530941030253534 44
1756349319479 0.3438647817010465 45
1756349319486 0.33755605765011 46
1756349319494 0.3528199079244033 47
1756349319501 0.3367564898470174 48
1756349319508 0.3337157679640729 49
1756349319516 0.3410447835922241 50
1756349319523 0.32991362330706225 51
1756349319530 0.31622487436170166 52
1756349319538 0.3121389124704444 53
1756349319545 0.32042737629102624 54
1756349319553 0.31204117769780365 55
1756349319561 0.3255960358225781 56
1756349319568 0.3260436427334081 57
1756349319576 0.32592841464540234 58
1756349319583 0.3096074040817178 59
1756349319591 0.3143492613149726 60
1756349319599 0.33120208719502325 61
1756349319607 0.3218869191149007 62
1756349319615 0.3480858563081078 63
1756349319622 0.3070541717436003 64
1756349319630 0.30281624781048816 65
1756349319638 0.31165384080099023 66
1756349319646 0.3126864886802176 67
1756349319653 0.3060137312049451 68
1756349319661 0.27692288225111755 69
1756349319669 0.2905996817609538 70
1756349319677 0.30436209038547846 71
1756349319685 0.2711777259474215 72
1756349319693 0.2875730505456095 73
1756349319701 0.2834313881138097 74
1756349319709 0.28466084534707276 75
1756349319717 0.27819038992342743 76
1756349319725 0.2692847128795541 77
1756349319734 0.2759477470232093 78
1756349319742 0.27303718613541644 79
1756349319750 0.27103535442248633 80
1756349319758 0.26594432151835895 81
1756349319766 0.27577171766239666 82
1756349319775 0.2705871365640474 83
1756349319783 0.2785420113283655 84
