1755980760333 1.7129072918520345 1
1755980760348 1.2721491799532594 2
1755980760357 1.0407969204636363 3
1755980760364 0.8110579805714744 4
1755980760371 0.8685454145654455 5
1755980760379 0.8015371336565389 6
1755980760386 0.7060111246325753 7
1755980760393 0.687883596141617 8
1755980760401 0.6092852185685913 9
1755980760408 0.4607825857865346 10
1755980760415 0.5019323541359468 11
1755980760422 0.4900571851954832 12
1755980760431 0.42789328678861843 13
1755980760438 0.44247577678073535 14
1755980760446 0.4274523282399425 15
1755980760454 0.4120711454903925 16
1755980760461 0.38213001278700764 17
1755980760469 0.4585892608413449 18
1755980760476 0.3867412851034821 19
1755980760483 0.45170390983293585 20
1755980760491 0.51524374082491 21
1755980760499 0.49255754556748776 22
1755980760506 0.3563583872535012 23
1755980760513 0.38752801672785314 24
1755980760521 0.4315418841002823 25
1755980760528 0.324437780523455 26
1755980760536 0.3356804984149995 27
1755980760544 0.34253441145667785 28
1755980760552 0.3357289105460241 29
1755980760559 0.3207689458383368 30
1755980760567 0.34418501975861465 31
1755980760575 0.3387716592519314 32
1755980760583 0.29312450545174734 33
1755980760591 0.37150159545920114 34
1755980760600 0.29306526782063697 35
