1755980632520 0.9385160176784961 1
1755980632535 0.7955855471747262 2
1755980632541 0.7829141450392736 3
1755980632545 0.7505068748028247 4
1755980632552 0.7107402097869229 5
1755980632556 0.644658313556151 6
1755980632561 0.6237152927107625 7
1755980632569 0.5910894038615289 8
1755980632574 0.5788382013122757 9
1755980632579 0.5546300310593146 10
1755980632584 0.5268994004695446 11
1755980632589 0.5240409587110791 12
1755980632596 0.5299375933873189 13
1755980632600 0.5424086842444036 14
1755980632606 0.5106626818706463 15
1755980632611 0.49047838015989825 16
1755980632616 0.49577798162187847 17
1755980632624 0.5341341298121911 18
1755980632629 0.4797150035957237 19
1755980632636 0.4851642127160902 20
1755980632643 0.46962170883432613 21
1755980632651 0.4782531100821185 22
1755980632656 0.4459632546096653 23
1755980632661 0.43762581031043807 24
1755980632667 0.4217326484330289 25
1755980632672 0.43894342942671344 26
1755980632680 0.4477436557992712 27
1755980632686 0.4362079975279895 28
1755980632691 0.4386965299581552 29
1755980632697 0.4622911671539406 30
1755980632702 0.4233153106330277 31
1755980632707 0.43457994658451576 32
1755980632712 0.43370528615914383 33
1755980632717 0.4311518409809509 34
1755980632722 0.43528076348366673 35
1755980632727 0.4046970298150917 36
