1755980632520 1.468495576702929 1
1755980632535 1.071785760003251 2
1755980632541 1.0762855782137288 3
1755980632545 0.9704006008513562 4
1755980632552 0.8682171466288628 5
1755980632556 0.6851216173404223 6
1755980632561 0.6730228445746682 7
1755980632569 0.6013208813481516 8
1755980632574 0.5779370789404039 9
1755980632579 0.5403933511538939 10
1755980632584 0.4772848864267399 11
1755980632589 0.4726497527066763 12
1755980632596 0.49438011714003305 13
1755980632600 0.5291300526300033 14
1755980632606 0.44233388579511024 15
1755980632611 0.4182311660283572 16
1755980632616 0.44003200995457636 17
1755980632624 0.4925673445323845 18
1755980632629 0.40000120269787776 19
1755980632636 0.40297307480465283 20
1755980632643 0.38628725330163904 21
1755980632651 0.39737422957822877 22
1755980632656 0.3444131805331676 23
1755980632661 0.3500174292689794 24
1755980632667 0.313407242394887 25
1755980632672 0.349704687761796 26
1755980632680 0.3523805415282002 27
1755980632686 0.3356264020715441 28
1755980632691 0.3321539336791286 29
1755980632697 0.3820037147054425 30
1755980632702 0.31460251862352545 31
1755980632707 0.33820355257817675 32
1755980632712 0.33146554560630354 33
1755980632717 0.31743585250594397 34
1755980632722 0.3345377528435224 35
1755980632727 0.2996739547264266 36
