1755980691832 0.8984769907864657 1
1755980691847 0.7888928942092053 2
1755980691852 0.6966351259064365 3
1755980691858 0.6939056105427928 4
1755980691864 0.666089177518696 5
1755980691871 0.6374774590715185 6
1755980691880 0.6026797600380787 7
1755980691886 0.5671680805745063 8
1755980691894 0.5633970611281209 9
1755980691900 0.5369501048094266 10
1755980691909 0.504400508744376 11
1755980691915 0.5467714268665809 12
1755980691921 0.5069436219992576 13
1755980691927 0.5032577324997295 14
1755980691934 0.49901622727319794 15
1755980691941 0.45837576048714773 16
1755980691949 0.4564835794947364 17
1755980691957 0.4905387314109059 18
1755980691964 0.4783147890846451 19
1755980691971 0.47118315719938897 20
1755980691977 0.4478881602937525 21
1755980691985 0.43559060971458236 22
1755980691991 0.46145292381187536 23
1755980691997 0.46132287634657576 24
1755980692004 0.4400989788693267 25
1755980692010 0.4386971321972934 26
1755980692016 0.4654672583202263 27
1755980692023 0.45638672601092944 28
1755980692029 0.4217168657810657 29
1755980692035 0.43755953807335396 30
1755980692042 0.4031631431796334 31
1755980692048 0.3869986470256533 32
1755980692055 0.3946190416425854 33
1755980692062 0.40284568206830457 34
1755980692068 0.41607319921642155 35
1755980692075 0.43108415468172595 36
1755980692082 0.4167961950425978 37
