1755988029262 1.9716966986656188 1
1755988029273 1.1770880699157715 2
1755988029281 1.4059029698371888 3
1755988029288 1.4705103576183318 4
1755988029294 1.3808603286743164 5
1755988029302 1.0745872020721436 6
1755988029309 1.0035533785820008 7
1755988029316 0.864304906129837 8
1755988029322 1.0040645599365234 9
1755988029329 0.8179518520832062 10
1755988029336 0.6751234769821167 11
1755988029343 0.7460544884204865 12
1755988029349 0.5691330820322037 13
1755988029356 0.49248832166194917 14
1755988029363 0.481636780500412 15
1755988029369 0.5801138758659363 16
1755988029376 0.5784196794033051 17
1755988029383 0.40850074887275695 18
1755988029390 0.4005081743001938 19
1755988029397 0.44136513471603395 20
1755988029403 0.4079835325479507 21
1755988029410 0.344681379199028 22
1755988029417 0.3289940536022186 23
1755988029424 0.372346730530262 24
1755988029430 0.35726573765277864 25
1755988029437 0.36457514613866804 26
1755988029444 0.27608083188533783 27
1755988029451 0.25764548480510713 28
1755988029458 0.30748488903045657 29
1755988029465 0.27349863201379776 30
