1755988048831 2.1572027802467346 1
1755988048850 1.4297425389289855 2
1755988048858 1.0565337657928466 3
1755988048867 0.9719547629356384 4
1755988048876 0.9465215623378753 5
1755988048884 0.9491810202598572 6
1755988048893 0.9515938401222229 7
1755988048901 1.0337184369564056 8
1755988048909 0.8796609461307525 9
1755988048917 0.8494026184082031 10
1755988048925 0.7282829701900482 11
1755988048933 0.65186807513237 12
1755988048941 0.5454673647880555 13
1755988048949 0.5071765959262848 14
1755988048958 0.45291363894939424 15
1755988048966 0.4092976123094559 16
1755988048974 0.41948384046554565 17
1755988048982 0.448760113120079 18
1755988048991 0.4321816712617874 19
1755988048999 0.39442636966705324 20
1755988049008 0.3249214828014374 21
1755988049017 0.3194384455680847 22
1755988049026 0.3140981584787369 23
1755988049035 0.2848893776535988 24
1755988049044 0.3079571098089218 25
1755988049053 0.30647059977054597 26
1755988049062 0.27410773783922193 27
1755988049070 0.2546610549092293 28
1755988049079 0.27315409630537035 29
1755988049087 0.28356383740901947 30
1755988049095 0.24253430664539338 31
1755988049104 0.23084781169891358 32
1755988049113 0.2201143130660057 33
1755988049122 0.247049044072628 34
1755988049130 0.23222426176071168 35
1755988049138 0.21731222718954085 36
1755988049147 0.21807683855295182 37
1755988049155 0.20473767966032028 38
1755988049164 0.21338968873023986 39
1755988049173 0.20500930398702621 40
1755988049181 0.20473503619432448 41
1755988049191 0.20215280950069428 42
1755988049200 0.19411118626594542 43
1755988049214 0.20963137745857238 44
1755988049232 0.18809450417757034 45
1755988049243 0.1645670711994171 46
1755988049252 0.15425667762756348 47
1755988049261 0.13576226606965064 48
1755988049270 0.14351856485009193 49
1755988049281 0.14889066219329833 50
1755988049292 0.14559268802404404 51
1755988049301 0.15861423313617706 52
1755988049311 0.14474547654390335 53
1755988049319 0.14624985605478286 54
1755988049329 0.13880402892827987 55
1755988049337 0.12461687102913857 56
1755988049349 0.12396568357944489 57
1755988049358 0.12844705656170846 58
1755988049367 0.14090391248464584 59
1755988049375 0.136487727612257 60
1755988049385 0.13390069976449012 61
1755988049394 0.12319670617580414 62
1755988049403 0.1113820344209671 63
1755988049412 0.11268040463328362 64
1755988049422 0.10258387699723244 65
1755988049430 0.10567256286740304 66
1755988049440 0.11181723698973656 67
1755988049449 0.11319766938686371 68
1755988049458 0.09633602127432823 69
1755988049467 0.11770617216825485 70
1755988049476 0.10818655863404274 71
