1755988048831 1.1160118222236632 1
1755988048850 0.9154673516750336 2
1755988048858 0.7810344934463501 3
1755988048867 0.763097494840622 4
1755988048876 0.7292269468307495 5
1755988048884 0.7485376000404358 6
1755988048893 0.7391068160533905 7
1755988048901 0.7648936986923218 8
1755988048909 0.7159848809242249 9
1755988048917 0.6966166496276855 10
1755988048925 0.6393495380878449 11
1755988048933 0.5988008081912994 12
1755988048941 0.5591323971748352 13
1755988048949 0.5330537617206573 14
1755988048958 0.5080816328525544 15
1755988048966 0.48592256009578705 16
1755988048974 0.48565782606601715 17
1755988048982 0.5012750446796417 18
1755988048991 0.49406815469264986 19
1755988048999 0.4694859594106674 20
1755988049008 0.42785055935382843 21
1755988049017 0.4198108911514282 22
1755988049026 0.42469843924045564 23
1755988049035 0.3953189760446548 24
1755988049044 0.41441192626953127 25
1755988049053 0.41605806052684785 26
1755988049062 0.3926893174648285 27
1755988049070 0.3766350865364075 28
1755988049079 0.3856990098953247 29
1755988049087 0.390083971619606 30
1755988049095 0.37368050813674925 31
1755988049104 0.3604172706604004 32
1755988049113 0.35226044356822966 33
1755988049122 0.37226842045784 34
1755988049130 0.363696300983429 35
1755988049138 0.3528776168823242 36
1755988049147 0.34650555849075315 37
1755988049155 0.3463499456644058 38
1755988049164 0.34293322563171386 39
1755988049173 0.3416475087404251 40
1755988049181 0.3398780733346939 41
1755988049191 0.34206934571266173 42
1755988049200 0.3319331258535385 43
1755988049214 0.3471974223852158 44
1755988049232 0.3269561409950256 45
1755988049243 0.30027964115142824 46
1755988049252 0.29692728370428084 47
1755988049261 0.27761554419994355 48
1755988049270 0.2857676297426224 49
1755988049281 0.29111176133155825 50
1755988049292 0.2845456063747406 51
1755988049301 0.3025492161512375 52
1755988049311 0.2854665517807007 53
1755988049319 0.2905968472361565 54
1755988049329 0.28399567753076554 55
1755988049337 0.2693904206156731 56
1755988049349 0.2654822483658791 57
1755988049358 0.27048011869192123 58
1755988049367 0.2833482831716537 59
1755988049375 0.2785764649510384 60
1755988049385 0.27914426773786544 61
1755988049394 0.2647258371114731 62
1755988049403 0.25273317843675613 63
1755988049412 0.2548519253730774 64
1755988049422 0.24721767008304596 65
1755988049430 0.24975047558546065 66
1755988049440 0.25473919659852984 67
1755988049449 0.2548167735338211 68
1755988049458 0.23537618815898895 69
1755988049467 0.2607352390885353 70
1755988049476 0.2494196966290474 71
