1755988015514 0.00029470486796219123 1
1755988015524 0.0005894097359243825 2
1755988015529 0.0008841146038865739 3
1755988015533 0.001178819471848765 4
1755988015538 0.0014735243398109562 5
1755988015543 0.0014735243398109562 6
1755988015547 0.0014731217938744065 7
1755988015552 0.001471914596242829 8
1755988015556 0.0014699040669691097 9
1755988015560 0.001467092404537491 10
1755988015565 0.001463482683459562 11
1755988015569 0.0014590788509123238 12
1755988015574 0.0014538857224220103 13
1755988015578 0.0014479089765983809 14
1755988015583 0.0014411551489252438 15
1755988015587 0.0014336316246140012 16
1755988015592 0.0014253466305280285 17
1755988015596 0.001416309226186719 18
1755988015601 0.0014065292938590344 19
1755988015606 0.0013960175277573875 20
1755988015611 0.0013847854223436782 21
1755988015617 0.0013728452597602686 22
1755988015623 0.001360210096399639 23
1755988015628 0.001346893748627418 24
1755988015633 0.0013329107776743848 25
1755988015638 0.0013182764737139812 26
1755988015643 0.001303006839142729 27
1755988015648 0.0012871185710818453 28
1755988015652 0.0012706290431191856 29
1755988015657 0.00125355628631148 30
1755988015662 0.001235918969467639 31
1755988015667 0.0012177363787346813 32
1755988015672 0.0011990283965086204 33
1755988015677 0.0011798154796933524 34
1755988015682 0.0011601186373313335 35
1755988015687 0.0011399594076305006 36
1755988015692 0.0011193598344125567 37
1755988015697 0.0010983424430083756 38
1755988015701 0.0010769302156268836 39
1755988015706 0.0010551465662243511 40
1755988015711 0.001033015314901576 41
1755988015716 0.0010105606618569512 42
1755988015721 0.0009878071609239055 43
1755988015726 0.0009647796927216459 44
1755988015731 0.0009415034374485652 45
1755988015736 0.0009180038473480663 46
1755988015741 0.0008943066188769065 47
1755988015746 0.0008704376646064999 48
1755988015751 0.0008464230848879003 49
1755988015756 0.0008222891393114522 50
1755988015761 0.0007980622179923118 51
1755988015767 0.0007737688127132458 52
1755988015772 0.0007494354879562547 53
1755988015777 0.0007250888518547017 54
1755988015782 0.0007007555270977106 55
1755988015787 0.0006764621218186447 56
1755988015792 0.0006522352004995043 57
1755988015797 0.0006281012549230559 58
1755988015802 0.0006040866752044568 59
1755988015808 0.00058021772093405 60
1755988015813 0.00055652049246289 61
1755988015818 0.0005330209023623912 62
1755988015823 0.0005097446470893105 63
1755988015829 0.00048671717888705064 64
1755988015834 0.0004639636779540049 65
1755988015839 0.0004415090249093805 66
1755988015844 0.0004193777735866051 67
1755988015850 0.00039759412418407267 68
1755988015855 0.00037618189680258094 69
1755988015860 0.00035516450539839977 70
1755988015866 0.00033456493218045574 71
1755988015871 0.0003144057024796227 72
1755988015877 0.00029470886011760385 73
1755988015882 0.00027549594330233577 74
1755988015888 0.00025678796107627484 75
1755988015893 0.00023860537034331756 76
1755988015898 0.00022096805349947602 77
1755988015904 0.0002038952966917706 78
1755988015909 0.00018740576872911113 79
1755988015915 0.0001715175006682274 80
1755988015921 0.00015624786609697513 81
1755988015926 0.0001416135621365714 82
1755988015932 0.00012763059118353824 83
1755988015937 0.00011431424341131689 84
1755988015943 0.00010167908005068762 85
1755988015948 8.973891746727795e-05 86
1755988015954 7.850681205356859e-05 87
1755988015959 6.799504595192167e-05 88
1755988015965 5.8215113624237085e-05 89
1755988015971 4.917770928292776e-05 90
1755988015976 4.0892715196954794e-05 91
1755988015982 3.336919088571233e-05 92
1755988015988 2.6615363212575527e-05 93
1755988015993 2.0638617388946046e-05 94
1755988015999 1.5445488898632392e-05 95
1755988016005 1.1041656351394125e-05 96
