1755989120679 0.0004041129462477669 1
1755989120692 0.0008082258924955338 2
1755989120699 0.0012123388387433008 3
1755989120707 0.0016164517849910677 4
1755989120714 0.0020205647312388345 5
1755989120721 0.0020205647312388345 6
1755989120728 0.0020200126401431697 7
1755989120735 0.0020183569705596828 8
1755989120743 0.002015599532938755 9
1755989120751 0.0020117433424979405 10
1755989120758 0.00200679261592487 11
1755989120765 0.002000752766766366 12
1755989120772 0.0019936303995088064 13
1755989120780 0.001985433302356218 14
1755989120787 0.0019761704387139894 15
1755989120795 0.0019658519373875164 16
1755989120802 0.001954489081506505 17
1755989120809 0.0019420942961870333 18
1755989120817 0.0019286811349448702 19
1755989120824 0.0019142642648749034 20
1755989120832 0.0018988594506128883 21
1755989120839 0.0018824835370970497 22
1755989120847 0.0018651544311483871 23
1755989120854 0.0018468910818898335 24
1755989120862 0.0018277134600256622 25
1755989120870 0.0018076425360038194 26
1755989120877 0.0017867002570850444 27
1755989120885 0.001764909523343863 28
1755989120892 0.0017422941626276938 29
1755989120900 0.0017188789045014434 30
1755989120907 0.0016946893532060949 31
1755989120915 0.001669751959660841 32
1755989120923 0.001644093992539397 33
1755989120931 0.0016177435084521036 34
1755989120938 0.0015907293212664361 35
1755989120946 0.0015630809705994644 36
1755989120954 0.0015348286895167133 37
1755989120962 0.0015060033714727511 38
1755989120969 0.0014766365365296496 39
1755989120977 0.0014467602968902598 40
1755989120985 0.0014164073217839892 41
1755989120993 0.0013856108017434776 42
1755989121001 0.0013544044123112405 43
1755989121008 0.0013228222772159537 44
1755989121016 0.0012908989310586598 45
