1756057364887 0.0009153413058022042 1
1756057364901 0.0018306826116044083 2
1756057364910 0.0027460239174066123 3
1756057364920 0.0036613652232088166 4
1756057364929 0.004576706529011021 5
1756057364938 0.004576706529011021 6
1756057364947 0.004575455662033614 7
1756057364956 0.004571704428906068 8
1756057364965 0.004565456931546733 9
1756057364973 0.004556720001502247 10
1756057364983 0.004545503192477339 11
1756057364992 0.004531818769887994 12
1756057365002 0.004515681697449401 13
1756057365011 0.004497109620813349 14
1756057365021 0.004476122848272967 15
1756057365030 0.0044527443285559045 16
1756057365039 0.0044269996257302316 17
1756057365049 0.0043989168912505075 18
1756057365059 0.004368526833174579 19
1756057365068 0.004335862682584771 20
1756057365077 0.004300960157250183 21
1756057365087 0.004263857422569835 22
1756057365096 0.004224595049839361 23
1756057365106 0.0041832159718869 24
1756057365115 0.00413976543612667 25
1756057365124 0.004094290955081591 26
1756057365134 0.004046842254429036 27
1756057365143 0.003997471218626533 28
1756057365153 0.003946231834176877 29
1756057365162 0.003893180130594669 30
1756057365172 0.003838374119138885 31
1756057365181 0.003781873729378394 32
1756057365191 0.0037237407436598704 33
1756057365200 0.003664038729549697 34
1756057365210 0.003602832970323767 35
1756057365219 0.0035401903935811806 36
1756057365229 0.003476179498059897 37
1756057365239 0.0034108702787343692 38
1756057365249 0.00334433415027707 39
1756057365258 0.0032766438689675933 40
1756057365268 0.003207873453134734 41
1756057365278 0.003138098102218526 42
1756057365288 0.0030673941145407664 43
1756057365297 0.0029958388038739147 44
1756057365307 0.0029235104148996206 45
1756057365317 0.0028504880376493133 46
1756057365327 0.0027768515210204116 47
1756057365337 0.002702681385462729 48
1756057365347 0.002628058734930543 49
1756057365358 0.002553065168196612 50
1756057365368 0.0024777826896251144 51
1756057365378 0.002402293619501082 52
1756057365388 0.002326680504014378 53
1756057365398 0.0022510260249966434 54
1756057365407 0.002175412909509938 55
1756057365418 0.0020999238393859068 56
1756057365428 0.002024641360814409 57
1756057365437 0.0019496477940804773 58
1756057365447 0.0018750251435482922 59
1756057365457 0.0018008550079906093 60
1756057365467 0.0017272184913617074 61
1756057365477 0.0016541961141114004 62
