1756057334944 0.8163487046957016 1
1756057334954 0.736585944890976 2
1756057334961 0.7617004111409187 3
1756057334968 0.7488830178976059 4
1756057334974 0.7039478302001954 5
1756057334981 0.6363927662372589 6
1756057334987 0.601062847673893 7
1756057334994 0.5733685180544853 8
1756057335001 0.5586230590939522 9
1756057335008 0.5591562271118165 10
1756057335015 0.5675861611962318 11
1756057335022 0.5943228140473366 12
1756057335029 0.48199089616537094 13
1756057335036 0.4881288528442383 14
1756057335042 0.47879510521888735 15
1756057335049 0.4392739742994308 16
1756057335056 0.43709367960691453 17
1756057335063 0.4807490885257721 18
1756057335069 0.50548065751791 19
1756057335076 0.5151715680956841 20
1756057335083 0.5038165852427483 21
1756057335090 0.4924067258834839 22
1756057335097 0.5268256679177284 23
1756057335104 0.5117945075035095 24
1756057335111 0.454303140938282 25
1756057335118 0.43393160998821256 26
1756057335124 0.42420250475406646 27
1756057335132 0.4178933158516884 28
1756057335138 0.4642986938357353 29
1756057335146 0.48404418528079984 30
1756057335153 0.5375851258635521 31
1756057335160 0.5190196424722672 32
1756057335167 0.516117987036705 33
1756057335174 0.461458320915699 34
1756057335181 0.48288406282663343 35
1756057335188 0.4899879917502403 36
1756057335195 0.44619891941547396 37
1756057335202 0.4509640961885452 38
1756057335209 0.46255648583173753 39
1756057335217 0.44648873507976533 40
1756057335224 0.430111026763916 41
1756057335231 0.404752616584301 42
1756057335238 0.4362877145409584 43
1756057335245 0.4438683018088341 44
1756057335252 0.41621457040309906 45
1756057335260 0.379105369746685 46
1756057335267 0.3973676323890686 47
1756057335274 0.39378383159637453 48
1756057335281 0.4172315239906311 49
1756057335289 0.38119578510522845 50
1756057335296 0.3488500788807869 51
1756057335304 0.3540748044848442 52
1756057335311 0.3398917645215988 53
1756057335319 0.37541109025478364 54
1756057335326 0.3914104238152504 55
1756057335333 0.36005720049142836 56
1756057335340 0.3766838043928146 57
1756057335348 0.3734803706407547 58
1756057335356 0.35587198585271834 59
1756057335363 0.32696653082966803 60
1756057335370 0.3369091734290123 61
1756057335378 0.3452309429645538 62
1756057335385 0.33462324142456057 63
1756057335392 0.35467858910560607 64
1756057335400 0.3302843987941742 65
1756057335408 0.35480680838227274 66
1756057335415 0.3591180831193924 67
1756057335423 0.33341058641672133 68
1756057335430 0.3313458263874054 69
1756057335438 0.32210582345724104 70
1756057335445 0.3157154031097889 71
1756057335453 0.3122592143714428 72
1756057335461 0.33799526244401934 73
1756057335469 0.32668868228793146 74
1756057335476 0.3226034350693226 75
1756057335484 0.3200871139764786 76
1756057335491 0.3090245619416237 77
1756057335499 0.3093361914157867 78
1756057335507 0.30079751238226893 79
1756057335515 0.3485420987010002 80
1756057335522 0.3010346725583076 81
1756057335530 0.2787061855196953 82
1756057335537 0.2978947781026363 83
1756057335546 0.3030944481492043 84
1756057335554 0.29965779557824135 85
1756057335562 0.26712664887309073 86
