1756057299708 1.9662873983383178 1
1756057299714 1.4223255455493926 2
1756057299719 1.4505296707153321 3
1756057299723 1.0151283100247384 4
1756057299728 1.0079625010490418 5
1756057299732 0.8585241258144378 6
1756057299736 0.6486799269914627 7
1756057299741 0.5612667843699455 8
1756057299746 0.5299136057496071 9
1756057299750 0.5551867783069611 10
1756057299755 0.5765082895755768 11
1756057299759 0.501697325706482 12
1756057299764 0.5085848137736321 13
1756057299769 0.511802963912487 14
1756057299773 0.5031004428863526 15
1756057299778 0.3938149720430374 16
1756057299783 0.3779497295618057 17
1756057299787 0.35783411413431165 18
1756057299792 0.41433053016662597 19
1756057299798 0.39107098430395126 20
1756057299802 0.40820612832903863 21
1756057299807 0.4985899604856968 22
1756057299812 0.4761092681437731 23
1756057299817 0.3480112627148628 24
1756057299821 0.3044830411672592 25
1756057299826 0.3313919335603714 26
1756057299831 0.3503390043973923 27
1756057299836 0.3848182387650013 28
1756057299841 0.34121857658028604 29
1756057299846 0.3731284812092781 30
1756057299850 0.32047822898020967 31
1756057299855 0.3205571673810482 32
1756057299860 0.2191472988575697 33
1756057299865 0.447612988948822 34
1756057299870 0.32733857482671735 35
1756057299875 0.2809883326292038 36
1756057299879 0.26375769041478636 37
1756057299885 0.2892651304602623 38
1756057299890 0.23654997050762178 39
1756057299895 0.25668669268488886 40
1756057299901 0.3816860470920801 41
1756057299909 0.28281326591968536 42
1756057299914 0.27838245294988156 43
1756057299920 0.26877774223685263 44
1756057299925 0.20044751944951714 45
1756057299931 0.21130703799426556 46
1756057299936 0.2599863585084677 47
1756057299941 0.1719615288078785 48
1756057299946 0.20122221000492574 49
1756057299952 0.2344864632934332 50
1756057299957 0.20276532433927058 51
1756057299962 0.16023289188742637 52
1756057299968 0.1520325940102339 53
1756057299974 0.2207672715187073 54
1756057299979 0.2256333351135254 55
1756057299986 0.21514341346919535 56
1756057299992 0.3239752795547247 57
1756057299997 0.32072118707001207 58
1756057300003 0.19093821439892053 59
1756057300009 0.12738882508128882 60
1756057300014 0.20309200324118137 61
1756057300020 0.1500603704713285 62
1756057300026 0.17070132978260516 63
1756057300032 0.1370580021291971 64
1756057300037 0.15947809517383577 65
1756057300045 0.17335836179554462 66
1756057300051 0.17827600613236427 67
1756057300056 0.30143457259982825 68
1756057300062 0.16623907424509526 69
1756057300067 0.1123177157714963 70
1756057300073 0.7863974196836352 71
1756057300078 0.3671623427420855 72
1756057300084 0.15924920998513697 73
1756057300089 0.14056572783738375 74
1756057300095 0.11782914362847804 75
1756057300101 0.10265474300831556 76
1756057300106 0.2248563539236784 77
1756057300112 0.1219507461413741 78
1756057300117 0.12545091137290001 79
1756057300123 0.3886488826945424 80
1756057300129 0.11762624308466911 81
1756057300135 0.11070401668548584 82
1756057300140 0.15067832097411155 83
1756057300146 0.27384054809808733 84
1756057300152 0.14434658885002136 85
1756057300158 0.09239662420004606 86
1756057300163 0.08406117282574996 87
1756057300169 0.11740377731621265 88
1756057300175 0.08526498638093472 89
1756057300180 0.11414633225649595 90
1756057300186 0.14338831529021262 91
1756057300192 0.17478238139301538 92
1756057300198 0.09652095418423415 93
1756057300204 0.09446434881538153 94
1756057300210 0.08997133746743202 95
1756057300216 0.0882703848183155 96
1756057300222 0.15240315105766059 97
1756057300228 0.09869556743651628 98
1756057300234 0.12796333488076925 99
1756057300240 0.11596827022731304 100
