1756057299708 0.0009153413058022042 1
1756057299714 0.0018306826116044083 2
1756057299719 0.0027460239174066123 3
1756057299723 0.0036613652232088166 4
1756057299728 0.004576706529011021 5
1756057299732 0.004576706529011021 6
1756057299736 0.004575455662033614 7
1756057299741 0.004571704428906068 8
1756057299746 0.004565456931546733 9
1756057299750 0.004556720001502247 10
1756057299755 0.004545503192477339 11
1756057299759 0.004531818769887994 12
1756057299764 0.004515681697449401 13
1756057299769 0.004497109620813349 14
1756057299773 0.004476122848272967 15
1756057299778 0.0044527443285559045 16
1756057299783 0.0044269996257302316 17
1756057299787 0.0043989168912505075 18
1756057299792 0.004368526833174579 19
1756057299798 0.004335862682584771 20
1756057299802 0.004300960157250183 21
1756057299807 0.004263857422569835 22
1756057299812 0.004224595049839361 23
1756057299817 0.0041832159718869 24
1756057299821 0.00413976543612667 25
1756057299826 0.004094290955081591 26
1756057299831 0.004046842254429036 27
1756057299836 0.003997471218626533 28
1756057299841 0.003946231834176877 29
1756057299846 0.003893180130594669 30
1756057299850 0.003838374119138885 31
1756057299855 0.003781873729378394 32
1756057299860 0.0037237407436598704 33
1756057299865 0.003664038729549697 34
1756057299870 0.003602832970323767 35
1756057299875 0.0035401903935811806 36
1756057299879 0.003476179498059897 37
1756057299885 0.0034108702787343692 38
1756057299890 0.00334433415027707 39
1756057299895 0.0032766438689675933 40
1756057299901 0.003207873453134734 41
1756057299909 0.003138098102218526 42
1756057299914 0.0030673941145407664 43
1756057299920 0.0029958388038739147 44
1756057299925 0.0029235104148996206 45
1756057299931 0.0028504880376493133 46
1756057299936 0.0027768515210204116 47
1756057299941 0.002702681385462729 48
1756057299946 0.002628058734930543 49
1756057299952 0.002553065168196612 50
1756057299957 0.0024777826896251144 51
1756057299962 0.002402293619501082 52
1756057299968 0.002326680504014378 53
1756057299974 0.0022510260249966434 54
1756057299979 0.002175412909509938 55
1756057299986 0.0020999238393859068 56
1756057299992 0.002024641360814409 57
1756057299997 0.0019496477940804773 58
1756057300003 0.0018750251435482922 59
1756057300009 0.0018008550079906093 60
1756057300014 0.0017272184913617074 61
1756057300020 0.0016541961141114004 62
1756057300026 0.001581867725137106 63
1756057300032 0.0015103124144702539 64
1756057300037 0.001439608426792494 65
1756057300045 0.0013698330758762872 66
1756057300051 0.0013010626600434272 67
1756057300056 0.0012333723787339506 68
1756057300062 0.0011668362502766521 69
1756057300067 0.0011015270309511244 70
1756057300073 0.0010375161354298401 71
1756057300078 0.0009748735586872538 72
1756057300084 0.0009136677994613239 73
1756057300089 0.0008539657853511505 74
1756057300095 0.0007958327996326265 75
1756057300101 0.0007393324098721362 76
1756057300106 0.000684526398416351 77
1756057300112 0.0006314746948341446 78
1756057300117 0.0005802353103844878 79
1756057300123 0.0005308642745819853 80
1756057300129 0.0004834155739294302 81
1756057300135 0.000437941092884351 82
1756057300140 0.0003944905571241208 83
1756057300146 0.0003531114791716592 84
1756057300152 0.0003138491064411857 85
1756057300158 0.0002767463717608376 86
1756057300163 0.00024184384642624915 87
1756057300169 0.00020917969583644127 88
1756057300175 0.00017878963776051337 89
1756057300180 0.00015070690328078962 90
1756057300186 0.00012496220045511608 91
1756057300192 0.0001015836807380533 92
1756057300198 8.059690819767219e-05 93
1756057300204 6.202483156162032e-05 94
1756057300210 4.588775912302693e-05 95
1756057300216 3.220333653368193e-05 96
1756057300222 2.098652750877362e-05 97
1756057300228 1.2249597464287368e-05 98
1756057300234 6.002100104952672e-06 99
1756057300240 2.250866977406762e-06 100
