1755987225052 0.9620724320411682 1
1755987225068 0.8227007806301116 2
1755987225074 0.7960616648197174 3
1755987225080 0.8463398277759552 4
1755987225085 0.7273657560348511 5
1755987225093 0.6039583563804627 6
1755987225099 0.5852483570575714 7
1755987225105 0.5121513932943345 8
1755987225111 0.46763682663440703 9
1755987225117 0.4003303676843643 10
1755987225123 0.42220401763916016 11
1755987225129 0.405403608083725 12
1755987225135 0.3689666032791138 13
1755987225142 0.3607146978378296 14
1755987225148 0.3356173723936081 15
1755987225154 0.3199097394943237 16
1755987225160 0.30462045669555665 17
1755987225169 0.3697644054889679 18
1755987225174 0.3371849089860916 19
1755987225180 0.3123609274625778 20
1755987225186 0.33423526883125304 21
1755987225192 0.2820589989423752 22
1755987225198 0.27244080007076266 23
1755987225204 0.28951803743839266 24
1755987225210 0.2530107393860817 25
1755987225217 0.24761092960834502 26
1755987225224 0.23394821286201478 27
1755987225231 0.2479887157678604 28
1755987225238 0.25610862821340563 29
1755987225244 0.2709072679281235 30
1755987225251 0.24003980308771133 31
1755987225257 0.2763738140463829 32
1755987225263 0.3055241957306862 33
1755987225270 0.24451519548892975 34
1755987225276 0.21273375153541565 35
1755987225282 0.20740399956703187 36
1755987225289 0.24323537945747375 37
1755987225295 0.240371872484684 38
1755987225301 0.23916495442390442 39
1755987225307 0.23989053517580033 40
1755987225314 0.18854642659425735 41
1755987225322 0.19295407086610794 42
1755987225329 0.19139742106199265 43
1755987225339 0.18164848238229753 44
1755987225346 0.2168547183275223 45
1755987225353 0.1773054450750351 46
1755987225362 0.18976191878318788 47
1755987225369 0.16280972361564636 48
1755987225376 0.16134999915957451 49
1755987225383 0.16121083796024321 50
1755987225390 0.15116352885961531 51
1755987225398 0.1665157899260521 52
1755987225405 0.15649379193782806 53
1755987225412 0.14370945692062378 54
1755987225419 0.15428943634033204 55
1755987225428 0.1607760064303875 56
1755987225435 0.14608375281095504 57
1755987225442 0.15166207328438758 58
1755987225450 0.1358179673552513 59
1755987225457 0.14163417890667915 60
