1755987244547 0.0007542684402629331 1
1755987244564 0.0015085368805258662 2
1755987244573 0.0022628053207887993 3
1755987244581 0.0030170737610517324 4
1755987244589 0.0037713422013146655 5
1755987244598 0.0037713422013146655 6
1755987244606 0.0037703114978542827 7
1755987244613 0.0037672205145322353 8
1755987244622 0.003762072631293405 9
1755987244631 0.0037548734772725333 10
1755987244639 0.003745630924638844 11
1755987244647 0.0037343550799879455 12
1755987244654 0.003721058273290412 13
1755987244663 0.0037057550444091467 14
1755987244671 0.003688462127200251 15
1755987244680 0.0036691984312148002 16
1755987244688 0.0036479850210215294 17
1755987244697 0.0036248450931730307 18
1755987244704 0.003599803950840671 19
1755987244713 0.003572888976145939 20
1755987244721 0.003544129600218503 21
1755987244729 0.0035135572710136985 22
1755987244737 0.0034812054189246513 23
1755987244746 0.003447109420226637 24
1755987244753 0.0034113065583936397 25
1755987244771 0.0033738359833294204 26
1755987244783 0.0033347386685576752 27
1755987244791 0.003294057366418085 28
1755987244799 0.0032518365613172636 29
1755987244808 0.0032081224210857083 30
1755987244816 0.0031629627464939596 31
1755987244825 0.0031164069189831534 32
1755987244834 0.0030685058466671483 33
1755987244843 0.0030193119086652457 34
1755987244852 0.0029688788978263917 35
1755987244860 0.002917261961907489 36
1755987244870 0.0028645175432701333 37
1755987244877 0.002810703317161718 38
1755987244886 0.0027558781286484 39
1755987244894 0.002700101928268883 40
1755987244904 0.0026434357064793862 41
1755987244913 0.002585941426961469 42
1755987244922 0.0025276819588656626 43
1755987244930 0.0024687210080649733 44
1755987244938 0.002409123047493445 45
1755987244948 0.002348953246645955 46
1755987244956 0.002288277400316325 47
1755987244964 0.0022271618566516833 48
