1755987204246 2.1033414721488954 1
1755987204271 1.6803557634353639 2
1755987204277 1.3883164346218109 3
1755987204282 1.0583306670188903 4
1755987204287 1.0248908400535583 5
1755987204292 0.8627953290939331 6
1755987204297 0.6841202586889267 7
1755987204304 0.45718026757240293 8
1755987204308 0.39843541085720063 9
1755987204313 0.44432068467140196 10
1755987204317 0.41145871579647064 11
1755987204322 0.3422515958547592 12
1755987204328 0.3650061845779419 13
1755987204332 0.3132585629820824 14
1755987204337 0.2716987609863281 15
1755987204341 0.25842579901218415 16
1755987204346 0.2622311681509018 17
1755987204351 0.2586353659629822 18
1755987204355 0.24681939035654069 19
1755987204360 0.25733068883419036 20
1755987204365 0.2630099058151245 21
1755987204370 0.26100770235061643 22
1755987204375 0.24928830415010453 23
1755987204379 0.27815274596214296 24
1755987204385 0.25109866112470625 25
1755987204390 0.19673599153757096 26
1755987204395 0.22741313725709916 27
1755987204399 0.19928258210420607 28
1755987204404 0.16262516528367996 29
1755987204409 0.20359333008527755 30
1755987204414 0.1713147535920143 31
1755987204419 0.14928492307662963 32
1755987204424 0.16818204075098037 33
1755987204428 0.15601749420166017 34
