1756345856031 1.8903936484585637 1
1756345856053 1.357847493627797 2
1756345856073 1.2081614421761555 3
1756345856093 1.1204070811686309 4
1756345856112 0.8918218483095584 5
1756345856131 0.7879720848539601 6
1756345856151 0.6643636764391608 7
1756345856170 0.5289560349091239 8
1756345856190 0.575031358262767 9
1756345856209 0.545027661582698 10
1756345856229 0.5014611469662708 11
1756345856248 0.3765967002381449 12
1756345856268 0.48966393781744916 13
1756345856287 0.4402481434137925 14
1756345856307 0.4070815068224202 15
1756345856327 0.4201663304930148 16
1756345856346 0.4188188042329705 17
1756345856366 0.33811194741207623 18
1756345856386 0.33613907383835834 19
1756345856406 0.37135331332683563 20
1756345856425 0.3442562326141026 21
1756345856445 0.3206620060879251 22
1756345856465 0.3044989795788475 23
1756345856485 0.28815795610780304 24
1756345856505 0.26279693323632947 25
1756345856525 0.30288690004659735 26
1756345856545 0.32676640088143555 27
1756345856565 0.2902737862390021 28
1756345856585 0.23674020624679068 29
1756345856604 0.26265487787516223 30
1756345856624 0.31413442414739856 31
1756345856645 0.30236210317715356 32
1756345856665 0.3200399584096411 33
1756345856685 0.2536186802646388 34
1756345856705 0.26756091091943823 35
1756345856726 0.29553596934546594 36
1756345856746 0.2298872373674227 37
1756345856766 0.1967456904442414 38
