1755982539327 0.0003474527136338158 1
1755982539344 0.0006949054272676317 2
1755982539350 0.0010423581409014474 3
1755982539356 0.0013898108545352633 4
1755982539361 0.0017372635681690792 5
1755982539367 0.001737263568169079 6
1755982539373 0.001736788923489022 7
1755982539378 0.00173536550846584 8
1755982539384 0.0017329948795829623 9
1755982539390 0.0017296796290882672 10
1755982539396 0.0017254233821594966 11
1755982539402 0.0017202307929401778 12
1755982539407 0.0017141075394503848 13
1755982539413 0.0017070603173779085 14
1755982539419 0.0016990968327566184 15
1755982539424 0.0016902257935400295 16
1755982539430 0.0016804569000792818 17
1755982539436 0.0016698008345159493 18
1755982539449 0.0016582692491012745 19
1755982539455 0.0016458747534546033 20
1755982539462 0.0016326309007749513 21
1755982539468 0.0016185521730207794 22
1755982539474 0.0016036539650741849 23
1755982539480 0.0015879525679068243 24
1755982539487 0.0015714651507659745 25
1755982539492 0.0015542097424002131 26
1755982539500 0.0015362052113452465 27
1755982539509 0.001517471245291444 28
1755982539515 0.0014980283295556356 29
1755982539521 0.0014778977246807203 30
1755982539526 0.001457101443187575 31
1755982539532 0.0014356622255046838 32
1755982539538 0.0014136035151018158 33
1755982539544 0.001390949432854934 34
1755982539550 0.001367724750670371 35
1755982539556 0.0013439548643971147 36
1755982539562 0.001319665766056819 37
1755982539568 0.0012948840154219097 38
1755982539574 0.0012696367109728641 39
1755982539580 0.0012439514602664201 40
1755982539586 0.0012178563497471187 41
1755982539592 0.0011913799140351874 42
1755982539598 0.0011645511047243546 43
1755982539604 0.0011373992587237047 44
1755982539610 0.0011099540661782003 45
1755982539617 0.0010822455380029438 46
1755982539623 0.001054303973066682 47
1755982539629 0.001026159925060439 48
1755982539636 0.0009978441690875026 49
1755982539642 0.0009693876680113019 50
1755982539649 0.0009408215385979691 51
1755982539655 0.0009121770174906141 52
1755982539661 0.0008834854270525137 53
1755982539667 0.0008547781411165655 54
1755982539674 0.0008260865506784649 55
1755982539680 0.0007974420295711102 56
1755982539687 0.0007688759001577774 57
1755982539694 0.0007404193990815765 58
1755982539701 0.0007121036431086405 59
1755982539707 0.0006839595951023973 60
1755982539714 0.0006560180301661354 61
1755982539721 0.0006283095019908788 62
1755982539728 0.0006008643094453744 63
