1755982592309 1.2545761837587728 1
1755982592332 1.495307121183965 2
1755982592339 1.3693597564449558 3
1755982592347 1.3269016162141578 4
1755982592355 1.3674466586732246 5
1755982592364 0.9314853618671368 6
1755982592373 0.7123373460460019 7
1755982592382 0.699822676646245 8
1755982592392 0.7236360464390222 9
1755982592399 0.5569880887285455 10
1755982592408 0.5353874540948248 11
1755982592416 0.5613454028770521 12
1755982592422 0.5087202938346119 13
1755982592431 0.5017984474634195 14
1755982592439 0.40486021078639217 15
1755982592449 0.44422721127410986 16
1755982592457 0.4175361924163707 17
1755982592465 0.4424918932574136 18
1755982592473 0.3763847631680501 19
1755982592481 0.3906550935723565 20
1755982592489 0.3948972060695871 21
1755982592497 0.4581292722519342 22
1755982592504 0.4004687617545004 23
1755982592513 0.3370477645234628 24
1755982592522 0.31151887716411 25
1755982592530 0.31776820442506243 26
1755982592538 0.3091504152912598 27
1755982592546 0.3202888592110052 28
1755982592554 0.38894605075384114 29
1755982592562 0.32217373408667455 30
1755982592569 0.3623634680331527 31
1755982592579 0.33907430551268836 32
1755982592587 0.3217170921626029 33
1755982592594 0.28361986780708487 34
