1755988499200 0.0011470369069538377 1
1755988499210 0.0022940738139076754 2
1755988499219 0.0034411107208615135 3
1755988499225 0.004588147627815351 4
1755988499231 0.005735184534769189 5
1755988499237 0.005735184534769189 6
1755988499243 0.005733616973119109 7
1755988499250 0.005728916002274517 8
1755988499256 0.005721086762678015 9
1755988499262 0.0057101378154881515 10
1755988499269 0.005696081133217929 11
1755988499276 0.005678932086643033 12
1755988499282 0.005658709427994112 13
1755988499289 0.005635435270451491 14
1755988499295 0.005609135063964738 15
1755988499301 0.00557983756742351 16
1755988499307 0.0055475748172101325 17
1755988499313 0.005512382092168287 18
1755988499319 0.005474297875026112 19
1755988499326 0.005433363810315906 20
1755988499332 0.005389624658836442 21
1755988499338 0.0053431282487076915 22
1755988499344 0.005293925423071475 23
1755988499350 0.005242069984495239 24
1755988499356 0.005187618636139733 25
1755988499363 0.005130630919754935 26
1755988499369 0.005071169150572028 27
1755988499376 0.005009298349162604 28
1755988499382 0.004945086170339627 29
1755988499389 0.004878602829177885 30
1755988499395 0.004809921024234842 31
1755988499403 0.0047391158580558255 32
1755988499410 0.004666264755050501 33
1755988499417 0.004591447376830416 34
1755988499423 0.004514745535100197 35
1755988499430 0.004436243102197651 36
1755988499436 0.0043560259193805954 37
1755988499442 0.004274181702960704 38
1755988499449 0.004190799948387006 39
1755988499455 0.004105971832383931 40
1755988499462 0.004019790113250894 41
1755988499468 0.00393234902943246 42
1755988499475 0.003843744196469986 43
1755988499482 0.003754072502447435 44
1755988499488 0.0036634320020456734 45
1755988499494 0.00357192180932112 46
1755988499501 0.0034796419893259804 47
1755988499507 0.0033866934486885807 48
1755988499514 0.0032931778252734503 49
1755988499521 0.0031991973770418127 50
1755988499528 0.003104854870234 51
1755988499535 0.003010253466996085 52
1755988499541 0.0029154966125735852 53
