1755988499200 2.0251867532730103 1
1755988499210 1.8631426215171814 2
1755988499219 1.728443944454193 3
1755988499225 1.6571482181549073 4
1755988499231 1.2109915375709535 5
1755988499237 1.223345285654068 6
1755988499243 0.8637376427650452 7
1755988499250 1.015049946308136 8
1755988499256 0.6952183246612549 9
1755988499262 0.6591407656669617 10
1755988499269 0.6144560694694519 11
1755988499276 0.613952362537384 12
1755988499282 0.5461244255304336 13
1755988499289 0.542467576265335 14
1755988499295 0.4364688485860825 15
1755988499301 0.4767117887735367 16
1755988499307 0.513986349105835 17
1755988499313 0.5219905287027359 18
1755988499319 0.44242309033870697 19
1755988499326 0.39907200038433077 20
1755988499332 0.40258440673351287 21
1755988499338 0.32915941923856734 22
1755988499344 0.32927271723747253 23
1755988499350 0.3859048247337341 24
1755988499356 0.3084806278347969 25
1755988499363 0.34135127663612364 26
1755988499369 0.34514034241437913 27
1755988499376 0.3103295460343361 28
1755988499382 0.24868202060461045 29
1755988499389 0.2710166394710541 30
1755988499395 0.2600388079881668 31
1755988499403 0.2603938952088356 32
1755988499410 0.2617104172706604 33
1755988499417 0.290780608355999 34
1755988499423 0.22989576905965806 35
1755988499430 0.20262567102909088 36
1755988499436 0.1932553008198738 37
1755988499442 0.21135288029909133 38
1755988499449 0.19421302378177643 39
1755988499455 0.20605855882167817 40
1755988499462 0.1819663852453232 41
1755988499468 0.2357666552066803 42
1755988499475 0.23557597845792771 43
1755988499482 0.23949039429426194 44
1755988499488 0.19014147222042083 45
1755988499494 0.1697755590081215 46
1755988499501 0.169241064786911 47
1755988499507 0.1929495796561241 48
1755988499514 0.19598524868488312 49
1755988499521 0.17041836082935333 50
1755988499528 0.1357489436864853 51
1755988499535 0.15251945108175277 52
1755988499541 0.14122461378574372 53
