1756054488728 0.0016114728498522544 1
1756054488743 0.003222945699704509 2
1756054488750 0.004834418549556763 3
1756054488758 0.006445891399409018 4
1756054488766 0.008057364249261272 5
1756054488774 0.008057364249261272 6
1756054488782 0.008055161870255217 7
1756054488790 0.00804855714150616 8
1756054488798 0.00803755728518802 9
1756054488806 0.008022174329482181 10
1756054488814 0.008002425095424858 11
1756054488822 0.007978331178513536 12
1756054488829 0.007949918925092616 13
1756054488837 0.007917219403544068 14
1756054488846 0.007880268370314615 15
1756054488854 0.007839106230816587 16
1756054488862 0.007793777995245186 17
1756054488870 0.007744333229360507 18
1756054488878 0.007690826000288105 19
1756054488886 0.0076333148173973854 20
1756054488894 0.007571862568322467 21
1756054488902 0.007506536450195484 22
1756054488910 0.007437407896167494 23
1756054488918 0.007364552497297398 24
1756054488926 0.007288049919894204 25
1756054488934 0.007207983818403104 26
1756054488942 0.007124441743930561 27
1756054488950 0.007037515048508455 28
1756054488958 0.0069472987852019896 29
1756054488967 0.006853891604170544 30
1756054488975 0.0067573956447951914 31
1756054488983 0.006657916423990764 32
1756054488992 0.006555562720824674 33
1756054489000 0.0064504464575685936 34
1756054489008 0.0063426825773130885 35
1756054489017 0.006232388918279048 36
1756054489026 0.006119686084963308 37
1756054489035 0.006004697316259414 38
1756054489044 0.005887548350697696 39
1756054489053 0.005768367288952031 40
1756054489062 0.005647284453763641 41
1756054489070 0.005524432247435082 42
1756054489079 0.0053999450070502785 43
1756054489087 0.005273958857578886 44
1756054489096 0.005146611563025642 45
1756054489105 0.005018042375787448 46
1756054489113 0.004888391884382913 47
1756054489122 0.00475780185972088 48
1756054489130 0.004626415100076013 49
1756054489139 0.004494375274940982 50
1756054489147 0.004361826767925984 51
1756054489156 0.0042289145188773814 52
1756054489164 0.004095783865388112 53
1756054489173 0.003962580383873161 54
1756054489182 0.0038294497303838913 55
1756054489190 0.00369653748133529 56
1756054489199 0.0035639889743202917 57
1756054489207 0.00343194914918526 58
