1756054470480 2.297776532173157 1
1756054470492 1.2413963556289673 2
1756054470498 1.0264216125011445 3
1756054470505 0.7706252574920655 4
1756054470511 0.6834745585918427 5
1756054470518 0.49537486732006075 6
1756054470524 0.4687639087438583 7
1756054470531 0.4549089431762695 8
1756054470537 0.41734219491481783 9
1756054470544 0.3932393819093704 10
1756054470550 0.35439357757568357 11
1756054470557 0.3929981797933578 12
1756054470563 0.3284261435270309 13
1756054470570 0.25762885361909865 14
1756054470577 0.25088169127702714 15
1756054470583 0.23785935789346696 16
1756054470590 0.25183200985193255 17
1756054470597 0.3729769363999367 18
1756054470604 0.2526266545057297 19
1756054470610 0.2799249038100243 20
1756054470617 0.2543394848704338 21
1756054470624 0.25240647941827776 22
1756054470630 0.28518143147230146 23
1756054470637 0.3218903750181198 24
1756054470644 0.36577374339103697 25
1756054470651 0.38619176149368284 26
1756054470657 0.3045299589633942 27
1756054470664 0.21393877267837524 28
1756054470671 0.2089560493826866 29
1756054470678 0.16559803187847139 30
1756054470684 0.16594174951314927 31
1756054470691 0.1513618476688862 32
1756054470698 0.1308693066239357 33
1756054470705 0.12102818638086318 34
1756054470712 0.10844493582844734 35
1756054470719 0.11904261186718941 36
1756054470726 0.13092305809259414 37
1756054470733 0.14017912819981576 38
1756054470739 0.12559534534811972 39
1756054470747 0.10983884781599045 40
1756054470753 0.1146379679441452 41
1756054470760 0.11819222196936607 42
1756054470767 0.1012328289449215 43
1756054470774 0.09584632888436317 44
1756054470781 0.09403247311711312 45
1756054470788 0.09127951562404632 46
1756054470795 0.08819241374731064 47
1756054470802 0.09013207145035267 48
1756054470810 0.09231644533574582 49
1756054470817 0.08603225499391556 50
1756054470824 0.08270420171320439 51
1756054470831 0.07676124833524227 52
1756054470838 0.09184344746172428 53
1756054470845 0.06429594419896603 54
1756054470853 0.06315936334431171 55
1756054470860 0.06780401840806008 56
1756054470867 0.0693338643759489 57
1756054470874 0.06621589474380016 58
1756054470882 0.06118600480258465 59
1756054470889 0.06232193857431412 60
1756054470896 0.050991544127464296 61
1756054470904 0.05397991426289082 62
1756054470911 0.08075487539172173 63
1756054470918 0.06470712982118129 64
1756054470925 0.0594928327947855 65
1756054470933 0.0480965331196785 66
1756054470941 0.04606182146817446 67
