1756054470480 3.123940134048462 1
1756054470492 1.4514985144138337 2
1756054470498 1.3349814713001251 3
1756054470505 0.9428999304771424 4
1756054470511 0.7822938323020935 5
1756054470518 0.5700270295143127 6
1756054470524 0.5088674336671829 7
1756054470531 0.44921683371067045 8
1756054470537 0.4266265153884888 9
1756054470544 0.4167095750570297 10
1756054470550 0.36960051357746126 11
1756054470557 0.4242359548807144 12
1756054470563 0.3244459927082062 13
1756054470570 0.2716073110699654 14
1756054470577 0.2617474004626274 15
1756054470583 0.26597674638032914 16
1756054470590 0.2705489292740822 17
1756054470597 0.4093527108430862 18
1756054470604 0.2624350666999817 19
1756054470610 0.29463395327329633 20
1756054470617 0.26865735948085784 21
1756054470624 0.29142751097679137 22
1756054470630 0.35796480625867844 23
1756054470637 0.37603676319122314 24
1756054470644 0.4380646854639053 25
1756054470651 0.42039154171943666 26
1756054470657 0.3195979818701744 27
1756054470664 0.22532247453927995 28
1756054470671 0.2143166795372963 29
1756054470678 0.18185290396213533 30
1756054470684 0.1630581133067608 31
1756054470691 0.16458364427089692 32
1756054470698 0.1364547424018383 33
1756054470705 0.12917492017149926 34
1756054470712 0.11073734387755393 35
1756054470719 0.12909826561808585 36
1756054470726 0.14406058341264724 37
1756054470733 0.17347175478935242 38
1756054470739 0.1385885812342167 39
1756054470747 0.1150733508169651 40
1756054470753 0.12683866247534753 41
1756054470760 0.13487771525979042 42
1756054470767 0.10883615761995316 43
1756054470774 0.10451775640249253 44
1756054470781 0.10379389226436615 45
1756054470788 0.09898805096745492 46
1756054470795 0.09938075356185436 47
1756054470802 0.09425940960645676 48
1756054470810 0.10661500319838524 49
1756054470817 0.09810555279254914 50
1756054470824 0.09137351363897324 51
1756054470831 0.07946165725588798 52
1756054470838 0.10205647386610509 53
1756054470845 0.07288164272904396 54
1756054470853 0.0774870254099369 55
1756054470860 0.08210751824080945 56
1756054470867 0.07606187984347343 57
1756054470874 0.07335254810750484 58
1756054470882 0.07058593146502971 59
1756054470889 0.07061633989214897 60
1756054470896 0.054661732912063596 61
1756054470904 0.06906424835324287 62
1756054470911 0.09031561799347401 63
1756054470918 0.07127390876412391 64
1756054470925 0.06464353203773499 65
1756054470933 0.05150689072906971 66
1756054470941 0.04882048536092043 67
