1755913936064 52.0 0 ce30a25d1b9d4c78b330832d7ebc251c
1755913936064 52.0 0 ce30a25d1b9d4c78b330832d7ebc251c
1755913936064 52.0 0 ce30a25d1b9d4c78b330832d7ebc251c
1755913936064 52.0 0 ce30a25d1b9d4c78b330832d7ebc251c
1755913936064 52.0 0 ce30a25d1b9d4c78b330832d7ebc251c
1755913936064 52.0 0 ce30a25d1b9d4c78b330832d7ebc251c
1755913936064 52.0 0 ce30a25d1b9d4c78b330832d7ebc251c
1755913936064 52.0 0 ce30a25d1b9d4c78b330832d7ebc251c
1755913936064 52.0 0 ce30a25d1b9d4c78b330832d7ebc251c
1755913936064 52.0 0 ce30a25d1b9d4c78b330832d7ebc251c
1755913936064 52.0 0 ce30a25d1b9d4c78b330832d7ebc251c
1755913936064 52.0 0 ce30a25d1b9d4c78b330832d7ebc251c
1755913936064 52.0 0 ce30a25d1b9d4c78b330832d7ebc251c
1755913936064 52.0 0 ce30a25d1b9d4c78b330832d7ebc251c
1755913936064 52.0 0 ce30a25d1b9d4c78b330832d7ebc251c
1755913936064 52.0 0 ce30a25d1b9d4c78b330832d7ebc251c
1755913936064 52.0 0 ce30a25d1b9d4c78b330832d7ebc251c
1755913936064 52.0 0 ce30a25d1b9d4c78b330832d7ebc251c
1755913936064 52.0 0 ce30a25d1b9d4c78b330832d7ebc251c
1755913936064 52.0 0 ce30a25d1b9d4c78b330832d7ebc251c
1755913936064 52.0 0 ce30a25d1b9d4c78b330832d7ebc251c
1755913936064 52.0 0 ce30a25d1b9d4c78b330832d7ebc251c
1755913936064 52.0 0 ce30a25d1b9d4c78b330832d7ebc251c
1755913936064 52.0 0 ce30a25d1b9d4c78b330832d7ebc251c
1755913936064 52.0 0 ce30a25d1b9d4c78b330832d7ebc251c
1755913936064 52.0 0 ce30a25d1b9d4c78b330832d7ebc251c
1755913936064 52.0 0 ce30a25d1b9d4c78b330832d7ebc251c
1755913936064 52.0 0 ce30a25d1b9d4c78b330832d7ebc251c
1755913936064 52.0 0 ce30a25d1b9d4c78b330832d7ebc251c
1755913936064 52.0 0 ce30a25d1b9d4c78b330832d7ebc251c
1755913936064 52.0 0 ce30a25d1b9d4c78b330832d7ebc251c
1755913936064 52.0 0 ce30a25d1b9d4c78b330832d7ebc251c
1755913936064 52.0 0 ce30a25d1b9d4c78b330832d7ebc251c
1755913936064 52.0 0 ce30a25d1b9d4c78b330832d7ebc251c
1755913936064 52.0 0 ce30a25d1b9d4c78b330832d7ebc251c
1755913936064 52.0 0 ce30a25d1b9d4c78b330832d7ebc251c
1755913936064 52.0 0 ce30a25d1b9d4c78b330832d7ebc251c
1755913936064 52.0 0 ce30a25d1b9d4c78b330832d7ebc251c
1755913936064 52.0 0 ce30a25d1b9d4c78b330832d7ebc251c
1755913936064 52.0 0 ce30a25d1b9d4c78b330832d7ebc251c
1755913936064 52.0 0 ce30a25d1b9d4c78b330832d7ebc251c
1755913936064 52.0 0 ce30a25d1b9d4c78b330832d7ebc251c
1755913936064 52.0 0 ce30a25d1b9d4c78b330832d7ebc251c
1755913936064 52.0 0 ce30a25d1b9d4c78b330832d7ebc251c
1755913936064 52.0 0 ce30a25d1b9d4c78b330832d7ebc251c
1755913936064 52.0 0 ce30a25d1b9d4c78b330832d7ebc251c
1755913936064 52.0 0 ce30a25d1b9d4c78b330832d7ebc251c
1755913936064 52.0 0 ce30a25d1b9d4c78b330832d7ebc251c
1755913936064 52.0 0 ce30a25d1b9d4c78b330832d7ebc251c
1755913936064 52.0 0 ce30a25d1b9d4c78b330832d7ebc251c
1755913936064 52.0 0 ce30a25d1b9d4c78b330832d7ebc251c
1755913936064 52.0 0 ce30a25d1b9d4c78b330832d7ebc251c
1755913936064 52.0 0 ce30a25d1b9d4c78b330832d7ebc251c
1755913936064 52.0 0 ce30a25d1b9d4c78b330832d7ebc251c
1755913936064 52.0 0 ce30a25d1b9d4c78b330832d7ebc251c
1755913936064 52.0 0 ce30a25d1b9d4c78b330832d7ebc251c
1755913936064 52.0 0 ce30a25d1b9d4c78b330832d7ebc251c
1755913936064 52.0 0 ce30a25d1b9d4c78b330832d7ebc251c
1755913936064 52.0 0 ce30a25d1b9d4c78b330832d7ebc251c
1755913936064 52.0 0 ce30a25d1b9d4c78b330832d7ebc251c
1755913936064 52.0 0 ce30a25d1b9d4c78b330832d7ebc251c
1755913936064 52.0 0 ce30a25d1b9d4c78b330832d7ebc251c
1755913936064 52.0 0 ce30a25d1b9d4c78b330832d7ebc251c
1755913936064 52.0 0 ce30a25d1b9d4c78b330832d7ebc251c
1755914064554 53.0 0 ce30a25d1b9d4c78b330832d7ebc251c
1755914064554 53.0 0 ce30a25d1b9d4c78b330832d7ebc251c
1755914064554 53.0 0 ce30a25d1b9d4c78b330832d7ebc251c
1755914064554 53.0 0 ce30a25d1b9d4c78b330832d7ebc251c
1755914064554 53.0 0 ce30a25d1b9d4c78b330832d7ebc251c
1755914064554 53.0 0 ce30a25d1b9d4c78b330832d7ebc251c
1755914064554 53.0 0 ce30a25d1b9d4c78b330832d7ebc251c
1755914120682 42.0 0 ce30a25d1b9d4c78b330832d7ebc251c
1755914230115 56.0 0 ce30a25d1b9d4c78b330832d7ebc251c
