1756060228752 0.9349492132663727 1
1756060228764 0.8246778249740601 2
1756060228770 0.6646227180957794 3
1756060228778 0.616747784614563 4
1756060228784 0.5860555529594421 5
1756060228791 0.521466514468193 6
1756060228798 0.49684939086437224 7
1756060228804 0.48814202547073365 8
1756060228811 0.4859053760766983 9
1756060228817 0.4411222904920578 10
1756060228824 0.4289643347263336 11
1756060228830 0.4423364192247391 12
1756060228837 0.4146458894014359 13
1756060228843 0.39524354338645934 14
1756060228850 0.4137867331504822 15
1756060228857 0.37054925560951235 16
1756060228864 0.36780297458171846 17
1756060228871 0.3633887737989426 18
1756060228877 0.3679412454366684 19
1756060228884 0.3783262461423874 20
1756060228891 0.36509368717670443 21
1756060228898 0.3542952835559845 22
1756060228905 0.3348342448472977 23
1756060228912 0.3270822614431381 24
1756060228919 0.34193785190582277 25
1756060228926 0.32944934666156767 26
1756060228933 0.306144055724144 27
1756060228940 0.3193488627672195 28
1756060228947 0.3000782668590546 29
1756060228954 0.2730485051870346 30
1756060228960 0.2866605341434479 31
1756060228967 0.28207341134548186 32
1756060228974 0.265036840736866 33
1756060228981 0.2650849997997284 34
1756060228988 0.2500145584344864 35
1756060228995 0.24938173592090607 36
1756060229003 0.24870220571756363 37
1756060229010 0.24551869183778763 38
1756060229017 0.24145154803991317 39
1756060229024 0.2658688873052597 40
1756060229031 0.2692563384771347 41
1756060229038 0.24895683228969573 42
1756060229044 0.2432066798210144 43
1756060229052 0.2407170757651329 44
1756060229059 0.25295047610998156 45
1756060229066 0.2607922703027725 46
1756060229073 0.2470335155725479 47
1756060229081 0.26812732964754105 48
1756060229088 0.2762595146894455 49
1756060229095 0.25260785669088365 50
1756060229103 0.23712532669305803 51
1756060229110 0.23061530888080597 52
1756060229117 0.2247164234519005 53
1756060229125 0.20419060438871384 54
1756060229132 0.21067418456077575 55
1756060229140 0.20523685663938523 56
1756060229147 0.21342100501060485 57
1756060229154 0.22190524488687516 58
1756060229162 0.2208699479699135 59
1756060229169 0.19371697157621384 60
1756060229176 0.19268854856491088 61
1756060229184 0.20146871954202653 62
1756060229191 0.18681136816740035 63
1756060229198 0.17812419384717942 64
1756060229205 0.1830310717225075 65
1756060229213 0.18170460015535356 66
1756060229220 0.1737624943256378 67
1756060229227 0.18407290428876877 68
1756060229235 0.1751834973692894 69
1756060229242 0.1557524710893631 70
