1756060245848 0.9350520074367523 1
1756060245861 0.7738625228404998 2
1756060245869 0.7084494411945343 3
1756060245877 0.6966384470462799 4
1756060245886 0.5976025283336639 5
1756060245894 0.5383699834346771 6
1756060245903 0.5332485467195511 7
1756060245911 0.4851664394140244 8
1756060245919 0.47541485726833344 9
1756060245927 0.43449373841285704 10
1756060245935 0.44549869894981386 11
1756060245943 0.4487578451633453 12
1756060245952 0.43064896762371063 13
1756060245960 0.4286665380001068 14
1756060245968 0.42285259664058683 15
1756060245977 0.3998381018638611 16
1756060245985 0.3842770576477051 17
1756060245993 0.40448321104049684 18
1756060246001 0.3896785080432892 19
1756060246010 0.3992960214614868 20
1756060246018 0.3867068111896515 21
1756060246026 0.360209059715271 22
1756060246035 0.361385315656662 23
1756060246044 0.32337155342102053 24
1756060246052 0.31227369904518126 25
1756060246061 0.3160769909620285 26
1756060246069 0.2972268253564835 27
1756060246078 0.30529133081436155 28
1756060246086 0.31699383556842803 29
1756060246095 0.29724791646003723 30
1756060246103 0.29663370847702025 31
1756060246112 0.2748588383197784 32
1756060246120 0.25859268605709074 33
1756060246129 0.28467416763305664 34
1756060246138 0.2779650747776031 35
1756060246147 0.25828209668397906 36
1756060246155 0.24509550184011458 37
1756060246164 0.2530811756849289 38
1756060246173 0.24968053698539733 39
1756060246181 0.25643122345209124 40
1756060246190 0.2591090202331543 41
1756060246199 0.26373577266931536 42
1756060246208 0.24133042246103287 43
1756060246217 0.23331981152296066 44
1756060246226 0.22546639889478684 45
1756060246235 0.20911457985639573 46
1756060246244 0.21487690806388854 47
1756060246253 0.22568574100732802 48
1756060246262 0.22839150130748748 49
1756060246271 0.21827591955661774 50
1756060246279 0.219994255900383 51
1756060246288 0.20542943775653838 52
