1756060245848 2.4934288024902345 1
1756060245861 1.3234909296035766 2
1756060245869 1.238311529159546 3
1756060245877 1.2403540313243866 4
1756060245886 0.7983219146728515 5
1756060245894 0.6043691664934159 6
1756060245903 0.5835573613643646 7
1756060245911 0.5132959604263305 8
1756060245919 0.43162397742271424 9
1756060245927 0.5498203247785568 10
1756060245935 0.6230345338582992 11
1756060245943 0.41592099368572233 12
1756060245952 0.3923444002866745 13
1756060245960 0.4619092971086502 14
1756060245968 0.34811678230762483 15
1756060245977 0.3569823682308197 16
1756060245985 0.29557068794965746 17
1756060245993 0.37988671064376833 18
1756060246001 0.4760488733649254 19
1756060246010 0.48245227336883545 20
1756060246018 0.36473041623830793 21
1756060246026 0.2577529773116112 22
1756060246035 0.2879676505923271 23
1756060246044 0.21318789273500444 24
1756060246052 0.22429004013538362 25
1756060246061 0.23420369625091553 26
1756060246069 0.22619898915290831 27
1756060246078 0.21801095753908156 28
1756060246086 0.2123147428035736 29
1756060246095 0.2125445730984211 30
1756060246103 0.1989443302154541 31
1756060246112 0.1500753380358219 32
1756060246120 0.1494579643011093 33
1756060246129 0.19208090677857398 34
1756060246138 0.17993297874927522 35
1756060246147 0.14892847761511802 36
1756060246155 0.148935916274786 37
1756060246164 0.16918775737285613 38
1756060246173 0.16017681881785392 39
1756060246181 0.16236769482493402 40
1756060246190 0.1706687368452549 41
1756060246199 0.1575625590980053 42
1756060246208 0.12004961222410201 43
1756060246217 0.10806670114398002 44
1756060246226 0.11289995387196541 45
1756060246235 0.10432501360774041 46
1756060246244 0.09680343121290207 47
1756060246253 0.12667620107531546 48
1756060246262 0.12087109312415123 49
1756060246271 0.10710297152400017 50
1756060246279 0.10358363576233387 51
1756060246288 0.09798341393470764 52
