1756060228752 1.6378096699714662 1
1756060228764 1.2262312769889832 2
1756060228770 0.7952255725860595 3
1756060228778 0.6963549792766571 4
1756060228784 0.6673207104206085 5
1756060228791 0.5334050863981247 6
1756060228798 0.44052756726741793 7
1756060228804 0.43653467297554016 8
1756060228811 0.4173068583011627 9
1756060228817 0.36029898524284365 10
1756060228824 0.32138720750808714 11
1756060228830 0.35035220682621004 12
1756060228837 0.3113218039274216 13
1756060228843 0.2897148966789246 14
1756060228850 0.31731078326702117 15
1756060228857 0.250771726667881 16
1756060228864 0.25448096841573714 17
1756060228871 0.2453247308731079 18
1756060228877 0.23817512542009353 19
1756060228884 0.2674537539482117 20
1756060228891 0.2454523965716362 21
1756060228898 0.21714196652173995 22
1756060228905 0.19584966450929642 23
1756060228912 0.19327794313430785 24
1756060228919 0.2128036543726921 25
1756060228926 0.1997635155916214 26
1756060228933 0.16602713540196418 27
1756060228940 0.1856514632701874 28
1756060228947 0.16619383096694945 29
1756060228954 0.13467711806297303 30
1756060228960 0.14578913599252702 31
1756060228967 0.14409490823745727 32
1756060228974 0.12631287798285484 33
1756060228981 0.12927975058555602 34
1756060228988 0.11070967987179756 35
1756060228995 0.1095282644033432 36
1756060229003 0.11039732322096825 37
1756060229010 0.10292952358722687 38
1756060229017 0.11035006865859032 39
1756060229024 0.12970370203256607 40
1756060229031 0.13638120666146278 41
1756060229038 0.11024230495095252 42
1756060229044 0.10706650689244271 43
1756060229052 0.10675839632749558 44
1756060229059 0.11555026248097419 45
1756060229066 0.12635946944355964 46
1756060229073 0.11093752011656761 47
1756060229081 0.13325085416436194 48
1756060229088 0.1437854327261448 49
1756060229095 0.12107338160276412 50
1756060229103 0.10355370342731476 51
1756060229110 0.09713665917515754 52
1756060229117 0.09555789977312087 53
1756060229125 0.07329293116927146 54
1756060229132 0.08032331764698028 55
1756060229140 0.07655605599284172 56
1756060229147 0.08126972876489162 57
1756060229154 0.08861487731337547 58
1756060229162 0.08560326620936394 59
1756060229169 0.06793844252824784 60
1756060229176 0.06893505267798901 61
1756060229184 0.06988777741789817 62
1756060229191 0.0651483841240406 63
1756060229198 0.057654735445976255 64
1756060229205 0.058118007332086566 65
1756060229213 0.05894908830523491 66
1756060229220 0.053797297924757 67
1756060229227 0.06115797236561775 68
1756060229235 0.056412169709801674 69
1756060229242 0.043191547691822055 70
