1755989009365 1.0063023328781129 1
1755989009374 0.8300168752670288 2
1755989009381 0.6717463314533234 3
1755989009388 0.6701726198196412 4
1755989009395 0.6275897264480591 5
1755989009402 0.5588842809200287 6
1755989009409 0.5244809925556183 7
1755989009416 0.5634987533092499 8
1755989009423 0.5376982033252716 9
1755989009430 0.5344654828310013 10
1755989009437 0.48871482610702516 11
1755989009444 0.4552308112382889 12
1755989009451 0.44743396937847135 13
1755989009458 0.43493443727493286 14
1755989009465 0.4189744621515274 15
1755989009472 0.4178310036659241 16
1755989009479 0.4148576408624649 17
1755989009486 0.3945692598819733 18
1755989009494 0.3869271367788315 19
1755989009501 0.36597695052623747 20
1755989009508 0.35440832674503325 21
1755989009515 0.35023888051509855 22
1755989009523 0.3399100601673126 23
1755989009530 0.34146211445331576 24
1755989009537 0.3354109674692154 25
1755989009545 0.32603879570961 26
1755989009552 0.3636878073215485 27
1755989009559 0.3858839273452759 28
1755989009566 0.382858869433403 29
1755989009574 0.34227325618267057 30
1755989009581 0.34977099001407624 31
1755989009589 0.35360594391822814 32
1755989009596 0.36575686037540434 33
1755989009603 0.3424195468425751 34
1755989009610 0.32682915925979616 35
1755989009618 0.3135255992412567 36
1755989009625 0.2934328943490982 37
1755989009633 0.2799066096544266 38
1755989009640 0.2818197414278984 39
1755989009647 0.29402442276477814 40
1755989009655 0.29064620435237887 41
1755989009664 0.28999286741018293 42
1755989009671 0.27993409186601637 43
1755989009679 0.2682248592376709 44
1755989009686 0.2771655321121216 45
1755989009694 0.28434446454048157 46
1755989009701 0.2646152600646019 47
1755989009709 0.26131270825862885 48
1755989009718 0.2424167051911354 49
1755989009726 0.25444480031728745 50
1755989009734 0.26278091222047806 51
1755989009743 0.2562776178121567 52
