1755988981649 0.0015926783661497676 1
1755988981659 0.003185356732299535 2
1755988981664 0.0047780350984493025 3
1755988981668 0.00637071346459907 4
1755988981672 0.007963391830748838 5
1755988981677 0.007963391830748838 6
1755988981681 0.007961215141107772 7
1755988981685 0.007954687452362738 8
1755988981690 0.00794381590244554 9
1755988981694 0.007928612379236397 10
1755988981699 0.007909093507564725 11
1755988981703 0.007885280631030122 12
1755988981708 0.007857199788663461 13
1755988981713 0.007824881686453594 14
1755988981717 0.007788361663770795 15
1755988981722 0.007747679654723685 16
1755988981727 0.007702880144491874 17
1755988981732 0.007654012120682058 18
1755988981737 0.0076011290197608 19
1755988981742 0.007544288668622535 20
1755988981747 0.007483553221356712 21
1755988981751 0.007418989091283208 22
1755988981756 0.007350666878330335 23
1755988981761 0.007278661291834864 24
1755988981766 0.00720305106884845 25
1755988981771 0.007123918888039831 26
1755988981775 0.007041351279286913 27
1755988981780 0.006955438529057624 28
1755988981785 0.006866274581682981 29
1755988981790 0.006773956936630344 30
1755988981795 0.006678586541889187 31
1755988981800 0.006580267683585945 32
1755988981805 0.006479107871948667 33
1755988981809 0.006375217723746169 34
1755988981814 0.006268710841330207 35
1755988981819 0.006159703688412988 36
1755988981824 0.0060483154627157965 37
1755988981829 0.00593466796562805 38
1755988981834 0.005818885469019256 39
1755988981839 0.005701094579349555 40
1755988981844 0.005581424099227415 41
1755988981849 0.005460004886565862 42
1755988981853 0.005336969711491284 43
1755988981859 0.0052124531111612405 44
1755988981864 0.005086591242650058 45
1755988981869 0.004959521734063069 46
1755988981874 0.004831383534042296 47
1755988981879 0.0047023167598281585 48
1755988981884 0.004572462544043317 49
1755988981889 0.004441962880366235 50
1755988981894 0.004310960468263163 51
1755988981899 0.004179598556948379 52
1755988981904 0.004048020788743272 53
1755988981909 0.003916371042005567 54
1755988981915 0.003784793273800459 55
1755988981920 0.0036534313624856773 56
1755988981925 0.0035224289503826057 57
1755988981930 0.003391929286705522 58
