1755988993376 1.01837899684906 1
1755988993388 0.7867217659950256 2
1755988993394 0.701340526342392 3
1755988993400 0.6268349587917328 4
1755988993406 0.6621502816677094 5
1755988993411 0.5888177633285523 6
1755988993418 0.5452227026224137 7
1755988993424 0.5151570200920105 8
1755988993430 0.4600456476211548 9
1755988993436 0.4876084327697754 10
1755988993442 0.4756829708814621 11
1755988993448 0.47642647922039033 12
1755988993454 0.46636830270290375 13
1755988993460 0.4525259047746658 14
1755988993466 0.43083448708057404 15
1755988993472 0.4247551828622818 16
1755988993479 0.41630875766277314 17
1755988993485 0.4089455932378769 18
1755988993491 0.3999466776847839 19
1755988993497 0.39238988161087035 20
1755988993504 0.38236515820026395 21
1755988993510 0.35687899589538574 22
1755988993516 0.4059743762016296 23
