1755988993376 2.6211687862873077 1
1755988993388 1.2852019369602203 2
1755988993394 1.0857949256896973 3
1755988993400 0.9451134383678437 4
1755988993406 0.874403840303421 5
1755988993411 0.7908143103122711 6
1755988993418 0.5969832003116607 7
1755988993424 0.48583547174930575 8
1755988993430 0.4297680228948593 9
1755988993436 0.4507172256708145 10
1755988993442 0.5407969623804092 11
1755988993448 0.4906068205833435 12
1755988993454 0.4542412981390953 13
1755988993460 0.3711469680070877 14
1755988993466 0.35143370032310484 15
1755988993472 0.3366858273744583 16
1755988993479 0.3339784473180771 17
1755988993485 0.33438441157341003 18
1755988993491 0.30784268379211427 19
1755988993497 0.28687564581632613 20
1755988993504 0.28375262320041655 21
1755988993510 0.28106302171945574 22
1755988993516 0.4991699904203415 23
