1755909055777 0.8735730594549423 1
1755909055791 0.5743224567327744 2
1755909055800 0.6200918417710525 3
1755909055808 0.5429976330353663 4
1755909055815 0.4862964856318938 5
1755909055823 0.4029048750033745 6
1755909055830 0.3691014410593571 7
1755909055837 0.338697822812276 8
1755909055845 0.36706359608051103 9
1755909055852 0.31731213762974125 10
1755909055859 0.3150625928090169 11
1755909055867 0.28667856943912995 12
1755909055876 0.27104609115765643 13
1755909055884 0.25774146979435897 14
1755909055891 0.22186694007653457 15
1755909055899 0.21395084166373962 16
1755909055906 0.2456225926677386 17
1755909055914 0.269288640946914 18
1755909055921 0.26360689466580367 19
1755909055929 0.20251093671107903 20
1755909055937 0.18949697453242081 21
1755909055945 0.23726956221537712 22
1755909055952 0.25112702124393904 23
1755909055960 0.22450108100206423 24
1755909055967 0.24899845742262328 25
1755909055975 0.24528834376579675 26
1755909055983 0.2074283498984117 27
1755909055991 0.21148239935819918 28
1755909055998 0.20962982376416525 29
