1755908992900 0.9795429225151355 1
1755908992911 0.5801254572012485 2
1755908992916 0.5706483163894751 3
1755908992921 0.5415803253268584 4
1755908992926 0.5643401898634739 5
1755908992930 0.48126832796977115 6
1755908992935 0.3896748343339333 7
1755908992940 0.2838893242371388 8
1755908992944 0.300556304363104 9
1755908992949 0.3315679656389432 10
1755908992953 0.23676361372837654 11
1755908992958 0.2560859154432248 12
1755908992962 0.24753341174278504 13
1755908992967 0.2602230266500742 14
1755908992971 0.24446430649512854 15
1755908992976 0.21500860574917915 16
1755908992980 0.1960496873809741 17
1755908992985 0.19319262756751135 18
1755908992989 0.20289152956161743 19
1755908992994 0.22007558170037392 20
1755908992999 0.18554708609978357 21
1755908993004 0.18119269762283716 22
1755908993009 0.15286723954173234 23
1755908993013 0.15025781381588715 24
1755908993018 0.15507039561485633 25
1755908993023 0.19143173671685731 26
1755908993028 0.16957977834420326 27
1755908993033 0.15016968834858674 28
1755908993039 0.22555543673344147 29
1755908993045 0.2648797224347408 30
1755908993051 0.21705485612918168 31
1755908993056 0.2102220975435697 32
1755908993061 0.12861118561182266 33
1755908993066 0.14254158792587426 34
1755908993071 0.17416671892771354 35
1755908993076 0.12212496546980663 36
1755908993081 0.16632742855029228 37
1755908993087 0.12497196308313271 38
1755908993092 0.10916751288832763 39
1755908993097 0.11704297822255355 40
1755908993102 0.0970469046002015 41
1755908993107 0.11423129196732472 42
1755908993112 0.09857387649707305 43
1755908993117 0.09511797860837899 44
1755908993122 0.11899784331520398 45
1755908993127 0.13762971854362732 46
1755908993132 0.1324879731505345 47
1755908993138 0.10414618948617807 48
1755908993143 0.162638954913769 49
1755908993150 0.12597104773307458 50
1755908993156 0.1338755578184739 51
1755908993162 0.08899022481189324 52
1755908993167 0.06999036621971008 53
