1755909030034 0.8730934529732435 1
1755909030050 0.4514335149373764 2
1755909030056 0.5982353817193936 3
1755909030062 0.5855966653579321 4
1755909030069 0.5378376291348383 5
1755909030075 0.4266700339622987 6
1755909030081 0.3142410428860249 7
1755909030087 0.29076350575838333 8
1755909030094 0.29706476361323625 9
1755909030100 0.30473945576411027 10
1755909030106 0.2977482267679312 11
1755909030113 0.25503460585306853 12
1755909030119 0.28334142114871586 13
1755909030125 0.19447661735690558 14
1755909030131 0.1735260817102897 15
1755909030137 0.1833700738274134 16
1755909030143 0.18053363874936715 17
1755909030149 0.18538942207128573 18
1755909030155 0.16430645053967452 19
1755909030161 0.18357253475831106 20
1755909030167 0.18133070396307188 21
1755909030173 0.16514791118410918 22
1755909030179 0.18795378372455254 23
1755909030185 0.2036548763131484 24
1755909030190 0.19574764351814222 25
1755909030196 0.18578219872254592 26
1755909030203 0.18757640016384614 27
1755909030209 0.19671190778414407 28
1755909030215 0.15445103935706309 29
1755909030222 0.18623836625080842 30
1755909030228 0.15196932909580377 31
1755909030235 0.16265273399842092 32
1755909030241 0.16851370762556028 33
1755909030247 0.17855501824464554 34
1755909030253 0.1482050009071827 35
1755909030259 0.23670013210712335 36
1755909030265 0.13712344681605315 37
1755909030271 0.1448749758494206 38
1755909030277 0.2008018139272164 39
1755909030283 0.16533259531626335 40
1755909030289 0.14499822545510072 41
1755909030296 0.16560470121793258 42
1755909030302 0.17110041863261125 43
1755909030308 0.1580925232324845 44
1755909030314 0.1738092093131481 45
1755909030322 0.13979462104348037 46
1755909030329 0.1507648548636681 47
