1755909055777 0.686107283219313 1
1755909055791 0.5677380019273514 2
1755909055800 0.5872566524224404 3
1755909055808 0.5531388406570141 4
1755909055815 0.5279323428105085 5
1755909055823 0.48349461876429045 6
1755909055830 0.4523061834848844 7
1755909055837 0.4408913858425923 8
1755909055845 0.4514074975099319 9
1755909055852 0.42283191359960115 10
1755909055859 0.42357838306671536 11
1755909055867 0.39373801228327626 12
1755909055876 0.3865037705653753 13
1755909055884 0.3760546094331986 14
1755909055891 0.34758540032765806 15
1755909055899 0.34170864407832807 16
1755909055906 0.3611443776350755 17
1755909055914 0.36863055863441563 18
1755909055921 0.3803494989107817 19
1755909055929 0.3389783677382347 20
1755909055937 0.32400128894891495 21
1755909055945 0.36070807430988705 22
1755909055952 0.35740546843944454 23
1755909055960 0.3390724445000673 24
1755909055967 0.35759174021390766 25
1755909055975 0.3591443464542047 26
1755909055983 0.3306320317280598 27
1755909055991 0.3403353641430537 28
1755909055998 0.33645112545062333 29
