1755908992900 0.0003280444730179773 1
1755908992911 0.0006560889460359546 2
1755908992916 0.000984133419053932 3
1755908992921 0.0013121778920719093 4
1755908992926 0.0016402223650898867 5
1755908992930 0.0016402223650898867 6
1755908992935 0.0016397742486925354 7
1755908992940 0.0016384303895091825 8
1755908992944 0.0016361922570301147 9
1755908992949 0.001633062298620338 10
1755908992953 0.0016290439368434203 11
1755908992958 0.001624141565718967 12
1755908992962 0.0016183605459178273 13
1755908992967 0.0016117071989002773 14
1755908992971 0.0016041888000035973 15
1755908992976 0.001595813570486597 16
1755908992980 0.0015865906685397892 17
1755908992985 0.0015765301792710438 18
1755908992989 0.001565643103677669 19
1755908992994 0.001553941346616984 20
1755908992999 0.001541437703788531 21
1755908993004 0.001528145847742167 22
1755908993009 0.0015140803129273285 23
1755908993013 0.0014992564797998284 24
1755908993018 0.0014836905580035498 25
1755908993023 0.0014673995686454405 26
1755908993028 0.0014504013256831818 27
1755908993033 0.001432714416445887 28
1755908993039 0.0014143581813091306 29
1755908993045 0.0013953526925465309 30
1755908993051 0.001375718732381015 31
1755908993056 0.0013554777702597595 32
1755908993061 0.0013346519393776703 33
1755908993066 0.0013132640124750548 34
1755908993071 0.0012913373769359666 35
1755908993076 0.0012688960092144444 36
1755908993081 0.0012459644486166105 37
1755908993087 0.0012225677704673008 38
1755908993092 0.0011987315586905651 39
1755908993097 0.0011744818778340216 40
1755908993102 0.001149845244567657 41
1755908993107 0.0011248485986882358 42
1755908993112 0.001099519273661031 43
1755908993117 0.0010738849667310782 44
1755908993122 0.001047973708636646 45
1755908993127 0.0010218138329580353 46
1755908993132 0.0009954339451352255 47
1755908993138 0.0009688628911882454 48
1755908993143 0.0009421297261744731 49
1755908993150 0.0009152636824173595 50
1755908993156 0.0008882941375413093 51
1755908993162 0.0008612505823476815 52
1755908993167 0.0008341625885670313 53
