1756055343702 1.1184836417436599 1
1756055343716 0.9999081462621688 2
1756055343723 0.8932240784168244 3
1756055343729 0.8421833902597428 4
1756055343736 0.72570042014122 5
1756055343742 0.7184350281953812 6
1756055343749 0.7084137201309204 7
1756055343755 0.6723139643669128 8
1756055343762 0.6497150480747222 9
1756055343769 0.6448322243988514 10
1756055343775 0.6142389684915542 11
1756055343782 0.605684719979763 12
1756055343789 0.5647685945034027 13
1756055343795 0.6100313022732735 14
1756055343802 0.6099749580025673 15
1756055343809 0.6267779380083084 16
1756055343816 0.6068489283323288 17
1756055343822 0.5678199291229248 18
1756055343829 0.5119142577052116 19
1756055343836 0.47464273124933243 20
1756055343843 0.49665303230285646 21
1756055343850 0.5251861348748207 22
1756055343857 0.4743955865502357 23
1756055343864 0.5097345963120461 24
1756055343870 0.5083205118775368 25
1756055343877 0.5014742042869329 26
1756055343884 0.49704512655735017 27
1756055343891 0.5509697943925858 28
1756055343898 0.5157519549131393 29
1756055343905 0.5209019795060158 30
1756055343912 0.4699277490377426 31
1756055343919 0.44027763307094575 32
1756055343926 0.4081205852329731 33
1756055343933 0.43300017565488813 34
1756055343940 0.5154968500137329 35
1756055343947 0.43944660723209383 36
1756055343954 0.4296892017126083 37
1756055343962 0.45986138433218005 38
1756055343969 0.647188413143158 39
1756055343976 0.5357186570763588 40
1756055343983 0.5153130099177361 41
1756055343990 0.5108928367495537 42
1756055343997 0.4998532712459564 43
1756055344004 0.452280281484127 44
1756055344011 0.4838962689042091 45
1756055344018 0.5109001442790031 46
1756055344025 0.4511071413755417 47
1756055344033 0.43816023468971255 48
1756055344040 0.4433864027261734 49
1756055344047 0.4395223096013069 50
1756055344054 0.42699464559555056 51
1756055344062 0.42871676087379457 52
1756055344069 0.5259423181414604 53
1756055344076 0.4553447887301445 54
1756055344083 0.45946902930736544 55
1756055344091 0.4860538303852081 56
1756055344098 0.4803959622979164 57
1756055344105 0.39018432050943375 58
1756055344112 0.3712044805288315 59
1756055344120 0.39172503650188445 60
1756055344127 0.3841934323310852 61
1756055344135 0.38255391269922256 62
1756055344142 0.33157917112112045 63
1756055344149 0.4058397799730301 64
1756055344156 0.4472560152411461 65
1756055344164 0.4030826732516289 66
1756055344171 0.3762458711862564 67
1756055344179 0.37973317354917524 68
1756055344186 0.3922014176845551 69
1756055344194 0.3844725161790848 70
1756055344203 0.3815627247095108 71
1756055344212 0.4013058185577393 72
1756055344219 0.3518517553806305 73
1756055344227 0.36709266155958176 74
1756055344235 0.38033402860164645 75
1756055344242 0.3903532400727272 76
1756055344250 0.3575887784361839 77
1756055344258 0.3426523968577385 78
1756055344265 0.3651195287704468 79
1756055344273 0.38134161829948426 80
1756055344281 0.3411122366786003 81
1756055344289 0.3582497015595436 82
1756055344296 0.3840074434876442 83
