1756055308698 1.0304858058691024 1
1756055308706 0.8659647673368454 2
1756055308711 0.8109889417886734 3
1756055308715 0.7768039166927337 4
1756055308720 0.8295116066932678 5
1756055308724 0.7645158261060715 6
1756055308728 0.7558906227350235 7
1756055308733 0.7648776292800903 8
1756055308737 0.85662881731987 9
1756055308742 0.8110581636428833 10
1756055308746 0.7296686500310898 11
1756055308750 0.6899513900279999 12
1756055308755 0.6019022107124329 13
1756055308760 0.5707351297140122 14
1756055308764 0.590343625843525 15
1756055308768 0.5617785170674324 16
1756055308773 0.5841370940208435 17
1756055308778 0.5943881392478942 18
1756055308783 0.5672861784696579 19
1756055308787 0.5503463029861451 20
1756055308792 0.5659293979406357 21
1756055308797 0.5173580795526505 22
1756055308802 0.5516567468643189 23
1756055308806 0.5751282140612602 24
1756055308811 0.5879778608679771 25
1756055308816 0.5632641807198524 26
1756055308821 0.6391819715499878 27
1756055308825 0.5410987749695778 28
1756055308830 0.5055403128266335 29
1756055308835 0.471203887462616 30
1756055308840 0.5104908719658852 31
1756055308844 0.4680718079209328 32
1756055308849 0.4535376489162445 33
1756055308854 0.4567477762699127 34
1756055308859 0.4492664381861687 35
1756055308864 0.42419918030500414 36
1756055308869 0.5150006338953972 37
1756055308874 0.524758231639862 38
1756055308878 0.4673396572470665 39
1756055308883 0.45109314620494845 40
1756055308888 0.49725754708051684 41
1756055308893 0.5167530372738838 42
1756055308898 0.4591428995132446 43
1756055308903 0.4178056463599205 44
1756055308908 0.42635155767202376 45
1756055308913 0.5366022005677223 46
1756055308918 0.4747005432844162 47
1756055308923 0.36699654906988144 48
1756055308928 0.372145015001297 49
1756055308933 0.3553812488913536 50
1756055308938 0.3396505068987608 51
1756055308943 0.35067641735076904 52
1756055308948 0.3666407987475395 53
1756055308953 0.3959349155426025 54
1756055308958 0.37878774404525756 55
1756055308963 0.3663895562291145 56
1756055308968 0.3175938159227371 57
1756055308974 0.3201089136302471 58
1756055308979 0.37787376046180726 59
1756055308985 0.33560516834259035 60
1756055308990 0.3273482613265514 61
1756055308995 0.27549694161862137 62
1756055309000 0.3252801403403282 63
1756055309005 0.3603911757469177 64
1756055309011 0.2801829621195793 65
1756055309016 0.27964175641536715 66
1756055309021 0.3053680084645748 67
1756055309027 0.350149005651474 68
1756055309032 0.3409371361136436 69
1756055309038 0.38116235211491584 70
1756055309043 0.33966263458132745 71
1756055309048 0.3088420696556568 72
1756055309054 0.31610107570886614 73
1756055309059 0.27631267383694647 74
1756055309065 0.2611951261758804 75
1756055309071 0.28691273033618925 76
1756055309076 0.2868728466331959 77
1756055309082 0.2813298121094704 78
1756055309087 0.3456229031085968 79
1756055309093 0.31758946403861044 80
1756055309098 0.34199744611978533 81
1756055309106 0.31965450420975683 82
1756055309112 0.26564777120947836 83
1756055309118 0.28389506712555884 84
1756055309124 0.2939792566001415 85
1756055309129 0.2523530460894108 86
1756055309135 0.2526834964752197 87
1756055309141 0.24020046629011632 88
1756055309147 0.29858595281839373 89
1756055309153 0.26714145615696905 90
1756055309158 0.2734881728887558 91
1756055309164 0.28788321167230607 92
1756055309170 0.2919247880578041 93
1756055309176 0.26650921925902366 94
1756055309181 0.26017221212387087 95
1756055309187 0.29291051030159 96
1756055309193 0.3116071857511997 97
1756055309199 0.2660929910838604 98
