1756055343702 0.0013110899608964307 1
1756055343716 0.0026221799217928613 2
1756055343723 0.003933269882689292 3
1756055343729 0.005244359843585723 4
1756055343736 0.006555449804482154 5
1756055343742 0.006555449804482153 6
1756055343749 0.006553658005824719 7
1756055343755 0.006548284569157939 8
1756055343762 0.006539335370255918 9
1756055343769 0.006526820194936265 10
1756055343775 0.006510752728359445 11
1756055343782 0.006491150540064259 12
1756055343789 0.006468035064755812 13
1756055343795 0.006441431578866977 14
1756055343802 0.006411369172918983 15
1756055343809 0.006377880719711363 16
1756055343816 0.006341002838376029 17
1756055343822 0.006300775854334783 18
1756055343829 0.006257243755204068 19
1756055343836 0.006210454142695152 20
1756055343843 0.006160458180562356 21
1756055343850 0.006107310538656238 22
1756055343857 0.006051069333142915 23
1756055343864 0.0059917960629548945 24
1756055343870 0.005929555542542883 25
1756055343877 0.005864415831002146 26
1756055343884 0.005796448157650881 27
1756055343891 0.005725726844142007 28
1756055343898 0.0056523292231935255 29
1756055343905 0.00557633555402633 30
1756055343912 0.0054978289346019294 31
1756055343919 0.005416895210756038 32
1756055343926 0.005333622882327429 33
1756055343933 0.0052481030063846424 34
1756055343940 0.005160429097656434 35
1756055343947 0.005070697026274784 36
1756055343954 0.004979004912942313 37
1756055343962 0.00488545302163874 38
1756055343969 0.004790143649983692 39
1756055343976 0.004693181017375753 40
1756055343983 0.004594671151030093 41
1756055343990 0.0044947217700392495 42
1756055343997 0.004393442167583896 43
1756055344004 0.004290943091422346 44
1756055344011 0.004187336622789503 45
1756055344018 0.004082736053837685 46
1756055344025 0.0039772557637533104 47
1756055344033 0.0038710110936849397 48
1756055344040 0.0037641182206194232 49
1756055344047 0.0036566940303440756 50
1756055344054 0.0035488559896337734 51
1756055344062 0.0034407220178027734 52
1756055344069 0.003332410357761666 53
1756055344076 0.003224039446720488 54
1756055344083 0.00311572778667938 55
1756055344091 0.0030075938148483804 56
1756055344098 0.0028997557741380787 57
1756055344105 0.0027923315838627298 58
1756055344112 0.002685438710797215 59
1756055344120 0.002579194040728844 60
1756055344127 0.0024737137506444682 61
1756055344135 0.002369113181692651 62
1756055344142 0.0022655067130598087 63
1756055344149 0.0021630076368982574 64
1756055344156 0.0020617280344429035 65
1756055344164 0.001961778653452062 66
1756055344171 0.0018632687871064002 67
1756055344179 0.0017663061544984618 68
1756055344186 0.0016709967828434143 69
1756055344194 0.0015774448915398414 70
1756055344203 0.0014857527782073698 71
1756055344212 0.0013960207068257184 72
1756055344219 0.0013083467980975106 73
1756055344227 0.0012228269221547248 74
1756055344235 0.0011395545937261142 75
1756055344242 0.0010586208698802248 76
1756055344250 0.0009801142504558232 77
1756055344258 0.0009041205812886282 78
1756055344265 0.0008307229603401475 79
1756055344273 0.0007600016468312728 80
1756055344281 0.0006920339734800076 81
1756055344289 0.0006268942619392702 82
1756055344296 0.0005646537415272586 83
