1756055384212 1.1104365646839143 1
1756055384230 0.9273569643497467 2
1756055384239 0.8332195162773133 3
1756055384247 0.8665631175041199 4
1756055384255 0.7412364602088928 5
1756055384264 0.7047124952077866 6
1756055384272 0.7218128144741058 7
1756055384280 0.7903813391923904 8
1756055384289 0.6648666024208069 9
1756055384299 0.6182004526257515 10
1756055384307 0.5866971537470818 11
1756055384316 0.5859726294875145 12
1756055384324 0.616168487071991 13
1756055384333 0.6309128016233444 14
1756055384342 0.5896428987383843 15
1756055384351 0.727398905158043 16
1756055384360 0.7404431909322738 17
1756055384368 0.6149968862533569 18
1756055384377 0.6410915315151214 19
1756055384386 0.7000283166766167 20
1756055384394 0.6450230926275253 21
1756055384403 0.6567270666360855 22
1756055384412 0.6531623989343643 23
1756055384420 0.6162355959415435 24
1756055384429 0.5774126052856445 25
1756055384438 0.5887948840856552 26
1756055384447 0.5961426079273224 27
1756055384455 0.5389582648873329 28
1756055384464 0.5959639415144921 29
1756055384473 0.5859493091702461 30
1756055384482 0.6122874438762664 31
1756055384491 0.5078434467315673 32
1756055384499 0.4234205447137356 33
1756055384508 0.46762049198150635 34
1756055384517 0.47012209594249726 35
1756055384526 0.4566966339945793 36
1756055384535 0.5277138456702233 37
1756055384544 0.5619846358895302 38
1756055384552 0.5114863485097885 39
1756055384561 0.5817045226693154 40
1756055384570 0.5896702274680138 41
1756055384579 0.5574295729398727 42
1756055384588 0.4878204524517059 43
1756055384597 0.469867567718029 44
1756055384606 0.4637167677283287 45
1756055384615 0.5239841744303704 46
1756055384624 0.5882460668683052 47
1756055384633 0.5383302688598632 48
1756055384642 0.44604407995939255 49
1756055384651 0.45053266137838366 50
1756055384660 0.44848077893257143 51
1756055384669 0.40296589732170107 52
1756055384678 0.4025865703821182 53
1756055384687 0.4556401133537292 54
1756055384696 0.47673915028572084 55
1756055384706 0.3969390973448753 56
1756055384715 0.4338949352502823 57
1756055384724 0.42766725569963454 58
1756055384733 0.4217036858201027 59
1756055384742 0.4191549301147461 60
1756055384751 0.37409755736589434 61
1756055384761 0.42935281097888944 62
1756055384770 0.4150181099772453 63
1756055384779 0.42025637775659563 64
1756055384788 0.4739128082990646 65
1756055384798 0.3981738924980164 66
1756055384807 0.3575015112757683 67
1756055384816 0.37900882959365845 68
1756055384825 0.39587237536907194 69
1756055384835 0.3775959700345993 70
1756055384844 0.33976550251245496 71
1756055384854 0.37848897725343705 72
1756055384863 0.33792457580566404 73
1756055384872 0.32525100857019423 74
1756055384882 0.3442663162946701 75
1756055384891 0.3518919050693512 76
1756055384900 0.3339607998728752 77
1756055384910 0.3730883300304413 78
1756055384919 0.35970071107149126 79
1756055384929 0.3579466313123703 80
1756055384939 0.3429694965481758 81
1756055384948 0.3277392968535423 82
1756055384958 0.3628306657075882 83
1756055384967 0.37846246361732483 84
1756055384977 0.3611188255250454 85
1756055384986 0.33983462005853654 86
1756055384996 0.35145883858203886 87
1756055385005 0.3292639911174774 88
1756055385015 0.3237593024969101 89
1756055385024 0.35928705632686614 90
1756055385034 0.3328355014324188 91
1756055385044 0.3415754072368145 92
1756055385053 0.3523160830140114 93
1756055385063 0.34621408581733704 94
1756055385073 0.3456619314849377 95
1756055385082 0.33728712499141694 96
1756055385092 0.30555668771266936 97
1756055385102 0.3163137286901474 98
1756055385112 0.3183239459991455 99
1756055385122 0.34002881944179536 100
