1755977299605 2.024151337146759 1
1755977299620 1.3476980805397034 2
1755977299628 1.483502584695816 3
1755977299635 1.0229063510894776 4
1755977299643 1.114705240726471 5
1755977299651 0.8714207828044891 6
1755977299658 0.7661790549755096 7
1755977299669 0.866133326292038 8
1755977299682 0.8818211406469345 9
1755977299696 0.5538343846797943 10
1755977299704 0.5255614787340164 11
1755977299711 0.5048241943120957 12
1755977299719 0.5286051332950592 13
1755977299727 0.4071317985653877 14
1755977299734 0.37054766714572906 15
1755977299741 0.2971731826663017 16
1755977299748 0.25155664086341856 17
1755977299755 0.24554538279771804 18
1755977299762 0.2281526431441307 19
1755977299769 0.21299763321876525 20
1755977299777 0.18325481712818145 21
1755977299784 0.22091755419969558 22
1755977299792 0.21929275393486022 23
1755977299800 0.22613825500011445 24
1755977299807 0.21973479986190797 25
1755977299815 0.21132837757468223 26
1755977299822 0.20741924196481704 27
1755977299829 0.14787777811288833 28
1755977299836 0.13151199445128442 29
1755977299845 0.12669048607349395 30
1755977299852 0.15327979922294616 31
1755977299859 0.14680687189102173 32
1755977299867 0.1286771684885025 33
1755977299874 0.1426776260137558 34
1755977299882 0.14959676861763 35
1755977299890 0.1307724766433239 36
1755977299898 0.13628195896744727 37
1755977299906 0.10747488513588906 38
1755977299914 0.09856609925627709 39
1755977299922 0.1337458562105894 40
1755977299929 0.11402581334114074 41
1755977299937 0.1627858228981495 42
1755977299944 0.11839539855718613 43
1755977299951 0.1213059403002262 44
