1755977282946 2.3416415095329284 1
1755977282956 1.1495274603366852 2
1755977282963 1.1487540245056151 3
1755977282970 1.113584780693054 4
1755977282976 1.155104398727417 5
1755977282982 1.4301010489463806 6
1755977282988 0.9637018263339996 7
1755977282994 1.107337349653244 8
1755977283000 1.205987286567688 9
1755977283007 0.7656643569469452 10
1755977283021 0.5846740216016769 11
1755977283029 0.7240259051322937 12
1755977283037 0.5187289208173752 13
1755977283043 0.4376801311969757 14
1755977283049 0.35923168659210203 15
1755977283055 0.3625543162226677 16
1755977283061 0.3220518231391907 17
1755977283067 0.27921772599220274 18
1755977283073 0.28320606499910356 19
1755977283079 0.2744038254022598 20
1755977283084 0.31176227927207945 21
1755977283091 0.2810169026255608 22
1755977283097 0.22645023763179778 23
1755977283103 0.19671173989772797 24
1755977283109 0.18932732045650483 25
1755977283116 0.17999341636896132 26
1755977283122 0.1946311503648758 27
1755977283128 0.20103524178266524 28
1755977283135 0.1693834587931633 29
1755977283141 0.1585851490497589 30
1755977283147 0.16309168934822083 31
1755977283153 0.14972016140818595 32
1755977283159 0.1585082858800888 33
1755977283166 0.15584390088915825 34
1755977283171 0.1357632078230381 35
