1755977282946 1.4213616132736206 1
1755977282956 0.9422169923782349 2
1755977282963 0.7504401952028275 3
1755977282970 0.7325732707977295 4
1755977282976 0.7531336307525635 5
1755977282982 0.9422798335552216 6
1755977282988 0.6493688881397247 7
1755977282994 0.7353000044822693 8
1755977283000 0.7927547931671143 9
1755977283007 0.557606789469719 10
1755977283021 0.5007703721523284 11
1755977283029 0.445080378651619 12
1755977283037 0.4604706555604935 13
1755977283043 0.36274881660938263 14
1755977283049 0.30829615592956544 15
1755977283055 0.3021409198641777 16
1755977283061 0.2544045761227608 17
1755977283067 0.24225929230451584 18
1755977283073 0.25143056362867355 19
1755977283079 0.23132834136486052 20
1755977283084 0.23519332557916642 21
1755977283091 0.25775465816259385 22
1755977283097 0.19977707266807557 23
1755977283103 0.1929376468062401 24
1755977283109 0.1679989740252495 25
1755977283116 0.17750944346189498 26
1755977283122 0.1841045878827572 27
1755977283128 0.15371375530958176 28
1755977283135 0.15748564004898072 29
1755977283141 0.14196308255195617 30
1755977283147 0.13967636823654175 31
1755977283153 0.13275931552052497 32
1755977283159 0.14371141344308852 33
1755977283166 0.15889039039611816 34
1755977283171 0.1301379144191742 35
