1755977299605 0.0002526396660119438 1
1755977299620 0.0005052793320238876 2
1755977299628 0.0007579189980358314 3
1755977299635 0.0010105586640477753 4
1755977299643 0.001263198330059719 5
1755977299651 0.001263198330059719 6
1755977299658 0.0012628532812240913 7
1755977299669 0.0012618185120230436 8
1755977299682 0.0012600951539615054 9
1755977299696 0.0012576850915062144 10
1755977299704 0.0012545909600250814 11
1755977299711 0.0012508161429054538 12
1755977299719 0.0012463647678544305 13
1755977299727 0.0012412417023852749 14
1755977299734 0.0012354525484948619 15
1755977299741 0.0012290036365379747 16
1755977299748 0.001221902018305157 17
1755977299755 0.0012141554593116807 18
1755977299762 0.0012057724303060717 19
1755977299769 0.0011967620980074692 20
1755977299777 0.001187134315081953 21
1755977299784 0.0011768996093687993 22
1755977299792 0.00116606917236844 23
1755977299800 0.0011546548470047248 24
1755977299807 0.0011426691146748554 25
1755977299815 0.0011301250816011616 26
1755977299822 0.0011170364644996398 27
1755977299829 0.0011034175755809256 28
1755977299836 0.0010892833069001007 29
1755977299845 0.0010746491140724507 30
1755977299852 0.0010595309993729758 31
1755977299859 0.0010439454942381373 32
1755977299867 0.0010279096411889765 33
1755977299874 0.0010114409751953667 34
1755977299882 0.000994557504501781 35
1755977299890 0.0009772776909355426 36
1755977299898 0.0009596204297190866 37
1755977299906 0.0009416050288083115 38
1755977299914 0.0009232511877796138 39
1755977299922 0.0009045789762886901 40
1755977299929 0.0008856088121246635 41
1755977299937 0.0008663614388835296 42
1755977299944 0.0008468579032853409 43
1755977299951 0.0008271195321599257 44
