1755909992082 1.5455533385276794 1
1755909992087 1.0436479330062867 2
1755909992093 0.7622875213623047 3
1755909992097 0.6452009350061416 4
1755909992102 0.6393994808197021 5
1755909992106 0.4616846591234207 6
1755909992110 0.43219623863697054 7
1755909992114 0.4101774960756302 8
1755909992118 0.385503426194191 9
1755909992122 0.3389752238988876 10
1755909992126 0.3138339653611183 11
1755909992130 0.3250693142414093 12
1755909992134 0.28071634471416473 13
1755909992138 0.24829432517290115 14
1755909992143 0.24413011968135834 15
1755909992147 0.2059967890381813 16
1755909992152 0.17708381712436677 17
1755909992156 0.1872325211763382 18
1755909992161 0.19316793233156204 19
1755909992166 0.20529213398694993 20
1755909992170 0.18830875307321548 21
1755909992175 0.1691154807806015 22
1755909992179 0.16424788981676103 23
1755909992184 0.161340369284153 24
1755909992188 0.16896531134843826 25
1755909992193 0.1718047007918358 26
1755909992198 0.1807461753487587 27
1755909992203 0.16762823164463042 28
1755909992207 0.13857353255152702 29
1755909992212 0.1505656845867634 30
1755909992216 0.14707039818167686 31
