1756059268589 1.6617773652076722 1
1756059268604 1.0329580456018448 2
1756059268611 1.1231460362672805 3
1756059268617 1.3746604174375534 4
1756059268624 1.0974639296531676 5
1756059268630 0.9423233322799206 6
1756059268637 0.8222028270363808 7
1756059268643 0.8131541267037392 8
1756059268649 0.6915144696831703 9
1756059268656 0.6588331773877144 10
1756059268663 0.5791347324848175 11
1756059268669 0.509317347407341 12
1756059268676 0.458531080186367 13
1756059268682 0.5589836806058883 14
1756059268689 0.6322748109698295 15
1756059268696 0.7214488685131073 16
1756059268702 0.4996576890349388 17
1756059268709 0.40432430878281594 18
1756059268716 0.38876438438892363 19
1756059268723 0.34493590220808984 20
1756059268729 0.42403186559677125 21
1756059268736 0.38563142865896227 22
1756059268743 0.4063902243971825 23
1756059268750 0.4361396498978138 24
1756059268757 0.502423831820488 25
1756059268763 0.32710021249949933 26
1756059268770 0.4007091872394085 27
1756059268777 0.33791245594620706 28
1756059268784 0.3706494353711605 29
1756059268791 0.30449630990624427 30
1756059268798 0.30785623341798785 31
1756059268805 0.39421692937612535 32
1756059268812 0.3395476169884205 33
1756059268819 0.28111395984888077 34
1756059268825 0.402085168659687 35
1756059268832 0.3920843660831451 36
1756059268839 0.348122514039278 37
1756059268846 0.3529562376439571 38
1756059268853 0.3120227336883545 39
1756059268861 0.3568465061485767 40
1756059268868 0.3080873489379883 41
1756059268875 0.2953126482665539 42
1756059268882 0.2649777851998806 43
1756059268890 0.2534761942923069 44
1756059268897 0.2282839022576809 45
1756059268904 0.22709640562534333 46
1756059268911 0.29369089752435684 47
1756059268918 0.28785523027181625 48
1756059268926 0.37181572802364826 49
1756059268933 0.32057383731007577 50
1756059268940 0.27825311161577704 51
1756059268947 0.24742773920297623 52
1756059268954 0.22001453898847104 53
1756059268962 0.2868357188999653 54
1756059268969 0.22928990181535483 55
1756059268976 0.3028343476355076 56
1756059268984 0.26743307858705523 57
1756059268991 0.2277260057628155 58
1756059268998 0.1973895899951458 59
1756059269006 0.2000035524368286 60
1756059269013 0.21184254474937916 61
1756059269020 0.1835783027112484 62
1756059269028 0.2491556353867054 63
1756059269035 0.17618842385709285 64
1756059269042 0.18533267229795455 65
1756059269050 0.22546467632055284 66
1756059269057 0.18306899517774583 67
1756059269065 0.15984615236520766 68
1756059269072 0.15639077313244343 69
1756059269080 0.16133022978901862 70
1756059269087 0.15171225322410464 71
1756059269095 0.1535457417368889 72
1756059269102 0.17408579662442208 73
1756059269110 0.19890589378774165 74
1756059269117 0.2196378529071808 75
1756059269125 0.28225138075649736 76
1756059269132 0.24783421605825423 77
1756059269140 0.2286317426711321 78
1756059269147 0.16651991233229638 79
1756059269155 0.18083442077040673 80
1756059269163 0.1652886126190424 81
1756059269171 0.16438447274267673 82
1756059269178 0.19449376985430716 83
1756059269186 0.23278044499456882 84
1756059269194 0.13642566464841366 85
1756059269201 0.1389715403318405 86
1756059269209 0.19516942277550697 87
1756059269217 0.1519977416843176 88
1756059269225 0.1393953088670969 89
1756059269233 0.15396466180682183 90
1756059269240 0.15026184022426606 91
1756059269248 0.1378999873995781 92
1756059269256 0.26441196724772453 93
