1756059298831 0.8178833022713661 1
1756059298845 0.762005615234375 2
1756059298854 0.7715400010347366 3
1756059298862 0.715445739030838 4
1756059298871 0.6885557174682617 5
1756059298880 0.6355968475341797 6
1756059298889 0.6530374437570572 7
1756059298898 0.6563827574253083 8
1756059298906 0.623486241698265 9
1756059298915 0.6439607098698616 10
1756059298924 0.6032952532172203 11
1756059298933 0.5887548118829727 12
1756059298943 0.5481708973646164 13
1756059298952 0.5172396898269653 14
1756059298961 0.4790086179971695 15
1756059298970 0.49341572970151903 16
1756059298979 0.4957091748714447 17
1756059298989 0.4938360914587975 18
1756059298998 0.47793769687414167 19
1756059299008 0.4772620931267738 20
1756059299017 0.4697213962674141 21
1756059299026 0.4924856245517731 22
1756059299036 0.474399234354496 23
1756059299045 0.4811211571097374 24
1756059299054 0.43733702003955843 25
1756059299064 0.4286043256521225 26
1756059299073 0.4669673562049866 27
1756059299083 0.4341398060321808 28
1756059299092 0.4298143908381462 29
1756059299102 0.43817770332098005 30
1756059299112 0.42901754975318906 31
1756059299121 0.4035208076238632 32
1756059299131 0.4523484453558922 33
1756059299140 0.4087975099682808 34
1756059299150 0.40522305071353915 35
1756059299159 0.40479378700256347 36
1756059299169 0.4276930034160614 37
1756059299179 0.39212214201688766 38
1756059299188 0.4280750811100006 39
1756059299198 0.41535092443227767 40
1756059299208 0.42718416154384614 41
1756059299218 0.39629506021738053 42
1756059299227 0.3745912596583366 43
1756059299237 0.39328774660825727 44
1756059299246 0.3849461629986763 45
1756059299256 0.37293131500482557 46
1756059299265 0.3595534205436707 47
1756059299275 0.36005347818136213 48
1756059299284 0.35508262664079665 49
1756059299293 0.34015369415283203 50
1756059299303 0.36311398819088936 51
1756059299312 0.39112619012594224 52
1756059299322 0.34560575485229494 53
1756059299332 0.3783304587006569 54
1756059299342 0.34395419508218766 55
1756059299352 0.3303517147898674 56
1756059299362 0.3327419862151146 57
1756059299372 0.34742997735738756 58
1756059299382 0.33436291813850405 59
1756059299391 0.337320938706398 60
1756059299401 0.3122797891497612 61
1756059299411 0.3226716622710228 62
1756059299421 0.34544660001993177 63
1756059299431 0.296854142844677 64
1756059299441 0.33824675232172013 65
1756059299451 0.3035112306475639 66
1756059299460 0.29665741622447966 67
1756059299470 0.3037473887205124 68
1756059299480 0.3180260494351387 69
