1756059298831 0.00038835726295700766 1
1756059298845 0.0007767145259140153 2
1756059298854 0.001165071788871023 3
1756059298862 0.0015534290518280306 4
1756059298871 0.0019417863147850386 5
1756059298880 0.0019417863147850383 6
1756059298889 0.0019412557594498184 7
1756059298898 0.0019396646735986278 8
1756059298906 0.0019370147970604852 9
1756059298915 0.0019333090274364795 10
1756059298924 0.0019285514169312874 11
1756059298933 0.0019227471679221456 12
1756059298943 0.0019159026272701283 13
1756059298952 0.0019080252793799483 14
1756059298961 0.001899123738015869 15
1756059298970 0.0018892077368826813 16
1756059298979 0.0018782881189820392 17
1756059298989 0.0018663768247557965 18
1756059298998 0.0018534868790293095 19
1756059299008 0.0018396323767689824 20
1756059299017 0.001824828467669627 21
1756059299026 0.0018090913395884946 22
1756059299036 0.001792438200844091 23
1756059299045 0.0017748872613991356 24
1756059299054 0.0017564577129482303 25
1756059299064 0.0017371697079320266 26
1756059299073 0.001717044337500826 27
1756059299083 0.0016961036084517168 28
1756059299092 0.0016743704191644665 29
1756059299102 0.001651868534562476 30
1756059299112 0.0016286225601261897 31
1756059299121 0.0016046579149873587 32
1756059299131 0.0015800008041335972 33
1756059299140 0.0015546781897536118 34
1756059299150 0.0015287177617544438 35
1756059299159 0.001502147907482964 36
1756059299169 0.0014749976806847226 37
1756059299179 0.0014472967697341083 38
1756059299188 0.0014190754651705448 39
1756059299198 0.0013903646265762313 40
1756059299208 0.001361195648831643 41
1756059299218 0.0013316004277856882 42
1756059299227 0.0013016113253780685 43
1756059299237 0.0012712611342519707 44
1756059299246 0.0012405830418957945 45
1756059299256 0.00120961059435312 46
1756059299265 0.0011783776595406022 47
1756059299275 0.0011469183902139014 48
1756059299284 0.0011152671866221456 49
1756059299293 0.001083458658891765 50
1756059299303 0.0010515275891808235 51
1756059299312 0.0010195088936452434 52
1756059299322 0.0009874375842584993 53
1756059299332 0.0009553487305265391 54
1756059299342 0.0009232774211397948 55
1756059299352 0.0008912587256042151 56
1756059299362 0.0008593276558932737 57
1756059299372 0.0008275191281628926 58
1756059299382 0.0007958679245711374 59
1756059299391 0.0007644086552444365 60
1756059299401 0.0007331757204319185 61
1756059299411 0.0007022032728892442 62
1756059299421 0.0006715251805330677 63
1756059299431 0.0006411749894069699 64
1756059299441 0.0006111858869993499 65
1756059299451 0.0005815906659533956 66
1756059299460 0.000552421688208807 67
1756059299470 0.0005237108496144936 68
1756059299480 0.0004954895450509305 69
