1756059268589 1.3457224518060684 1
1756059268604 0.8775728017091751 2
1756059268611 0.8627151191234589 3
1756059268617 0.9063287854194642 4
1756059268624 0.9159211605787277 5
1756059268630 0.7226470870897174 6
1756059268637 0.6842761337757111 7
1756059268643 0.6589664191007614 8
1756059268649 0.5778408452868462 9
1756059268656 0.5544540449976921 10
1756059268663 0.4797520637512207 11
1756059268669 0.4289002537727356 12
1756059268676 0.42687137573957445 13
1756059268682 0.5217362388968467 14
1756059268689 0.5739991679787636 15
1756059268696 0.5844190135598183 16
1756059268702 0.40886811912059784 17
1756059268709 0.3560891218483448 18
1756059268716 0.3478801235556602 19
1756059268723 0.31769636943936347 20
1756059268729 0.3579218454658985 21
1756059268736 0.34634803235530853 22
1756059268743 0.3414720490574837 23
1756059268750 0.41154114380478857 24
1756059268757 0.3486449658870697 25
1756059268763 0.29266363866627215 26
1756059268770 0.35311648771166804 27
1756059268777 0.28512695282697675 28
1756059268784 0.3179702632129192 29
1756059268791 0.2841643638908863 30
1756059268798 0.28278167769312856 31
1756059268805 0.3109725505113602 32
1756059268812 0.2629910372197628 33
1756059268819 0.23735398799180984 34
1756059268825 0.34842868372797964 35
1756059268832 0.3526517704129219 36
1756059268839 0.3162221908569336 37
1756059268846 0.32625464871525767 38
1756059268853 0.2767923675477505 39
1756059268861 0.3224116489291191 40
1756059268868 0.29974848628044126 41
1756059268875 0.25784212350845337 42
1756059268882 0.2506395749747753 43
1756059268890 0.23637782111763955 44
1756059268897 0.2110052227973938 45
1756059268904 0.22303407788276672 46
1756059268911 0.24833498969674112 47
1756059268918 0.2691672407090664 48
1756059268926 0.33321030288934705 49
1756059268933 0.2782751888036728 50
1756059268940 0.2498270981013775 51
1756059268947 0.20527955442667006 52
1756059268954 0.19151211492717266 53
1756059268962 0.2648502741008997 54
1756059268969 0.190120261721313 55
1756059268976 0.26476914510130883 56
1756059268984 0.24958460927009582 57
1756059268991 0.20757389739155768 58
1756059268998 0.18965196348726748 59
1756059269006 0.18230663947761058 60
1756059269013 0.19708495438098908 61
1756059269020 0.17090305611491202 62
1756059269028 0.22146971561014653 63
1756059269035 0.17508572675287723 64
1756059269042 0.1761657800525427 65
1756059269050 0.20620324946939944 66
1756059269057 0.17067260034382342 67
1756059269065 0.1471776280552149 68
1756059269072 0.14120007697492837 69
1756059269080 0.147426675632596 70
1756059269087 0.13928177133202552 71
1756059269095 0.1453572202473879 72
1756059269102 0.15663504898548125 73
1756059269110 0.16541179306805134 74
1756059269117 0.1949168648570776 75
1756059269125 0.25701924264431 76
1756059269132 0.2131224934011698 77
1756059269140 0.23046157769858838 78
1756059269147 0.15169139206409454 79
1756059269155 0.1650795429944992 80
1756059269163 0.1590447012335062 81
1756059269171 0.15733239129185678 82
1756059269178 0.1799655955284834 83
1756059269186 0.22109594903886318 84
1756059269194 0.1368059679865837 85
1756059269201 0.12970021553337574 86
1756059269209 0.18821059949696065 87
1756059269217 0.15400871597230434 88
1756059269225 0.13005985580384732 89
1756059269233 0.14099786393344402 90
1756059269240 0.14545875526964663 91
1756059269248 0.13187191896140577 92
1756059269256 0.2085353046655655 93
