1756059268589 0.8698639243841171 1
1756059268604 0.7134662479162216 2
1756059268611 0.6891161620616912 3
1756059268617 0.7147179931402207 4
1756059268624 0.7292647331953048 5
1756059268630 0.6256260506808757 6
1756059268637 0.6264381378889083 7
1756059268643 0.6174691393971443 8
1756059268649 0.5854175865650177 9
1756059268656 0.5545346856117248 10
1756059268663 0.523102031648159 11
1756059268669 0.49847114086151123 12
1756059268676 0.49543545842170716 13
1756059268682 0.5109693899750709 14
1756059268689 0.564750936627388 15
1756059268696 0.5642918691039085 16
1756059268702 0.4761021167039871 17
1756059268709 0.4521473079919815 18
1756059268716 0.45312601923942564 19
1756059268723 0.4258906304836273 20
1756059268729 0.4511512011289597 21
1756059268736 0.44915442019701 22
1756059268743 0.44638451039791105 23
1756059268750 0.4785902753472328 24
1756059268757 0.44604782313108443 25
1756059268763 0.4059752807021141 26
1756059268770 0.4373863309621811 27
1756059268777 0.39991497844457624 28
1756059268784 0.42518875151872637 29
1756059268791 0.4089928209781647 30
1756059268798 0.39718520641326904 31
1756059268805 0.40860015004873274 32
1756059268812 0.3921170234680176 33
1756059268819 0.3767344683408737 34
1756059268825 0.40528481751680373 35
1756059268832 0.433288212120533 36
1756059268839 0.43754352778196337 37
1756059268846 0.4268235400319099 38
1756059268853 0.40773451775312425 39
1756059268861 0.4188512921333313 40
1756059268868 0.42021392583847045 41
1756059268875 0.3916040509939194 42
1756059268882 0.37839307337999345 43
1756059268890 0.36934462934732437 44
1756059268897 0.3557852149009705 45
1756059268904 0.36496766805648806 46
1756059268911 0.3771624892950058 47
1756059268918 0.3845364019274712 48
1756059268926 0.39412983804941176 49
1756059268933 0.39088705033063886 50
1756059268940 0.3717373564839363 51
1756059268947 0.34311138838529587 52
1756059268954 0.3339240878820419 53
1756059268962 0.36316067427396775 54
1756059268969 0.33125669658184054 55
1756059268976 0.35481625199317934 56
1756059268984 0.3823437556624413 57
1756059268991 0.3409357532858849 58
1756059268998 0.3333140179514885 59
1756059269006 0.33279540240764616 60
1756059269013 0.3359134614467621 61
1756059269020 0.3160958468914032 62
1756059269028 0.3421805739402771 63
1756059269035 0.32395426407456396 64
1756059269042 0.32219177633523943 65
1756059269050 0.3427843704819679 66
1756059269057 0.3159133940935135 67
1756059269065 0.2972311794757843 68
1756059269072 0.28812759965658186 69
1756059269080 0.29657873287796976 70
1756059269087 0.287324321269989 71
1756059269095 0.29639951437711715 72
1756059269102 0.29959357976913453 73
1756059269110 0.3091220550239086 74
1756059269117 0.318430070579052 75
1756059269125 0.3344180606305599 76
1756059269132 0.34740144312381743 77
1756059269140 0.34147256687283517 78
1756059269147 0.2957453399896622 79
1756059269155 0.3168887957930565 80
1756059269163 0.3026175081729889 81
1756059269171 0.3083532929420471 82
1756059269178 0.3105783872306347 83
1756059269186 0.3314352422952652 84
1756059269194 0.27960838451981546 85
1756059269201 0.27779815495014193 86
1756059269209 0.30494168400764465 87
1756059269217 0.29609317779541017 88
1756059269225 0.28096076250076296 89
1756059269233 0.2890028588473797 90
1756059269240 0.2810358561575413 91
1756059269248 0.2813627541065216 92
1756059269256 0.3103985473513603 93
