1756345190237 2.3119958639144897 1
1756345190245 1.3417995423078537 2
1756345190251 2.1133090257644653 3
1756345190257 1.4805664271116257 4
1756345190263 1.1479474107424419 5
1756345190269 1.6032317479451497 6
1756345190275 0.9059515297412872 7
1756345190281 0.7067684233188629 8
1756345190287 0.5254746526479721 9
1756345190293 0.5127518499890963 10
1756345190299 0.572226790090402 11
1756345190305 0.482436486830314 12
1756345190311 0.44831446806589764 13
1756345190317 0.3904155728717645 14
1756345190323 0.29992341126004857 15
1756345190330 0.3955400896569093 16
1756345190336 0.3126605761547883 17
1756345190342 0.3630936046441396 18
1756345190349 0.2167285904288292 19
1756345190355 0.1878043164809545 20
1756345190361 0.19070766183237234 21
1756345190368 0.1860444334646066 22
1756345190374 0.13380438461899757 23
1756345190381 0.15884620944658914 24
1756345190387 0.23609459586441517 25
1756345190394 0.19110022857785225 26
1756345190400 0.15884659687678018 27
1756345190407 0.12509165331721306 28
1756345190414 0.11048430887361367 29
1756345190420 0.12819884655376276 30
1756345190427 0.12891788283983865 31
1756345190434 0.11989120269815128 32
1756345190440 0.1280680876225233 33
1756345190447 0.15849988783399263 34
1756345190454 0.1784854351232449 35
1756345190461 0.13632510975003242 36
1756345190468 0.13741383577386537 37
1756345190475 0.10289121108750503 38
1756345190482 0.1176042767862479 39
1756345190489 0.11466081316272418 40
1756345190496 0.12809800573935112 41
1756345190503 0.14772748202085495 42
1756345190510 0.1290710922330618 43
1756345190517 0.11509265129764874 44
1756345190524 0.11713173799216747 45
1756345190531 0.1241982492307822 46
1756345190538 0.19310438043127456 47
1756345190545 0.15093019977211952 48
1756345190552 0.11838745263715585 49
1756345190560 0.0915228184312582 50
1756345190567 0.10151813551783562 51
1756345190574 0.07634440685311954 52
1756345190581 0.07684152852743864 53
1756345190589 0.06474959788223107 54
1756345190596 0.08294735662639141 55
1756345190603 0.10314648939917485 56
1756345190611 0.07636431573579709 57
1756345190618 0.10185567072282235 58
1756345190626 0.14403184223920107 59
1756345190633 0.09220901007453601 60
1756345190641 0.08165726189812024 61
1756345190649 0.08501010419179995 62
1756345190656 0.0744767685731252 63
1756345190664 0.07248896422485511 64
1756345190671 0.061124516961475216 65
1756345190679 0.0715595626582702 66
1756345190687 0.06382418889552355 67
1756345190695 0.06239531158159176 68
1756345190702 0.06657306756824255 69
1756345190710 0.06969426510234673 70
1756345190718 0.0803358806297183 71
1756345190726 0.07164189498871565 72
1756345190734 0.05036070787658294 73
1756345190742 0.05834453925490379 74
1756345190750 0.0808737011005481 75
1756345190758 0.07698312525947888 76
1756345190766 0.06334238561491172 77
1756345190774 0.0570885743945837 78
1756345190782 0.08074768865481019 79
1756345190791 0.05738528041789929 80
1756345190799 0.08840353569636743 81
1756345190807 0.068826782827576 82
1756345190815 0.05887159798294306 83
1756345190824 0.05412051849998534 84
1756345190832 0.06692223732049267 85
1756345190840 0.05604985790948073 86
1756345190849 0.05989999075730642 87
1756345190857 0.05612968156735102 88
1756345190865 0.046744097179422774 89
1756345190874 0.05425516112397114 90
1756345190882 0.06032439957683285 91
1756345190891 0.08337038724372785 92
1756345190899 0.07255127932876348 93
1756345190908 0.0696788093385597 94
1756345190916 0.05132953046510617 95
1756345190925 0.05305304021264116 96
1756345190934 0.04022886169453462 97
1756345190942 0.04648420835534731 98
1756345190951 0.0618104194290936 99
1756345190960 0.04811803468813499 100
1756345190968 0.04505838515857855 101
1756345190977 0.04371610966821512 102
1756345190986 0.03381574914480249 103
1756345190995 0.045421689127882324 104
1756345191003 0.0502048364530007 105
1756345191012 0.038333958480507135 106
1756345191021 0.048414037097245455 107
1756345191030 0.03755371148387591 108
1756345191039 0.034275290090590715 109
1756345191048 0.04382657508055369 110
1756345191057 0.044637447843949 111
1756345191066 0.04914222238585353 112
1756345191076 0.03934416097278396 113
1756345191085 0.037922812004884086 114
1756345191094 0.057801613584160805 115
1756345191103 0.03772290159637729 116
1756345191112 0.044090889394283295 117
