1756345225841 0.0004339172852199622 1
1756345225862 0.0008678345704399244 2
1756345225879 0.0013017518556598866 3
1756345225895 0.0017356691408798488 4
1756345225911 0.002169586426099811 5
1756345225928 0.002169586426099811 6
1756345225944 0.002169331940334164 7
1756345225960 0.00216856860249385 8
1756345225977 0.002167296770892676 9
1756345225993 0.002165517042533436 10
1756345226010 0.0021632302528276754 11
1756345226026 0.0021604374752035443 12
1756345226042 0.002157140020601928 13
1756345226059 0.0021533394368610827 14
1756345226075 0.0021490375079900796 15
1756345226092 0.0021442362533313796 16
1756345226108 0.0021389379266129466 17
1756345226125 0.0021331450148903393 18
1756345226141 0.0021268602373792785 19
1756345226158 0.002120086544179234 20
1756345226175 0.0021128271148886384 21
1756345226191 0.0021050853571123705 22
1756345226208 0.0020968649048622107 23
1756345226225 0.002088169616851024 24
1756345226242 0.002079003574681462 25
1756345226258 0.002069371080930044 26
1756345226275 0.0020592766571275113 27
1756345226292 0.0020487250416364013 28
1756345226309 0.002037721187426842 29
1756345226326 0.0020262702597516075 30
1756345226343 0.0020143776337215296 31
1756345226360 0.0020020488917823977 32
1756345226377 0.0019892898210945365 33
1756345226394 0.001976106410816292 34
1756345226411 0.0019625048492926947 35
1756345226428 0.0019484915211506273 36
1756345226446 0.0019340730043018554 37
1756345226463 0.0019192560668553286 38
1756345226480 0.0019040476639402043 39
1756345226498 0.0018884549344410822 40
1756345226515 0.0018724851976469835 41
1756345226532 0.0018561459498156485 42
1756345226549 0.0018394448606547614 43
1756345226566 0.0018223897697217618 44
1756345226583 0.0018049886827439232 45
1756345226601 0.0017872497678604344 46
1756345226618 0.0017691813517882414 47
1756345226635 0.001750791915913454 48
1756345226653 0.0017320900923101503 49
1756345226674 0.0017130846596884453 50
1756345226692 0.0016937845392737303 51
1756345226709 0.0016741987906190156 52
1756345226726 0.0016543366073523385 53
1756345226744 0.0016342073128612386 54
1756345226762 0.0016138203559163235 55
1756345226779 0.001593185306235977 56
1756345226797 0.0015723118499942966 57
1756345226814 0.0015512097852743638 58
1756345226832 0.001529889017468987 59
1756345226850 0.0015083595546310684 60
1756345226867 0.0014866315027757865 61
1756345226885 0.0014647150611367904 62
1756345226903 0.0014426205173786418 63
1756345226920 0.0014203582427677417 64
1756345226938 0.001397938687304019 65
1756345226956 0.0013753723748156574 66
1756345226974 0.0013526698980191698 67
1756345226992 0.0013298419135471353 68
1756345227010 0.0013068991369459331 69
1756345227028 0.001283852337645823 70
1756345227046 0.0012607123339057316 71
1756345227064 0.0012374899877351186 72
1756345227082 0.0012141961997953078 73
1756345227100 0.0011908419042826724 74
1756345227119 0.0011674380637960791 75
1756345227137 0.0011439956641910028 76
1756345227155 0.0011205257094227216 77
1756345227173 0.001097039216381015 78
1756345227191 0.0010735472097187957 79
1756345227210 0.0010500607166770894 80
1756345227228 0.001026590761908808 81
1756345227246 0.0010031483623037319 82
1756345227265 0.0009797445218171388 83
1756345227283 0.0009563902263045032 84
1756345227301 0.0009330964383646924 85
1756345227320 0.0009098740921940795 86
1756345227339 0.0008867340884539878 87
1756345227357 0.000863687289153878 88
1756345227376 0.0008407445125526758 89
1756345227394 0.0008179165280806414 90
1756345227423 0.000795214051284154 91
1756345227441 0.0007726477387957921 92
1756345227460 0.0007502281833320693 93
1756345227479 0.0007279659087211692 94
1756345227497 0.0007058713649630205 95
1756345227516 0.0006839549233240246 96
1756345227535 0.0006622268714687426 97
1756345227553 0.000640697408630824 98
1756345227572 0.0006193766408254473 99
1756345227591 0.0005982745761055148 100
1756345227610 0.0005774011198638341 101
1756345227628 0.0005567660701834876 102
1756345227647 0.0005363791132385722 103
1756345227666 0.0005162498187474726 104
1756345227685 0.0004963876354807952 105
1756345227704 0.00047680188682608073 106
1756345227723 0.00045750176641136603 107
1756345227742 0.00043849633378966103 108
1756345227761 0.00041979451018635684 109
1756345227780 0.0004014050743115697 110
1756345227799 0.00038333665823937654 111
1756345227819 0.0003655977433558878 112
1756345227838 0.00034819665637804913 113
1756345227857 0.0003311415654450495 114
1756345227876 0.00031444047628416275 115
1756345227896 0.0002981012284528275 116
1756345227915 0.0002821314916587288 117
1756345227934 0.00026653876215960667 118
1756345227954 0.00025133035924448217 119
1756345227973 0.00023651342179795555 120
1756345227992 0.00022209490494918348 121
1756345228012 0.00020808157680711652 122
1756345228031 0.00019448001528351945 123
1756345228051 0.00018129660500527494 124
1756345228071 0.00016853753431741357 125
1756345228090 0.00015620879237828144 126
1756345228110 0.00014431616634820332 127
1756345228130 0.0001328652386729692 128
1756345228149 0.00012186138446340963 129
1756345228174 0.00011130976897229976 130
1756345228194 0.00010121534516976724 131
1756345228214 9.158285141834925e-05 132
1756345228234 8.241680924878702e-05 133
1756345228254 7.372152123760015e-05 134
1756345228274 6.55010689874405e-05 135
1756345228294 5.775931121117262e-05 136
