1756345199516 1.266327788432439 1
1756345199528 1.0519560823837917 2
1756345199538 0.9882463614145914 3
1756345199548 0.8397495274742445 4
1756345199560 0.7918558220068613 5
1756345199571 0.7832949658234915 6
1756345199581 0.7717169125874838 7
1756345199591 0.5516653706630071 8
1756345199601 0.5866321126619974 9
1756345199611 0.46656250456968945 10
1756345199622 0.45096202691396076 11
1756345199632 0.3709840302666028 12
1756345199642 0.31506892169515294 13
1756345199653 0.38110989332199097 14
1756345199663 0.3234444372355938 15
1756345199674 0.27452772359053296 16
1756345199684 0.2761279058953126 17
1756345199695 0.2445463389158249 18
1756345199705 0.20786148682236671 19
1756345199716 0.198042011509339 20
1756345199726 0.1899967243274053 21
1756345199737 0.17355803027749062 22
1756345199747 0.15850313380360603 23
1756345199758 0.17879401768247286 24
1756345199769 0.17707118888696036 25
1756345199780 0.1726277843117714 26
1756345199790 0.16147720192869505 27
1756345199801 0.14632863427201906 28
1756345199812 0.13804248906672 29
1756345199823 0.14067311522861323 30
1756345199834 0.11660406676431496 31
1756345199845 0.11533558679123719 32
1756345199856 0.11798684174815814 33
1756345199867 0.10289766825735569 34
1756345199878 0.10552945422629516 35
1756345199889 0.09691111122568448 36
1756345199900 0.09526095973948638 37
1756345199911 0.09613756152490775 38
1756345199922 0.10441153434415658 39
1756345199933 0.09381050306061904 40
1756345199944 0.12146962806582451 41
1756345199955 0.10353321147461732 42
1756345199967 0.1250336654484272 43
1756345199978 0.09831412819524606 44
1756345199989 0.0967960258324941 45
1756345200000 0.10119401446233194 46
1756345200012 0.08119154504189889 47
1756345200023 0.09909202251583338 48
1756345200035 0.09824277864148219 49
1756345200046 0.07935502907882135 50
1756345200058 0.08754601050168276 51
1756345200069 0.07793289981782436 52
1756345200081 0.08803922962397337 53
1756345200092 0.07969345400730769 54
1756345200104 0.07830058162411054 55
1756345200115 0.0664831530302763 56
1756345200127 0.08654478626946609 57
1756345200139 0.0906426440924406 58
1756345200150 0.09455723501741886 59
1756345200162 0.07448322139680386 60
1756345200174 0.06111074549456438 61
1756345200186 0.06344626160959403 62
1756345200197 0.06320302591969569 63
1756345200209 0.05181523598730564 64
1756345200221 0.054625253193080425 65
1756345200233 0.06035333375136057 66
1756345200245 0.04850571043789387 67
1756345200257 0.06636816666771968 68
1756345200269 0.050722457778950535 69
1756345200281 0.05281790904700756 70
1756345200293 0.04985181428492069 71
1756345200305 0.058283680118620396 72
1756345200317 0.060148720629513264 73
1756345200329 0.05176176829263568 74
1756345200341 0.060698850390811764 75
1756345200353 0.0480832572405537 76
1756345200366 0.05070492718368769 77
1756345200378 0.05919172428548336 78
