1756345209850 0.0004339172852199622 1
1756345209866 0.0008678345704399244 2
1756345209879 0.0013017518556598866 3
1756345209892 0.0017356691408798488 4
1756345209905 0.002169586426099811 5
1756345209918 0.002169586426099811 6
1756345209931 0.002169331940334164 7
1756345209944 0.00216856860249385 8
1756345209958 0.002167296770892676 9
1756345209971 0.002165517042533436 10
1756345209986 0.0021632302528276754 11
1756345210000 0.0021604374752035443 12
1756345210013 0.002157140020601928 13
1756345210026 0.0021533394368610827 14
1756345210039 0.0021490375079900796 15
1756345210053 0.0021442362533313796 16
1756345210066 0.0021389379266129466 17
1756345210079 0.0021331450148903393 18
1756345210093 0.0021268602373792785 19
1756345210106 0.002120086544179234 20
1756345210120 0.0021128271148886384 21
1756345210133 0.0021050853571123705 22
1756345210147 0.0020968649048622107 23
1756345210160 0.002088169616851024 24
1756345210174 0.002079003574681462 25
1756345210188 0.002069371080930044 26
1756345210201 0.0020592766571275113 27
1756345210215 0.0020487250416364013 28
1756345210228 0.002037721187426842 29
1756345210242 0.0020262702597516075 30
1756345210256 0.0020143776337215296 31
1756345210270 0.0020020488917823977 32
1756345210283 0.0019892898210945365 33
1756345210297 0.001976106410816292 34
1756345210311 0.0019625048492926947 35
1756345210325 0.0019484915211506273 36
1756345210339 0.0019340730043018554 37
1756345210353 0.0019192560668553286 38
1756345210367 0.0019040476639402043 39
1756345210381 0.0018884549344410822 40
1756345210395 0.0018724851976469835 41
1756345210409 0.0018561459498156485 42
1756345210423 0.0018394448606547614 43
1756345210438 0.0018223897697217618 44
1756345210452 0.0018049886827439232 45
1756345210466 0.0017872497678604344 46
1756345210480 0.0017691813517882414 47
1756345210494 0.001750791915913454 48
1756345210509 0.0017320900923101503 49
1756345210523 0.0017130846596884453 50
1756345210537 0.0016937845392737303 51
1756345210552 0.0016741987906190156 52
1756345210566 0.0016543366073523385 53
1756345210581 0.0016342073128612386 54
1756345210595 0.0016138203559163235 55
1756345210610 0.001593185306235977 56
1756345210624 0.0015723118499942966 57
1756345210638 0.0015512097852743638 58
1756345210653 0.001529889017468987 59
1756345210667 0.0015083595546310684 60
1756345210682 0.0014866315027757865 61
1756345210697 0.0014647150611367904 62
1756345210711 0.0014426205173786418 63
1756345210726 0.0014203582427677417 64
1756345210741 0.001397938687304019 65
1756345210755 0.0013753723748156574 66
1756345210770 0.0013526698980191698 67
1756345210785 0.0013298419135471353 68
1756345210800 0.0013068991369459331 69
1756345210814 0.001283852337645823 70
1756345210829 0.0012607123339057316 71
1756345210844 0.0012374899877351186 72
1756345210859 0.0012141961997953078 73
1756345210874 0.0011908419042826724 74
1756345210888 0.0011674380637960791 75
1756345210903 0.0011439956641910028 76
1756345210918 0.0011205257094227216 77
1756345210933 0.001097039216381015 78
1756345210948 0.0010735472097187957 79
1756345210963 0.0010500607166770894 80
1756345210979 0.001026590761908808 81
1756345210994 0.0010031483623037319 82
1756345211009 0.0009797445218171388 83
1756345211024 0.0009563902263045032 84
1756345211039 0.0009330964383646924 85
1756345211054 0.0009098740921940795 86
