1755915525582 0.7139901106174176 1
1755915525587 0.5795144851391132 2
1755915525591 0.5530486496595236 3
1755915525596 0.5329993802767533 4
1755915525600 0.4988186817902785 5
1755915525605 0.4142478842001695 6
1755915525609 0.3674933130924518 7
1755915525613 0.3493045981113727 8
1755915525618 0.30726561638025135 9
1755915525622 0.299070995587569 10
1755915525626 0.2839977236894461 11
1755915525630 0.2839842324073498 12
1755915525634 0.27877192428478825 13
1755915525639 0.26062488899781155 14
1755915525644 0.24387849981968218 15
1755915525648 0.24086850766952222 16
1755915525652 0.23826837539672852 17
1755915525657 0.22324693890718314 18
1755915525665 0.22077417488281542 19
1755915525669 0.1999120253783006 20
1755915525674 0.20060625672340393 21
1755915525679 0.1964230789588048 22
1755915525685 0.17750461514179522 23
1755915525690 0.17552841626680815 24
1755915525694 0.18762515485286713 25
1755915525699 0.19294370825474078 26
1755915525704 0.18765214544076186 27
1755915525708 0.16991482560451215 28
1755915525713 0.16345047033750093 29
1755915525718 0.1673850004489605 30
1755915525723 0.16754019145782179 31
1755915525727 0.16355791573341077 32
1755915525732 0.16044682608200952 33
1755915525739 0.16738959000660822 34
1755915525744 0.16192529866328606 35
1755915525749 0.16381345574672407 36
1755915525754 0.15429628583101127 37
1755915525758 0.15365895055807555 38
1755915525763 0.15608572959899902 39
1755915525768 0.1514350680204538 40
1755915525772 0.16584419287168062 41
1755915525776 0.15533615763370806 42
1755915525781 0.15478660395512214 43
1755915525786 0.1593335993014849 44
1755915525790 0.15391400571052843 45
1755915525795 0.14059809881907243 46
1755915525800 0.13741480100613374 47
1755915525805 0.14817713143733832 48
1755915525809 0.15352907604896104 49
1755915525814 0.14775302318426278 50
1755915525819 0.15714450065906233 51
1755915525823 0.1433855088857504 52
1755915525828 0.13737992885021064 53
1755915525834 0.1280738333096871 54
1755915525839 0.13291810395625922 55
1755915525844 0.1267331953232105 56
1755915525848 0.1307037535768289 57
1755915525855 0.12056044603769596 58
1755915525860 0.1258069076217138 59
1755915525866 0.12982068497401017 60
1755915525873 0.14663163859110612 61
1755915525878 0.12242865619751123 62
1755915525884 0.11748159160980812 63
1755915525889 0.1238328883281121 64
1755915525895 0.1221580167229359 65
1755915525900 0.13527611184578675 66
1755915525907 0.12237602472305298 67
1755915525912 0.11746114836289333 68
1755915525917 0.11634689626785424 69
1755915525922 0.1265620761192762 70
1755915525928 0.12421112278333077 71
1755915525934 0.12470809542215787 72
1755915525939 0.12754507305530402 73
1755915525945 0.11181851762991685 74
1755915525952 0.11522488926465695 75
1755915525962 0.11975835550289887 76
1755915525967 0.12009299947665288 77
1755915525972 0.11213425546884537 78
1755915525977 0.11696820190319648 79
1755915525982 0.1208801344037056 80
1755915525987 0.11254944595006797 81
1755915525993 0.11473064583081466 82
1755915525998 0.1069977656006813 83
1755915526004 0.11009042194256416 84
1755915526009 0.10817581701737183 85
1755915526014 0.11223059892654419 86
1755915526019 0.10538303565520507 87
1755915526026 0.10423886890594776 88
1755915526031 0.1101712487064875 89
1755915526036 0.11268650797697213 90
1755915526041 0.10301062808587001 91
1755915526046 0.10670708750302975 92
1755915526054 0.10504438613469784 93
1755915526059 0.1063714474439621 94
1755915526064 0.11685294371384841 95
1755915526069 0.10558834958534974 96
1755915526075 0.0993337333202362 97
1755915526080 0.09587816722117938 98
1755915526086 0.09726468760233659 99
1755915526091 0.09784418974931423 100
1755915526097 0.10311603947327687 101
1755915526102 0.09834137960122181 102
1755915526110 0.10501987372453396 103
1755915526116 0.09395372867584229 104
1755915526122 0.09829540149523662 105
1755915526127 0.09556929480571014 106
1755915526132 0.09496157272503926 107
1755915526138 0.09595676912711217 108
1755915526143 0.10001622770841305 109
1755915526149 0.09267908735917164 110
1755915526155 0.10398819469488584 111
1755915526160 0.09338871332315299 112
1755915526168 0.0914848716213153 113
