1756344980478 2.236013816750568 1
1756344980486 1.4520375521286675 2
1756344980492 1.0297029329382854 3
1756344980498 1.0692621573157932 4
1756344980504 0.9462452401285586 5
1756344980510 0.7609257957209712 6
1756344980516 0.7462346087331357 7
1756344980522 0.5874994228715482 8
1756344980528 0.5955642552479453 9
1756344980534 0.5203420234763104 10
1756344980540 0.5688051723915598 11
1756344980546 0.5342243922793347 12
1756344980552 0.46632589853328205 13
1756344980558 0.4564702692239181 14
1756344980565 0.4343535278154456 15
1756344980571 0.3860929310321808 16
1756344980577 0.31845855518527655 17
1756344980583 0.36020049971082935 18
1756344980590 0.3512315912091214 19
1756344980596 0.41188059941582056 20
1756344980603 0.41383380863977515 21
1756344980609 0.38703437473462976 22
1756344980615 0.38044221893600794 23
1756344980622 0.36493671782638715 24
1756344980628 0.33447892186434375 25
1756344980635 0.36720505097638007 26
1756344980642 0.3344977271297704 27
1756344980648 0.320164376626844 28
1756344980655 0.29917557084042096 29
1756344980661 0.28127983342046325 30
1756344980668 0.2517131780800612 31
1756344980675 0.26688427056955255 32
1756344980681 0.2682601317115452 33
1756344980688 0.2564205928989079 34
1756344980695 0.2356929468071979 35
1756344980702 0.2843361924523893 36
1756344980709 0.3007096589907356 37
1756344980716 0.2688331908505896 38
1756344980722 0.22944691680047824 39
1756344980729 0.23181851791298907 40
1756344980737 0.24527955832688705 41
1756344980744 0.2378551817458609 42
1756344980751 0.2305359775605409 43
1756344980758 0.22224887654833173 44
1756344980765 0.2368194026791531 45
1756344980772 0.21272558654132095 46
1756344980779 0.1806459465752477 47
1756344980786 0.19254715773074524 48
1756344980793 0.1805563384424085 49
1756344980801 0.1625877586395844 50
1756344980808 0.15563195490318796 51
1756344980815 0.1569964318819668 52
1756344980822 0.13768479454776514 53
1756344980830 0.1541002535301706 54
1756344980837 0.15253100058306818 55
1756344980844 0.15031921474829965 56
1756344980852 0.15733622144097867 57
1756344980859 0.1594433421673982 58
1756344980867 0.12268710881471634 59
1756344980874 0.12312652041082797 60
1756344980882 0.12470418959856033 61
1756344980889 0.13864389742198197 62
1756344980897 0.1299150508383046 63
1756344980904 0.1280248421041862 64
1756344980912 0.14646855968496073 65
1756344980920 0.13973907154539358 66
1756344980927 0.1277242069659026 67
1756344980935 0.12581604103679242 68
1756344980943 0.1112712028881778 69
1756344980951 0.11959581271461818 70
1756344980959 0.12829159200191498 71
1756344980967 0.13116606422092603 72
1756344980975 0.10814971671156261 73
1756344980983 0.12071197512357132 74
1756344980991 0.09726035773106244 75
1756344980999 0.10847032491279684 76
1756344981007 0.09849957279537035 77
1756344981015 0.09933518861298976 78
1756344981023 0.09665195190388223 79
1756344981031 0.09285224099522052 80
1756344981039 0.08686023075943408 81
1756344981047 0.09178050672230513 82
1756344981056 0.0868351516192374 83
1756344981064 0.08511877173314923 84
1756344981072 0.0949438326060772 85
1756344981080 0.08189480039088623 86
1756344981089 0.09908875450491905 87
1756344981097 0.09272128537945125 88
1756344981105 0.07343833245660948 89
1756344981114 0.0784999736301277 90
1756344981122 0.06291423567935177 91
1756344981131 0.06878968554994334 92
1756344981139 0.06565522758857063 93
1756344981148 0.06748898132987645 94
1756344981156 0.0740612233462541 95
1756344981165 0.08230755931657294 96
1756344981174 0.06921422157598578 97
1756344981182 0.07370726926171262 98
1756344981191 0.06798464221798856 99
1756344981200 0.06787225668844969 100
1756344981208 0.06768472411710283 101
1756344981217 0.059447568071925125 102
1756344981226 0.05455600988605748 103
1756344981234 0.05830026644727458 104
1756344981243 0.06301985794435376 105
1756344981252 0.06290239581595296 106
1756344981261 0.05922940170959286 107
1756344981270 0.06086787046945613 108
1756344981279 0.05963312057049378 109
1756344981288 0.05685737421331198 110
1756344981297 0.04973826468314813 111
1756344981306 0.05332428759530834 112
1756344981315 0.051957088482120765 113
1756344981324 0.052304975850426635 114
1756344981333 0.05335924742014512 115
1756344981342 0.056973884934964386 116
1756344981351 0.05149965992440348 117
1756344981361 0.04863301875150722 118
1756344981370 0.0510728325208892 119
