1756345037915 0.0019576825300942585 1
1756345037934 0.003915365060188517 2
1756345037951 0.005873047590282776 3
1756345037968 0.007830730120377034 4
1756345037985 0.009788412650471293 5
1756345038002 0.009788412650471293 6
1756345038019 0.009787264087899804 7
1756345038036 0.009783818939325157 8
1756345038053 0.00977807882191375 9
1756345038071 0.00977004643009944 10
1756345038088 0.00975972553431878 11
1756345038105 0.009747120979241151 12
1756345038122 0.009732238681494658 13
1756345038140 0.009715085626888843 14
1756345038157 0.009695669867135515 15
1756345038174 0.00967400051606925 16
1756345038192 0.009650087745369311 17
1756345038209 0.009623942779785035 18
1756345038227 0.009595577891866878 19
1756345038244 0.009565006396205642 20
1756345038261 0.009532242643182545 21
1756345038279 0.0094973020122331 22
1756345038296 0.009460200904627946 23
1756345038314 0.009420956735774024 24
1756345038332 0.009379587927039723 25
1756345038349 0.009336113897107806 26
1756345038367 0.009290555052860213 27
1756345038385 0.009242932779798983 28
1756345038402 0.009193269432007824 29
1756345038420 0.009141588321659002 30
1756345038438 0.009087913708070532 31
1756345038455 0.009032270786318746 32
1756345038473 0.008974685675411627 33
1756345038491 0.008915185406028448 34
1756345038509 0.008853797907831458 35
1756345038527 0.008790551996355592 36
1756345038544 0.008725477359482342 37
1756345038562 0.00865860454350415 38
1756345038580 0.008589964938785855 39
1756345038598 0.008519590765029932 40
1756345038616 0.008447515056152436 41
1756345038634 0.008373771644776757 42
1756345038652 0.008298395146352435 43
1756345038670 0.008221420942906557 44
1756345038688 0.008142885166435267 45
1756345038707 0.008062824681943283 46
1756345038725 0.007981277070139306 47
1756345038743 0.007898280609795492 48
1756345038761 0.007813874259779247 49
1756345038780 0.0077280976407657735 50
1756345038798 0.007640991016639969 51
1756345038816 0.007552595275596405 52
1756345038835 0.007462951910946244 53
1756345038853 0.00737210300164011 54
1756345038871 0.007280091192516072 55
1756345038890 0.007186959674281976 56
1756345038908 0.007092752163241567 57
1756345038927 0.006997512880773869 58
1756345038945 0.006901286532575514 59
1756345038964 0.006804118287675692 60
1756345038983 0.006706053757233641 61
1756345039001 0.006607138973128582 62
1756345039020 0.006507420366352178 63
1756345039038 0.006406944745213636 64
1756345039057 0.006305759273367708 65
1756345039076 0.006203911447675879 66
1756345039095 0.006101449075911155 67
1756345039114 0.005998420254316904 68
1756345039133 0.005894873345030289 69
1756345039151 0.005790856953380889 70
1756345039170 0.005686419905075164 71
1756345039189 0.005581611223277476 72
1756345039208 0.005476480105598421 73
1756345039228 0.005371075901001278 74
1756345039247 0.0052654480866374 75
1756345039266 0.00515964624462146 76
1756345039285 0.005053720038757394 77
1756345039304 0.004947719191226024 78
1756345039323 0.00484169345924527 79
1756345039342 0.004735692611713901 80
1756345039361 0.004629766405849835 81
1756345039381 0.004523964563833895 82
1756345039400 0.004418336749470018 83
1756345039420 0.004312932544872874 84
1756345039439 0.004207801427193818 85
1756345039458 0.004102992745396131 86
