1756344980478 3.6524070864138394 1
1756344980486 2.1848535589549853 2
1756344980492 1.4474534962488257 3
1756344980498 1.3032214978466863 4
1756344980504 1.1335240421087847 5
1756344980510 1.0549961432166721 6
1756344980516 0.8324489956316741 7
1756344980522 0.6622686645259028 8
1756344980528 0.6615649079499037 9
1756344980534 0.6526051481132922 10
1756344980540 0.7964359729186349 11
1756344980546 0.6027683965537859 12
1756344980552 0.5354492120120836 13
1756344980558 0.5128185762011487 14
1756344980565 0.6025848323884218 15
1756344980571 0.4064422819925391 16
1756344980577 0.3425646871328354 17
1756344980583 0.41651198721450305 18
1756344980590 0.42271459296993585 19
1756344980596 0.516802205339722 20
1756344980603 0.49803684911002283 21
1756344980609 0.42861524613007257 22
1756344980615 0.47968619284422503 23
1756344980622 0.46827879353709845 24
1756344980628 0.37954364522643713 25
1756344980635 0.414298881655154 26
1756344980642 0.40555792787800665 27
1756344980648 0.35374739247819653 28
1756344980655 0.3581552978443063 29
1756344980661 0.31999488045339997 30
1756344980668 0.29039729775294015 31
1756344980675 0.32706279016059375 32
1756344980681 0.2624851530012877 33
1756344980688 0.2774460581333741 34
1756344980695 0.2548747114513231 35
1756344980702 0.4305177920538446 36
1756344980709 0.3492564662643101 37
1756344980716 0.3252681914878928 38
1756344980722 0.29450242869232013 39
1756344980729 0.24789238364800162 40
1756344980737 0.26146105514920276 41
1756344980744 0.2800292307915895 42
1756344980751 0.25051434208517487 43
1756344980758 0.3029950818289881 44
1756344980765 0.27724430710077286 45
1756344980772 0.2516425485196321 46
1756344980779 0.191606017558471 47
1756344980786 0.22586685807808585 48
1756344980793 0.21209823923266452 49
1756344980801 0.19796923645164655 50
1756344980808 0.15231407368960587 51
1756344980815 0.1643101731720178 52
1756344980822 0.15106498935948248 53
1756344980830 0.19215147164852722 54
1756344980837 0.17006390865730203 55
1756344980844 0.17683683173811954 56
1756344980852 0.19458597671726477 57
1756344980859 0.1743436502697675 58
1756344980867 0.14593646837317426 59
1756344980874 0.12996446163110112 60
1756344980882 0.1486944702008496 61
1756344980889 0.1570595642146857 62
1756344980897 0.15309314786092096 63
1756344980904 0.15698760747909546 64
1756344980912 0.21828761405271033 65
1756344980920 0.17053432276715402 66
1756344980927 0.14738590642809868 67
1756344980935 0.15471610443099684 68
1756344980943 0.13314466356583263 69
1756344980951 0.1341322273339914 70
1756344980959 0.18340387972800629 71
1756344980967 0.20218159225971802 72
1756344980975 0.12948238266550977 73
1756344980983 0.13458506212286328 74
1756344980991 0.13938847702482474 75
1756344980999 0.14378257970447125 76
1756344981007 0.11014932151073994 77
1756344981015 0.11726319692704988 78
1756344981023 0.13011895800414292 79
1756344981031 0.12064686887290167 80
1756344981039 0.0910781508554583 81
1756344981047 0.10351950156947841 82
1756344981056 0.10383335954469183 83
1756344981064 0.09109193750697633 84
1756344981072 0.11792855126702267 85
1756344981080 0.10690145162136658 86
1756344981089 0.16654906357112137 87
1756344981097 0.11487806928546532 88
1756344981105 0.08003838473688 89
1756344981114 0.0905821516138056 90
1756344981122 0.068195971943762 91
1756344981131 0.071211873513201 92
1756344981139 0.07773440849521886 93
1756344981148 0.07487797040654265 94
1756344981156 0.09022119673697845 95
1756344981165 0.12174480432725471 96
1756344981174 0.09773811859929044 97
1756344981182 0.09221248895577762 98
1756344981191 0.0746220704977927 99
1756344981200 0.08119949277328409 100
1756344981208 0.07824517770305923 101
1756344981217 0.06809277427585228 102
1756344981226 0.058977466724489044 103
1756344981234 0.07383819313152977 104
1756344981243 0.08172843605279922 105
1756344981252 0.08883419632911682 106
1756344981261 0.07595880135245946 107
1756344981270 0.07479364603109982 108
1756344981279 0.08110223969687587 109
1756344981288 0.05572756525614987 110
1756344981297 0.05847822089234124 111
1756344981306 0.06830827333033085 112
1756344981315 0.06329095015383285 113
1756344981324 0.05197888871897822 114
1756344981333 0.07291480963644774 115
1756344981342 0.07818816683214644 116
1756344981351 0.07430565745934196 117
1756344981361 0.05360018405253473 118
1756344981370 0.07666177505060383 119
