1756345019379 0.945395739182182 1
1756345019394 0.8549048978349437 2
1756345019407 0.8664816358815068 3
1756345019420 0.7118502881215967 4
1756345019433 0.7302012754523236 5
1756345019446 0.6421876471975575 6
1756345019459 0.5849001472410948 7
1756345019472 0.6149519617142885 8
1756345019485 0.5731931911862415 9
1756345019498 0.5036609237608702 10
1756345019511 0.5498185637204543 11
1756345019524 0.6140523967535599 12
1756345019538 0.5473813712596893 13
1756345019551 0.5033058161320894 14
1756345019564 0.4995919453061145 15
1756345019577 0.5023624352786852 16
1756345019590 0.49462607762087946 17
1756345019604 0.4689836139264314 18
1756345019617 0.4347424818121869 19
1756345019630 0.4404768503230551 20
1756345019643 0.4680348984573198 21
1756345019657 0.4546107468397721 22
1756345019670 0.43715742100840027 23
1756345019684 0.48675484372221905 24
1756345019697 0.41758484814478003 25
1756345019710 0.4111143104408098 26
1756345019724 0.3998619836309682 27
1756345019737 0.42355980562127155 28
1756345019751 0.3964371279529903 29
1756345019764 0.37841186575267627 30
1756345019778 0.363757804684017 31
1756345019792 0.3952652565810991 32
1756345019805 0.36782149646593176 33
1756345019819 0.37105400536371314 34
1756345019833 0.3730769559093144 35
1756345019847 0.34355003159979114 36
1756345019860 0.3395455686942391 37
1756345019874 0.358579792406248 38
1756345019888 0.3412440354409425 39
1756345019902 0.3554556551186935 40
1756345019916 0.3424277227857839 41
1756345019929 0.3215662454781325 42
1756345019943 0.29278610257998755 43
1756345019957 0.32765703875085583 44
1756345019971 0.36465006807576056 45
1756345019985 0.3632425056851428 46
1756345019999 0.33736888222072436 47
1756345020013 0.34310865920522937 48
1756345020027 0.3395747360975846 49
1756345020041 0.3496184569338094 50
1756345020056 0.317677598932515 51
1756345020070 0.3188281422076018 52
1756345020084 0.3077206456142923 53
1756345020098 0.3505367053591687 54
1756345020113 0.3391357077204663 55
1756345020127 0.31600371391876886 56
1756345020141 0.2955442977988202 57
1756345020156 0.2919000076211017 58
1756345020170 0.2965436189070992 59
1756345020184 0.27469079196453094 60
1756345020199 0.26299945427023846 61
1756345020213 0.25989680186561914 62
1756345020228 0.26733943366486096 63
1756345020242 0.26275997511718585 64
1756345020257 0.2765786667232928 65
1756345020271 0.2537389384663623 66
1756345020286 0.2699136714572492 67
1756345020301 0.26079895055812335 68
1756345020316 0.2646627665861793 69
1756345020330 0.2538844074891961 70
1756345020345 0.23476259539956632 71
1756345020360 0.24932462689669235 72
1756345020375 0.2494727664667627 73
1756345020390 0.22602573555448782 74
1756345020405 0.24354266278121783 75
1756345020420 0.23491304918475772 76
1756345020435 0.25487032986205554 77
1756345020450 0.2534378449554029 78
1756345020465 0.24910608581874683 79
1756345020480 0.23843554051026053 80
1756345020495 0.22529400625954504 81
1756345020510 0.22703024291473886 82
1756345020525 0.2408532325340354 83
1756345020540 0.22022583627182504 84
1756345020555 0.21280881049840347 85
1756345020571 0.22277975924637006 86
1756345020586 0.2044248095025187 87
1756345020601 0.2223204536282498 88
1756345020616 0.22790636575740317 89
1756345020632 0.2052595660738323 90
1756345020647 0.20356107470781906 91
1756345020662 0.20134859240573386 92
1756345020678 0.22505568615768268 93
1756345020693 0.22696004613586093 94
1756345020708 0.21410769677680472 95
1756345020724 0.21163029580012613 96
1756345020739 0.20369552011075226 97
1756345020755 0.21067915597687598 98
1756345020771 0.21693810691004214 99
1756345020786 0.20956769650397095 100
1756345020802 0.1959740953600925 101
1756345020818 0.18749132234117258 102
1756345020833 0.19943313948486163 103
1756345020849 0.20195230258547742 104
1756345020865 0.1861907263164935 105
1756345020880 0.18797296415204587 106
1756345020896 0.18670196701651035 107
1756345020912 0.19466764706632364 108
1756345020928 0.19005048339781555 109
1756345020944 0.18957535792952 110
1756345020960 0.18488701918850775 111
1756345020975 0.17896588211474213 112
1756345020991 0.17784253669821698 113
1756345021007 0.1893208480399588 114
1756345021023 0.17669029533863068 115
1756345021039 0.18269644029762433 116
1756345021056 0.1754834933773331 117
1756345021072 0.17777257833791815 118
1756345021088 0.16690070279266522 119
