1756057922097 0.8978117078542709 1
1756057922108 0.7557953715324401 2
1756057922115 0.7535751193761826 3
1756057922122 0.6990550637245179 4
1756057922129 0.7222236752510071 5
1756057922136 0.6721574008464813 6
1756057922144 0.5821055799722672 7
1756057922151 0.5447419717907905 8
1756057922159 0.4996670544147491 9
1756057922167 0.4866212412714958 10
1756057922175 0.4896062031388283 11
1756057922210 0.5132667779922485 12
1756057922218 0.48818381279706957 13
1756057922225 0.5141337484121322 14
1756057922234 0.5168036088347435 15
1756057922242 0.5261434525251388 16
1756057922250 0.503667590022087 17
1756057922258 0.5071007877588272 18
1756057922266 0.505269892513752 19
1756057922274 0.46745178401470183 20
1756057922281 0.45308672189712523 21
1756057922289 0.48969212025403974 22
1756057922296 0.4500852569937706 23
1756057922304 0.4381733998656273 24
1756057922311 0.49056140184402464 25
1756057922318 0.40750116258859637 26
1756057922325 0.4274054914712906 27
1756057922332 0.40880837887525556 28
1756057922339 0.44924064725637436 29
1756057922346 0.4239971339702606 30
1756057922353 0.42932793498039246 31
1756057922361 0.44395049959421157 32
1756057922368 0.42058478444814684 33
1756057922375 0.43260333091020586 34
1756057922383 0.434600767493248 35
1756057922391 0.434486623108387 36
1756057922399 0.3807748228311539 37
1756057922407 0.4239611357450485 38
1756057922415 0.3740409523248672 39
1756057922422 0.38666140735149385 40
1756057922430 0.39216438382864 41
1756057922437 0.3476653441786766 42
1756057922444 0.34889714866876603 43
1756057922452 0.3364046081900597 44
1756057922459 0.3678844928741455 45
1756057922467 0.3378190167248249 46
1756057922475 0.3383860096335411 47
1756057922483 0.37589324712753297 48
1756057922491 0.34260890185832976 49
1756057922499 0.3767626151442528 50
1756057922507 0.3742635458707809 51
1756057922516 0.36528949439525604 52
1756057922524 0.3572637528181076 53
1756057922532 0.3879203051328659 54
1756057922539 0.38466790318489075 55
1756057922547 0.3696033120155334 56
1756057922555 0.3629781112074852 57
1756057922563 0.3567065805196762 58
1756057922571 0.39835493117570875 59
1756057922579 0.35569978505373 60
1756057922587 0.3365899592638016 61
1756057922595 0.3374856859445572 62
1756057922602 0.3503025159239769 63
1756057922611 0.3310850739479065 64
1756057922619 0.32235068902373315 65
1756057922627 0.34825465828180313 66
1756057922636 0.3345101624727249 67
1756057922644 0.343383252620697 68
1756057922653 0.3185300208628178 69
1756057922662 0.3100779056549072 70
1756057922670 0.2923443801701069 71
1756057922677 0.3033495008945465 72
1756057922685 0.29729957357048986 73
1756057922693 0.2880926415324211 74
1756057922701 0.2894658610224724 75
1756057922709 0.29635163843631745 76
1756057922717 0.3189329631626606 77
1756057922726 0.29729211553931234 78
1756057922735 0.3210360258817673 79
1756057922744 0.34343492463231085 80
1756057922753 0.32921373322606085 81
1756057922762 0.28709172308444975 82
1756057922770 0.2909195236861706 83
1756057922778 0.2734970755875111 84
1756057922786 0.31504388600587846 85
1756057922794 0.28974789083004 86
1756057922802 0.2723053939640522 87
1756057922811 0.2725130274891853 88
1756057922820 0.29221231266856196 89
1756057922830 0.27369232922792436 90
1756057922839 0.26473511159420016 91
1756057922848 0.26993819177150724 92
1756057922857 0.2763931773602962 93
1756057922866 0.2848420038819313 94
1756057922874 0.2696454279124737 95
1756057922884 0.28616898432374 96
1756057922892 0.2660922907292843 97
1756057922901 0.2710428647696972 98
1756057922909 0.26365434676408767 99
1756057922918 0.2684213936328888 100
