1756057957470 0.0009463521735535547 1
1756057957484 0.0018927043471071094 2
1756057957494 0.0028390565206606643 3
1756057957504 0.0037854086942142188 4
1756057957513 0.004731760867767773 5
1756057957522 0.004731760867767773 6
1756057957531 0.00473046761337963 7
1756057957540 0.004726589264369886 8
1756057957549 0.004720130061656243 9
1756057957558 0.004711097068282035 10
1756057957567 0.004699500161692894 11
1756057957576 0.004685352022935913 12
1756057957585 0.004668668122793102 13
1756057957594 0.004649466704864315 14
1756057957603 0.004627768765618146 15
1756057957614 0.004603598031432595 16
1756057957624 0.004576980932650621 17
1756057957634 0.004547946574678956 18
1756057957644 0.004516526706161763 19
1756057957655 0.004482755684263963 20
1756057957664 0.004446670437102181 21
1756057957673 0.00440831042336439 22
1756057957683 0.004367717589162415 23
1756057957693 0.00432493632216448 24
1756057957703 0.004280013403057938 25
1756057957713 0.0042329979543952794 26
1756057957724 0.004183941386879345 27
1756057957735 0.0041328973431464695 28
1756057957746 0.004079921639109057 29
1756057957756 0.004025072202921687 30
1756057957766 0.003968409011637543 31
1756057957776 0.003909994025624371 32
1756057957785 0.0038498911208117376 33
1756057957795 0.0037881660188436327 34
1756057957806 0.00372488621521282 35
1756057957817 0.0036601209054555055 36
1756057957829 0.0035939409094870333 37
1756057957839 0.0035264185941613502 38
1756057957849 0.003457627794138912 39
1756057957859 0.003387643731149567 40
1756057957869 0.0033165429317387 41
1756057957879 0.0032444031435865726 42
1756057957889 0.0031713032504923854 43
1756057957900 0.0030973231861159945 44
1756057957911 0.003022543846571631 45
1756057957921 0.0029470470019691873 46
1756057957933 0.0028709152069998035 47
1756057957944 0.0027942317106635223 48
1756057957954 0.0027170803652377313 49
1756057957963 0.00263954553458593 50
1756057957973 0.00256171200190708 51
1756057957982 0.0024836648770264255 52
1756057957992 0.002405489503329148 53
1756057958002 0.0023272713644386252 54
1756057958012 0.0022490959907413475 55
1756057958022 0.002171048865860694 56
1756057958031 0.002093215333181844 57
1756057958041 0.002015680502530042 58
1756057958052 0.0019385291571042517 59
1756057958063 0.00186184566076797 60
1756057958073 0.0017857138657985858 61
1756057958084 0.001710217021196143 62
1756057958094 0.001635437681651779 63
1756057958105 0.0015614576172753877 64
1756057958115 0.0014883577241812 65
1756057958125 0.001416217936029074 66
1756057958135 0.001345117136618206 67
1756057958146 0.0012751330736288612 68
1756057958157 0.001206342273606424 69
1756057958168 0.0011388199582807407 70
1756057958179 0.0010726399623122683 71
1756057958189 0.001007874652554953 72
1756057958200 0.0009445948489241404 73
1756057958210 0.0008828697469560355 74
1756057958221 0.0008227668421434019 75
1756057958231 0.0007643518561302308 76
1756057958241 0.0007076886648460861 77
1756057958252 0.0006528392286587172 78
1756057958264 0.0005998635246213044 79
