1755986127567 2.2758484840393067 1
1755986127581 1.6661376357078552 2
1755986127589 1.184048581123352 3
1755986127597 0.9529353320598603 4
1755986127605 0.6873678833246231 5
1755986127613 0.5837597370147705 6
1755986127620 0.419072750210762 7
1755986127627 0.3771474495530128 8
1755986127634 0.3015792340040207 9
1755986127642 0.29502880573272705 10
1755986127649 0.23922558426856994 11
1755986127658 0.22395695894956588 12
1755986127665 0.2394365504384041 13
1755986127673 0.23531421273946762 14
1755986127681 0.24068938791751862 15
1755986127690 0.2657490700483322 16
1755986127696 0.2509356066584587 17
1755986127703 0.2716357931494713 18
1755986127710 0.20381653308868408 19
1755986127717 0.15345481038093567 20
1755986127724 0.14769829213619232 21
1755986127731 0.1320035293698311 22
1755986127738 0.1523308627307415 23
1755986127745 0.15188781768083573 24
1755986127752 0.10397193357348442 25
1755986127761 0.1008032001554966 26
1755986127768 0.10567153617739677 27
1755986127776 0.1162496954202652 28
1755986127783 0.11059697009623051 29
1755986127790 0.08929188698530197 30
1755986127797 0.07411989495158196 31
1755986127804 0.06542422622442245 32
1755986127811 0.08157230243086815 33
1755986127818 0.09225303307175636 34
1755986127826 0.0858604595065117 35
1755986127834 0.11001486480236053 36
1755986127841 0.17075825557112695 37
