1755986110899 4.568342137336731 1
1755986110911 1.998416781425476 2
1755986110916 1.6618081212043763 3
1755986110920 1.2983696103096007 4
1755986110925 0.7715529084205628 5
1755986110930 0.6423635095357895 6
1755986110935 0.4966971516609192 7
1755986110940 0.37389356791973116 8
1755986110944 0.34436202645301817 9
1755986110949 0.2915306374430656 10
1755986110953 0.26974553167819976 11
1755986110958 0.23434265106916427 12
1755986110963 0.2335812956094742 13
1755986110968 0.2471758931875229 14
1755986110973 0.3025808624923229 15
1755986110978 0.2853904917836189 16
1755986110983 0.37686326801776887 17
1755986110988 0.4655671566724777 18
1755986110993 0.3113979250192642 19
1755986110998 0.22040774226188659 20
1755986111003 0.1670999899506569 21
1755986111008 0.18250424712896346 22
1755986111013 0.23300568908452987 23
1755986111018 0.207063414901495 24
1755986111023 0.15226126313209534 25
1755986111028 0.11082758978009224 26
1755986111033 0.11034557819366456 27
1755986111038 0.0929340273141861 28
1755986111043 0.10154081918299199 29
1755986111049 0.09579468257725239 30
1755986111054 0.10301533564925194 31
1755986111060 0.12075869888067245 32
1755986111065 0.10959955528378487 33
1755986111070 0.10085204690694809 34
1755986111075 0.0959866352379322 35
1755986111081 0.11031492948532104 36
1755986111086 0.12994118109345437 37
1755986111092 0.12328439801931382 38
1755986111098 0.1249819539487362 39
1755986111103 0.07931261993944645 40
1755986111109 0.07442733235657215 41
1755986111115 0.07594497837126254 42
1755986111121 0.06019849330186844 43
1755986111127 0.05892873611301184 44
