1755986148432 1.5674386322498322 1
1755986148448 0.9581274390220642 2
1755986148456 0.8124926030635834 3
1755986148464 0.7080383777618409 4
1755986148471 0.6796914428472519 5
1755986148478 0.4470580488443375 6
1755986148486 0.4747422575950623 7
1755986148492 0.4292662739753723 8
1755986148500 0.3351975977420807 9
1755986148507 0.3268017306923866 10
1755986148515 0.2700388804078102 11
1755986148522 0.24577582776546478 12
1755986148533 0.2597374603152275 13
1755986148540 0.2416674017906189 14
1755986148547 0.277985954284668 15
1755986148555 0.22901348024606705 16
1755986148564 0.18527545034885406 17
1755986148573 0.1701796680688858 18
1755986148580 0.14365200698375702 19
1755986148588 0.12359403520822525 20
1755986148595 0.10629511177539826 21
1755986148604 0.11961426064372063 22
1755986148612 0.114927276968956 23
1755986148620 0.12079085037112236 24
1755986148628 0.11379414349794388 25
1755986148636 0.11336803510785103 26
1755986148644 0.097789216786623 27
1755986148652 0.10900200828909874 28
1755986148660 0.11587332412600518 29
1755986148667 0.1030859149992466 30
1755986148675 0.09746859893202782 31
1755986148683 0.09303884208202362 32
1755986148691 0.09226313158869744 33
1755986148699 0.08168359994888305 34
1755986148706 0.10693192407488823 35
1755986148714 0.14748407527804375 36
1755986148722 0.14427390843629836 37
1755986148729 0.09493508338928222 38
1755986148736 0.1020502768456936 39
1755986148744 0.08188949152827263 40
1755986148752 0.06540399566292762 41
1755986148760 0.05352482423186302 42
1755986148768 0.052835986763238904 43
1755986148776 0.051845744252204895 44
1755986148784 0.039940356463193896 45
1755986148792 0.03759884350001812 46
1755986148800 0.03410723209381104 47
1755986148808 0.042920412681996825 48
1755986148816 0.042877233028411864 49
1755986148823 0.04014766961336136 50
1755986148831 0.04547558594495058 51
1755986148839 0.03550739884376526 52
1755986148846 0.03278682064265013 53
1755986148855 0.029881101660430433 54
1755986148863 0.024250123277306558 55
1755986148871 0.02705917488783598 56
1755986148879 0.02856002692133188 57
1755986148889 0.03218585383147001 58
1755986148898 0.03333470933139324 59
1755986148907 0.03149690758436918 60
1755986148915 0.03669939059764147 61
1755986148924 0.02962162159383297 62
1755986148932 0.026622128672897816 63
1755986148940 0.025479826238006355 64
1755986148949 0.018489481881260872 65
