1755986127567 1.1687494456768035 1
1755986127581 0.995934522151947 2
1755986127589 0.8525218009948731 3
1755986127597 0.7483978152275086 4
1755986127605 0.6332134187221528 5
1755986127613 0.5868672907352448 6
1755986127620 0.4977175146341324 7
1755986127627 0.46365495324134826 8
1755986127634 0.41748216450214387 9
1755986127642 0.4103727459907532 10
1755986127649 0.3709865868091583 11
1755986127658 0.3604362100362778 12
1755986127665 0.35835342705249784 13
1755986127673 0.3668475687503815 14
1755986127681 0.3629182994365692 15
1755986127690 0.38442958891391754 16
1755986127696 0.3663330525159836 17
1755986127703 0.3914744436740875 18
1755986127710 0.3370654463768005 19
1755986127717 0.29928152859210966 20
1755986127724 0.29203981757164 21
1755986127731 0.2781622648239136 22
1755986127738 0.29534564912319183 23
1755986127745 0.29367465525865555 24
1755986127752 0.24420952796936035 25
1755986127761 0.24458490759134294 26
1755986127768 0.246406190097332 27
1755986127776 0.24912291765213013 28
1755986127783 0.24737732857465744 29
1755986127790 0.22748696953058242 30
1755986127797 0.2023410439491272 31
1755986127804 0.19491000324487687 32
1755986127811 0.22297808676958084 33
1755986127818 0.22945998162031173 34
1755986127826 0.21924138218164443 35
1755986127834 0.24668052643537522 36
1755986127841 0.30494517385959624 37
