1755986127567 3.5949809193611144 1
1755986127581 2.2350634336471558 2
1755986127589 1.4453391492366792 3
1755986127597 1.0145544409751892 4
1755986127605 0.7538066297769547 5
1755986127613 0.6603054285049439 6
1755986127620 0.4697276473045349 7
1755986127627 0.4005913585424423 8
1755986127634 0.3247291624546051 9
1755986127642 0.30329250991344453 10
1755986127649 0.24435194879770278 11
1755986127658 0.2312237948179245 12
1755986127665 0.2688938587903976 13
1755986127673 0.26636793166399003 14
1755986127681 0.3244084119796753 15
1755986127690 0.28318895399570465 16
1755986127696 0.2824163675308228 17
1755986127703 0.27215326875448226 18
1755986127710 0.2042843222618103 19
1755986127717 0.1667183145880699 20
1755986127724 0.15599891692399978 21
1755986127731 0.14330485165119172 22
1755986127738 0.1562357947230339 23
1755986127745 0.15353950932621957 24
1755986127752 0.11047765836119652 25
1755986127761 0.10920532494783401 26
1755986127768 0.11068741381168365 27
1755986127776 0.16731023788452148 28
1755986127783 0.10851829461753368 29
1755986127790 0.09236066266894341 30
1755986127797 0.07855984531342983 31
1755986127804 0.07823871746659279 32
1755986127811 0.08981392234563827 33
1755986127818 0.10584688931703568 34
1755986127826 0.1191938929259777 35
1755986127834 0.1692372277379036 36
1755986127841 0.25900613591074945 37
