1755913935648 1.439028045305839 1
1755913935666 1.23186295460432 2
1755913935673 0.8079779201593155 3
1755913935680 0.7114947407673566 4
1755913935687 0.7198593754034776 5
1755913935695 0.6192235027750334 6
1755913935703 0.4840322755850278 7
1755913935710 0.46879054300296 8
1755913935718 0.3705376463058667 9
1755913935725 0.39323479624894947 10
1755913935733 0.5846731777374561 11
1755913935741 0.5504624583782294 12
1755913935748 0.6044934537166204 13
1755913935756 0.5366398852605087 14
1755913935763 0.503276581565539 15
1755913935771 0.43653666782073486 16
1755913935778 0.34558910589951736 17
1755913935785 0.2987196583014268 18
1755913935793 0.37644407076713365 19
1755913935800 0.33247875899840623 20
1755913935809 0.47117724212316364 21
1755913935817 0.32864343355863523 22
1755913935825 0.2714779243255273 23
1755913935833 0.31990741689999896 24
1755913935840 0.33632054676612216 25
1755913935848 0.32034039191710645 26
1755913935856 0.3265752070225202 27
1755913935864 0.29455319658303875 28
1755913935872 0.28085788243856186 29
1755913935879 0.2772777007940488 30
1755913935887 0.2615922956894606 31
1755913935896 0.2535866426351743 32
1755913935904 0.23369676772600564 33
1755913935911 0.3134759320662572 34
1755913935919 0.2767354662601764 35
1755913935928 0.22350833756037247 36
1755913935935 0.23083785424629846 37
1755913935943 0.24711362348917204 38
1755913935951 0.2875658157162177 39
1755913935959 0.2380698942221128 40
1755913935967 0.2860927665844942 41
1755913935975 0.2419768369350678 42
1755913935983 0.25371352086464566 43
1755913935992 0.2346776001728498 44
1755913935999 0.21400531973594275 45
1755913936007 0.2083963910356546 46
1755913936016 0.1957764900647677 47
1755913936024 0.20581534027289122 48
1755913936032 0.18598046593177012 49
1755913936039 0.18085256104285902 50
1755913936047 0.1872832030057907 51
1755913936056 0.2659508555363386 52
1755914063737 1.626756989955902 1
1755914063761 1.1603936672210693 2
1755914063776 0.8751271426677704 3
1755914063791 0.8698383510112763 4
1755914063806 0.8054549247026443 5
1755914063821 0.5767297238111496 6
1755914063836 0.44939451217651366 7
1755914063851 0.44173219203948977 8
1755914063866 0.41430199444293975 9
1755914063882 0.36230403631925584 10
1755914063896 0.2760295823216438 11
1755914063911 0.23827000260353087 12
1755914063927 0.2101287677884102 13
1755914063942 0.22273351401090621 14
1755914063956 0.2060215190052986 15
1755914063971 0.19932862371206284 16
1755914063987 0.17020744010806083 17
1755914064003 0.17008811235427856 18
1755914064019 0.13698577508330345 19
1755914064033 0.15265791416168212 20
1755914064049 0.15198132693767546 21
1755914064064 0.1278196394443512 22
1755914064079 0.17010330706834792 23
1755914064094 0.1505577102303505 24
1755914064109 0.15711457058787345 25
1755914064124 0.14410301968455314 26
1755914064139 0.12840769663453103 27
1755914064154 0.12181434631347657 28
1755914064169 0.11803328692913055 29
1755914064183 0.09633060544729233 30
1755914064198 0.09547951333224773 31
1755914064213 0.11512627154588699 32
1755914064228 0.08777367994189263 33
1755914064243 0.08605424165725709 34
1755914064258 0.06716512255370617 35
1755914064274 0.06925583817064762 36
1755914064290 0.07393934801220894 37
1755914064306 0.08581955656409264 38
1755914064321 0.0724965713918209 39
1755914064336 0.08952326476573944 40
1755914064351 0.06906699985265732 41
1755914064366 0.06534881256520748 42
1755914064383 0.0715737760066986 43
1755914064398 0.06943793222308159 44
1755914064414 0.06244228519499302 45
1755914064429 0.05729440934956074 46
1755914064444 0.0533490676432848 47
1755914064459 0.051342786848545076 48
1755914064474 0.06307304054498672 49
1755914064489 0.05235637091100216 50
1755914064505 0.05320494808256626 51
1755914064520 0.05200120657682419 52
1755914064536 0.050666024908423424 53
1755914118322 1.4097245693206788 1
1755914118387 0.86094451546669 2
1755914118437 0.8488831996917725 3
1755914118493 0.7793472230434417 4
1755914118542 0.6701780140399933 5
1755914118590 0.614637479186058 6
1755914118637 0.5590649098157883 7
1755914118696 0.5182171046733857 8
1755914118746 0.3938530027866364 9
1755914118797 0.3236353933811188 10
1755914118846 0.2676679790019989 11
1755914118895 0.27088387608528136 12
1755914118944 0.27892116010189055 13
1755914118993 0.2394437775015831 14
1755914119042 0.23302493393421173 15
1755914119092 0.20786370038986207 16
1755914119138 0.2199481323361397 17
1755914119192 0.1803888350725174 18
1755914119243 0.17114163860678672 19
1755914119292 0.15093789696693422 20
1755914119341 0.1294413350522518 21
1755914119390 0.12971404045820237 22
1755914119452 0.1215168371796608 23
1755914119503 0.10935379713773727 24
1755914119770 0.10760488733649254 25
1755914119820 0.10881402567029 26
1755914119868 0.08577848598361015 27
1755914119920 0.09469817616045476 28
1755914119969 0.0796814288944006 29
1755914120018 0.09154745042324067 30
1755914120066 0.06824742034077644 31
1755914120122 0.08334230668842793 32
1755914120173 0.08224869072437287 33
1755914120224 0.08903899490833282 34
1755914120275 0.08649533241987228 35
1755914120324 0.10296944230794906 36
1755914120375 0.06950003914535045 37
1755914120425 0.06442801021039486 38
1755914120478 0.06970065832138062 39
1755914120529 0.06925159133970737 40
1755914120581 0.07034222148358822 41
1755914120632 0.07056659907102585 42
1755914210205 1.308672833442688 1
1755914210482 0.8436960816383362 2
1755914210851 0.7408724427223206 3
1755914211207 0.9448504507541656 4
1755914211617 0.6824739754199982 5
1755914212003 0.6272199004888535 6
1755914212366 0.4685539543628693 7
1755914212728 0.4524837672710419 8
1755914213101 0.4346406400203705 9
1755914213369 0.3372616708278656 10
1755914213741 0.2781707286834717 11
1755914214106 0.3153803586959839 12
1755914214467 0.3159304454922676 13
1755914214856 0.23240051418542862 14
1755914215218 0.2201063960790634 15
1755914215580 0.158781199157238 16
1755914215955 0.18568347990512848 17
1755914216322 0.18645899891853332 18
1755914216581 0.16916148662567138 19
1755914216932 0.1608705461025238 20
1755914217290 0.1396266847848892 21
1755914217645 0.12857453227043153 22
1755914217999 0.10953308343887329 23
1755914218358 0.10499926954507828 24
1755914218709 0.12545627802610398 25
1755914219063 0.0988742619752884 26
1755914219414 0.10275914967060089 27
1755914219673 0.10688905417919159 28
1755914220029 0.08843988589942456 29
1755914220394 0.08399353846907616 30
1755914220752 0.0996531940996647 31
1755914221107 0.08284276351332664 32
1755914221465 0.08205007351934909 33
1755914221824 0.08524608686566353 34
1755914222174 0.07313210926949978 35
1755914222522 0.08463657423853874 36
1755914222868 0.08718452081084252 37
1755914223314 0.07751777842640876 38
1755914223806 0.08875700533390045 39
1755914224172 0.08528542406857013 40
1755914224534 0.06529753729701042 41
1755914224897 0.06653385870158672 42
1755914225260 0.06273916102945805 43
1755914225638 0.07662423215806484 44
1755914225998 0.06579958796501159 45
1755914226357 0.07716677207499742 46
1755914226715 0.06297101378440857 47
1755914226976 0.07871088422834874 48
1755914227334 0.06080239601433277 49
1755914227693 0.052684209495782855 50
1755914228050 0.055757717415690425 51
1755914228407 0.04940144345164299 52
1755914228767 0.061602069064974785 53
1755914229125 0.0623661246150732 54
1755914229488 0.07737697064876556 55
1755914229852 0.09311443604528905 56
