1755913965082 0.8523240379798107 1
1755913965100 0.7394874982344799 2
1755913965108 0.6424877246220907 3
1755913965118 0.6180233305845505 4
1755913965127 0.5707436685378735 5
1755913965136 0.5667998057145339 6
1755913965145 0.5422547627718021 7
1755913965154 0.5309406350820493 8
1755913965164 0.49001684937721646 9
1755913965173 0.4656945589261177 10
1755913965182 0.45069553149052155 11
1755913965191 0.5002669630906521 12
1755913965200 0.47181883225074184 13
1755913965209 0.5045157617483383 14
1755913965219 0.4242116396243756 15
1755913965228 0.42322848316950673 16
1755913965237 0.4331611016621956 17
1755913965246 0.4748129004087204 18
1755913965256 0.46524785191584855 19
1755913965265 0.4447532617128812 20
1755913965274 0.4067905315986046 21
1755913965283 0.4112063890848404 22
1755913965292 0.40096777753952223 23
1755913965302 0.3946998050579658 24
1755913965311 0.39082692028620303 25
1755913965321 0.4504488943479 26
1755913965330 0.39739548013760495 27
1755913965340 0.4064504916851337 28
1755914081394 0.7998287737369537 1
1755914081423 0.6587206125259399 2
1755914081445 0.6589900434017182 3
1755914081466 0.6278001964092255 4
1755914081488 0.5834477365016937 5
1755914081510 0.5685488998889923 6
1755914081533 0.5225589662790299 7
1755914081555 0.438624182343483 8
1755914081577 0.4492866903543472 9
1755914081599 0.4139314740896225 10
1755914081620 0.4120226949453354 11
1755914081642 0.3745289474725723 12
1755914081664 0.33818005323410033 13
1755914081685 0.311507785320282 14
1755914081710 0.3174536913633347 15
1755914081732 0.305648273229599 16
1755914081753 0.31615386307239535 17
1755914081775 0.31415222585201263 18
1755914081797 0.281098710000515 19
1755914081816 0.2891538247466087 20
1755914081837 0.2625224173069 21
1755914081858 0.2615944713354111 22
1755914081879 0.2649449214339256 23
1755914081899 0.2617006301879883 24
1755914081920 0.26538518220186236 25
1755914081942 0.2709881663322449 26
1755914081963 0.2459094077348709 27
1755914081984 0.2445148468017578 28
1755914082004 0.23370905518531798 29
1755914082027 0.2287403643131256 30
1755914082047 0.2047528773546219 31
1755914146546 0.8203658640384675 1
1755914146623 0.6637331485748291 2
1755914146697 0.6575900673866272 3
1755914146771 0.6143337309360504 4
1755914146845 0.5988785028457642 5
1755914146917 0.5247318387031555 6
1755914146993 0.48770286440849303 7
1755914147262 0.48275537192821505 8
1755914147340 0.42403413355350494 9
1755914147418 0.3925383448600769 10
1755914147492 0.35999302566051483 11
1755914147565 0.33425373733043673 12
1755914147637 0.3209909021854401 13
1755914147709 0.30802353024482726 14
1755914147781 0.28881052136421204 15
1755914147856 0.3004192590713501 16
1755914147928 0.30860513150691987 17
1755914148003 0.29521292448043823 18
1755914148078 0.26779141575098037 19
1755914148154 0.27032161206007005 20
1755914148230 0.27237181812524797 21
1755914148398 0.24390742182731628 22
1755914148470 0.23863010257482528 23
1755914148541 0.24511836767196654 24
1755914148613 0.23732183128595352 25
1755914148685 0.22418263107538222 26
1755914148759 0.24078035801649095 27
1755914148831 0.22007274627685547 28
1755914148906 0.2173364371061325 29
1755914148981 0.22433904111385344 30
1755914149058 0.2250919371843338 31
1755914149134 0.21125268340110778 32
1755914149209 0.20845477730035783 33
1755914149283 0.21020689904689788 34
1755914149356 0.19328874945640565 35
1755914149429 0.1923608288168907 36
1755914149597 0.1790039584040642 37
1755914149674 0.18504435420036316 38
1755914149750 0.1992250859737396 39
1755914149826 0.1938899949193001 40
1755914149903 0.18831906914711 41
1755914149988 0.22827100306749343 42
1755914150080 0.1821949601173401 43
1755914150158 0.20435814261436464 44
1755914150233 0.19350343197584152 45
1755914150310 0.17972033023834227 46
1755914150387 0.16454298794269562 47
1755914150463 0.1674575313925743 48
1755914150537 0.1616180047392845 49
1755914150611 0.16950504332780839 50
1755914150784 0.15750239938497543 51
1755914150859 0.16720320135354996 52
1755914150933 0.15876297354698182 53
1755914151008 0.16756352558732032 54
1755914151085 0.1561899110674858 55
1755914151162 0.1432780385017395 56
1755914151237 0.1474601596593857 57
1755914151312 0.1436016984283924 58
1755914151386 0.15351433753967286 59
1755914151460 0.14429287612438202 60
1755914151535 0.1502722829580307 61
1755914151607 0.1497715011239052 62
1755914151680 0.14644694551825524 63
1755914151755 0.15018986463546752 64
1755914151830 0.13441849872469902 65
1755914152003 0.12535614892840385 66
1755914152077 0.12687302082777024 67
1755914152151 0.13747985810041427 68
1755914152226 0.13565476685762407 69
1755914152298 0.1274336703121662 70
1755914269764 0.8361800849437714 1
1755914270676 0.6828158259391784 2
1755914271372 0.655380642414093 3
1755914272071 0.6039677083492279 4
1755914272762 0.6130333960056304 5
1755914273541 0.5434967875480652 6
1755914274237 0.5056340247392654 7
1755914274926 0.43554972410202025 8
1755914275713 0.43198756873607635 9
1755914276413 0.42268632650375365 10
1755914277135 0.39897534549236296 11
1755914277944 0.3900406241416931 12
1755914278642 0.3629657745361328 13
1755914279636 0.35988391041755674 14
1755914280452 0.32517774403095245 15
1755914281169 0.31365529000759124 16
1755914281887 0.31396678686141966 17
1755914282603 0.31406852006912234 18
1755914283411 0.2886775553226471 19
1755914284143 0.3000648021697998 20
1755914285131 0.2761582225561142 21
1755914285866 0.25851619690656663 22
1755914286716 0.2676623329520226 23
1755914287468 0.2577954143285751 24
1755914288193 0.25140320956707 25
1755914288926 0.2459476575255394 26
1755914289921 0.2296214833855629 27
1755914290614 0.22602685391902924 28
1755914291319 0.23589642643928527 29
1755914292085 0.20520952790975572 30
1755914292902 0.20818521529436113 31
1755914293609 0.19245704561471938 32
1755914294313 0.20607900619506836 33
1755914295100 0.1988761991262436 34
1755914295796 0.19171733558177947 35
1755914296498 0.19806918352842331 36
1755914297213 0.2171073764562607 37
1755914298041 0.19710417240858077 38
1755914298779 0.18645113706588745 39
1755914299495 0.20346295088529587 40
1755914300208 0.17614007145166397 41
1755914301030 0.17313094735145568 42
1755914301739 0.1810346245765686 43
1755914302448 0.2124225080013275 44
1755914303256 0.18799038976430893 45
1755914303965 0.18275944739580155 46
1755914304689 0.17089502066373824 47
1755914305396 0.1780587077140808 48
1755914306471 0.1769528642296791 49
1755914307179 0.17713140249252318 50
1755914307889 0.1765417769551277 51
