1755913840466 0.0019586163481713475 1
1755913840476 0.003917232696342695 2
1755913840480 0.0058758490445140425 3
1755913840484 0.00783446539268539 4
1755913840489 0.009793081740856737 5
1755913840493 0.009793081740856737 6
1755913840497 0.009790404866452305 7
1755913840502 0.009782377170361865 8
1755913840506 0.009769007430753235 9
1755913840511 0.009750310267240379 10
1755913840515 0.009726306124897093 11
1755913840519 0.009697021251900605 12
1755913840524 0.009662487670829577 13
1755913840529 0.009622743143647897 14
1755913840534 0.00957783113041251 15
1755913840538 0.009527800741750502 16
1755913840543 0.009472706685157335 17
1755913840547 0.009412609205175011 18
1755913840552 0.009347574017515545 19
1755913840557 0.009277672237201811 20
1755913840561 0.009202980300804289 21
1755913840566 0.00912357988285882 22
1755913840571 0.009039557806556676 23
1755913840576 0.008951005948804698 24
1755913840580 0.00885802113975923 25
1755913840585 0.008760705056943775 26
1755913840590 0.008659164114066111 27
1755913840594 0.008553509344656466 28
1755913840599 0.008443856280653982 29
1755913840604 0.008330324826074233 30
1755913840608 0.008213039125895957 31
1755913840613 0.008092127430310318 32
1755913840618 0.00796772195448124 33
1755913840623 0.007839958733970033 34
1755913840628 0.007708977475982529 35
1755913840633 0.007574921406601289 36
1755913840637 0.00743793711416999 37
1755913840642 0.007298174389001221 38
1755913840648 0.00715578605958298 39
1755913840652 0.00701092782546296 40
1755913840658 0.0068637580869933875 41
1755913840663 0.00671443777212255 42
1755913840668 0.006563130160422464 43
1755913840673 0.0064100007045450455 44
1755913840678 0.006255216849302072 45
1755913840683 0.00609894784856674 46
1755913840688 0.005941364580197034 47
1755913840693 0.005782639359183302 48
1755913840699 0.005622945749224341 49
1755913840704 0.005462458372938047 50
1755913840709 0.005301352720914133 51
1755913840714 0.0051398049598177595 52
1755913840720 0.004977991739753866 53
1755913840725 0.0048160900011028724 54
1755913840730 0.004654276781038979 55
1755913840735 0.004492729019942607 56
1755913840740 0.004331623367918693 57
1755913840745 0.004171135991632397 58
1755913840750 0.004011442381673439 59
1755913840755 0.003852717160659706 60
1755913840760 0.003695133892289999 61
1755913840766 0.0035388648915546674 62
1755913840771 0.0033840810363116934 63
1755913840777 0.003230951580434274 64
1755913840782 0.003079643968734187 65
1755913840787 0.0029303236538633522 66
1755913889338 0.0012075934045543235 1
1755913889353 0.002415186809108647 2
1755913889359 0.003622780213662971 3
1755913889365 0.004830373618217294 4
1755913889371 0.006037967022771618 5
1755913889377 0.006037967022771618 6
1755913889383 0.006036316689070232 7
1755913889389 0.006031367492581746 8
1755913889395 0.006023124845179858 9
1755913889401 0.006011597760078483 10
1755913889407 0.0059967988419759415 11
1755913889413 0.005978744273271903 12
1755913889419 0.005957453796372171 13
1755913889426 0.00593295069210065 14
1755913889432 0.0059052617542421125 15
1755913889437 0.005874417260243581 16
1755913889444 0.005840450938106388 17
1755913889450 0.005803399929505103 18
1755913889456 0.005763304749173652 19
1755913889462 0.005720209240603059 20
1755913889468 0.005674160528099221 21
1755913889475 0.005625208965253183 22
1755913889481 0.005573408079880216 23
1755913889488 0.0055188145154879435 24
1755913889494 0.005461487969337493 25
1755913889501 0.005401491127165421 26
1755913889507 0.005338889594637778 27
1755913889513 0.005273751825611274 28
1755913889520 0.0052061490472799996 29
1755913889526 0.005136155182289523 30
1755913889532 0.005063846767903575 31
1755913889539 0.004989302872311663 32
1755913889545 0.004912605008169176 33
1755913889551 0.004833837043464485 34
1755913889558 0.004753085109810536 35
1755913889564 0.004670437508261193 36
1755913889570 0.004585984612755328 37
1755913889577 0.004499818771294253 38
1755913889584 0.004412034204960532 39
1755913889591 0.004322726904888608 40
1755913889597 0.004231994527299918 41
1755913889603 0.004139936286717232 42
1755913889610 0.004046652847475044 43
1755913889621 0.003952246213644589 44
1755913889631 0.003856819617493899 45
1755913889638 0.0037604774066048244 46
1755913889644 0.0036633249297704906 47
1755913889650 0.0035654684217979377 48
1755913889658 0.0034670148873419183 49
1755913889664 0.0033680719838968813 50
1755913889671 0.0032687479040750768 51
1755913889679 0.0031691512572995296 52
1755913889685 0.003069390951041226 53
1755913889692 0.0029695760717303923 54
1755913889699 0.002869815765472088 55
1755913988815 0.00042240734807357454 1
1755913988833 0.0008448146961471491 2
1755913988845 0.0012672220442207238 3
1755913988856 0.0016896293922942982 4
1755913988867 0.0021120367403678728 5
1755913988878 0.0021120367403678728 6
1755913988888 0.002111459643447457 7
1755913988898 0.002109728983733219 8
1755913988909 0.002106846653676148 9
1755913988919 0.002102815805061842 10
1755913988930 0.002097640845564081 11
1755913988941 0.002091327433925098 12
1755913988952 0.0020838824737678284 13
1755913988962 0.002075314106046897 14
1755913988972 0.0020656317001466074 15
1755913988983 0.0020548458436356566 16
1755913988993 0.0020429683306897825 17
1755913989004 0.002030012149195008 18
1755913989014 0.0020159914665455756 19
1755913989025 0.0020009216141521143 20
1755913989036 0.001984819070676962 21
1755913989047 0.0019677014440149954 22
1755913989057 0.0019495874520396481 23
1755913989068 0.0019304969021352004 24
1755913989078 0.0019104506695376876 25
1755913989089 0.0018894706745081389 26
1755913989100 0.0018675798583630944 27
1755913989111 0.0018448021583886104 28
1755913989122 0.0018211624816651909 29
1755913989133 0.0017966866778322578 30
1755913989143 0.0017714015108219535 31
1755913989154 0.0017453346295931696 32
1755913989165 0.0017185145378978202 33
1755913989176 0.0016909705631124054 34
1755913989187 0.0016627328241689565 35
1755913989198 0.001633832198620426 36
1755913989209 0.0016043002888765365 37
1755914026808 0.001088633015152353 1
1755914026828 0.002177266030304706 2
1755914026838 0.0032658990454570587 3
1755914026848 0.004354532060609412 4
1755914026859 0.005443165075761765 5
1755914026869 0.005443165075761765 6
1755914026880 0.005441677343859444 7
1755914026891 0.005437215774965474 8
1755914026902 0.0054297852477399365 9
1755914026913 0.005419393887355259 10
1755914026923 0.005406053056611457 11
1755914026934 0.005389777343511082 12
1755914026945 0.00537058454530745 13
1755914026956 0.005348495649043611 14
1755914026967 0.005323534808603325 15
1755914026977 0.005295729318299141 16
1755914026988 0.005265109583026471 17
1755914026999 0.0052317090850162815 18
1755914027010 0.005195564347222765 19
1755914027020 0.005156714893386026 20
1755914027031 0.005115203204813455 21
1755914027042 0.0050710746739270375 22
1755914045386 0.0005372216793398267 1
1755914045407 0.0010744433586796535 2
1755914045419 0.0016116650380194803 3
1755914045432 0.002148886717359307 4
1755914045444 0.0026861083966991336 5
1755914045456 0.0026861083966991336 6
1755914045467 0.002685374365046777 7
1755914045479 0.002683173072742542 8
1755914045490 0.0026795069268672447 9
1755914045502 0.0026743799362975735 10
1755914045514 0.0026677977073224423 11
1755914045528 0.0026597674375125973 12
1755914045540 0.002650297907850175 13
1755914045551 0.0026393994731268317 14
1755914045563 0.002627084050620928 15
1755914045575 0.0026133651070661605 16
1755914045627 0.002598257643925888 17
1755914045647 0.002581778180989248 18
1755914045671 0.0025639447383070126 19
1755914045686 0.002544776816486927 20
1755914045701 0.002524295375370081 21
1755914045715 0.0025025228111116306 22
1755914045732 0.00247948293169093 23
1755914045745 0.0024552009308778586 24
1755914045759 0.0024297033606838 25
1755914045773 0.002403018102327411 26
1755914045786 0.002375174335746914 27
1755914045798 0.002346202507692267 28
1755914045811 0.002316134298432088 29
1755914045823 0.002285002587111746 30
1755914045837 0.0022528414158004984 31
1755914045851 0.0022196859522669887 32
1755914045865 0.002185572451523807 33
1755914045877 0.0021505382161831664 34
1755914045890 0.002114621555667045 35
1755914045906 0.002077861744316394 36
1755914045918 0.0020402989784452227 37
1755914045933 0.0020019743323865203 38
1755914045946 0.001962929713578076 39
1755914045958 0.0019232078167373081 40
1755914045971 0.001882852077175223 41
1755914045984 0.001841906623300533 42
1755914045997 0.001800416228365896 43
1755914046010 0.0017584262615090167 44
1755914046024 0.0017159826381421628 45
1755914046042 0.0016731317697443351 46
1755914046057 0.0016299205131109964 47
1755914046070 0.0015863961191168539 48
1755914046084 0.0015426061810477213 49
1755914046098 0.0014985985825579603 50
1755914098966 0.0005769450401234253 1
1755914099005 0.0011538900802468507 2
1755914099033 0.0017308351203702763 3
1755914099060 0.0023077801604937014 4
1755914099087 0.002884725200617127 5
1755914099113 0.002884725200617127 6
1755914099140 0.002883936872825015 7
1755914099168 0.0028815727514735455 8
1755914099195 0.0028776354216947064 9
1755914099221 0.002872129188900804 10
1755914099248 0.0028650600740765565 11
1755914099274 0.002856435807195237 12
1755914099301 0.002846265818766059 13
1755914099328 0.0028345612295220565 14
1755914099355 0.002821334838259722 15
1755914099381 0.0028066011078437133 16
1755914099408 0.0027903761493919227 17
1755914099435 0.002772677704658203 18
1755914099462 0.002753525126632026 19
1755914099488 0.0027329393583762677 20
1755914099515 0.002710942910126278 21
1755914099542 0.002687559834675271 22
1755914099568 0.002662815701072944 23
1755914099595 0.0026367375666661017 24
1755914099622 0.0026093539475118437 25
1755914099649 0.002580694787195672 26
1755914099676 0.0025507914240886233 27
1755914099702 0.0025196765570792176 28
1755914099729 0.0024873842098177066 29
1755914099756 0.002453949693511709 30
1755914099782 0.0024194095683139254 31
1755914099809 0.002383801603344145 32
1755914099836 0.0023471647353892735 33
1755914099863 0.0023095390263265206 34
1755914099889 0.0022709656193163324 35
1755914099916 0.0022314866938129454 36
1755914099943 0.0021911454194417732 37
1755914099970 0.002149985908794057 38
1755914099997 0.0021080531691903912 39
1755914100025 0.0020653930534658823 40
1755914100055 0.002022052209830747 41
1755914100083 0.001978078030861174 42
1755914100110 0.0019335186016762463 43
1755914100137 0.0018884226473575617 44
1755914100165 0.0018428394796690757 45
1755914174298 0.000569340173299797 1
1755914174455 0.001138680346599594 2
1755914174755 0.0017080205198993913 3
1755914174889 0.002277360693199188 4
1755914175021 0.002846700866498985 5
1755914175162 0.002846700866498985 6
1755914175398 0.0028459229334696456 7
1755914175536 0.0028435899850399737 8
1755914175671 0.002839704572254825 9
1755914175805 0.002834270943756034 10
1755914176072 0.0028272950411365903 11
1755914176219 0.002818784492443588 12
1755914176363 0.002808748603837072 13
1755914176615 0.0027971983494138888 14
1755914176768 0.0027841463592076705 15
1755914176916 0.0027696069053780806 16
1755914177163 0.0027535958866044155 17
1755914177383 0.0027361308107006327 18
1755914177582 0.0027172307754708136 19
1755914177772 0.002696916447825994 20
1755914178096 0.002675210041185202 21
1755914178265 0.002652135291185409 22
1755914178457 0.002627717429726959 23
1755914178607 0.002601983157382859 24
1755914178858 0.0025749606142020888 25
1755914178999 0.0025466793489388765 26
1755914179147 0.002517170286741566 27
1755914179401 0.002486465695336422 28
1755914179537 0.002454599149743346 29
1755914179671 0.002421605495562084 30
1755914179908 0.0023875208108690756 31
1755914180046 0.002352382366766606 32
1755914180183 0.002316228586627404 33
1755914180340 0.002279099004079247 34
1755914180576 0.0022410342197755205 35
1755914180710 0.002202075856999 36
1755914180853 0.002162266516147399 37
1755914180993 0.0021216497281504655 38
1755914181229 0.0020802699068695435 39
1755914181370 0.002038172300531671 40
1755914181511 0.0019954029422513094 41
1755914181755 0.0019520085996938025 42
1755914181892 0.0019080367239356294 43
1755914182031 0.0018635353975773425 44
