1755913935648 0.0012075934045543235 1
1755913935666 0.002415186809108647 2
1755913935673 0.003622780213662971 3
1755913935680 0.004830373618217294 4
1755913935687 0.006037967022771618 5
1755913935695 0.006037967022771618 6
1755913935703 0.006036316689070232 7
1755913935710 0.006031367492581746 8
1755913935718 0.006023124845179858 9
1755913935725 0.006011597760078483 10
1755913935733 0.0059967988419759415 11
1755913935741 0.005978744273271903 12
1755913935748 0.005957453796372171 13
1755913935756 0.00593295069210065 14
1755913935763 0.0059052617542421125 15
1755913935771 0.005874417260243581 16
1755913935778 0.005840450938106388 17
1755913935785 0.005803399929505103 18
1755913935793 0.005763304749173652 19
1755913935800 0.005720209240603059 20
1755913935809 0.005674160528099221 21
1755913935817 0.005625208965253183 22
1755913935825 0.005573408079880216 23
1755913935833 0.0055188145154879435 24
1755913935840 0.005461487969337493 25
1755913935848 0.005401491127165421 26
1755913935856 0.005338889594637778 27
1755913935864 0.005273751825611274 28
1755913935872 0.0052061490472799996 29
1755913935879 0.005136155182289523 30
1755913935887 0.005063846767903575 31
1755913935896 0.004989302872311663 32
1755913935904 0.004912605008169176 33
1755913935911 0.004833837043464485 34
1755913935919 0.004753085109810536 35
1755913935928 0.004670437508261193 36
1755913935935 0.004585984612755328 37
1755913935943 0.004499818771294253 38
1755913935951 0.004412034204960532 39
1755913935959 0.004322726904888608 40
1755913935967 0.004231994527299918 41
1755913935975 0.004139936286717232 42
1755913935983 0.004046652847475044 43
1755913935992 0.003952246213644589 44
1755913935999 0.003856819617493899 45
1755913936007 0.0037604774066048244 46
1755913936016 0.0036633249297704906 47
1755913936024 0.0035654684217979377 48
1755913936032 0.0034670148873419183 49
1755913936039 0.0033680719838968813 50
1755913936047 0.0032687479040750768 51
1755913936056 0.0031691512572995296 52
1755914063737 0.0005372216793398267 1
1755914063761 0.0010744433586796535 2
1755914063776 0.0016116650380194803 3
1755914063791 0.002148886717359307 4
1755914063806 0.0026861083966991336 5
1755914063821 0.0026861083966991336 6
1755914063836 0.002685374365046777 7
1755914063851 0.002683173072742542 8
1755914063866 0.0026795069268672447 9
1755914063882 0.0026743799362975735 10
1755914063896 0.0026677977073224423 11
1755914063911 0.0026597674375125973 12
1755914063927 0.002650297907850175 13
1755914063942 0.0026393994731268317 14
1755914063956 0.002627084050620928 15
1755914063971 0.0026133651070661605 16
1755914063987 0.002598257643925888 17
1755914064003 0.002581778180989248 18
1755914064019 0.0025639447383070126 19
1755914064033 0.002544776816486927 20
1755914064049 0.002524295375370081 21
1755914064064 0.0025025228111116306 22
1755914064079 0.00247948293169093 23
1755914064094 0.0024552009308778586 24
1755914064109 0.0024297033606838 25
1755914064124 0.002403018102327411 26
1755914064139 0.002375174335746914 27
1755914064154 0.002346202507692267 28
1755914064169 0.002316134298432088 29
1755914064183 0.002285002587111746 30
1755914064198 0.0022528414158004984 31
1755914064213 0.0022196859522669887 32
1755914064228 0.002185572451523807 33
1755914064243 0.0021505382161831664 34
1755914064258 0.002114621555667045 35
1755914064274 0.002077861744316394 36
1755914064290 0.0020402989784452227 37
1755914064306 0.0020019743323865203 38
1755914064321 0.001962929713578076 39
1755914064336 0.0019232078167373081 40
1755914064351 0.001882852077175223 41
1755914064366 0.001841906623300533 42
1755914064383 0.001800416228365896 43
1755914064398 0.0017584262615090167 44
1755914064414 0.0017159826381421628 45
1755914064429 0.0016731317697443351 46
1755914064444 0.0016299205131109964 47
1755914064459 0.0015863961191168539 48
1755914064474 0.0015426061810477213 49
1755914064489 0.0014985985825579603 50
1755914064505 0.001454421445310406 51
1755914064520 0.0014101230763560362 52
1755914064536 0.0013657519153109211 53
1755914118322 0.0005769450401234253 1
1755914118387 0.0011538900802468507 2
1755914118437 0.0017308351203702763 3
1755914118493 0.0023077801604937014 4
1755914118542 0.002884725200617127 5
1755914118590 0.002884725200617127 6
1755914118637 0.002883936872825015 7
1755914118696 0.0028815727514735455 8
1755914118746 0.0028776354216947064 9
1755914118797 0.002872129188900804 10
1755914118846 0.0028650600740765565 11
1755914118895 0.002856435807195237 12
1755914118944 0.002846265818766059 13
1755914118993 0.0028345612295220565 14
1755914119042 0.002821334838259722 15
1755914119092 0.0028066011078437133 16
1755914119138 0.0027903761493919227 17
1755914119192 0.002772677704658203 18
1755914119243 0.002753525126632026 19
1755914119292 0.0027329393583762677 20
1755914119341 0.002710942910126278 21
1755914119390 0.002687559834675271 22
1755914119452 0.002662815701072944 23
1755914119503 0.0026367375666661017 24
1755914119770 0.0026093539475118437 25
1755914119820 0.002580694787195672 26
1755914119868 0.0025507914240886233 27
1755914119920 0.0025196765570792176 28
1755914119969 0.0024873842098177066 29
1755914120018 0.002453949693511709 30
1755914120066 0.0024194095683139254 31
1755914120122 0.002383801603344145 32
1755914120173 0.0023471647353892735 33
1755914120224 0.0023095390263265206 34
1755914120275 0.0022709656193163324 35
1755914120324 0.0022314866938129454 36
1755914120375 0.0021911454194417732 37
1755914120425 0.002149985908794057 38
1755914120478 0.0021080531691903912 39
1755914120529 0.0020653930534658823 40
1755914120581 0.002022052209830747 41
1755914120632 0.001978078030861174 42
1755914210205 0.000569340173299797 1
1755914210482 0.001138680346599594 2
1755914210851 0.0017080205198993913 3
1755914211207 0.002277360693199188 4
1755914211617 0.002846700866498985 5
1755914212003 0.002846700866498985 6
1755914212366 0.0028459229334696456 7
1755914212728 0.0028435899850399737 8
1755914213101 0.002839704572254825 9
1755914213369 0.002834270943756034 10
1755914213741 0.0028272950411365903 11
1755914214106 0.002818784492443588 12
1755914214467 0.002808748603837072 13
1755914214856 0.0027971983494138888 14
1755914215218 0.0027841463592076705 15
1755914215580 0.0027696069053780806 16
1755914215955 0.0027535958866044155 17
1755914216322 0.0027361308107006327 18
1755914216581 0.0027172307754708136 19
1755914216932 0.002696916447825994 20
1755914217290 0.002675210041185202 21
1755914217645 0.002652135291185409 22
1755914217999 0.002627717429726959 23
1755914218358 0.002601983157382859 24
1755914218709 0.0025749606142020888 25
1755914219063 0.0025466793489388765 26
1755914219414 0.002517170286741566 27
1755914219673 0.002486465695336422 28
1755914220029 0.002454599149743346 29
1755914220394 0.002421605495562084 30
1755914220752 0.0023875208108690756 31
1755914221107 0.002352382366766606 32
1755914221465 0.002316228586627404 33
1755914221824 0.002279099004079247 34
1755914222174 0.0022410342197755205 35
1755914222522 0.002202075856999 36
1755914222868 0.002162266516147399 37
1755914223314 0.0021216497281504655 38
1755914223806 0.0020802699068695435 39
1755914224172 0.002038172300531671 40
1755914224534 0.0019954029422513094 41
1755914224897 0.0019520085996938025 42
1755914225260 0.0019080367239356294 43
1755914225638 0.0018635353975773425 44
1755914225998 0.0018185532821659524 45
1755914226357 0.0017731395649842412 46
1755914226715 0.0017273439052651895 47
1755914226976 0.0016812163798903348 48
1755914227334 0.0016348074286314368 49
1755914227693 0.0015881677989953288 50
1755914228050 0.0015413484907322603 51
1755914228407 0.0014944007000684233 52
1755914228767 0.001447375763723629 53
1755914229125 0.0014003251027753562 54
1755914229488 0.0013533001664305614 55
1755914229852 0.001306352375766725 56
