1755913965082 0.0012075934045543235 1
1755913965100 0.002415186809108647 2
1755913965108 0.003622780213662971 3
1755913965118 0.004830373618217294 4
1755913965127 0.006037967022771618 5
1755913965136 0.006037967022771618 6
1755913965145 0.006036316689070232 7
1755913965154 0.006031367492581746 8
1755913965164 0.006023124845179858 9
1755913965173 0.006011597760078483 10
1755913965182 0.0059967988419759415 11
1755913965191 0.005978744273271903 12
1755913965200 0.005957453796372171 13
1755913965209 0.00593295069210065 14
1755913965219 0.0059052617542421125 15
1755913965228 0.005874417260243581 16
1755913965237 0.005840450938106388 17
1755913965246 0.005803399929505103 18
1755913965256 0.005763304749173652 19
1755913965265 0.005720209240603059 20
1755913965274 0.005674160528099221 21
1755913965283 0.005625208965253183 22
1755913965292 0.005573408079880216 23
1755913965302 0.0055188145154879435 24
1755913965311 0.005461487969337493 25
1755913965321 0.005401491127165421 26
1755913965330 0.005338889594637778 27
1755913965340 0.005273751825611274 28
1755914081394 0.0005372216793398267 1
1755914081423 0.0010744433586796535 2
1755914081445 0.0016116650380194803 3
1755914081466 0.002148886717359307 4
1755914081488 0.0026861083966991336 5
1755914081510 0.0026861083966991336 6
1755914081533 0.002685374365046777 7
1755914081555 0.002683173072742542 8
1755914081577 0.0026795069268672447 9
1755914081599 0.0026743799362975735 10
1755914081620 0.0026677977073224423 11
1755914081642 0.0026597674375125973 12
1755914081664 0.002650297907850175 13
1755914081685 0.0026393994731268317 14
1755914081710 0.002627084050620928 15
1755914081732 0.0026133651070661605 16
1755914081753 0.002598257643925888 17
1755914081775 0.002581778180989248 18
1755914081797 0.0025639447383070126 19
1755914081816 0.002544776816486927 20
1755914081837 0.002524295375370081 21
1755914081858 0.0025025228111116306 22
1755914081879 0.00247948293169093 23
1755914081899 0.0024552009308778586 24
1755914081920 0.0024297033606838 25
1755914081942 0.002403018102327411 26
1755914081963 0.002375174335746914 27
1755914081984 0.002346202507692267 28
1755914082004 0.002316134298432088 29
1755914082027 0.002285002587111746 30
1755914082047 0.0022528414158004984 31
1755914146546 0.0005769450401234253 1
1755914146623 0.0011538900802468507 2
1755914146697 0.0017308351203702763 3
1755914146771 0.0023077801604937014 4
1755914146845 0.002884725200617127 5
1755914146917 0.002884725200617127 6
1755914146993 0.002883936872825015 7
1755914147262 0.0028815727514735455 8
1755914147340 0.0028776354216947064 9
1755914147418 0.002872129188900804 10
1755914147492 0.0028650600740765565 11
1755914147565 0.002856435807195237 12
1755914147637 0.002846265818766059 13
1755914147709 0.0028345612295220565 14
1755914147781 0.002821334838259722 15
1755914147856 0.0028066011078437133 16
1755914147928 0.0027903761493919227 17
1755914148003 0.002772677704658203 18
1755914148078 0.002753525126632026 19
1755914148154 0.0027329393583762677 20
1755914148230 0.002710942910126278 21
1755914148398 0.002687559834675271 22
1755914148470 0.002662815701072944 23
1755914148541 0.0026367375666661017 24
1755914148613 0.0026093539475118437 25
1755914148685 0.002580694787195672 26
1755914148759 0.0025507914240886233 27
1755914148831 0.0025196765570792176 28
1755914148906 0.0024873842098177066 29
1755914148981 0.002453949693511709 30
1755914149058 0.0024194095683139254 31
1755914149134 0.002383801603344145 32
1755914149209 0.0023471647353892735 33
1755914149283 0.0023095390263265206 34
1755914149356 0.0022709656193163324 35
1755914149429 0.0022314866938129454 36
1755914149597 0.0021911454194417732 37
1755914149674 0.002149985908794057 38
1755914149750 0.0021080531691903912 39
1755914149826 0.0020653930534658823 40
1755914149903 0.002022052209830747 41
1755914149988 0.001978078030861174 42
1755914150080 0.0019335186016762463 43
1755914150158 0.0018884226473575617 44
1755914150233 0.0018428394796690757 45
1755914150310 0.0017968189431354104 46
1755914150387 0.0017504113605375986 47
1755914150463 0.0017036674778858618 48
1755914150537 0.0016566384089295927 49
1755914150611 0.0016093755792652214 50
1755914150784 0.0015619306701030798 51
1755914150859 0.0015143555617547575 52
1755914150933 0.0014667022769027434 53
1755914151008 0.0014190229237143834 54
1755914151085 0.001371369638862369 55
1755914151162 0.001323794530514047 56
1755914151237 0.0012763496213519054 57
1755914151312 0.001229086791687534 58
1755914151386 0.0011820577227312655 59
1755914151460 0.0011353138400795283 60
1755914151535 0.0010889062574817162 61
1755914151607 0.0010428857209480512 62
1755914151680 0.000997302553259565 63
1755914151755 0.0009522065989408803 64
1755914151830 0.0009076471697559524 65
1755914152003 0.0008636729907863806 66
1755914152077 0.0008203321471512445 67
1755914152151 0.000777672031426736 68
1755914152226 0.0007357392918230707 69
1755914152298 0.0006945797811753541 70
1755914269764 0.000569340173299797 1
1755914270676 0.001138680346599594 2
1755914271372 0.0017080205198993913 3
1755914272071 0.002277360693199188 4
1755914272762 0.002846700866498985 5
1755914273541 0.002846700866498985 6
1755914274237 0.0028459229334696456 7
1755914274926 0.0028435899850399737 8
1755914275713 0.002839704572254825 9
1755914276413 0.002834270943756034 10
1755914277135 0.0028272950411365903 11
1755914277944 0.002818784492443588 12
1755914278642 0.002808748603837072 13
1755914279636 0.0027971983494138888 14
1755914280452 0.0027841463592076705 15
1755914281169 0.0027696069053780806 16
1755914281887 0.0027535958866044155 17
1755914282603 0.0027361308107006327 18
1755914283411 0.0027172307754708136 19
1755914284143 0.002696916447825994 20
1755914285131 0.002675210041185202 21
1755914285866 0.002652135291185409 22
1755914286716 0.002627717429726959 23
1755914287468 0.002601983157382859 24
1755914288193 0.0025749606142020888 25
1755914288926 0.0025466793489388765 26
1755914289921 0.002517170286741566 27
1755914290614 0.002486465695336422 28
1755914291319 0.002454599149743346 29
1755914292085 0.002421605495562084 30
1755914292902 0.0023875208108690756 31
1755914293609 0.002352382366766606 32
1755914294313 0.002316228586627404 33
1755914295100 0.002279099004079247 34
1755914295796 0.0022410342197755205 35
1755914296498 0.002202075856999 36
1755914297213 0.002162266516147399 37
1755914298041 0.0021216497281504655 38
1755914298779 0.0020802699068695435 39
1755914299495 0.002038172300531671 40
1755914300208 0.0019954029422513094 41
1755914301030 0.0019520085996938025 42
1755914301739 0.0019080367239356294 43
1755914302448 0.0018635353975773425 44
1755914303256 0.0018185532821659524 45
1755914303965 0.0017731395649842412 46
1755914304689 0.0017273439052651895 47
1755914305396 0.0016812163798903348 48
1755914306471 0.0016348074286314368 49
1755914307179 0.0015881677989953288 50
1755914307889 0.0015413484907322603 51
