1755907706948 1.640806210041046 1
1755907706964 0.9430871665477752 2
1755907706970 0.7325519621372223 3
1755907706976 0.5478722095489502 4
1755907706982 0.5890915632247925 5
1755907706989 0.5475220054388046 6
1755907706995 0.5255264133214951 7
1755907707001 0.5070601135492325 8
1755907707008 0.5019365936517716 9
1755907707014 0.41189902275800705 10
1755907707021 0.30238081365823744 11
1755907707027 0.26112453937530516 12
1755907707034 0.2661760479211807 13
1755907707040 0.2854111284017563 14
1755907707046 0.22935554683208464 15
1755907707052 0.2520390674471855 16
1755907707059 0.18110227659344674 17
1755907707066 0.185903699696064 18
1755907707073 0.16347896605730056 19
1755907707080 0.13698070868849754 20
1755907707088 0.14612367004156113 21
1755907707095 0.13628922626376153 22
1755907707102 0.13055254518985748 23
1755907707109 0.12265387400984765 24
1755907707116 0.10604679062962533 25
1755907707123 0.1368926338851452 26
1755907707130 0.15395375937223435 27
1755907707137 0.10730763152241707 28
1755907707144 0.09572061896324158 29
1755907707151 0.08890786617994309 30
1755907707158 0.09118258431553841 31
1755907707165 0.08376876264810562 32
1755907707173 0.09096079170703888 33
1755907707180 0.07301238887012004 34
1755907707187 0.08332021348178387 35
1755907707194 0.06853830814361572 36
1755907707201 0.08393177725374698 37
1755907707209 0.08710743598639965 38
1755907707216 0.0910521499812603 39
1755907707223 0.07153020314872265 40
1755907707230 0.06410778015851974 41
1755907707237 0.058214790746569635 42
1755907707243 0.058688558638095856 43
1755907707251 0.05133829675614834 44
1755907707258 0.06123173050582409 45
1755907707265 0.06076296232640743 46
1755907707272 0.05407542549073696 47
1755907707279 0.05543336309492588 48
1755907707288 0.058241394348442554 49
1755907707296 0.0559066042304039 50
1755907707303 0.06062553115189075 51
1755907707310 0.04536553360521793 52
1755907707317 0.04873289205133915 53
1755907707324 0.04193305801600218 54
1755907707331 0.0423724714666605 55
1755907707338 0.0396132281050086 56
1755907707345 0.03738444000482559 57
1755907707352 0.03874953947961331 58
1755907707360 0.03507951907813549 59
1755907707368 0.03623238708823919 60
1755907707375 0.04260386861860752 61
1755907707383 0.049380816891789435 62
1755907707390 0.04257836751639843 63
1755907707398 0.0335552791133523 64
1755907707405 0.03370310682803392 65
1755907707412 0.03007744923233986 66
1755907707420 0.03161110132932663 67
1755907707428 0.02711829300969839 68
1755907707435 0.031317859515547754 69
1755907707442 0.02856739778071642 70
