1755907706948 0.0005949962117123375 1
1755907706964 0.001189992423424675 2
1755907706970 0.0017849886351370124 3
1755907706976 0.00237998484684935 4
1755907706982 0.0029749810585616874 5
1755907706989 0.0029749810585616874 6
1755907706995 0.0029741680574056906 7
1755907707001 0.0029717299429425277 8
1755907707008 0.0029676693812145686 9
1755907707014 0.0029619908123864457 10
1755907707021 0.0029547004458898006 11
1755907707027 0.002945806253633362 12
1755907707034 0.0029353179612857786 13
1755907707040 0.0029232470376407446 14
1755907707046 0.002909606682076043 15
1755907707052 0.002894411810120218 16
1755907707059 0.0028776790371426646 17
1755907707066 0.002859426660184965 18
1755907707073 0.0028396746379533437 19
1755907707080 0.0028184445689941155 20
1755907707088 0.00279575966807599 21
1755907707095 0.0027716447408050655 22
1755907707102 0.0027461261565002596 23
1755907707109 0.0027192318193588506 24
1755907707116 0.002690991137943644 25
1755907707123 0.002661434993025142 26
1755907707130 0.002630595703813873 27
1755907707137 0.0025985069926198123 28
1755907707144 0.0025652039479775288 29
1755907707151 0.0025307229862773883 30
1755907707158 0.002495101811944766 31
1755907707165 0.0024583793762108096 32
1755907707173 0.0024205958345198406 33
1755907707180 0.002381792502619966 34
1755907707187 0.002342011811384913 35
1755907707194 0.002301297260416494 36
1755907707201 0.0022596933704784267 37
1755907707209 0.0022172456348135373 38
1755907707216 0.0021740004693975626 39
1755907707223 0.002130005162183967 40
1755907707230 0.0020853078213952563 41
1755907707237 0.002039957322917342 42
1755907707243 0.001994003256854481 43
1755907707251 0.001947495873303222 44
1755907707258 0.0019004860274046645 45
1755907707265 0.0018530251237351063 46
1755907707272 0.0018051650600958962 47
1755907707279 0.0017569581707639497 48
1755907707288 0.001708457169264984 49
1755907707296 0.0016597150907320549 50
1755907707303 0.0016107852339124129 51
1755907707310 0.0015617211028861099 52
1755907707317 0.0015125763485600713 53
1755907707324 0.0014634047100016158 54
1755907707331 0.001414259955675577 55
1755907707338 0.0013651958246492747 56
1755907707345 0.0013162659678296327 57
1755907707352 0.001267523889296703 58
1755907707360 0.001219022887797738 59
1755907707368 0.0011708159984657911 60
1755907707375 0.001122955934826581 61
1755907707383 0.001075495031157023 62
1755907707390 0.001028485185258465 63
1755907707398 0.0009819778017072062 64
1755907707405 0.0009360237356443453 65
1755907707412 0.0008906732371664317 66
1755907707420 0.0008459758963777204 67
1755907707428 0.0008019805891641248 68
1755907707435 0.000758735423748151 69
1755907707442 0.0007162876880832611 70
