1755907724896 1.714963471889496 1
1755907724912 1.0639527559280395 2
1755907724921 0.7824522852897644 3
1755907724929 0.6257601320743561 4
1755907724936 0.5479934394359589 5
1755907724944 0.5064810901880265 6
1755907724952 0.44474163055419924 7
1755907724960 0.38181900382041933 8
1755907724968 0.33471024930477145 9
1755907724976 0.33149162530899046 10
1755907724984 0.32023033797740935 11
1755907724992 0.2657079741358757 12
1755907725001 0.25161192268133165 13
1755907725010 0.22994022220373153 14
1755907725018 0.24317741245031357 15
1755907725026 0.25248624980449674 16
1755907725034 0.2328841745853424 17
1755907725042 0.17502526044845582 18
1755907725051 0.16583373248577118 19
1755907725059 0.154189845174551 20
1755907725067 0.12916750311851502 21
1755907725076 0.1488638013601303 22
1755907725084 0.13246899247169494 23
1755907725092 0.12740272134542466 24
1755907725100 0.11986347064375877 25
1755907725109 0.12656708657741547 26
1755907725117 0.12764431089162825 27
1755907725126 0.10535652488470078 28
1755907725134 0.092615507543087 29
1755907725143 0.07965175658464432 30
1755907725151 0.09116115793585777 31
1755907725159 0.09358870461583138 32
1755907725167 0.0935615472495556 33
1755907725176 0.08688549883663654 34
1755907725184 0.07490102462470531 35
1755907725193 0.0929755337536335 36
1755907725201 0.08127200007438659 37
1755907725210 0.07547588273882866 38
1755907725218 0.07583830952644348 39
1755907725227 0.07048903852701187 40
1755907725235 0.05626463331282139 41
1755907725244 0.0559307761490345 42
1755907725252 0.053238892927765846 43
1755907725261 0.06043346300721168 44
1755907725270 0.05175396241247654 45
1755907725279 0.050140127539634705 46
1755907725288 0.06321678422391415 47
1755907725297 0.05303005911409855 48
1755907725305 0.05050905644893646 49
1755907725314 0.061712749674916266 50
1755907725323 0.06407497227191924 51
1755907725332 0.055148251727223395 52
1755907725340 0.042902154847979546 53
