1755907686265 1.6612968683242797 1
1755907686278 0.978071129322052 2
1755907686282 0.7877797365188599 3
1755907686286 0.7372076213359833 4
1755907686291 0.5965744107961655 5
1755907686296 0.5242338210344315 6
1755907686300 0.49776861667633054 7
1755907686305 0.45699522495269773 8
1755907686309 0.356984344124794 9
1755907686313 0.32784851640462875 10
1755907686318 0.307145893573761 11
1755907686323 0.2572652459144592 12
1755907686328 0.25444216132164 13
1755907686333 0.21285733580589294 14
1755907686337 0.21128976345062256 15
1755907686341 0.21393453031778337 16
1755907686346 0.2063692569732666 17
1755907686350 0.20316731184720993 18
1755907686354 0.16669391840696335 19
1755907686359 0.1582374170422554 20
1755907686363 0.15955996736884118 21
1755907686368 0.15588282346725463 22
1755907686372 0.16796884685754776 23
1755907686377 0.15678027868270875 24
1755907686382 0.1280396282672882 25
1755907686387 0.1299470290541649 26
1755907686392 0.11406791657209396 27
1755907686397 0.117452272772789 28
1755907686402 0.12475295588374138 29
1755907686408 0.11691263541579247 30
1755907686413 0.10559900403022766 31
1755907686417 0.10812238231301308 32
1755907686422 0.09455373510718346 33
1755907686427 0.09016342386603356 34
1755907686432 0.10110115669667721 35
1755907686437 0.11340141296386719 36
1755907686441 0.08852940872311592 37
1755907686446 0.08085259757936 38
1755907686451 0.0699529405683279 39
1755907686456 0.07069819755852222 40
1755907686460 0.06567670293152332 41
1755907686465 0.08550169058144093 42
1755907686470 0.07197570316493511 43
1755907686474 0.05639374144375324 44
1755907686480 0.05261474326252937 45
1755907686485 0.052220776304602624 46
1755907686490 0.05211839638650417 47
1755907686495 0.05466331504285336 48
1755907686501 0.05017010644078255 49
1755907686506 0.054695723578333855 50
1755907686512 0.04810629524290562 51
1755907686517 0.04115647654980421 52
1755907686522 0.051255504786968234 53
1755907686527 0.04658741243183613 54
1755907686532 0.051650645211339 55
1755907686537 0.039001889526844025 56
1755907686542 0.038970807939767836 57
1755907686547 0.0405411746352911 58
1755907686551 0.04152848832309246 59
1755907686556 0.03871693909168243 60
1755907686561 0.036872243508696556 61
1755907686566 0.03188966680318117 62
1755907686572 0.03656756896525622 63
1755907686577 0.04028970822691917 64
1755907686582 0.032513768412172794 65
1755907686588 0.04230392016470432 66
1755907686593 0.029345315508544446 67
1755907686599 0.035196229442954065 68
1755907686604 0.0394326064735651 69
1755907686610 0.030321775749325753 70
1755907686616 0.03181293159723282 71
1755907686622 0.03533211816102266 72
1755907686627 0.02872451450675726 73
1755907686633 0.026560969837009906 74
1755907686642 0.02729583755135536 75
1755907686647 0.032957829721271995 76
1755907686653 0.029019000194966792 77
1755907686658 0.02719724886119366 78
1755907686666 0.02949557323008776 79
1755907686671 0.02959224209189415 80
1755907686677 0.028483485244214533 81
1755907686682 0.03084996547549963 82
1755907686689 0.026571948640048505 83
