1755988862822 0.00048247499914448876 1
1755988862833 0.0009649499982889775 2
1755988862839 0.0014474249974334662 3
1755988862845 0.001929899996577955 4
1755988862852 0.002412374995722444 5
1755988862858 0.002412374995722444 6
1755988862865 0.002411715794933851 7
1755988862872 0.0024097389133944562 8
1755988862878 0.0024064465127951987 9
1755988862885 0.0024018421933277956 10
1755988862892 0.0023959309897479838 11
1755988862898 0.002388719365870091 12
1755988862905 0.0023802152074989475 13
1755988862911 0.0023704278138068752 14
1755988862917 0.0023593678871651792 15
1755988862924 0.0023470475214412627 16
1755988862930 0.0023334801887741584 17
1755988862938 0.0023186807248429444 18
1755988862945 0.002302665312644146 19
1755988862951 0.0022854514647958663 20
1755988862958 0.0022670580043879962 21
1755988862965 0.002247505044399443 22
1755988862972 0.0022268139657048783 23
1755988862978 0.0022050073936950732 24
1755988862985 0.0021821091735363587 25
1755988862992 0.00215814434409629 26
1755988862999 0.002133139110564012 27
1755988863006 0.0021071208157952687 28
1755988863015 0.0020801179104133934 29
1755988863022 0.002052159921698968 30
1755988863029 0.002023277421302178 31
1755988863036 0.0019935019918131567 32
1755988863043 0.0019628661922268934 33
1755988863050 0.001931403522340445 34
1755988863057 0.0018991483861214018 35
1755988863064 0.0018661360540876547 36
1755988863071 0.0018324026247396 37
1755988863078 0.0017979849850869607 38
1755988863086 0.0017629207703133822 39
1755988863093 0.0017272483226229115 40
1755988863100 0.0016910066493133616 41
