1755988879996 1.1473690390586853 1
1755988880011 0.9992911756038666 2
1755988880019 0.8208294153213501 3
1755988880026 0.7214960753917694 4
1755988880034 0.7336050868034363 5
1755988880041 0.6684521317481995 6
1755988880049 0.5641068518161774 7
1755988880056 0.5400111854076386 8
1755988880063 0.5079884052276611 9
1755988880071 0.4799530357122421 10
1755988880079 0.4316976100206375 11
1755988880087 0.41958375573158263 12
1755988880095 0.44073536694049836 13
1755988880104 0.41966384649276733 14
1755988880112 0.39781856834888457 15
1755988880120 0.3856292009353638 16
1755988880128 0.38688361644744873 17
1755988880135 0.37971946597099304 18
1755988880143 0.39745714962482454 19
1755988880150 0.39864295423030854 20
1755988880158 0.35273217856884004 21
1755988880166 0.3412554025650024 22
1755988880173 0.3471858024597168 23
1755988880181 0.33562653958797456 24
1755988880188 0.3415937066078186 25
1755988880196 0.3253442972898483 26
1755988880204 0.33128132224082946 27
1755988880212 0.305317285656929 28
1755988880220 0.3293813347816467 29
1755988880228 0.3075649976730347 30
1755988880237 0.29692148566246035 31
1755988880245 0.2979437455534935 32
1755988880254 0.26729034781455996 33
1755988880262 0.27654216140508653 34
1755988880271 0.25520918518304825 35
1755988880278 0.24655902236700059 36
1755988880287 0.23962684124708175 37
1755988880295 0.25185738056898116 38
1755988880303 0.23837881684303283 39
1755988880311 0.23037023097276688 40
1755988880319 0.24391687363386155 41
1755988880328 0.2525776132941246 42
1755988880337 0.23838776648044585 43
1755988880345 0.24436093419790267 44
1755988880354 0.23022521436214446 45
1755988880363 0.23188181966543198 46
1755988880371 0.24313461929559707 47
1755988880379 0.2293979659676552 48
1755988880388 0.21972712278366088 49
1755988880396 0.22624994516372682 50
1755988880404 0.2218936339020729 51
1755988880412 0.21336326897144317 52
1755988880420 0.20352121144533158 53
