1755982992314 1.2372726167177226 1
1755982992336 0.8861515134960026 2
1755982992343 0.8130138963460922 3
1755982992352 0.843229822137139 4
1755982992359 0.8024741415079538 5
1755982992366 0.6282006526341686 6
1755982992374 0.6507693234976236 7
1755982992382 0.6393484022323187 8
1755982992390 0.6153687796519174 9
1755982992398 0.5435185558223105 10
1755982992406 0.5310147197602632 11
1755982992413 0.5376306884474569 12
1755982992421 0.48926405202258716 13
1755982992428 0.4492746467714186 14
1755982992436 0.5080114884616492 15
1755982992444 0.5145631931818925 16
1755982992451 0.46177938996584383 17
1755982992458 0.4607748385373648 18
1755982992466 0.4533924706183471 19
1755982992473 0.39085672757068235 20
1755982992481 0.4220304401083426 21
1755982992489 0.38380020314996893 22
1755982992497 0.432407719167796 23
1755982992504 0.4062917627297439 24
1755982992512 0.3938419477312596 25
1755982992519 0.3897609445568803 26
1755982992526 0.40022590330668856 27
1755982992533 0.4425395827788811 28
