1755982992314 1.7862852943408025 1
1755982992336 1.1693052061192402 2
1755982992343 1.0006849872214454 3
1755982992352 1.0464387702477442 4
1755982992359 0.8774451292180395 5
1755982992366 0.768281456905526 6
1755982992374 0.8449575922318867 7
1755982992382 0.7539542623154529 8
1755982992390 0.7649503379044208 9
1755982992398 0.640774580952409 10
1755982992406 0.6521302519680617 11
1755982992413 0.671695608694058 12
1755982992421 0.5486817307673492 13
1755982992428 0.5196285122013712 14
1755982992436 0.6459877197812129 15
1755982992444 0.5737652851196079 16
1755982992451 0.5591954686618471 17
1755982992458 0.5068716956423475 18
1755982992466 0.5031039052969449 19
1755982992473 0.4145710787602833 20
1755982992481 0.47078767351128836 21
1755982992489 0.46101254960159205 22
1755982992497 0.5088349385307981 23
1755982992504 0.4518754350674617 24
1755982992512 0.43894145928032985 25
1755982992519 0.4193564772412374 26
1755982992526 0.45272090895609424 27
1755982992533 0.5096088229835808 28
