1755982910490 0.8411003273802918 1
1755982910510 0.694940670357122 2
1755982910515 0.7107535995446242 3
1755982910520 0.7246595040544287 4
1755982910524 0.6805254507374454 5
1755982910530 0.6663792787434218 6
1755982910535 0.6679852206211585 7
1755982910540 0.6128788590431213 8
1755982910545 0.5818754442326435 9
1755982910550 0.5862955323287419 10
1755982910555 0.5901347956100067 11
1755982910561 0.5719609581804895 12
1755982910566 0.5393445491790771 13
1755982910572 0.5263216878686633 14
1755982910577 0.5249329271254601 15
1755982910582 0.5364472091972053 16
1755982910588 0.5407242651109572 17
1755982910594 0.5273160291956617 18
1755982910599 0.5383282373477887 19
1755982910606 0.5291381799555445 20
1755982910611 0.5356337370036485 21
1755982910617 0.4976086086267001 22
1755982910622 0.5097140925271171 23
1755982910628 0.48904538851279716 24
1755982910633 0.477114428173412 25
1755982910639 0.4962647185697184 26
1755982910644 0.48618066736630033 27
1755982910649 0.4573660748345511 28
1755982910654 0.4779474057934501 29
1755982910659 0.4450147349339027 30
1755982910665 0.4769425527615981 31
1755982910672 0.48266916770439644 32
1755982910680 0.44256673462979207 33
1755982910686 0.41865752076173757 34
1755982910692 0.4507661879836739 35
1755982910698 0.45680491452093247 36
1755982910703 0.4665538591223878 37
1755982910710 0.4612039617903821 38
1755982910715 0.44458258306825316 39
1755982910722 0.44578599020258175 40
1755982910727 0.4366530476065425 41
1755982910732 0.4255611735891986 42
1755982910737 0.4113598373029139 43
1755982910742 0.42231122278547906 44
1755982910748 0.4093407423465283 45
1755982910753 0.4341943569771655 46
1755982910758 0.42211618787282473 47
1755982910764 0.4355645361658815 48
1755982910770 0.4215075110460257 49
1755982910776 0.41391651274321917 50
1755982910782 0.41677889905192633 51
1755982910788 0.42246869148372057 52
1755982910794 0.3725062177165762 53
