1755982910490 1.2080533132924662 1
1755982910510 0.8371382607268049 2
1755982910515 0.8751768527866958 3
1755982910520 0.9466904448224353 4
1755982910524 0.7991868660047456 5
1755982910530 0.773537211410411 6
1755982910535 0.8062414434049037 7
1755982910540 0.6513525841685085 8
1755982910545 0.5925313965840773 9
1755982910550 0.6138376011089846 10
1755982910555 0.5820418342754439 11
1755982910561 0.5569924570910343 12
1755982910566 0.5019596561595991 13
1755982910572 0.4838634986769069 14
1755982910577 0.48528964991693374 15
1755982910582 0.5274822282326685 16
1755982910588 0.5013273534449664 17
1755982910594 0.4766780040408303 18
1755982910599 0.4996042919236344 19
1755982910606 0.48226584184479404 20
1755982910611 0.5162746180574616 21
1755982910617 0.42718228175268547 22
1755982910622 0.45340404514368476 23
1755982910628 0.4195563972189829 24
1755982910633 0.3960913526160376 25
1755982910639 0.4325086527637073 26
1755982910644 0.4119960375420459 27
1755982910649 0.3622694785718794 28
1755982910654 0.4013428713207121 29
1755982910659 0.34131231178323945 30
1755982910665 0.4097489020847655 31
1755982910672 0.40560148520903155 32
1755982910680 0.3403874653113353 33
1755982910686 0.3196914770773479 34
1755982910692 0.3906163357972325 35
1755982910698 0.3778224880625675 36
1755982910703 0.379881076030917 37
1755982910710 0.36332902583208954 38
1755982910715 0.33545975706407 39
1755982910722 0.35125872870157293 40
1755982910727 0.33979274864707676 41
1755982910732 0.3249669565589397 42
1755982910737 0.3029565976618172 43
1755982910742 0.3082154597361366 44
1755982910748 0.2853030898160749 45
1755982910753 0.338954382031769 46
1755982910758 0.3144020571724161 47
1755982910764 0.3252937900168555 48
1755982910770 0.30393359103760165 49
1755982910776 0.3051916522445617 50
1755982910782 0.29534182745914955 51
1755982910788 0.31369623299930005 52
1755982910794 0.24856049586813173 53
