1755982950664 1.1977098564822952 1
1755982950683 0.8786861455285704 2
1755982950691 0.7449740422042933 3
1755982950698 0.9566915093304275 4
1755982950704 0.7479304154584934 5
1755982950711 0.6982126470123019 6
1755982950718 0.6253891893021473 7
1755982950724 0.6102268496504077 8
1755982950731 0.5936360827514103 9
1755982950737 0.5621874576265161 10
1755982950744 0.5226450066094275 11
1755982950750 0.521475877467688 12
1755982950756 0.4940472475507043 13
1755982950763 0.4569735780551836 14
1755982950769 0.5090329730278486 15
1755982950776 0.48215877622752995 16
1755982950785 0.46579972257861846 17
1755982950791 0.43710762533274566 18
1755982950798 0.4903886877484136 19
1755982950805 0.42275124149663107 20
1755982950811 0.4078153646611548 21
1755982950818 0.38094387387300466 22
1755982950824 0.3861520439386368 23
1755982950830 0.36667899884186783 24
