1755982950664 0.00038495005775951256 1
1755982950683 0.0007699001155190251 2
1755982950691 0.0011548501732785376 3
1755982950698 0.0015398002310380503 4
1755982950704 0.001924750288797563 5
1755982950711 0.001924750288797563 6
1755982950718 0.0019242243906234173 7
1755982950724 0.0019226472711629122 8
1755982950731 0.001920020654973023 9
1755982950737 0.0019163474142199894 10
1755982950744 0.0019116315655386452 11
1755982950750 0.0019058782656402862 12
1755982950756 0.0018990938056738817 13
1755982950763 0.0018912856043467967 14
1755982950769 0.0018824621998125436 15
1755982950776 0.0018726332403344364 16
1755982950785 0.0018618094737353577 17
1755982950791 0.0018500027356451701 18
1755982950798 0.0018372259365586306 19
1755982950805 0.0018234930477179533 20
1755982950811 0.001808819085835461 21
1755982950818 0.0017932200966730319 22
1755982950824 0.001776713137496292 23
1755982950830 0.0017593162584227495 24
