1755909667214 0.9199972867965698 1
1755909667228 0.6827695488929748 2
1755909667238 0.6035815298557281 3
1755909667246 0.5686731934547424 4
1755909667254 0.512495556473732 5
1755909667262 0.4855161219835281 6
1755909667271 0.4437055945396423 7
1755909667279 0.43115763664245604 8
1755909667288 0.4204374045133591 9
1755909667296 0.4134254723787308 10
1755909667305 0.4155016213655472 11
1755909667313 0.3876287817955017 12
1755909667321 0.3735113799571991 13
1755909667330 0.3376008301973343 14
1755909667339 0.3365921378135681 15
1755909667349 0.3062659949064255 16
1755909667360 0.3261156529188156 17
1755909667369 0.3103975385427475 18
1755909667379 0.30441352128982546 19
1755909667388 0.28161514550447464 20
1755909667397 0.26042699068784714 21
1755909667406 0.2516800299286842 22
1755909667415 0.2715423434972763 23
1755909667423 0.24726490080356597 24
1755909667431 0.24518994390964508 25
1755909667440 0.23735573142766953 26
1755909667448 0.23819130659103394 27
1755909667456 0.2284470096230507 28
1755909667464 0.2200211003422737 29
1755909667473 0.20546345561742782 30
1755909667483 0.20364955812692642 31
1755909667492 0.23125727474689484 32
1755909667500 0.2542756125330925 33
1755909667508 0.2395649716258049 34
1755909667516 0.228301802277565 35
1755909667525 0.203753699362278 36
1755909667533 0.19432472288608552 37
1755909667542 0.1962561145424843 38
1755909667552 0.2204289808869362 39
1755909667561 0.20128452628850937 40
1755909667570 0.18660446852445603 41
1755909667579 0.18868614733219147 42
1755909667589 0.18771570026874543 43
1755909667598 0.18459108471870422 44
1755909667608 0.15918045192956926 45
1755909667617 0.1718971237540245 46
1755909667626 0.1600072592496872 47
1755909667636 0.17317132651805878 48
1755909667646 0.17079594284296035 49
1755909667655 0.16375492066144942 50
1755909667664 0.18137299716472627 51
1755909667673 0.18153802752494813 52
1755909667682 0.16360167860984803 53
1755909667690 0.16631225049495696 54
1755909667700 0.15662211179733276 55
