1755909649487 1.8646669268608094 1
1755909649499 1.1088541388511657 2
1755909649505 0.8853527963161468 3
1755909649512 0.6066624581813812 4
1755909649518 0.5454055011272431 5
1755909649524 0.5484255015850067 6
1755909649530 0.4352563202381134 7
1755909649536 0.33327053040266036 8
1755909649543 0.374489426612854 9
1755909649549 0.2489458978176117 10
1755909649557 0.2301423043012619 11
1755909649564 0.24750108569860457 12
1755909649570 0.21470104902982712 13
1755909649577 0.20018421709537507 14
1755909649585 0.21201036721467972 15
1755909649591 0.2003456860780716 16
1755909649597 0.2096414476633072 17
1755909649604 0.17939410358667374 18
1755909649611 0.15852693617343902 19
1755909649617 0.16571641191840172 20
1755909649623 0.11842268854379653 21
1755909649629 0.10932808741927147 22
1755909649636 0.11167163625359536 23
1755909649642 0.12383870780467987 24
1755909649650 0.11379122287034989 25
1755909649657 0.10506398975849152 26
1755909649664 0.10817220285534859 27
1755909649672 0.09975257217884063 28
1755909649679 0.09624636247754097 29
1755909649686 0.07882037088274955 30
1755909649692 0.08169691935181618 31
1755909649699 0.08962012827396393 32
1755909649705 0.07328606471419334 33
1755909649712 0.07757668606936932 34
1755909649719 0.08053028658032417 35
1755909649726 0.07240528389811515 36
1755909649734 0.06166770756244659 37
1755909649742 0.06719252280890942 38
1755909649751 0.06713774427771568 39
1755909649758 0.06307347752153873 40
1755909649766 0.06469984129071235 41
1755909649773 0.0678226787596941 42
1755909649781 0.06370395794510841 43
1755909649788 0.06920941695570945 44
1755909649795 0.05982892327010632 45
1755909649803 0.059627066180109975 46
1755909649810 0.049552152305841445 47
1755909649817 0.05659249871969223 48
1755909649824 0.044990424066782 49
1755909649831 0.04967091325670481 50
1755909649838 0.05363466814160347 51
1755909649845 0.04842122569680214 52
1755909649852 0.04889698810875416 53
1755909649859 0.04596077501773834 54
1755909649866 0.04787412211298943 55
1755909649873 0.05485684275627136 56
1755909649880 0.04654310643672943 57
1755909649887 0.043799112923443316 58
1755909649894 0.044779864698648454 59
1755909649901 0.04124962650239468 60
1755909649909 0.04310721587389708 61
1755909649915 0.03550221677869558 62
1755909649922 0.04376814495772123 63
1755909649930 0.03379702400416136 64
1755909649938 0.03483460582792759 65
1755909649945 0.035231859609484675 66
1755909649953 0.033722317591309545 67
1755909649962 0.03284079376608133 68
1755909649970 0.03483725283294916 69
1755909649978 0.03239107895642519 70
1755909649986 0.032660830207169055 71
1755909649995 0.030725561454892157 72
1755909650003 0.03474987857043743 73
1755909650011 0.028563594073057176 74
1755909650019 0.02598817441612482 75
1755909650027 0.0264580387622118 76
1755909650035 0.027723063342273237 77
1755909650042 0.029227196238934994 78
