1755909667214 0.0004848058359297789 1
1755909667228 0.0009696116718595578 2
1755909667238 0.0014544175077893368 3
1755909667246 0.0019392233437191156 4
1755909667254 0.0024240291796488946 5
1755909667262 0.0024240291796488946 6
1755909667271 0.002423366792940547 7
1755909667279 0.002421380357125645 8
1755909667288 0.002418072044342587 9
1755909667296 0.00241344547218283 10
1755909667305 0.0024075056997351035 11
1755909667313 0.0024002592220533727 12
1755909667321 0.0023917139630545902 13
1755909667330 0.002381879266854011 14
1755909667339 0.0023707658875475393 15
1755909667349 0.0023583859774522816 16
1755909667360 0.0023447530738181675 17
1755909667369 0.0023298820840251637 18
1755909667379 0.0023137892692822754 19
1755909667388 0.0022964922268461523 20
1755909667397 0.002278009870778745 21
1755909667406 0.0022583624112650583 22
1755909667415 0.002237571332513609 23
1755909667423 0.0022156593692637607 24
1755909667431 0.0021926504819256188 25
1755909667440 0.0021685698303796747 26
1755909667448 0.0021434437464648444 27
1755909667456 0.0021172997051849924 28
1755909667464 0.002090166294665415 29
1755909667473 0.0020620731848921456 30
1755909667483 0.0020330510952682643 31
1755909667492 0.002003131761022675 32
1755909667500 0.001972347898508105 33
1755909667508 0.0019407331694262493 34
1755909667516 0.0019083221440191968 35
1755909667525 0.0018751502632673761 36
1755909667533 0.0018412538001353644 37
1755909667542 0.0018066698199079335 38
1755909667552 0.0017714361396597056 39
1755909667561 0.001735591286902736 40
1755909667570 0.0016991744574572467 41
1755909667579 0.0016622254725915686 42
1755909667589 0.0016247847354781734 43
1755909667598 0.001586893187013395 44
1755909667608 0.0015485922610491618 45
1755909667617 0.001509923839085687 46
1755909667626 0.0014709302044746638 47
1755909667636 0.0014316539961830403 48
1755909667646 0.0013921381621679358 49
1755909667655 0.0013524259124136806 50
1755909667664 0.0013125606716823314 51
1755909667673 0.0012725860320293321 52
1755909667682 0.0012325457051362422 53
1755909667690 0.0011924834745126523 54
1755909667700 0.0011524431476195621 55
