1755909627601 1.6844959735870362 1
1755909627609 1.005830329656601 2
1755909627614 0.6731258302927017 3
1755909627619 0.6514664769172669 4
1755909627623 0.6243807733058929 5
1755909627627 0.5039530783891678 6
1755909627631 0.4447721242904663 7
1755909627635 0.3822182506322861 8
1755909627639 0.3555304229259491 9
1755909627644 0.32920514047145844 10
1755909627648 0.27064301669597624 11
1755909627652 0.23261806070804597 12
1755909627657 0.2156614303588867 13
1755909627661 0.1802728608250618 14
1755909627665 0.18426189199090004 15
1755909627669 0.1639958679676056 16
1755909627673 0.15564340502023696 17
1755909627678 0.15912821516394615 18
1755909627683 0.173779259622097 19
1755909627688 0.14355970025062562 20
1755909627693 0.1550331361591816 21
1755909627698 0.14176760092377663 22
1755909627704 0.14429406598210334 23
1755909627709 0.11461350321769714 24
1755909627715 0.1091642364859581 25
1755909627720 0.11433926969766617 26
1755909627725 0.11465781778097153 27
1755909627731 0.1380378596484661 28
1755909627735 0.12331640049815178 29
1755909627740 0.1055935300886631 30
1755909627745 0.10093556642532349 31
1755909627751 0.10670567527413369 32
1755909627756 0.09625713303685188 33
1755909627760 0.10407292172312736 34
1755909627766 0.06929213106632233 35
1755909627770 0.07644716650247574 36
1755909627775 0.08219798430800437 37
1755909627780 0.08308671638369561 38
1755909627784 0.07683070935308933 39
1755909627789 0.07650150582194329 40
1755909627794 0.07058726586401462 41
1755909627798 0.0675883263349533 42
1755909627803 0.06193016692996025 43
1755909627808 0.06227803453803062 44
1755909627812 0.04898897223174572 45
1755909627817 0.05269615836441517 46
1755909627822 0.05590510033071041 47
1755909627827 0.054499547183513644 48
1755909627833 0.0589101679623127 49
1755909627838 0.0497046522796154 50
1755909627844 0.0510747030377388 51
1755909627849 0.05330506935715675 52
1755909627854 0.044287451356649396 53
1755909627859 0.052082988619804385 54
1755909627865 0.048284636810421944 55
1755909627870 0.04730827957391739 56
1755909627876 0.04791287779808044 57
1755909627881 0.043409529700875284 58
1755909627885 0.04307335596531629 59
1755909627890 0.04042029343545437 60
1755909627895 0.03863388225436211 61
1755909627901 0.04031975343823433 62
1755909627905 0.04251087065786123 63
1755909627910 0.04051671680063009 64
1755909627915 0.03419732991605997 65
1755909627921 0.03691168129444122 66
1755909627926 0.033418537303805354 67
1755909627932 0.03853316679596901 68
1755909627938 0.03582184687256813 69
1755909627944 0.039935453049838546 70
1755909627950 0.03301278855651617 71
1755909627956 0.034174585901200774 72
1755909627962 0.03521514944732189 73
1755909627968 0.0324054230004549 74
1755909627974 0.035794388689100745 75
1755909627979 0.03593472559005022 76
1755909627985 0.03306513801217079 77
1755909627991 0.03000976275652647 78
1755909627996 0.02910866606980562 79
1755909628002 0.027231075800955296 80
1755909628008 0.028085845708847045 81
1755909628014 0.027476346492767333 82
1755909628019 0.02894500121474266 83
1755909628025 0.030022075213491917 84
1755909628031 0.027915991097688674 85
