1755907215202 1.2143739342689515 1
1755907215217 0.7398752689361572 2
1755907215222 0.6028732061386108 3
1755907215228 0.5447773963212967 4
1755907215233 0.5226312696933746 5
1755907215238 0.4712647765874863 6
1755907215243 0.4142580509185791 7
1755907215249 0.36209945380687714 8
1755907215254 0.3343745768070221 9
1755907215259 0.30354292392730714 10
1755907215265 0.34466350078582764 11
1755907215270 0.30038508772850037 12
1755907215275 0.270580492913723 13
1755907215280 0.2646675333380699 14
1755907215286 0.21156445890665054 15
1755907215291 0.21809605360031128 16
1755907215296 0.1927540123462677 17
1755907215302 0.19310004860162736 18
1755907215307 0.1770712986588478 19
1755907215312 0.16773453503847122 20
1755907215318 0.178302800655365 21
1755907215324 0.16075832694768905 22
1755907215329 0.16757068932056426 23
1755907215335 0.15613309144973755 24
1755907215340 0.1480463057756424 25
1755907215345 0.12923437878489494 26
1755907215351 0.12479169219732285 27
1755907215356 0.1269597180187702 28
1755907215363 0.1186111882328987 29
1755907215369 0.11761776506900787 30
1755907215374 0.11471474319696426 31
1755907215380 0.10468125268816948 32
1755907215386 0.11024499535560608 33
1755907215392 0.11015831530094147 34
1755907215398 0.08165069706737996 35
1755907215404 0.09287552908062935 36
1755907215410 0.09124685376882553 37
1755907215415 0.08750333338975906 38
1755907215421 0.09033134505152703 39
1755907215427 0.08509252779185772 40
1755907215433 0.08237016573548317 41
1755907215438 0.08715002462267876 42
1755907215444 0.08379974439740182 43
1755907215450 0.0850616067647934 44
1755907215455 0.07658336870372295 45
1755907215462 0.0705207671970129 46
1755907215467 0.07619173415005207 47
1755907215474 0.06236140429973602 48
1755907215479 0.07179755009710789 49
1755907215487 0.06653871312737465 50
1755907215493 0.06407147794961929 51
1755907215500 0.06973852813243867 52
1755907215506 0.08375460095703602 53
