1756357525876 1.642965702906899 1
1756357525894 1.7337949405545774 2
1756357525909 1.2310278623000435 3
1756357525923 1.0187249909276548 4
1756357525938 0.7307515714479529 5
1756357525953 0.7157294452190399 6
1756357525968 0.7726425424866055 7
1756357525983 0.5710299973902495 8
1756357525998 0.47861656417017395 9
1756357526013 0.5531458440034286 10
1756357526028 0.5139992094558218 11
1756357526043 0.5530192255973816 12
1756357526058 0.42836318067882373 13
1756357526073 0.5073532915633657 14
1756357526088 0.47279538149419037 15
1756357526103 0.3897267372711845 16
1756357526118 0.3340587907511255 17
1756357526133 0.3331216010062591 18
1756357526148 0.30176234957964526 19
1756357526163 0.2952193274446156 20
1756357526179 0.3818165685819543 21
1756357526194 0.3792841155891833 22
1756357526209 0.40877799624982086 23
1756357526224 0.3020976470864337 24
1756357526240 0.2857902386914129 25
1756357526255 0.35709934519684833 26
1756357526270 0.2586632066446802 27
1756357526286 0.3092900248973266 28
1756357526301 0.29873159527778625 29
1756357526317 0.30671587780765863 30
1756357526332 0.2652569646420686 31
1756357526348 0.33601020665272424 32
1756357526363 0.31785982393700146 33
1756357526379 0.2789871232665103 34
1756357526394 0.22836021431114362 35
1756357526410 0.23793934577185175 36
1756357526426 0.19463920236929602 37
1756357526441 0.21188358444234598 38
1756357526457 0.20125456607860068 39
1756357526473 0.24108803693367087 40
1756357526489 0.2398376562025236 41
1756357526505 0.21861076160617496 42
1756357526520 0.18393610741781152 43
1756357526536 0.20254742418942245 44
1756357526552 0.2695322017306867 45
1756357526568 0.20139973740214887 46
1756357526584 0.17604011264832123 47
1756357526600 0.1781670836650807 48
1756357526616 0.14152766343044199 49
1756357526632 0.16135807497345883 50
1756357526648 0.13076326898906543 51
1756357526664 0.14095392888006958 52
1756357526680 0.15772265843723132 53
1756357526696 0.1922051028712936 54
1756357526712 0.15647209144156912 55
1756357526728 0.14284097241318744 56
1756357526745 0.1689863438191621 57
1756357526761 0.12176907613225606 58
1756357526777 0.13602809964314752 59
1756357526793 0.14737121404513068 60
1756357526810 0.14495799042608426 61
1756357526826 0.12205619721308998 62
1756357526842 0.1331532108394996 63
1756357526859 0.12659832446471506 64
1756357526875 0.12181756936985513 65
1756357526892 0.12087899316912112 66
1756357526908 0.09412179352796596 67
1756357526925 0.09410576992060828 68
1756357526941 0.10408399578021921 69
1756357526957 0.10726927544759668 70
1756357526974 0.10855679991452591 71
1756357526991 0.10231800992851672 72
1756357527007 0.11461784868784573 73
1756357527024 0.13385226966246314 74
1756357527041 0.11134685964688011 75
1756357527058 0.1077861316178156 76
1756357527074 0.10777137039796165 77
1756357527091 0.09383722329917162 78
1756357527108 0.0909066290959068 79
1756357527125 0.0946953602783058 80
1756357527142 0.07782750852082086 81
1756357527159 0.09560791127707648 82
1756357527176 0.0974695676046869 83
1756357527193 0.09500831381782242 84
1756357527210 0.11114358740008395 85
1756357527227 0.09015485935884973 86
1756357527244 0.0804327805729016 87
1756357527262 0.07865833588268446 88
1756357527279 0.0953733856263368 89
1756357527296 0.07124750056992406 90
1756357527313 0.07824012685729109 91
1756357527330 0.072671996348578 92
1756357527348 0.06814117276150247 93
1756357527365 0.07506591907661894 94
1756357527382 0.06620155955138414 95
1756357527400 0.07508975170228792 96
1756357527417 0.06989814179099124 97
1756357527435 0.07433455728966257 98
1756357527452 0.06653234014368575 99
1756357527470 0.06822901478280192 100
1756357527487 0.07713273280988568 101
1756357527505 0.056962396463622215 102
1756357527522 0.05300381998329059 103
1756357527540 0.059402064298805984 104
1756357527558 0.06155824645057968 105
1756357527576 0.053004121164912765 106
1756357527593 0.06501182444069696 107
1756357527611 0.06274455980114314 108
1756357527629 0.06258144488801128 109
1756357527646 0.06251992406728475 110
1756357527664 0.05196041160303613 111
1756357527682 0.05731113206433213 112
1756357527700 0.04884919256943723 113
1756357527718 0.05577724653741588 114
1756357527735 0.05341284770680511 115
1756357527754 0.05241622978254505 116
1756357527772 0.05693579886270606 117
1756357527790 0.047835734551367554 118
1756357527807 0.052315499633550644 119
1756357527825 0.051319599070626755 120
1756357527843 0.05177259995885517 121
1756357527861 0.055924916558939476 122
1756357527879 0.04813984821995963 123
1756357527897 0.053218070660596306 124
1756357527916 0.04905996933255507 125
1756357527934 0.051210299134254456 126
1756357527952 0.04560553671225258 127
1756357527970 0.053298047298322555 128
1756357527989 0.04549134668448697 129
1756357528007 0.0498353888321182 130
1756357528025 0.04398712475338708 131
1756357528043 0.03977547666948775 132
1756357528062 0.04519089837761029 133
1756357528080 0.041255005756798 134
1756357528099 0.037699266377350556 135
1756357528117 0.04285599590967531 136
1756357528136 0.04222131066996118 137
1756357528154 0.04319693415385226 138
1756357528173 0.04440399105458156 139
1756357528191 0.044742455220092896 140
1756357528210 0.04400856428496216 141
1756357528228 0.04529450469366882 142
1756357528247 0.04732023422484812 143
1756357528266 0.04312628710075565 144
1756357528285 0.03960648049478945 145
1756357528304 0.041120497185898865 146
1756357528322 0.04280926295272682 147
1756357528342 0.04134871138502722 148
1756357528360 0.04033908304636893 149
1756357528379 0.04359874801467294 150
