1756357525876 0.0011351987566173638 1
1756357525894 0.0022703975132347277 2
1756357525909 0.0034055962698520915 3
1756357525923 0.004540795026469455 4
1756357525938 0.005675993783086819 5
1756357525953 0.005675993783086819 6
1756357525968 0.0056753278169438285 7
1756357525983 0.005673330231122004 8
1756357525998 0.005670001963296047 9
1756357526013 0.005665344575768064 10
1756357526028 0.00565936025473422 11
1756357526043 0.005652051809258523 12
1756357526058 0.005643422669954243 13
1756357526073 0.005633476887373566 14
1756357526088 0.005622219130106252 15
1756357526103 0.005609654682588177 16
1756357526118 0.005595789442620801 17
1756357526133 0.00558062991860271 18
1756357526148 0.0055641832264745564 19
1756357526163 0.0055464570863788054 20
1756357526179 0.005527459819035866 21
1756357526194 0.005507200341838317 22
1756357526209 0.005485688164665042 23
1756357526224 0.005462933385417261 24
1756357526240 0.00543894668527853 25
1756357526255 0.005413739323700956 26
1756357526270 0.005387323133119959 27
1756357526286 0.005359710513400086 28
1756357526301 0.005330914426014464 29
1756357526317 0.005300948387960631 30
1756357526332 0.005269826465415608 31
1756357526348 0.005237563267133172 32
1756357526363 0.0052041739375864576 33
1756357526379 0.005169674149859078 34
1756357526394 0.005134080098288115 35
1756357526410 0.005097408490862437 36
1756357526426 0.0050596765413799 37
1756357526441 0.005020901961367125 38
1756357526457 0.004981102951765634 39
1756357526473 0.004940298194388258 40
1756357526489 0.004898506843149822 41
1756357526505 0.004855748515076217 42
1756357526520 0.004812043281096094 43
1756357526536 0.004767411656619486 44
1756357526552 0.004721874591907802 45
1756357526568 0.004675453462239682 46
1756357526584 0.00462817005787736 47
1756357526600 0.004580046573838228 48
1756357526616 0.004531105599476411 49
1756357526632 0.004481370107879228 50
1756357526648 0.004430863445083538 51
1756357526664 0.004379609319117017 52
1756357526680 0.004327631788869516 53
1756357526696 0.00427495525279972 54
1756357526712 0.004221604437482421 55
1756357526728 0.004167604386001759 56
1756357526745 0.0041129804461959045 57
1756357526761 0.004057758258758676 58
1756357526777 0.004001963745203704 59
1756357526793 0.00394562309569677 60
1756357526810 0.003888762756762029 61
1756357526826 0.003831409418867917 62
1756357526842 0.0037735900038985354 63
1756357526859 0.0037153316525164104 64
1756357526875 0.0036566617114225613 65
1756357526892 0.0035976077205198474 66
1756357526908 0.0035381973999856313 67
1756357526925 0.003478458637259817 68
1756357526941 0.003418419473954375 69
1756357526957 0.003358108092690498 70
1756357526974 0.003297552803869567 71
1756357526991 0.003236782032384136 72
1756357527007 0.003175824304275178 73
1756357527024 0.0031147082333418453 74
1756357527041 0.0030534625077100375 75
1756357527058 0.002992115876366085 76
1756357527074 0.00293069713566186 77
1756357527091 0.0028692351157976535 78
1756357527108 0.0028077586672891662 79
1756357527125 0.0027462966474249596 80
1756357527142 0.002684877906720735 81
1756357527159 0.0026235312753767827 82
1756357527176 0.0025622855497449753 83
1756357527193 0.002501169478811642 84
1756357527210 0.002440211750702684 85
1756357527227 0.0023794409792172533 86
1756357527244 0.0023188856903963214 87
1756357527262 0.002258574309132445 88
1756357527279 0.0021985351458270025 89
1756357527296 0.0021387963831011885 90
1756357527313 0.002079386062566973 91
1756357527330 0.002020332071664259 92
1756357527348 0.0019616621305704094 93
1756357527365 0.0019034037791882841 94
1756357527382 0.0018455843642189024 95
1756357527400 0.0017882310263247906 96
1756357527417 0.0017313706873900497 97
1756357527435 0.0016750300378831145 98
1756357527452 0.0016192355243281442 99
1756357527470 0.0015640133368909162 100
1756357527487 0.0015093893970850598 101
1756357527505 0.001455389345604398 102
1756357527522 0.0014020385302870987 103
1756357527540 0.0013493619942173038 104
1756357527558 0.001297384463969802 105
1756357527576 0.0012461303380032816 106
1756357527593 0.001195623675207592 107
1756357527611 0.0011458881836104093 108
1756357527629 0.0010969472092485914 109
1756357527646 0.0010488237252094601 110
1756357527664 0.0010015403208471373 111
1756357527682 0.0009551191911790171 112
1756357527700 0.0009095821264673325 113
1756357527718 0.0008649505019907261 114
1756357527735 0.0008212452680106029 115
1756357527754 0.0007784869399369979 116
1756357527772 0.0007366955886985614 117
1756357527790 0.000695890831321186 118
1756357527807 0.0006560918217196943 119
1756357527825 0.0006173172417069193 120
1756357527843 0.0005795852922243821 121
1756357527861 0.0005429136847987044 122
1756357527879 0.0005073196332277418 123
1756357527897 0.0004728198455003621 124
1756357527916 0.0004394305159536476 125
1756357527934 0.000407167317671212 126
1756357527952 0.00037604539512618745 127
1756357527970 0.0003460793570723554 128
1756357527989 0.00031728326968673325 129
1756357528007 0.000289670649966861 130
1756357528025 0.00026325445938586397 131
1756357528043 0.00023804709780828867 132
1756357528062 0.00021406039766955822 133
1756357528080 0.00019130561842177759 134
1756357528099 0.0001697934412485027 135
1756357528117 0.0001495339640509533 136
1756357528136 0.00013053669670801376 137
1756357528154 0.0001128105566122628 138
1756357528173 9.636386448411011e-05 139
1756357528191 8.120434046601876e-05 140
1756357528210 6.733910049864142e-05 141
1756357528228 5.477465298056683e-05 142
1756357528247 4.351689571325316e-05 143
1756357528266 3.3571113132576957e-05 144
1756357528285 2.4941973828296344e-05 145
1756357528304 1.7633528352598928e-05 146
1756357528322 1.1649207318754452e-05 147
1756357528342 6.991819790771837e-06 148
1756357528360 3.663551964814853e-06 149
1756357528379 1.6659661429903666e-06 150
