1756357467223 0.0011351987566173638 1
1756357467231 0.0022703975132347277 2
1756357467237 0.0034055962698520915 3
1756357467243 0.004540795026469455 4
1756357467249 0.005675993783086819 5
1756357467255 0.005675993783086819 6
1756357467261 0.0056753278169438285 7
1756357467267 0.005673330231122004 8
1756357467273 0.005670001963296047 9
1756357467279 0.005665344575768064 10
1756357467285 0.00565936025473422 11
1756357467292 0.005652051809258523 12
1756357467298 0.005643422669954243 13
1756357467304 0.005633476887373566 14
1756357467311 0.005622219130106252 15
1756357467317 0.005609654682588177 16
1756357467323 0.005595789442620801 17
1756357467330 0.00558062991860271 18
1756357467336 0.0055641832264745564 19
1756357467342 0.0055464570863788054 20
1756357467349 0.005527459819035866 21
1756357467355 0.005507200341838317 22
1756357467362 0.005485688164665042 23
1756357467368 0.005462933385417261 24
1756357467375 0.00543894668527853 25
1756357467382 0.005413739323700956 26
1756357467388 0.005387323133119959 27
1756357467395 0.005359710513400086 28
1756357467402 0.005330914426014464 29
1756357467408 0.005300948387960631 30
1756357467415 0.005269826465415608 31
1756357467422 0.005237563267133172 32
1756357467429 0.0052041739375864576 33
1756357467436 0.005169674149859078 34
1756357467442 0.005134080098288115 35
1756357467449 0.005097408490862437 36
1756357467456 0.0050596765413799 37
1756357467463 0.005020901961367125 38
1756357467470 0.004981102951765634 39
1756357467477 0.004940298194388258 40
1756357467484 0.004898506843149822 41
1756357467491 0.004855748515076217 42
1756357467499 0.004812043281096094 43
1756357467506 0.004767411656619486 44
1756357467513 0.004721874591907802 45
1756357467520 0.004675453462239682 46
1756357467527 0.00462817005787736 47
1756357467535 0.004580046573838228 48
1756357467542 0.004531105599476411 49
1756357467549 0.004481370107879228 50
1756357467556 0.004430863445083538 51
1756357467564 0.004379609319117017 52
1756357467571 0.004327631788869516 53
1756357467579 0.00427495525279972 54
1756357467586 0.004221604437482421 55
1756357467593 0.004167604386001759 56
1756357467601 0.0041129804461959045 57
1756357467609 0.004057758258758676 58
1756357467616 0.004001963745203704 59
1756357467624 0.00394562309569677 60
1756357467631 0.003888762756762029 61
1756357467639 0.003831409418867917 62
1756357467647 0.0037735900038985354 63
1756357467654 0.0037153316525164104 64
1756357467662 0.0036566617114225613 65
1756357467670 0.0035976077205198474 66
1756357467678 0.0035381973999856313 67
1756357467685 0.003478458637259817 68
1756357467693 0.003418419473954375 69
1756357467701 0.003358108092690498 70
1756357467709 0.003297552803869567 71
1756357467717 0.003236782032384136 72
1756357467725 0.003175824304275178 73
1756357467733 0.0031147082333418453 74
1756357467741 0.0030534625077100375 75
1756357467749 0.002992115876366085 76
1756357467757 0.00293069713566186 77
1756357467765 0.0028692351157976535 78
1756357467773 0.0028077586672891662 79
1756357467781 0.0027462966474249596 80
1756357467789 0.002684877906720735 81
1756357467797 0.0026235312753767827 82
1756357467806 0.0025622855497449753 83
1756357467814 0.002501169478811642 84
1756357467822 0.002440211750702684 85
1756357467830 0.0023794409792172533 86
1756357467839 0.0023188856903963214 87
1756357467847 0.002258574309132445 88
1756357467856 0.0021985351458270025 89
1756357467864 0.0021387963831011885 90
1756357467872 0.002079386062566973 91
