1756357496344 2.3214533121689507 1
1756357496358 2.7320654806883438 2
1756357496370 1.8794485511987105 3
1756357496382 1.5539436729057976 4
1756357496394 1.3284575420877207 5
1756357496406 1.1543952615364739 6
1756357496419 1.1037639522034188 7
1756357496431 0.8016816882983498 8
1756357496443 0.6747545561064845 9
1756357496456 0.5361816947874816 10
1756357496468 0.5600979898286902 11
1756357496480 0.44043700915315875 12
1756357496493 0.4728014384922774 13
1756357496505 0.6460705049659895 14
1756357496518 0.432507345209951 15
1756357496530 0.5766626117022141 16
1756357496543 0.5520061597875927 17
1756357496555 0.422677091282347 18
1756357496568 0.37800647836664447 19
1756357496581 0.43291722950728045 20
1756357496593 0.4311613874590915 21
1756357496606 0.4807534062344095 22
1756357496618 0.4203934248374856 23
1756357496631 0.4195593699165013 24
1756357496644 0.42224645549836365 25
1756357496657 0.41264717086501745 26
1756357496669 0.6574817520120869 27
1756357496682 0.40292867111123126 28
1756357496695 0.35233240930930426 29
1756357496708 0.32660355256951373 30
1756357496721 0.3338292850100476 31
1756357496734 0.27639509996642236 32
1756357496747 0.25004770703937695 33
1756357496760 0.21800316092760666 34
1756357496773 0.2623228689898615 35
1756357496786 0.2723200282324915 36
1756357496800 0.2879494914542074 37
1756357496813 0.38398309699867084 38
1756357496826 0.3172726702430974 39
1756357496839 0.2785896571434062 40
1756357496852 0.25015020402877225 41
1756357496865 0.17706002975287644 42
1756357496878 0.1850512189709622 43
1756357496892 0.2018826095306355 44
1756357496905 0.21336986416059991 45
1756357496919 0.1899346184471379 46
1756357496932 0.232355286569699 47
1756357496946 0.2767478949997736 48
1756357496959 0.23809257441240808 49
1756357496973 0.22035205040289008 50
1756357496986 0.24247287991254227 51
1756357497000 0.20049644877081332 52
1756357497013 0.24147716909646988 53
1756357497027 0.24878109019735586 54
1756357497040 0.17866026545348374 55
1756357497054 0.13425564474385718 56
1756357497068 0.21967086098764255 57
1756357497081 0.17336287705794626 58
1756357497095 0.15354742142169372 59
1756357497109 0.19485322029694266 60
1756357497122 0.1492586404733036 61
1756357497136 0.15260326441215433 62
1756357497150 0.1362585820581602 63
1756357497164 0.1806697265609451 64
1756357497178 0.180503873721413 65
1756357497192 0.14779137755217758 66
1756357497206 0.21634113659029422 67
1756357497219 0.24025425217721774 68
1756357497233 0.1548133356415707 69
