1756357482218 0.9629618784655696 1
1756357482230 0.8405115293419879 2
1756357482239 0.9061659937319548 3
1756357482249 0.8531743521275728 4
1756357482258 0.624707184408022 5
1756357482267 0.5958017888276473 6
1756357482277 0.5386613827684651 7
1756357482286 0.543204523946928 8
1756357482296 0.5630234415116517 9
1756357482305 0.5111817212208457 10
1756357482315 0.525858989228373 11
1756357482324 0.5286118608453999 12
1756357482334 0.4888426635576331 13
1756357482343 0.48608650461487146 14
1756357482353 0.48518689559853595 15
1756357482363 0.45869867050129437 16
1756357482373 0.45556926597719605 17
1756357482382 0.42668682725533197 18
1756357482392 0.4094273124052131 19
1756357482402 0.4341572885927947 20
1756357482412 0.4170577901860942 21
1756357482421 0.4033315129902052 22
1756357482431 0.3945346345072207 23
1756357482441 0.373790275791417 24
1756357482451 0.380300495935523 25
1756357482461 0.3992325028647547 26
1756357482471 0.4455944545890974 27
1756357482481 0.4054062301697938 28
1756357482491 0.4807627278825511 29
1756357482501 0.40204202221787494 30
1756357482511 0.37610838335493335 31
1756357482521 0.37765657901763916 32
1756357482531 0.3587576733983081 33
1756357482542 0.33004049632860266 34
1756357482552 0.356931966284047 35
1756357482562 0.33880308076091437 36
1756357482572 0.32641878724098206 37
1756357482583 0.3471919596195221 38
1756357482593 0.40255489167959796 39
1756357482603 0.35040105814519135 40
1756357482614 0.3140607722427534 41
1756357482624 0.319876074143078 42
1756357482635 0.304153794179792 43
1756357482645 0.3393586744432864 44
1756357482655 0.3128049529117087 45
1756357482666 0.34220773564732593 46
1756357482676 0.3280077356359233 47
1756357482687 0.29595612766950025 48
1756357482698 0.3077742424996003 49
1756357482708 0.3322107914997184 50
1756357482719 0.3024411026550376 51
1756357482730 0.2826617658138275 52
1756357482740 0.29432328304518823 53
1756357482751 0.2983680678450543 54
1756357482762 0.2727914102699446 55
1756357482773 0.2797767934591874 56
1756357482784 0.290965287581734 57
1756357482795 0.28639017304648523 58
1756357482805 0.27964019710602966 59
1756357482816 0.26661626541096234 60
1756357482827 0.2520840530810149 61
1756357482838 0.28246520783590234 62
1756357482849 0.2868827283382416 63
1756357482860 0.2794705039781073 64
1756357482871 0.26484409946462384 65
1756357482882 0.2642023401415866 66
1756357482894 0.2541150897741318 67
1756357482905 0.24609302178673123 68
1756357482916 0.24098979066247525 69
1756357482927 0.23112631686355756 70
1756357482938 0.23693565894728122 71
1756357482949 0.2815657070149546 72
1756357482961 0.26769545220810437 73
1756357482972 0.26929744689360907 74
1756357482984 0.2503608439279639 75
