1756357467223 3.536286924196326 1
1756357467231 3.255225375942562 2
1756357467237 2.091281991937886 3
1756357467243 1.451447043729865 4
1756357467249 1.8214691981025364 5
1756357467255 1.409358983454497 6
1756357467261 0.9099415281544561 7
1756357467267 0.6579261422157288 8
1756357467273 0.6580302209957786 9
1756357467279 0.5547166376010232 10
1756357467285 0.469973166351733 11
1756357467292 0.6114832720030909 12
1756357467298 0.5308565808379132 13
1756357467304 0.6451895988505819 14
1756357467311 0.49150466530219367 15
1756357467317 0.5910515577896781 16
1756357467323 0.5413979097552921 17
1756357467330 0.47478041895057843 18
1756357467336 0.4091593590767487 19
1756357467342 0.3056751638650894 20
1756357467349 0.32608149557009986 21
1756357467355 0.4751864412556524 22
1756357467362 0.5826476734617482 23
1756357467368 0.4207631589277931 24
1756357467375 0.3000482923310736 25
1756357467382 0.3889925745518311 26
1756357467388 0.2548768766548323 27
1756357467395 0.2847781220208044 28
1756357467402 0.19887688755989075 29
1756357467408 0.21999183394338773 30
1756357467415 0.30409718531629315 31
1756357467422 0.2970616143682729 32
1756357467429 0.3956153716730035 33
1756357467436 0.3042932405419972 34
1756357467442 0.24555981191604034 35
1756357467449 0.26533899359081103 36
1756357467456 0.2763506212960119 37
1756357467463 0.18675436856953995 38
1756357467470 0.2458500321144643 39
1756357467477 0.18946134995507158 40
1756357467484 0.1936712864300479 41
1756357467491 0.26138012759063556 42
1756357467499 0.21632042494804962 43
1756357467506 0.22077651386675629 44
1756357467513 0.2644176939907281 45
1756357467520 0.1958342884545741 46
1756357467527 0.24293800216654074 47
1756357467535 0.234482628657766 48
1756357467542 0.3037308049590691 49
1756357467549 0.2648790167725604 50
1756357467556 0.27114839463130286 51
1756357467564 0.2493628305585488 52
1756357467571 0.17298548960167429 53
1756357467579 0.16325205305348273 54
1756357467586 0.15459685837445053 55
1756357467593 0.16256145063949667 56
1756357467601 0.146055670860021 57
1756357467609 0.1560272810899693 58
1756357467616 0.14049168157836664 59
1756357467624 0.14744203618687132 60
1756357467631 0.14115046029505524 61
1756357467639 0.14159809555048528 62
1756357467647 0.1376743750727695 63
1756357467654 0.1278960056926893 64
1756357467662 0.16156107057695804 65
1756357467670 0.17199038487413656 66
1756357467678 0.1433250265924827 67
1756357467685 0.15533753743638162 68
1756357467693 0.12224610668161641 69
1756357467701 0.1327353576603143 70
1756357467709 0.18540585818498032 71
1756357467717 0.14768854431484058 72
1756357467725 0.12856213845636533 73
1756357467733 0.11726710378475812 74
1756357467741 0.12201201688984166 75
1756357467749 0.15484166177718536 76
1756357467757 0.13216810219961664 77
1756357467765 0.14099813220293625 78
1756357467773 0.13633882886041765 79
1756357467781 0.10588796339605165 80
1756357467789 0.10677912199626798 81
1756357467797 0.14191100908362347 82
1756357467806 0.121782919149036 83
1756357467814 0.10357248945080716 84
1756357467822 0.11865607649087906 85
1756357467830 0.1293785251353098 86
1756357467839 0.12741421033506808 87
1756357467847 0.12709845327164815 88
1756357467856 0.11689711524092633 89
1756357467864 0.08091942156138628 90
1756357467872 0.09707393221881079 91
