1755908349126 1.8005255406553096 1
1755908349136 1.6045349201598724 2
1755908349140 1.5432063704961305 3
1755908349144 1.352451947989402 4
1755908349148 1.24764772862583 5
1755908349152 1.046574220641867 6
1755908349156 0.9127925028661629 7
1755908349160 0.859301728910053 8
1755908349164 0.7487480504946276 9
1755908349168 0.6788666929517474 10
1755908349172 0.6867152311198124 11
1755908349177 0.6029888319891769 12
1755908349181 0.641094675118273 13
1755908349185 0.5708773567692026 14
1755908349189 0.5427442931316115 15
1755908349193 0.5511161386966705 16
1755908349198 0.5195712553603309 17
1755908349202 0.48517723698259707 18
1755908349206 0.528409380223844 19
1755908349211 0.46766754365586616 20
1755908349215 0.4698527634337351 21
1755908349219 0.46285929985634694 22
1755908349224 0.4371557585991822 23
1755908349229 0.43097552037858344 24
1755908349233 0.4342434593996444 25
1755908349238 0.4254785973530311 26
1755908349242 0.41263532116041557 27
1755908349247 0.43872115944887136 28
1755908349252 0.4153432895417337 29
1755908349256 0.39276654012017437 30
1755908349260 0.4139671985592161 31
1755908349265 0.4101123273759693 32
1755908349270 0.4093236259438775 33
1755908349274 0.3793932242052896 34
1755908349279 0.3397335115965311 35
1755908349283 0.32661505169295646 36
1755908349288 0.35826981570813565 37
1755908349293 0.35294847306493043 38
1755908349297 0.33677251269290975 39
1755908349302 0.30917945455808143 40
1755908349306 0.351534367962317 41
1755908349311 0.2944417321062707 42
1755908349315 0.3188646143520033 43
1755908349320 0.3038036281412298 44
1755908349325 0.3227889318164293 45
1755908349329 0.29139632625239237 46
1755908349334 0.3104008124633269 47
1755908349339 0.36841273510997946 48
1755908349344 0.3389694208351823 49
1755908349349 0.29669916736228125 50
1755908349354 0.29404631015155225 51
1755908349359 0.3006022576387827 52
1755908349364 0.28491030497984454 53
1755908349369 0.2542881070599928 54
1755908349373 0.27413169265567483 55
1755908349379 0.27305787942045695 56
1755908349383 0.292752616494507 57
1755908349388 0.2791899246248332 58
