1755908505564 1.9135329297610693 1
1755908505579 1.7442663528702476 2
1755908505587 1.377373320715768 3
1755908505594 1.5617701229336973 4
1755908505601 1.246667287566445 5
1755908505609 1.0889939232306047 6
1755908505616 0.93978811935945 7
1755908505624 0.8463553476643253 8
1755908505631 0.7996541180393912 9
1755908505638 0.7419816553592682 10
1755908505645 0.6850189524037498 11
1755908505653 0.6571045084433123 12
1755908505660 0.6440948907818113 13
1755908505667 0.6663089367476377 14
1755908505674 0.5315576271190272 15
1755908505682 0.5433882678096945 16
1755908505689 0.4966503189658964 17
1755908505697 0.4844838055697354 18
1755908505704 0.538325499598082 19
1755908505711 0.4787368890527007 20
1755908505719 0.54353363473307 21
1755908505726 0.5220793502090814 22
1755908505734 0.4860899533544268 23
1755908505742 0.44260137663646176 24
1755908505749 0.49434431729378636 25
1755908505757 0.526651862573314 26
1755908505764 0.4545854631956522 27
1755908505773 0.4378211356989749 28
1755908505780 0.4271185618716401 29
1755908505789 0.41442334264903874 30
1755908505798 0.43050134723836725 31
1755908505806 0.40332689010477685 32
1755908505814 0.3702093595034116 33
1755908505822 0.3890620752588495 34
1755908505830 0.3488052993432268 35
1755908505838 0.4008042939104043 36
1755908505847 0.41578521119890277 37
1755908505855 0.3484035935494807 38
1755908505863 0.3765985285500427 39
1755908505871 0.34723423402030745 40
1755908505880 0.32889680390234116 41
1755908505889 0.31446475806561386 42
1755908505898 0.3088359690525315 43
1755908505905 0.3328792347342937 44
1755908505913 0.3625836041453597 45
1755908505921 0.34984604085420634 46
1755908505929 0.298998927044404 47
1755908505938 0.28447033861627824 48
1755908505946 0.349306647460182 49
1755908505954 0.28039094617033933 50
1755908505962 0.287897465000679 51
1755908505970 0.31737835647223833 52
1755908505979 0.3065439038849496 53
1755908505989 0.33479642418104333 54
1755908505997 0.3419965822975357 55
1755908506005 0.3035663754328505 56
1755908506013 0.2988834472542459 57
1755908506021 0.28625116419869584 58
1755908506029 0.2722402694937471 59
1755908506037 0.28183438774053154 60
1755908506045 0.2924113249430409 61
1755908506053 0.27028840538356214 62
1755908506061 0.23793503637244176 63
1755908506069 0.26281126656315545 64
1755908506077 0.27105725382442597 65
1755908506085 0.23387065026667211 66
1755908506093 0.2425210698955245 67
1755908506101 0.21966412673135857 68
1755908506109 0.2336596106844289 69
1755908506118 0.22696753446157877 70
1755908506126 0.2091658055395275 71
1755908506135 0.25089494264745094 72
1755908506144 0.20620248268370506 73
1755908506153 0.20841486132764198 74
1755908506162 0.22449916320574748 75
1755908506170 0.23174303702332757 76
1755908506179 0.20614961791154626 77
1755908506188 0.19915371119685762 78
1755908506196 0.19570155969107306 79
1755908506204 0.20930338041348892 80
1755908506213 0.196934000528478 81
1755908506221 0.18447538513641853 82
1755908506230 0.17546001957221466 83
