1755908408715 0.0002500605221892634 1
1755908408728 0.0005001210443785268 2
1755908408735 0.0007501815665677902 3
1755908408740 0.0010002420887570535 4
1755908408746 0.001250302610946317 5
1755908408752 0.001250302610946317 6
1755908408758 0.0012499610874305686 7
1755908408763 0.0012489368903342735 8
1755908408769 0.0012472311396019196 9
1755908408775 0.001244845700446889 10
1755908408780 0.0012417831813118752 11
1755908408786 0.0012380469310165887 12
1755908408792 0.0012336410350958726 13
1755908408798 0.001228570311332229 14
1755908408803 0.0012228403044876462 15
1755908408809 0.0012164572802404816 16
1755908408815 0.0012094282183340351 17
1755908408821 0.0012017608049443014 18
1755908408827 0.0011934634242752502 19
1755908408834 0.0011845451493908226 20
1755908408843 0.0011750157322936677 21
1755908408849 0.001164885593261472 22
1755908408855 0.0011541658094525373 23
1755908408861 0.0011428681027930733 24
1755908408867 0.0011310048271594402 25
1755908408873 0.0011185889548693691 26
1755908408879 0.0011056340624969207 27
1755908408886 0.0010921543160267025 28
1755908408891 0.0010781644553635725 29
1755908408898 0.0010636797782147681 30
1755908408904 0.0010487161233620902 31
1755908408910 0.0010332898533424258 32
1755908408916 0.001017417836555555 33
1755908408922 0.001001117428818804 34
1755908408928 0.0009844064543887124 35
1755908408934 0.0009673031864704721 36
1755908408941 0.0009498263272364433 37
1755908408947 0.0009319949873756061 38
1755908408953 0.0009138286651963011 39
1755908408959 0.0008953472253051161 40
1755908408965 0.0008765708768852308 41
1755908408971 0.0008575201515979701 42
1755908408977 0.0008382158811317362 43
1755908408984 0.0008186791744228611 44
1755908408991 0.0007989313945732962 45
1755908408997 0.000778994135490373 46
1755908409004 0.0007588891982741828 47
