1756052529524 2.451624494791031 1
1756052529537 2.0218836784362795 2
1756052529543 1.8522966027259826 3
1756052529550 1.7020607352256776 4
1756052529557 1.1301256507635116 5
1756052529564 1.0310652405023575 6
1756052529570 0.9773479104042053 7
1756052529577 0.8302033305168152 8
1756052529582 0.8787503927946091 9
1756052529589 0.7850639075040817 10
1756052529596 0.7473614364862442 11
1756052529602 0.740743474662304 12
1756052529609 0.6626902848482132 13
1756052529615 0.6101500049233437 14
1756052529621 0.6195643156766891 15
1756052529627 0.6275778025388717 16
1756052529633 0.5571184661239386 17
1756052529640 0.5621129557490349 18
1756052529645 0.47715541124343874 19
1756052529651 0.575303491950035 20
1756052529658 0.617025962471962 21
1756052529665 0.6783173844218254 22
1756052529672 0.5831574901938439 23
1756052529679 0.6202671155333519 24
1756052529685 0.4968136057257652 25
1756052529692 0.5435206785798072 26
1756052529698 0.7419527232646942 27
1756052529704 0.4132652163505554 28
1756052529711 0.8437268055975438 29
1756052529717 0.4383699581027031 30
1756052529723 0.5191506370902061 31
1756052529729 0.6408378168940544 32
1756052529735 0.48368836268782617 33
1756052529741 0.4487458258867264 34
1756052529747 0.49936079159379004 35
1756052529753 0.6257380321621895 36
1756052529760 0.6405749872326851 37
1756052529766 0.5088729619979858 38
1756052529773 0.42500008046627047 39
1756052529779 0.39436831772327424 40
1756052529785 0.68866443708539 41
1756052529792 0.5136471673846245 42
1756052529798 0.3971776358783245 43
1756052529805 0.44013706147670745 44
1756052529813 0.38177615143358706 45
1756052529820 0.668347530066967 46
1756052529828 0.4245009198784828 47
1756052529836 0.47305802404880526 48
1756052529845 0.9627491280436515 49
1756052529855 0.4783422015607357 50
1756052529862 0.4576801434159279 51
1756052529869 0.3920891985297203 52
1756052529878 0.4721388787031174 53
1756052529885 0.35477661713957787 54
1756052529892 0.4074248358607292 55
1756052529899 0.4157461442053318 56
1756052529906 0.46180350035429 57
1756052529913 0.3448000758886337 58
1756052529921 0.3130860686302185 59
1756052529928 0.385838058590889 60
1756052529935 0.4652940720319748 61
1756052529942 0.3546723358333111 62
1756052529950 0.30167797580361366 63
1756052529958 0.41979332864284513 64
1756052529964 0.3603058494627476 65
1756052529972 0.6433161914348602 66
1756052529980 0.36248453333973885 67
1756052529987 0.3163078919053078 68
1756052529994 0.3149429976940155 69
1756052530001 0.35822429656982424 70
1756052530008 0.2766974925994873 71
1756052530016 0.285396483540535 72
1756052530023 0.32544283419847486 73
1756052530030 0.3802831295877695 74
1756052530038 0.2693162146955729 75
1756052530046 0.3545880265533924 76
1756052530053 0.3874783977866173 77
1756052530061 0.3823411092162132 78
1756052530070 0.27936176136136054 79
1756052530077 0.2764832075685263 80
1756052530085 0.39740887135267255 81
