1756052492655 1.1793513357639314 1
1756052492661 1.2063486337661744 2
1756052492666 1.0854973018169403 3
1756052492671 0.9785286366939545 4
1756052492675 0.820592287182808 5
1756052492680 0.7313869059085846 6
1756052492684 0.6831126809120178 7
1756052492689 0.5592810414731503 8
1756052492694 0.6091704607009888 9
1756052492699 0.5854366436600685 10
1756052492704 0.6751819536089897 11
1756052492708 0.6000221952795982 12
1756052492713 0.6055851936340332 13
1756052492718 0.5358687192201614 14
1756052492723 0.5907888889312745 15
1756052492727 0.5154759153723717 16
1756052492732 0.5057515725493431 17
1756052492737 0.5841756403446198 18
1756052492741 0.4578703925013542 19
1756052492746 0.5037672355771065 20
1756052492751 0.5155155435204506 21
1756052492756 0.5504174396395684 22
1756052492761 0.4445732459425926 23
1756052492766 0.4197700396180153 24
1756052492770 0.4696651980280876 25
1756052492775 0.4539900258183479 26
1756052492780 0.4703667566180229 27
1756052492784 0.4540896415710449 28
1756052492789 0.48636837154626844 29
1756052492794 0.4518320560455322 30
1756052492799 0.503732730448246 31
1756052492804 0.49686888605356216 32
1756052492810 0.48011823147535326 33
1756052492815 0.5210915222764015 34
1756052492820 0.4781188666820526 35
1756052492825 0.3714487038552761 36
1756052492830 0.3901343584060669 37
1756052492836 0.45759654194116595 38
1756052492841 0.4301933005452156 39
1756052492846 0.44021290093660354 40
1756052492852 0.44196196347475053 41
1756052492857 0.41226943880319594 42
1756052492862 0.4660256341099739 43
1756052492867 0.48585847914218905 44
