1756056132916 1.8915720224380492 1
1756056132937 1.756814920902252 2
1756056132946 1.8629467219114304 3
1756056132954 1.477162092924118 4
1756056132962 1.169405522942543 5
1756056132971 1.00715391933918 6
1756056132979 0.780525328963995 7
1756056132988 0.7016493998467922 8
1756056132996 0.6918249547481536 9
1756056133004 0.6530639201402664 10
1756056133013 0.5929172545671463 11
1756056133021 0.5390387132763863 12
1756056133029 0.5551930606365204 13
1756056133038 0.47149416953325274 14
1756056133047 0.45768627524375916 15
1756056133057 0.5701282382011413 16
1756056133067 0.3934729188680649 17
1756056133076 0.4118688106536865 18
1756056133085 0.3499768886715174 19
1756056133093 0.3565902568399906 20
1756056133102 0.41425628811120985 21
1756056133110 0.41683863699436186 22
1756056133119 0.42797333374619484 23
1756056133128 0.3845554731786251 24
1756056133137 0.49018154889345167 25
1756056133149 0.38062238320708275 26
1756056133158 0.3737509086728096 27
1756056133168 0.35589661076664925 28
1756056133177 0.34490508809685705 29
1756056133186 0.2928838565945625 30
1756056133194 0.3650119945406914 31
1756056133203 0.36122919954359534 32
1756056133212 0.3273478426039219 33
1756056133221 0.29532796069979667 34
1756056133230 0.29836524426937105 35
1756056133239 0.2952159658074379 36
1756056133248 0.2838719502091408 37
1756056133257 0.2545140333473682 38
1756056133267 0.30012948215007784 39
1756056133276 0.3157745860517025 40
1756056133286 0.3413529939949512 41
1756056133296 0.45253427922725675 42
1756056133304 0.4295578420162201 43
1756056133313 0.3462167501449585 44
1756056133323 0.30747960656881335 45
1756056133332 0.25113535970449447 46
1756056133342 0.24314336702227593 47
1756056133352 0.3060582339763641 48
1756056133362 0.2271384485065937 49
1756056133371 0.2676074765622616 50
1756056133383 0.3185680590569973 51
1756056133392 0.26340175047516823 52
1756056133402 0.25125839486718177 53
1756056133412 0.3929117202758789 54
1756056133421 0.34922670051455496 55
1756056133432 0.3880725555121899 56
1756056133442 0.3636519469320774 57
1756056133451 0.37999141588807106 58
1756056133462 0.37479938194155693 59
1756056133472 0.3277537144720554 60
1756056133482 0.26717608496546746 61
1756056133491 0.3075614899396896 62
1756056133502 0.24624670073390006 63
1756056133511 0.22191226184368135 64
1756056133521 0.2548117697238922 65
1756056133531 0.2412130706012249 66
1756056133541 0.2718018017709255 67
1756056133559 0.2200559161603451 68
1756056133573 0.22527678832411765 69
1756056133608 0.2377099446952343 70
1756056133633 0.2060081698000431 71
1756056133650 0.18507452681660652 72
1756056133661 0.18667167015373706 73
1756056133671 0.22213670685887338 74
