1756056098694 0.0007533292117002773 1
1756056098708 0.0015066584234005545 2
1756056098714 0.002259987635100832 3
1756056098721 0.003013316846801109 4
1756056098728 0.0037666460585013863 5
1756056098735 0.0037666460585013863 6
1756056098741 0.003765616638831808 7
1756056098747 0.003762529505478368 8
1756056098754 0.003757388034176064 9
1756056098760 0.0037501978470482777 10
1756056098766 0.003740966806459069 11
1756056098773 0.0037297050064157926 12
1756056098779 0.0037164247615314528 13
1756056098786 0.0037011405935588513 14
1756056098793 0.003683869215511266 15
1756056098800 0.003664629513387017 16
1756056098807 0.003643442525517902 17
1756056098814 0.0036203314195640923 18
1756056098821 0.0035953214671806334 19
1756056098828 0.0035684400163832654 20
1756056098835 0.003539716461643765 21
1756056098842 0.0035091822117475258 22
1756056098848 0.0034768706554485084 23
1756056098855 0.003442817124959134 24
1756056098861 0.0034070588573150225 25
1756056098868 0.003369634953656846 26
1756056098874 0.0033305863364738023 27
1756056098881 0.0032899557048554746 28
1756056098888 0.003247787487801005 29
1756056098894 0.003204127795636635 30
1756056098901 0.0031590243695947414 31
1756056098908 0.0031125265296094986 32
1756056098914 0.0030646851203862567 33
1756056098921 0.0030155524558036005 34
1756056098928 0.0029651822617088926 35
1756056098935 0.0029136296171698483 36
1756056098942 0.002860950894246382 37
1756056098949 0.0028072036963485898 38
1756056098955 0.002752446795248264 39
1756056098963 0.0026967400668128252 40
1756056098969 0.002640144425531941 41
1756056098976 0.002582721757908421 42
1756056098983 0.002524534854786242 43
1756056098991 0.002465647342689676 44
1756056098998 0.002406123614248623 45
1756056099006 0.002346028757786215 46
1756056099015 0.002285428486145689 47
1756056099022 0.0022243890648343608 48
1756056099030 0.002162977239563261 49
1756056099037 0.0021012601632616865 50
1756056099044 0.00203930532264645 51
1756056099051 0.0019771804644261527 52
1756056099059 0.001914953521221152 53
1756056099066 0.0018526925372802342 54
1756056099073 0.0017904655940752332 55
1756056099081 0.001728340735854937 56
1756056099089 0.0016663858952397003 57
1756056099097 0.0016046688189381248 58
1756056099104 0.0015432569936670265 59
1756056099113 0.0014822175723556976 60
1756056099121 0.0014216173007151715 61
1756056099128 0.0013615224442527635 62
1756056099136 0.0013019987158117102 63
1756056099144 0.001243111203715144 64
1756056099151 0.0011849243005929648 65
1756056099158 0.001127501632969446 66
1756056099166 0.001070905991688561 67
1756056099174 0.0010151992632531225 68
1756056099182 0.0009604423621527975 69
1756056099190 0.000906695164255005 70
1756056099198 0.0008540164413315386 71
1756056099207 0.0008024637967924938 72
1756056099216 0.0007520936026977858 73
1756056099223 0.0007029609381151295 74
1756056099231 0.0006551195288918874 75
1756056099239 0.0006086216889066452 76
1756056099247 0.0005635182628647514 77
1756056099255 0.0005198585707003813 78
1756056099263 0.0004776903536459123 79
1756056099271 0.0004370597220275846 80
1756056099280 0.00039801110484454053 81
1756056099288 0.00036058720118636384 82
1756056099296 0.0003248289335422524 83
1756056099305 0.0002907754030528775 84
1756056099312 0.00025846384675386034 85
1756056099321 0.00022792959685762114 86
1756056099329 0.0001992060421181207 87
1756056099336 0.0001723245913207526 88
1756056099344 0.00014731463893729403 89
1756056099351 0.00012420353298348428 90
1756056099359 0.00010301654511436922 91
1756056099367 8.377684299012e-05 92
1756056099374 6.650546494253522e-05 93
1756056099383 5.12212969699336e-05 94
1756056099391 3.7941052085593415e-05 95
1756056099399 2.6679252042317477e-05 96
1756056099408 1.744821145310861e-05 97
1756056099416 1.025802432532248e-05 98
1756056099423 5.116553023018193e-06 99
1756056099431 2.0294196695781954e-06 100
