1756056056931 0.0007533292117002773 1
1756056056939 0.0015066584234005545 2
1756056056944 0.002259987635100832 3
1756056056949 0.003013316846801109 4
1756056056954 0.0037666460585013863 5
1756056056959 0.0037666460585013863 6
1756056056965 0.003765616638831808 7
1756056056970 0.003762529505478368 8
1756056056975 0.003757388034176064 9
1756056056980 0.0037501978470482777 10
1756056056985 0.003740966806459069 11
1756056056991 0.0037297050064157926 12
1756056056996 0.0037164247615314528 13
1756056057001 0.0037011405935588513 14
1756056057005 0.003683869215511266 15
1756056057010 0.003664629513387017 16
1756056057015 0.003643442525517902 17
1756056057020 0.0036203314195640923 18
1756056057025 0.0035953214671806334 19
1756056057030 0.0035684400163832654 20
1756056057035 0.003539716461643765 21
1756056057040 0.0035091822117475258 22
1756056057046 0.0034768706554485084 23
1756056057051 0.003442817124959134 24
1756056057056 0.0034070588573150225 25
1756056057062 0.003369634953656846 26
1756056057067 0.0033305863364738023 27
1756056057072 0.0032899557048554746 28
1756056057078 0.003247787487801005 29
1756056057083 0.003204127795636635 30
1756056057089 0.0031590243695947414 31
1756056057094 0.0031125265296094986 32
1756056057100 0.0030646851203862567 33
1756056057106 0.0030155524558036005 34
1756056057111 0.0029651822617088926 35
1756056057117 0.0029136296171698483 36
1756056057122 0.002860950894246382 37
1756056057127 0.0028072036963485898 38
1756056057133 0.002752446795248264 39
1756056057138 0.0026967400668128252 40
1756056057143 0.002640144425531941 41
1756056057148 0.002582721757908421 42
1756056057153 0.002524534854786242 43
1756056057159 0.002465647342689676 44
1756056057164 0.002406123614248623 45
1756056057169 0.002346028757786215 46
1756056057174 0.002285428486145689 47
1756056057179 0.0022243890648343608 48
1756056057185 0.002162977239563261 49
1756056057190 0.0021012601632616865 50
1756056057196 0.00203930532264645 51
1756056057201 0.0019771804644261527 52
1756056057207 0.001914953521221152 53
1756056057213 0.0018526925372802342 54
1756056057219 0.0017904655940752332 55
1756056057225 0.001728340735854937 56
1756056057231 0.0016663858952397003 57
1756056057237 0.0016046688189381248 58
1756056057243 0.0015432569936670265 59
1756056057273 0.0014822175723556976 60
1756056057281 0.0014216173007151715 61
1756056057289 0.0013615224442527635 62
1756056057295 0.0013019987158117102 63
