1755908874355 1.0023250162601471 1
1755908874368 0.8316804885864257 2
1755908874374 0.7512821316719055 3
1755908874379 0.7237700819969177 4
1755908874385 0.6252587080001831 5
1755908874391 0.5625476777553559 6
1755908874397 0.5318457782268524 7
1755908874402 0.5318507701158524 8
1755908874408 0.4810186803340912 9
1755908874414 0.44173804819583895 10
1755908874419 0.4223288744688034 11
1755908874425 0.40742087066173555 12
1755908874431 0.3782521039247513 13
1755908874437 0.37162535786628725 14
1755908874443 0.3835124045610428 15
1755908874449 0.3686024010181427 16
1755908874455 0.3617869675159454 17
1755908874461 0.3558515548706055 18
1755908874467 0.34242231845855714 19
1755908874473 0.31616052985191345 20
1755908874479 0.3017060935497284 21
1755908874485 0.2982375979423523 22
1755908874491 0.2870856121182442 23
1755908874497 0.2817034751176834 24
1755908874503 0.29043436944484713 25
1755908874509 0.2772676840424538 26
1755908874515 0.27793860137462617 27
1755908874522 0.2780753344297409 28
1755908874528 0.29300173819065095 29
1755908874534 0.2584545508027077 30
1755908874540 0.2437600940465927 31
1755908874546 0.25035106390714645 32
1755908874552 0.24157674610614777 33
1755908874558 0.24050905853509902 34
1755908874564 0.23435155302286148 35
1755908874570 0.2208241641521454 36
1755908874577 0.21597066521644592 37
1755908874583 0.20527793169021608 38
1755908874589 0.20906154066324234 39
1755908874595 0.21355797797441484 40
1755908874601 0.20453532934188842 41
1755908874608 0.20502613186836244 42
1755908874614 0.1963786378502846 43
1755908874620 0.19094691574573516 44
1755908874626 0.19122461825609208 45
1755908874633 0.18451627492904663 46
1755908874639 0.18712522089481354 47
1755908874646 0.18306202441453934 48
1755908874652 0.18625151216983796 49
1755908874659 0.18415958881378175 50
1755908874666 0.19054156094789504 51
1755908874672 0.17317954450845718 52
1755908874679 0.1791135236620903 53
1755908874685 0.18431493192911147 54
1755908874691 0.20221051722764968 55
1755908874698 0.19030687361955642 56
1755908874704 0.18072685599327087 57
1755908874711 0.16259588301181793 58
1755908874718 0.157255557179451 59
1755908874725 0.16524451076984406 60
1755908874731 0.16321469098329544 61
1755908874738 0.1524034172296524 62
1755908874745 0.15031460523605347 63
