1755908856399 0.984873753786087 1
1755908856408 0.8126514852046967 2
1755908856412 0.7732065856456757 3
1755908856416 0.6811643362045288 4
1755908856421 0.6184332251548768 5
1755908856425 0.6407774865627289 6
1755908856429 0.6036824941635132 7
1755908856434 0.5446087419986725 8
1755908856438 0.5068243205547333 9
1755908856442 0.48258471190929414 10
1755908856446 0.4740887850522995 11
1755908856451 0.45379580855369567 12
1755908856455 0.44381328523159025 13
1755908856459 0.4092312067747116 14
1755908856464 0.4345137536525726 15
1755908856469 0.384369358420372 16
1755908856473 0.3917407840490341 17
1755908856477 0.3645420789718628 18
1755908856481 0.35473630428314207 19
1755908856486 0.3597619324922562 20
1755908856490 0.3436895966529846 21
1755908856494 0.30987817496061326 22
1755908856499 0.29109108746051787 23
1755908856504 0.29153609573841094 24
1755908856509 0.3073852002620697 25
1755908856513 0.31181551814079284 26
1755908856518 0.2754513412714005 27
1755908856522 0.2939653038978577 28
1755908856527 0.2803334817290306 29
1755908856532 0.264007568359375 30
1755908856536 0.27635802179574964 31
1755908856541 0.2664420738816261 32
1755908856545 0.25660268515348433 33
1755908856550 0.2415043145418167 34
1755908856555 0.23497651964426042 35
1755908856559 0.2426764950156212 36
1755908856564 0.2339788168668747 37
1755908856569 0.22678034752607346 38
1755908856573 0.22650146484375 39
1755908856578 0.21831439137458802 40
1755908856583 0.22654181271791457 41
1755908856587 0.20968109369277954 42
1755908856592 0.22237627506256102 43
1755908856597 0.20551488548517227 44
1755908856601 0.21195380687713622 45
1755908856606 0.2019828662276268 46
1755908856611 0.19926086515188218 47
1755908856616 0.20060883909463884 48
1755908856620 0.20948331356048583 49
1755908856625 0.18522430956363678 50
1755908856630 0.18383837640285491 51
1755908856635 0.1909864589571953 52
1755908856640 0.19368893504142762 53
