1755908889366 1.0596718430519103 1
1755908889379 0.8720821678638458 2
1755908889386 0.7597557127475738 3
1755908889394 0.6936943113803864 4
1755908889401 0.6413183093070984 5
1755908889408 0.6364355504512786 6
1755908889416 0.6115747928619385 7
1755908889423 0.5454750239849091 8
1755908889431 0.5092185109853744 9
1755908889438 0.49727661311626437 10
1755908889446 0.49245533645153045 11
1755908889453 0.45684286057949064 12
1755908889461 0.4398075431585312 13
1755908889468 0.4240520060062408 14
1755908889476 0.4361950635910034 15
1755908889484 0.4070518970489502 16
1755908889492 0.39071530997753146 17
1755908889499 0.3785337507724762 18
1755908889507 0.34350407421588897 19
1755908889514 0.3329924434423447 20
1755908889522 0.3325677752494812 21
1755908889529 0.34456017017364504 22
1755908889537 0.3175188094377518 23
1755908889545 0.29520119577646253 24
1755908889552 0.2827454715967178 25
1755908889560 0.28199872076511384 26
1755908889568 0.273342490196228 27
1755908889576 0.26730918884277344 28
1755908889584 0.2761796087026596 29
1755908889592 0.2626970648765564 30
1755908889599 0.2568241819739342 31
1755908889607 0.2566113263368607 32
1755908889615 0.239847132563591 33
1755908889623 0.23903670012950898 34
1755908889631 0.23276792615652084 35
1755908889639 0.2542281970381737 36
1755908889646 0.2273077130317688 37
1755908889654 0.21492007970809937 38
1755908889662 0.22282996028661728 39
1755908889670 0.2122325912117958 40
1755908889678 0.22036000341176987 41
1755908889686 0.20964579582214354 42
