1755908889366 1.9152860045433044 1
1755908889379 1.2601893305778504 2
1755908889386 1.0161892652511597 3
1755908889394 0.8571099579334259 4
1755908889401 0.7572550415992737 5
1755908889408 0.7548874825239181 6
1755908889416 0.6707208216190338 7
1755908889423 0.5399256557226181 8
1755908889431 0.4750613421201706 9
1755908889438 0.45143584311008456 10
1755908889446 0.438947531580925 11
1755908889453 0.3868973731994629 12
1755908889461 0.36101528704166413 13
1755908889468 0.32216947972774507 14
1755908889476 0.3446930289268494 15
1755908889484 0.31019977629184725 16
1755908889492 0.2914717122912407 17
1755908889499 0.26378550976514814 18
1755908889507 0.21948115825653075 19
1755908889514 0.20863300412893296 20
1755908889522 0.20296292304992675 21
1755908889529 0.22019513994455336 22
1755908889537 0.18579733073711396 23
1755908889545 0.1552928000688553 24
1755908889552 0.15153616890311242 25
1755908889560 0.14179363921284677 26
1755908889568 0.13796604350209235 27
1755908889576 0.12669045329093934 28
1755908889584 0.13797466307878495 29
1755908889592 0.1326487809419632 30
1755908889599 0.12249167859554291 31
1755908889607 0.12387387529015541 32
1755908889615 0.10547694489359856 33
1755908889623 0.10457000806927681 34
1755908889631 0.10100245326757432 35
1755908889639 0.11352829709649086 36
1755908889646 0.09125123172998428 37
1755908889654 0.08204392939805985 38
1755908889662 0.09553338512778282 39
1755908889670 0.08093606680631638 40
1755908889678 0.09410308413207531 41
1755908889686 0.0788296777755022 42
