1755908856399 0.0007608395283620537 1
1755908856408 0.0015216790567241074 2
1755908856412 0.002282518585086161 3
1755908856416 0.0030433581134482147 4
1755908856421 0.003804197641810268 5
1755908856425 0.003804197641810268 6
1755908856429 0.0038031579566144345 7
1755908856434 0.003800040037907431 8
1755908856438 0.0037948472950875864 9
1755908856442 0.0037875854063429354 10
1755908856446 0.003778262312442202 11
1755908856451 0.0037668882080516873 12
1755908856455 0.0037534755305875483 13
1755908856459 0.0037380389466156695 14
1755908856464 0.003720595335813987 15
1755908856469 0.003701163772514807 16
1755908856473 0.003679765504847307 17
1755908856477 0.003656423931503014 18
1755908856481 0.003631164576149683 19
1755908856486 0.0036040150595215386 20
1755908856490 0.0035750050692164087 21
1755908856494 0.003544166327232772 22
1755908856499 0.0035115325552822164 23
1755908856504 0.0034771394379152472 24
1755908856509 0.00344102458350075 25
1755908856513 0.0034032274831017934 26
1755908856518 0.0033637894672927326 27
1755908856522 0.003322753660964832 28
1755908856527 0.0032801649361698295 29
1755908856532 0.003236069863053006 30
1755908856536 0.0031905166589294197 31
1755908856541 0.003143555135558972 32
1755908856545 0.003095236644677988 33
1755908856550 0.0030456140218468397 34
1755908856555 0.002994741528675042 35
1755908856559 0.002942674793486976 36
1755908856564 0.002889470750493133 37
1755908856569 0.002835187577533393 38
1755908856573 0.0027798846324604103 39
1755908856578 0.002723622388232672 40
1755908856583 0.0026664623667882084 41
1755908856587 0.0026084670717712523 42
1755908856592 0.0025496999201854277 43
1755908856597 0.0024902251730481825 44
1755908856601 0.0024301078651223123 45
1755908856606 0.0023694137338014 46
1755908856611 0.0023082091472269436 47
1755908856616 0.002246561031715765 48
1755908856620 0.002184536798577067 49
1755908856625 0.002122204270399157 50
1755908856630 0.0020596316068864392 51
1755908856635 0.001996887230327783 52
1755908856640 0.001934039750777752 53
