1756345446102 0.0013483083634518475 1
1756345446120 0.002696616726903695 2
1756345446136 0.004044925090355542 3
1756345446152 0.00539323345380739 4
1756345446167 0.006741541817259238 5
1756345446183 0.006741541817259237 6
1756345446199 0.006740750807998737 7
1756345446220 0.006738378151520116 8
1756345446236 0.00673442496155773 9
1756345446252 0.006728893093754612 10
1756345446268 0.006721785144791435 11
1756345446284 0.006713104451167609 12
1756345446301 0.006702855087635122 13
1756345446317 0.006691041865285837 14
1756345446333 0.006677670329293138 15
1756345446349 0.006662746756309015 16
1756345446365 0.006646278151517768 17
1756345446382 0.006628272245347752 18
1756345446398 0.006608737489842679 19
1756345446414 0.006587683054694204 20
1756345446431 0.006565118822937622 21
1756345446447 0.006541055386312743 22
1756345446463 0.006515504040292081 23
1756345446479 0.006488476778778724 24
1756345446496 0.006459986288476331 25
1756345446512 0.006430045942933962 26
1756345446528 0.006398669796268469 27
1756345446545 0.006365872576567438 28
1756345446563 0.0063316696789757765 29
1756345446579 0.006296077158469159 30
1756345446596 0.0062591117223177685 31
1756345446612 0.006220790722243828 32
1756345446629 0.006181132146276638 33
1756345446646 0.0061401546103089285 34
1756345446663 0.006097877349358476 35
1756345446680 0.006054320208539117 36
1756345446696 0.0060095036337453715 37
1756345446713 0.005963448662055056 38
1756345446730 0.005916176911854401 39
1756345446747 0.005867710572690288 40
1756345446763 0.005818072394854395 41
1756345446780 0.005767285678704118 42
1756345446797 0.005715374263725283 43
1756345446814 0.0056623625173418115 44
1756345446831 0.005608275323477541 45
1756345446848 0.005553138070875622 46
1756345446865 0.005496976641180935 47
1756345446882 0.00543981739679115 48
1756345446899 0.005381687168482106 49
1756345446916 0.005322613242813344 50
1756345446933 0.005262623349319684 51
1756345446950 0.005201745647494874 52
1756345446967 0.005140008713573413 53
1756345446984 0.0050774415271167455 54
1756345447001 0.005014073457410152 55
1756345447018 0.004949934249676683 56
1756345447035 0.004885054011114634 57
1756345447053 0.004819463196765106 58
1756345447070 0.004753192595216297 59
1756345447087 0.004686273314151204 60
1756345447104 0.004618736765745563 61
1756345447122 0.004550614651922845 62
1756345447139 0.004481938949473248 63
1756345447156 0.004412741895043666 64
1756345447174 0.00434305597000568 65
1756345447191 0.004272913885208669 66
1756345447209 0.004202348565625211 67
1756345447226 0.004131393134895972 68
1756345447243 0.004060080899781335 69
1756345447261 0.003988445334527076 70
1756345447278 0.00391652006515142 71
1756345447296 0.003844338853660851 72
1756345447314 0.0037719355822021013 73
1756345447331 0.0036993442371577316 74
1756345447349 0.0036265988931927845 75
1756345447366 0.0035537336972600096 76
1756345447384 0.003480782852571147 77
1756345447402 0.003407780602541798 78
1756345447420 0.0033347612147174395 79
1756345447437 0.0032617589646880907 80
1756345447455 0.0031888081199992276 81
1756345447473 0.0031159429240664536 82
1756345447491 0.0030431975801015073 83
1756345447509 0.0029706062350571363 84
1756345447527 0.0028982029635983867 85
1756345447545 0.0028260217521078185 86
1756345447563 0.002754096482732161 87
1756345447581 0.002682460917477903 88
1756345447599 0.002611148682363266 89
1756345447617 0.0025401932516340275 90
1756345447635 0.00246962793205057 91
1756345447653 0.002399485847253558 92
1756345447672 0.0023297999222155713 93
1756345447690 0.0022606028677859893 94
1756345447708 0.0021919271653363928 95
1756345447726 0.0021238050515136743 96
1756345447745 0.002056268503108033 97
1756345447763 0.00198934922204294 98
1756345447782 0.001923078620494131 99
1756345447800 0.0018574878061446047 100
1756345447818 0.0017926075675825542 101
1756345447837 0.0017284683598490851 102
1756345447855 0.0016651002901424915 103
1756345447874 0.0016025331036858249 104
1756345447892 0.001540796169764362 105
1756345447911 0.0014799184679395532 106
1756345447929 0.0014199285744458938 107
1756345447948 0.0013608546487771324 108
1756345447967 0.0013027244204680875 109
1756345447986 0.0012455651760783022 110
1756345448004 0.0011894037463836154 111
1756345448023 0.0011342664937816964 112
1756345448042 0.0010801792999174254 113
1756345448061 0.0010271675535339538 114
1756345448079 0.0009752561385551205 115
1756345448098 0.0009244694224048423 116
1756345448117 0.0008748312445689494 117
