1756345446102 2.5872117280960083 1
1756345446120 1.3847236235936482 2
1756345446136 1.4311634699503581 3
1756345446152 0.9868232607841492 4
1756345446167 1.0945012768109639 5
1756345446183 0.9101916154225668 6
1756345446199 0.9467387795448303 7
1756345446220 0.7495039602120718 8
1756345446236 0.6357442339261373 9
1756345446252 0.5830997427304586 10
1756345446268 0.49060143033663434 11
1756345446284 0.5554438084363937 12
1756345446301 0.437290961543719 13
1756345446317 0.546817789475123 14
1756345446333 0.39607521891593933 15
1756345446349 0.5195239136616389 16
1756345446365 0.38031022250652313 17
1756345446382 0.5034969200690588 18
1756345446398 0.38712217410405475 19
1756345446414 0.42891426881154376 20
1756345446431 0.3769743392864863 21
1756345446447 0.5015632212162018 22
1756345446463 0.407941535115242 23
1756345446479 0.46231095492839813 24
1756345446496 0.3709731350342433 25
1756345446512 0.44402851661046344 26
1756345446528 0.3276204317808151 27
1756345446545 0.32538477579752606 28
1756345446563 0.3083778917789459 29
1756345446579 0.29940613607565564 30
1756345446596 0.27724546442429227 31
1756345446612 0.28035657356182736 32
1756345446629 0.27613745629787445 33
1756345446646 0.2907521352171898 34
1756345446663 0.2616111834843953 35
1756345446680 0.26042324552933377 36
1756345446696 0.2622783159216245 37
1756345446713 0.2869932601849238 38
1756345446730 0.2672753656903903 39
1756345446747 0.35823703308900195 40
1756345446763 0.26989980538686115 41
1756345446780 0.3318997621536255 42
1756345446797 0.2616145983338356 43
1756345446814 0.24416399747133255 44
1756345446831 0.23389814297358194 45
1756345446848 0.2010760505994161 46
1756345446865 0.20074073473612467 47
1756345446882 0.19002265483140945 48
1756345446899 0.17078600327173868 49
1756345446916 0.19054348766803741 50
1756345446933 0.1771122564872106 51
1756345446950 0.16267569859822592 52
1756345446967 0.18292225524783134 53
1756345446984 0.17358015974362692 54
1756345447001 0.16522598763306937 55
1756345447018 0.15248143672943115 56
1756345447035 0.15953137477238974 57
1756345447053 0.1667522961894671 58
1756345447070 0.1772873600323995 59
1756345447087 0.18236825118462244 60
1756345447104 0.1651804099480311 61
1756345447122 0.17864720275004706 62
1756345447139 0.15446852892637253 63
1756345447156 0.1375555917620659 64
1756345447174 0.13701985528071722 65
1756345447191 0.14318765699863434 66
1756345447209 0.13886766384045282 67
1756345447226 0.13752506424983343 68
1756345447243 0.13690860196948051 69
1756345447261 0.14203368872404099 70
1756345447278 0.11895882338285446 71
1756345447296 0.11981742084026337 72
1756345447314 0.12223195284605026 73
1756345447331 0.1164381094276905 74
1756345447349 0.11259112631281216 75
1756345447366 0.12365368256966273 76
1756345447384 0.11412173385421436 77
1756345447402 0.11492362370093663 78
1756345447420 0.10123338053623836 79
1756345447437 0.09988248224059741 80
1756345447455 0.09993157039086024 81
1756345447473 0.0888859952489535 82
1756345447491 0.1014956533908844 83
1756345447509 0.10231928651531537 84
1756345447527 0.09966657062371571 85
1756345447545 0.08643741284807523 86
1756345447563 0.08755337198575337 87
1756345447581 0.08660199865698814 88
1756345447599 0.0840179609755675 89
1756345447617 0.08946350837747256 90
1756345447635 0.0843802144130071 91
1756345447653 0.07262409975131352 92
1756345447672 0.08068243662516277 93
1756345447690 0.07513787783682346 94
1756345447708 0.08607896169026692 95
1756345447726 0.07334800685445468 96
1756345447745 0.06686508779724439 97
1756345447763 0.07109407894313335 98
1756345447782 0.07184654225905736 99
1756345447800 0.07130396055678527 100
1756345447818 0.06924811129768689 101
1756345447837 0.06966887476543586 102
1756345447855 0.07110437254110973 103
1756345447874 0.0666267095754544 104
1756345447892 0.06444978962341945 105
1756345447911 0.0702294750759999 106
1756345447929 0.06785582813123862 107
1756345447948 0.0618399598946174 108
1756345447967 0.060216233134269714 109
1756345447986 0.06119136574367682 110
1756345448004 0.059376186380783715 111
1756345448023 0.060628438368439674 112
1756345448042 0.058600191647807755 113
1756345448061 0.05990933751066526 114
1756345448079 0.058553686986366905 115
1756345448098 0.05981009888152281 116
1756345448117 0.05361282266676426 117
