1756345437284 0.0013483083634518475 1
1756345437300 0.002696616726903695 2
1756345437314 0.004044925090355542 3
1756345437328 0.00539323345380739 4
1756345437342 0.006741541817259238 5
1756345437356 0.006741541817259237 6
1756345437370 0.006740750807998737 7
1756345437384 0.006738378151520116 8
1756345437398 0.00673442496155773 9
1756345437412 0.006728893093754612 10
1756345437426 0.006721785144791435 11
1756345437441 0.006713104451167609 12
1756345437455 0.006702855087635122 13
1756345437469 0.006691041865285837 14
1756345437483 0.006677670329293138 15
1756345437498 0.006662746756309015 16
1756345437512 0.006646278151517768 17
1756345437526 0.006628272245347752 18
1756345437541 0.006608737489842679 19
1756345437555 0.006587683054694204 20
1756345437570 0.006565118822937622 21
1756345437584 0.006541055386312743 22
1756345437599 0.006515504040292081 23
1756345437613 0.006488476778778724 24
1756345437628 0.006459986288476331 25
1756345437642 0.006430045942933962 26
1756345437657 0.006398669796268469 27
1756345437671 0.006365872576567438 28
1756345437686 0.0063316696789757765 29
1756345437701 0.006296077158469159 30
1756345437716 0.0062591117223177685 31
1756345437730 0.006220790722243828 32
1756345437745 0.006181132146276638 33
1756345437760 0.0061401546103089285 34
1756345437775 0.006097877349358476 35
1756345437790 0.006054320208539117 36
1756345437805 0.0060095036337453715 37
1756345437820 0.005963448662055056 38
1756345437834 0.005916176911854401 39
