1756345454809 1.9926847418149312 1
1756345454831 1.915938377380371 2
1756345454850 1.1267942388852437 3
1756345454870 1.144368827342987 4
1756345454890 0.7283384303251902 5
1756345454910 1.0189212659994762 6
1756345454929 0.6045259634653727 7
1756345454949 0.6684311628341675 8
1756345454969 0.6123698055744171 9
1756345454989 0.5341827521721522 10
1756345455009 0.5859727064768473 11
1756345455029 0.4798954327901204 12
1756345455049 0.4891160825888316 13
1756345455069 0.4548841118812561 14
1756345455089 0.41381724178791046 15
1756345455109 0.4563734233379364 16
1756345455129 0.38831083476543427 17
1756345455149 0.380477711558342 18
1756345455170 0.38710184892018634 19
1756345455190 0.36131636798381805 20
1756345455210 0.325535349547863 21
1756345455230 0.29918355991442996 22
1756345455251 0.34793273111184436 23
1756345455271 0.3794833819071452 24
1756345455291 0.3332466284434001 25
1756345455311 0.46772641440232593 26
1756345455332 0.3503499428431193 27
1756345455352 0.3129497766494751 28
1756345455373 0.40111541748046875 29
1756345455393 0.39093707005182904 30
1756345455414 0.3527778436740239 31
1756345455434 0.3285356213649114 32
1756345455455 0.26726023604472476 33
1756345455475 0.25307198613882065 34
1756345455496 0.29396317650874454 35
1756345455517 0.2796342621246974 36
1756345455537 0.338020163277785 37
1756345455559 0.2649629811445872 38
1756345455580 0.2780064369241397 39
1756345455601 0.2446433032552401 40
1756345455621 0.2707105378309886 41
1756345455642 0.2385950138171514 42
1756345455663 0.23527394235134125 43
1756345455684 0.2747635990381241 44
1756345455705 0.21589993437131247 45
1756345455726 0.21760410318771997 46
1756345455747 0.16643011569976807 47
1756345455768 0.17758093774318695 48
1756345455789 0.16225813329219818 49
1756345455810 0.16566175470749536 50
1756345455831 0.18298428257306418 51
1756345455852 0.1651382322112719 52
1756345455873 0.17239739745855331 53
1756345455895 0.1559924011429151 54
1756345455916 0.14024656638503075 55
1756345455937 0.14767101779580116 56
1756345455958 0.1405963251988093 57
1756345455979 0.15491033593813577 58
1756345456001 0.1685431425770124 59
1756345456022 0.15395736694335938 60
1756345456043 0.13697131350636482 61
1756345456064 0.12460491185386975 62
1756345456086 0.11419061323006947 63
1756345456107 0.12256861353913943 64
1756345456128 0.10883194208145142 65
1756345456150 0.11004955694079399 66
1756345456171 0.11506032447020213 67
1756345456193 0.11206267898281415 68
1756345456215 0.12445492421587308 69
1756345456237 0.11637784416476886 70
1756345456258 0.1262175776064396 71
1756345456280 0.11715073635180791 72
1756345456302 0.11351147045691808 73
1756345456323 0.11162385841210683 74
1756345456345 0.10240929822127025 75
1756345456367 0.0915271391471227 76
1756345456389 0.10264610250790913 77
1756345456411 0.08839497839411099 78
1756345456432 0.08870660761992137 79
1756345456454 0.08676738043626149 80
1756345456476 0.08809778715173404 81
1756345456498 0.08203551297386487 82
1756345456520 0.09342932825287183 83
1756345456542 0.08493782331546147 84
1756345456564 0.0903775654733181 85
1756345456594 0.08398378267884254 86
1756345456616 0.07822160919507344 87
1756345456639 0.0813874180118243 88
1756345456662 0.08417341609795888 89
1756345456685 0.07734046131372452 90
1756345456707 0.07086972333490849 91
1756345456730 0.061823093021909394 92
