1756345437284 2.1330026189486184 1
1756345437300 1.5496660868326824 2
1756345437314 1.1640252868334453 3
1756345437328 1.1785469055175781 4
1756345437342 0.9394099315007528 5
1756345437356 0.8272890746593475 6
1756345437370 0.7001182933648428 7
1756345437384 0.5669051309426626 8
1756345437398 0.7045266032218933 9
1756345437412 0.5202611784140269 10
1756345437426 0.5013363162676493 11
1756345437441 0.5517568141222 12
1756345437455 0.4545448323090871 13
1756345437469 0.4003841628630956 14
1756345437483 0.46018489201863605 15
1756345437498 0.37620631357034046 16
1756345437512 0.4444574515024821 17
1756345437526 0.477999414006869 18
1756345437541 0.3651597797870636 19
1756345437555 0.4626505921284358 20
1756345437570 0.3533066213130951 21
1756345437584 0.3603590726852417 22
1756345437599 0.4021815707286199 23
1756345437613 0.33717499673366547 24
1756345437628 0.4200301021337509 25
1756345437642 0.4007476071516673 26
1756345437657 0.30746423204739887 27
1756345437671 0.29283443590005237 28
1756345437686 0.27310916781425476 29
1756345437701 0.30813870827356976 30
1756345437716 0.3114927262067795 31
1756345437730 0.2903092826406161 32
1756345437745 0.28567032516002655 33
1756345437760 0.2750360444188118 34
1756345437775 0.25063743939002353 35
1756345437790 0.23037431885798773 36
1756345437805 0.22179005295038223 37
1756345437820 0.23126755158106485 38
1756345437834 0.21346179395914078 39
