1756054131857 2.1940043807029723 1
1756054131863 1.3123529314994813 2
1756054131868 1.0717061042785645 3
1756054131872 1.1075285613536834 4
1756054131877 1.4709801852703095 5
1756054131881 1.2450202703475952 6
1756054131886 0.8718888103961945 7
1756054131890 0.6581784248352051 8
1756054131895 0.5616657197475433 9
1756054131899 0.45902039110660553 10
1756054131904 0.4441051110625267 11
1756054131908 0.32732114791870115 12
1756054131912 0.3339392304420471 13
1756054131917 0.37433510422706606 14
1756054131922 0.3278554558753967 15
1756054131927 0.3227532640099525 16
1756054131932 0.32685210555791855 17
1756054131937 0.2931643187999725 18
1756054131942 0.23480930477380751 19
1756054131946 0.25257763266563416 20
1756054131951 0.2809606045484543 21
1756054131957 0.250266931951046 22
1756054131962 0.2112435445189476 23
1756054131967 0.28665011674165725 24
1756054131971 0.24766260981559754 25
1756054131976 0.2670444279909134 26
1756054131981 0.2343755543231964 27
1756054131986 0.21503567993640899 28
1756054131990 0.19754412472248079 29
1756054131995 0.15911357924342157 30
1756054132000 0.1457006350159645 31
1756054132005 0.15664267390966416 32
1756054132011 0.19313090965151786 33
1756054132017 0.14707783237099648 34
1756054132023 0.2193189561367035 35
1756054132028 0.22365548983216285 36
1756054132034 0.2698211267590523 37
1756054132039 0.18079707846045495 38
1756054132044 0.17602912560105324 39
1756054132049 0.1582033947110176 40
1756054132054 0.13937283754348756 41
1756054132059 0.09920757375657559 42
1756054132065 0.12396983057260513 43
1756054132070 0.12396941035985946 44
1756054132076 0.09817316606640816 45
1756054132081 0.0975791871547699 46
1756054132087 0.12614662423729897 47
1756054132092 0.1008971430361271 48
1756054132098 0.08743997141718865 49
1756054132103 0.09416590854525567 50
1756054132108 0.08389748930931092 51
1756054132113 0.09440115466713905 52
1756054132118 0.0788105584681034 53
1756054132123 0.07530081868171692 54
1756054132128 0.08682508133351803 55
1756054132133 0.08274339511990547 56
1756054132139 0.08989348970353603 57
1756054132144 0.06553116962313651 58
1756054132149 0.07804085984826088 59
1756054132154 0.06306986920535565 60
1756054132159 0.07308141738176346 61
1756054132164 0.06772006712853909 62
1756054132170 0.07074771858751774 63
1756054132175 0.07572073042392731 64
1756054132180 0.07174856625497342 65
1756054132186 0.07357525825500488 66
1756054132192 0.06441343165934085 67
1756054132198 0.06783438697457314 68
1756054132204 0.061131396889686586 69
1756054132209 0.06510165482759475 70
1756054132215 0.05594734773039818 71
1756054132221 0.05731431674212217 72
1756054132226 0.054545535892248156 73
1756054132232 0.062060849368572236 74
1756054132238 0.053927814960479735 75
1756054132243 0.05362274721264839 76
1756054132248 0.05146174393594265 77
1756054132254 0.045958255603909495 78
1756054132261 0.05105071365833282 79
1756054132267 0.04931016117334366 80
1756054132274 0.05104417093098164 81
1756054132280 0.05444241371005774 82
1756054132286 0.047263548150658606 83
1756054132292 0.04084262400865555 84
1756054132298 0.04353618416935205 85
1756054132303 0.04632149487733841 86
1756054132309 0.04552261121571064 87
1756054132315 0.04118109531700611 88
1756054132321 0.040156974270939824 89
1756054132327 0.04897687956690788 90
1756054132333 0.04558020569384098 91
1756054132339 0.05270890463143587 92
1756054132345 0.06396625824272632 93
1756054132351 0.04774055294692516 94
