1756073835054 1.6255707608328924 1
1756073835060 1.4435245284327753 2
1756073835064 1.6451313583939164 3
1756073835069 1.5375656927073444 4
1756073835073 1.461284339427948 5
1756073835078 1.0704179648999814 6
1756073835083 0.9604143654858625 7
1756073835087 0.8864760884532222 8
1756073835092 0.706444486423775 9
1756073835096 0.7156724841506393 10
1756073835101 0.6389991387172982 11
1756073835106 0.6715272124166842 12
1756073835111 0.7785311407513089 13
1756073835116 0.6597400688462787 14
1756073835121 0.6335506428171087 15
1756073835127 0.6688546494201377 16
1756073835131 0.5243401483253196 17
1756073835136 0.5880920081226914 18
1756073835143 0.5185114410188463 19
1756073835148 0.512892879821636 20
1756073835153 0.4461068996676692 21
1756073835159 0.49239457095110856 22
1756073835163 0.3982603505805687 23
1756073835169 0.39325980842113495 24
1756073835173 0.38988936223365644 25
1756073835179 0.3566967315144009 26
1756073835184 0.38949937125047046 27
1756073835189 0.4155458995589503 28
1756073835194 0.40544810780772456 29
1756073835199 0.42253202696641284 30
1756073835206 0.39496350122822654 31
1756073835211 0.3697616916011881 32
1756073835217 0.3796419114978225 33
1756073835221 0.3964033325513204 34
1756073835226 0.3541727198494805 35
1756073835231 0.35275426506996155 36
1756073835235 0.34561250883120076 37
1756073835240 0.3459044838393176 38
1756073835245 0.3521440768683398 39
1756073835250 0.3334578286718439 40
1756073835255 0.286372110247612 41
1756073835260 0.30156615873177844 42
1756073835265 0.2719625598854489 43
1756073835270 0.26937975265361647 44
1756073835275 0.27299730148580337 45
1756073835280 0.27027528098335973 46
1756073835285 0.2618836992316776 47
1756073835291 0.2927513514403944 48
1756073835297 0.24596989430763103 49
1756073835302 0.20568509289511927 50
1756073835308 0.21776533126831055 51
1756073835313 0.20069818805765222 52
1756073835318 0.2347537808948093 53
1756073835323 0.20726966250825812 54
1756073835329 0.20709242588943905 55
1756073835334 0.22323101814146395 56
1756073835340 0.2554448064830568 57
1756073835345 0.23265132694332688 58
1756073835351 0.20246781132839345 59
1756073835357 0.18222720755471122 60
1756073835362 0.2048089388344023 61
1756073835368 0.22996697105743266 62
1756073835374 0.19073011781330462 63
1756073835379 0.18628631863329145 64
1756073835385 0.2023879267551281 65
1756073835391 0.2178741991519928 66
1756073835397 0.1957971508856173 67
1756073835403 0.18306324548191494 68
1756073835410 0.17839219310769328 69
1756073835416 0.17199070006608963 70
1756073835422 0.1681553175052007 71
1756073835427 0.17158313040380124 72
1756073835433 0.1715862441945959 73
1756073835438 0.1630304828286171 74
1756073835444 0.15490306030820916 75
1756073835449 0.15299773188652815 76
1756073835454 0.1604771120128808 77
1756073835460 0.1577124438352055 78
1756073835466 0.16715919695518636 79
1756073835471 0.16202163420341634 80
1756073835477 0.1519001523653666 81
1756073835486 0.14329128160520835 82
1756073835492 0.14667571722357362 83
1756073835498 0.13943770031134287 84
1756073835504 0.1297509421904882 85
1756073835511 0.14166645015831347 86
1756073835517 0.13702935559882057 87
1756073835522 0.12191012087795469 88
1756073835529 0.1334388750018897 89
1756073835534 0.12271987370870731 90
1756073835542 0.12800708606287284 91
1756073835548 0.12459311220380995 92
1756073835554 0.121518237999192 93
1756073835560 0.10879189465884809 94
1756073835565 0.11272401776578692 95
1756073835571 0.11304717980049274 96
1756073835577 0.11427757640679677 97
1756073835583 0.11343936898090222 98
1756073835589 0.12143145004908244 99
1756073835595 0.11635621167995312 100
1756073835602 0.10997380619799649 101
1756073835609 0.11061816469386772 102
1756073835615 0.11239693313837051 103
1756073835623 0.10549199650133098 104
1756073835629 0.10972681862336618 105
1756073835635 0.09860805021943869 106
1756073835641 0.0890917201285009 107
1756073835647 0.09370404454293074 108
1756073835653 0.10639558911875442 109
1756073835660 0.11091735738295096 110
1756073835666 0.10168896229178817 111
1756073835672 0.11179247222564838 112
1756073835679 0.11001738105659131 113
1756073835685 0.09954167750698549 114
1756073835691 0.11291023398990985 115
1756073835697 0.08911294255543638 116
1756073835704 0.08606739259428448 117
1756073835710 0.10027481077445878 118
1756073835717 0.09248936714397536 119
1756073835724 0.08982438290560688 120
1756073835731 0.0890867547304542 121
1756073835737 0.09961576732220473 122
1756073835743 0.09128502190664962 123
1756073835750 0.0830026311730897 124
