1755907742483 0.0011143315749309796 1
1755907742500 0.0022286631498619593 2
1755907742507 0.0033429947247929385 3
1755907742519 0.004457326299723919 4
1755907742524 0.005571657874654898 5
1755907742529 0.005571657874654898 6
1755907742535 0.005570135016505308 7
1755907742540 0.005565568107279565 8
1755907742546 0.005557962140825859 9
1755907742552 0.005547325434156835 10
1755907742557 0.005533669618355071 11
1755907742561 0.005517009625854653 12
1755907742565 0.0054973636741127785 13
1755907742570 0.005474753245689241 14
1755907742574 0.005449203064755558 15
1755907742579 0.005420741070059456 16
1755907742583 0.005389398384374262 17
1755907742588 0.005355209280466601 18
1755907742609 0.005318211143619639 19
1755907742617 0.005278444430752816 20
1755907742622 0.005235952626182804 21
1755907742629 0.005190782194074041 22
1755907742633 0.005142982527630852 23
1755907742641 0.005092605895086707 24
1755907742645 0.005039707382549668 25
