1756057726793 1.4778390407562256 1
1756057726808 1.0274551272392274 2
1756057726818 1.095933699607849 3
1756057726828 0.813089907169342 4
1756057726837 0.7906487464904786 5
1756057726847 0.6327820658683777 6
1756057726857 0.8411958813667297 7
1756057726867 0.5545113205909729 8
1756057726877 0.43401790857315065 9
1756057726887 0.4450601875782013 10
1756057726897 0.33629401922225954 11
1756057726907 0.2976424813270569 12
1756057726918 0.27744062840938566 13
1756057726927 0.26698541045188906 14
1756057726937 0.25623073279857633 15
1756057726948 0.23322247862815856 16
1756057726957 0.1936874121427536 17
1756057726968 0.1909755438566208 18
1756057726978 0.18445772528648377 19
1756057726988 0.16603416800498963 20
1756057726997 0.160716512799263 21
1756057727008 0.17207426428794861 22
1756057727017 0.14040563404560089 23
1756057727027 0.1313616380095482 24
1756057727037 0.13346731811761856 25
1756057727047 0.12885683476924897 26
1756057727057 0.1094964861869812 27
1756057727067 0.13564969301223756 28
1756057727077 0.13433727771043777 29
1756057727088 0.09963427037000656 30
1756057727098 0.12151510566473007 31
1756057727108 0.08963871002197266 32
1756057727118 0.09347707033157349 33
1756057727128 0.09311700016260147 34
1756057727137 0.08590195327997208 35
1756057727148 0.09264465719461441 36
1756057727158 0.09971444606781006 37
1756057727169 0.08286071717739105 38
1756057727180 0.07882008254528046 39
1756057727191 0.06828490942716599 40
1756057727201 0.06634238287806511 41
1756057727211 0.07321494966745376 42
1756057727221 0.07003028988838196 43
1756057727232 0.0696309357881546 44
1756057727243 0.0669850878417492 45
1756057727253 0.06897731050848961 46
1756057727264 0.06269018352031708 47
1756057727274 0.06745728999376296 48
1756057727284 0.06566419228911399 49
1756057727295 0.06603656113147735 50
1756057727306 0.056533053517341614 51
1756057727316 0.05630817711353302 52
1756057727327 0.05492631644010544 53
1756057727337 0.0524070993065834 54
1756057727348 0.04709734916687012 55
1756057727358 0.052500440180301665 56
1756057727369 0.05025786757469177 57
1756057727380 0.046801354736089706 58
1756057727390 0.0503771498799324 59
1756057727401 0.05263516679406166 60
1756057727410 0.04503121376037598 61
1756057727420 0.04167580604553223 62
1756057727431 0.04540316686034203 63
1756057727441 0.04304695725440979 64
1756057727452 0.04441022053360939 65
1756057727462 0.04151782244443893 66
1756057727473 0.04733814671635628 67
1756057727483 0.04138098731637001 68
1756057727494 0.042318766564130784 69
1756057727505 0.04220372587442398 70
1756057727515 0.041443082690238955 71
1756057727526 0.03546160943806172 72
1756057727537 0.04153797104954719 73
1756057727548 0.039708057045936586 74
1756057727558 0.03749928511679172 75
1756057727569 0.03540620915591717 76
1756057727579 0.03958422467112541 77
1756057727590 0.03811183869838715 78
1756057727600 0.03654420301318169 79
1756057727610 0.03790154159069061 80
1756057727621 0.0374285351485014 81
1756057727632 0.03240495771169662 82
1756057727643 0.03504844941198826 83
1756057727654 0.032901054993271825 84
1756057727664 0.03448795042932033 85
1756057727676 0.03369526714086533 86
1756057727687 0.034260471165180204 87
1756057727698 0.034503455460071566 88
1756057727709 0.03541505634784699 89
1756057727720 0.03580277711153031 90
1756057727732 0.03151717409491539 91
1756057727744 0.033286429941654205 92
1756057727754 0.03093244358897209 93
1756057727766 0.03715365156531334 94
1756057727776 0.03681519590318203 95
1756057727788 0.03335056565701962 96
1756057727799 0.03210446648299694 97
