1756055043614 1.0300273835659026 1
1756055043626 0.8452964961528778 2
1756055043632 0.7210201323032379 3
1756055043638 0.7392441153526306 4
1756055043645 0.649874609708786 5
1756055043651 0.582208377122879 6
1756055043657 0.5489940941333771 7
1756055043663 0.4839161276817322 8
1756055043669 0.425883361697197 9
1756055043676 0.40841838121414187 10
1756055043682 0.39564825892448424 11
1756055043689 0.4417587697505951 12
1756055043695 0.4325820833444595 13
1756055043701 0.4432467699050903 14
1756055043708 0.44377862215042113 15
1756055043714 0.3946171373128891 16
1756055043721 0.35154599845409396 17
1756055043727 0.34259718656539917 18
1756055043733 0.3465810328722 19
1756055043740 0.33799622356891634 20
1756055043746 0.3117692947387695 21
1756055043753 0.31853634119033813 22
1756055043759 0.30056887716054914 23
1756055043766 0.2985184371471405 24
1756055043772 0.28869687020778656 25
1756055043779 0.3353325963020325 26
1756055043786 0.33317666947841645 27
1756055043793 0.31737060099840164 28
1756055043800 0.351894348859787 29
1756055043806 0.3314429372549057 30
1756055043813 0.29274010062217715 31
1756055043820 0.33165170848369596 32
1756055043826 0.327626171708107 33
1756055043833 0.2955374032258987 34
1756055043840 0.2732343733310699 35
1756055043847 0.25495410710573196 36
1756055043853 0.24857923090457917 37
1756055043860 0.2640137016773224 38
1756055043867 0.234854793548584 39
1756055043874 0.2561407744884491 40
1756055043880 0.2575602874159813 41
1756055043887 0.24260699152946472 42
1756055043894 0.2561061382293701 43
1756055043901 0.2352280229330063 44
1756055043908 0.21288551092147828 45
1756055043915 0.22350972145795822 46
1756055043921 0.2331428587436676 47
1756055043928 0.20708693265914918 48
1756055043936 0.20087132304906846 49
1756055043943 0.21530261039733886 50
1756055043950 0.2102714493870735 51
1756055043957 0.19355536103248597 52
1756055043964 0.19861984997987747 53
1756055043971 0.2081023633480072 54
