1756055026246 2.0816837191581725 1
1756055026255 1.5188238859176635 2
1756055026259 1.080852198600769 3
1756055026264 0.8399955749511718 4
1756055026268 0.681294521689415 5
1756055026273 0.7392911791801453 6
1756055026278 0.5946664959192276 7
1756055026283 0.41148990392684937 8
1756055026287 0.38928298056125643 9
1756055026292 0.34660878479480745 10
1756055026297 0.3526958912611008 11
1756055026302 0.29324944615364074 12
1756055026308 0.3183551341295242 13
1756055026317 0.3696786865592003 14
1756055026323 0.3113532066345215 15
1756055026327 0.3459343045949936 16
1756055026332 0.356338819861412 17
1756055026337 0.2581098884344101 18
1756055026342 0.24117459058761598 19
1756055026347 0.23114576935768127 20
1756055026352 0.2575929433107376 21
1756055026357 0.31865206062793733 22
1756055026362 0.2725540652871132 23
1756055026367 0.24702754467725754 24
1756055026372 0.2287886008620262 25
1756055026379 0.19668002128601075 26
1756055026384 0.16251813173294066 27
1756055026390 0.1764831528067589 28
1756055026395 0.15286293625831604 29
1756055026401 0.1702631339430809 30
1756055026406 0.1569647468626499 31
1756055026411 0.15832383930683136 32
1756055026416 0.1464161016047001 33
1756055026421 0.12873155996203423 34
1756055026426 0.11943360939621925 35
1756055026431 0.16692149490118027 36
1756055026436 0.19789207726716995 37
1756055026441 0.15968529284000396 38
1756055026447 0.12543970271944999 39
1756055026452 0.12434655502438545 40
1756055026457 0.1352212496101856 41
1756055026463 0.12076798230409622 42
1756055026468 0.12308475002646446 43
1756055026473 0.09342495575547219 44
1756055026478 0.12179321572184562 45
1756055026483 0.09284062385559082 46
1756055026488 0.0859947744756937 47
1756055026493 0.08547526858747005 48
1756055026498 0.07977124601602555 49
1756055026504 0.08500108495354652 50
1756055026509 0.08462881222367287 51
1756055026514 0.07776754721999168 52
1756055026519 0.08596547059714794 53
1756055026524 0.07055336758494377 54
1756055026530 0.06817008778452874 55
1756055026535 0.073844138905406 56
1756055026540 0.06454067789018154 57
1756055026546 0.06498925909399986 58
1756055026551 0.054303879663348195 59
1756055026557 0.06836444474756717 60
1756055026563 0.06992483213543892 61
1756055026569 0.060905393213033676 62
1756055026575 0.06278624869883061 63
1756055026581 0.0656916443258524 64
1756055026586 0.05131103396415711 65
1756055026592 0.053589748591184615 66
1756055026597 0.04807967320084572 67
1756055026603 0.03594214990735054 68
1756055026608 0.040375847928225995 69
1756055026614 0.05026524774730205 70
1756055026620 0.0513116043061018 71
1756055026627 0.0496853532269597 72
