1756055026246 1.1042380690574647 1
1756055026255 0.9398853719234467 2
1756055026259 0.7869147598743439 3
1756055026264 0.6877501666545868 4
1756055026268 0.6274904578924179 5
1756055026273 0.6632063031196594 6
1756055026278 0.5921124368906021 7
1756055026283 0.4882704675197601 8
1756055026287 0.47531460523605346 9
1756055026292 0.4453881949186325 10
1756055026297 0.45538528859615324 11
1756055026302 0.4010073810815811 12
1756055026308 0.4230883687734604 13
1756055026317 0.4557222366333008 14
1756055026323 0.41202375292778015 15
1756055026327 0.444711372256279 16
1756055026332 0.44313804507255555 17
1756055026337 0.38132707178592684 18
1756055026342 0.37573845088481905 19
1756055026347 0.3611529141664505 20
1756055026352 0.3796392023563385 21
1756055026357 0.41897170841693876 22
1756055026362 0.3918665200471878 23
1756055026367 0.3818174421787262 24
1756055026372 0.3537222594022751 25
1756055026379 0.33864194750785825 26
1756055026384 0.30993932485580444 27
1756055026390 0.3148244544863701 28
1756055026395 0.2941043570637703 29
1756055026401 0.3104328453540802 30
1756055026406 0.30104920566082 31
1756055026411 0.2988303929567337 32
1756055026416 0.2894184172153473 33
1756055026421 0.26598419696092607 34
1756055026426 0.2563349291682243 35
1756055026431 0.30063854306936266 36
1756055026436 0.3396731823682785 37
1756055026441 0.29888086318969725 38
1756055026447 0.2662029966711998 39
1756055026452 0.26199533939361574 40
1756055026457 0.27642460614442826 41
1756055026463 0.26052590608596804 42
1756055026468 0.26230962872505187 43
1756055026473 0.22855684012174607 44
1756055026478 0.25943295657634735 45
1756055026483 0.2327822670340538 46
1756055026488 0.21889052391052247 47
1756055026493 0.221737402677536 48
1756055026498 0.21748851537704467 49
1756055026504 0.22428706884384156 50
1756055026509 0.21931499987840652 51
1756055026514 0.21314672380685806 52
1756055026519 0.22113766074180602 53
1756055026524 0.20352114588022233 54
1756055026530 0.20084109008312226 55
1756055026535 0.20748801231384278 56
1756055026540 0.1956944078207016 57
1756055026546 0.19465931206941606 58
1756055026551 0.18015456348657607 59
1756055026557 0.19907857179641725 60
1756055026563 0.20244298726320267 61
1756055026569 0.18895050883293152 62
1756055026575 0.19204391539096832 63
1756055026581 0.1936345174908638 64
1756055026586 0.17341909259557725 65
1756055026592 0.17532641887664796 66
1756055026597 0.16785886585712434 67
1756055026603 0.14823054671287536 68
1756055026608 0.15299655348062516 69
1756055026614 0.17163768112659455 70
1756055026620 0.17173507809638977 71
1756055026627 0.17161387652158738 72
