1756346251956 0.0015640039347785337 1
1756346251969 0.0031280078695570673 2
1756346251979 0.004692011804335601 3
1756346251989 0.006256015739114135 4
1756346252000 0.007820019673892668 5
1756346252010 0.007820019673892668 6
1756346252021 0.007819102104187181 7
1756346252031 0.007816349825781575 8
1756346252042 0.007811764130606244 9
1756346252052 0.007805347171204673 10
1756346252063 0.007797101959723037 11
1756346252073 0.007787032366496281 12
1756346252084 0.007775143118231374 13
1756346252094 0.007761439795788566 14
1756346252105 0.00774592883156172 15
1756346252116 0.007728617506458914 16
1756346252126 0.007709513946484757 17
1756346252137 0.007688627118926009 18
1756346252148 0.007665966828142301 19
1756346252158 0.00764154371096393 20
1756346252169 0.0076153692316988895 21
1756346252180 0.007587455676751477 22
1756346252191 0.007557816148855006 23
1756346252202 0.0075264645609213355 24
1756346252213 0.007493415629510086 25
1756346252224 0.007458684867920639 26
1756346252235 0.007422288578910123 27
1756346252246 0.007384243847040836 28
1756346252257 0.007344568530660694 29
1756346252268 0.007303281253520439 30
1756346252279 0.007260401396031583 31
1756346252290 0.007215949086169167 32
1756346252301 0.007169945190023602 33
1756346252313 0.007122411302006059 34
1756346252324 0.007073369734711949 35
1756346252335 0.007022843508447314 36
1756346252346 0.006970856340422998 37
1756346252357 0.0069174326336217005 38
1756346252369 0.006862597465343113 39
1756346252380 0.0068063765754325396 40
1756346252391 0.006748796354198508 41
1756346252403 0.00668988383002506 42
1756346252414 0.006629666656684512 43
1756346252425 0.0065681731003566736 44
1756346252437 0.0065054320263605876 45
1756346252449 0.006441472885605031 46
1756346252460 0.006376325700764148 47
1756346252472 0.006310021052184681 48
1756346252483 0.006242590063531442 49
1756346252495 0.006174064387177738 50
1756346252506 0.006104476189347615 51
1756346252518 0.006033858135016916 52
1756346252530 0.005962243372580207 53
1756346252542 0.005889665518290786 54
1756346252553 0.005816158640481085 55
1756346252565 0.005741757243570858 56
1756346252577 0.005666496251870671 57
1756346252589 0.005590410993188287 58
