1756346243977 2.4946849842866263 1
1756346243984 1.6606882611910503 2
1756346243990 1.815499206384023 3
1756346243996 1.4840722580750783 4
1756346244002 1.2088523159424465 5
1756346244008 0.7551591446002325 6
1756346244014 0.8664662142594656 7
1756346244020 0.6870139514406522 8
1756346244026 0.8788864761590958 9
1756346244032 0.6571737428506216 10
1756346244038 0.7666528224945068 11
1756346244045 0.5660182684659958 12
1756346244051 0.5985475853085518 13
1756346244057 0.5187641605734825 14
1756346244063 0.47067631284395856 15
1756346244069 0.40726305544376373 16
1756346244076 0.347956591596206 17
1756346244082 0.39176492889722186 18
1756346244089 0.3843308438857396 19
1756346244095 0.44545065611600876 20
1756346244101 0.4061334989964962 21
1756346244108 0.31058957055211067 22
1756346244114 0.25937769065300625 23
1756346244121 0.26608917986353237 24
1756346244128 0.23124737044175467 25
1756346244134 0.24758675321936607 26
1756346244141 0.26077144344647724 27
1756346244148 0.23596676190694174 28
1756346244154 0.2615972049534321 29
1756346244161 0.22419770061969757 30
1756346244168 0.24645939593513808 31
1756346244174 0.2675303940971692 32
1756346244181 0.23378967866301537 33
1756346244188 0.2375025637447834 34
1756346244195 0.24021299680074057 35
1756346244202 0.2307513120273749 36
1756346244209 0.20730716114242873 37
1756346244215 0.18732324490944544 38
1756346244222 0.19766979354123274 39
1756346244229 0.18122872958580652 40
1756346244236 0.1702425517141819 41
1756346244243 0.16813622849682966 42
1756346244250 0.17649945616722107 43
1756346244257 0.17806628781060377 44
1756346244264 0.1484842219700416 45
1756346244271 0.15846599079668522 46
1756346244279 0.388742133975029 47
1756346244286 0.35036498804887134 48
1756346244293 0.1952893945078055 49
1756346244300 0.18869371836384138 50
1756346244308 0.1936963933209578 51
1756346244315 0.1790215546886126 52
1756346244322 0.17328837203482786 53
1756346244329 0.14686550510426363 54
1756346244337 0.14503748466571173 55
1756346244344 0.15927468861142793 56
1756346244352 0.14623692631721497 57
1756346244359 0.25931596259276074 58
1756346244367 0.19584506998459497 59
1756346244374 0.2305950466543436 60
1756346244382 0.16000206768512726 61
1756346244389 0.18382822473843893 62
1756346244397 0.14440852403640747 63
1756346244405 0.13162543376286825 64
1756346244412 0.10830453969538212 65
1756346244420 0.1092891376465559 66
1756346244428 0.09521845728158951 67
1756346244436 0.1308362161119779 68
1756346244443 0.09984865039587021 69
1756346244451 0.10591177393992741 70
1756346244459 0.12145245634019375 71
1756346244467 0.11342344370981057 72
1756346244475 0.11567196374138196 73
1756346244483 0.13111090225478014 74
1756346244491 0.12634889098505178 75
1756346244499 0.13221565634012222 76
1756346244507 0.1325504295527935 77
1756346244515 0.10412159437934558 78
1756346244523 0.08828508543471496 79
1756346244531 0.08654884062707424 80
1756346244539 0.0749710804472367 81
1756346244547 0.07993260522683461 82
1756346244555 0.08626539322237174 83
1756346244564 0.08864512573927641 84
1756346244572 0.09457756206393242 85
1756346244580 0.08806775106738012 86
1756346244588 0.10510307581474383 87
1756346244597 0.08154796219120423 88
1756346244605 0.08056542215247949 89
1756346244614 0.08401998536040385 90
1756346244622 0.07814336257676284 91
1756346244630 0.07278401808192332 92
1756346244639 0.09735734512408574 93
1756346244647 0.08331347443163395 94
1756346244656 0.07166605660070975 95
1756346244665 0.07165022380650043 96
1756346244673 0.06999470790227254 97
1756346244682 0.057840694362918534 98
1756346244691 0.05914043169468641 99
1756346244699 0.072397087700665 100
1756346244708 0.07131519199659427 101
1756346244717 0.06252278573811054 102
1756346244726 0.05470893097420534 103
1756346244734 0.0676459272702535 104
1756346244743 0.0659269339715441 105
1756346244752 0.05925834675629934 106
1756346244761 0.05636184196919203 107
1756346244770 0.05211400209615628 108
1756346244779 0.05295373313128948 109
1756346244788 0.05286916997283697 110
1756346244797 0.051762478426098824 111
1756346244806 0.051867738676567875 112
1756346244815 0.05020414634297291 113
1756346244824 0.05665430426597595 114
1756346244834 0.056409549278517566 115
1756346244843 0.05446393322199583 116
1756346244852 0.04701311172296604 117
1756346244861 0.050606333650648594 118
1756346244871 0.04672693212827047 119
1756346244880 0.0471460542952021 120
1756346244889 0.04215785829971234 121
1756346244899 0.05075736343860626 122
1756346244908 0.05187311830619971 123
1756346244918 0.0442151033009092 124
1756346244927 0.05068406214316686 125
