1756346264956 2.02346134185791 1
1756346264971 2.324539532264074 2
1756346264984 2.006837139527003 3
1756346264996 1.8541436592737834 4
1756346265009 1.0365700175364811 5
1756346265022 0.9085874756177267 6
1756346265035 0.6299786940217018 7
1756346265048 0.692470463613669 8
1756346265060 0.7659608523050944 9
1756346265073 0.5512605259815851 10
1756346265086 0.48020221044619876 11
1756346265099 0.4143109644452731 12
1756346265112 0.3844590137402217 13
1756346265125 0.4796762019395828 14
1756346265138 0.3981947476665179 15
1756346265152 0.3069983795285225 16
1756346265165 0.328520933787028 17
1756346265178 0.3406970128417015 18
1756346265191 0.331041128685077 19
1756346265204 0.28018105402588844 20
1756346265218 0.2281575140853723 21
1756346265231 0.24327423050999641 22
1756346265244 0.22261241947611174 23
1756346265257 0.22079179560144743 24
1756346265271 0.23952040945490202 25
1756346265284 0.20702534168958664 26
1756346265298 0.25458013142148656 27
1756346265311 0.3149237856268883 28
1756346265324 0.28244957079490024 29
1756346265338 0.31416775037844974 30
1756346265351 0.2516810434559981 31
1756346265365 0.20592128485441208 32
1756346265378 0.17798040869335333 33
1756346265392 0.19033906981348991 34
1756346265405 0.20370744417111078 35
1756346265419 0.18996796198189259 36
1756346265433 0.2034685251613458 37
1756346265446 0.3441893147925536 38
1756346265460 0.23753180975715318 39
1756346265474 0.18943032125631967 40
1756346265487 0.16958166907231012 41
1756346265501 0.23613381509979567 42
1756346265515 0.2052804467578729 43
1756346265529 0.16594122971097627 44
1756346265543 0.16212090539435545 45
1756346265557 0.1680683953066667 46
1756346265571 0.14694182947278023 47
1756346265585 0.13252844909826914 48
1756346265599 0.14653866489728293 49
1756346265613 0.1573752754678329 50
1756346265627 0.1372477070738872 51
1756346265641 0.1346775343020757 52
1756346265655 0.15157806811233362 53
1756346265669 0.13504560912648836 54
1756346265683 0.11765028722584248 55
1756346265697 0.14965370235343775 56
1756346265711 0.12026679267485936 57
1756346265725 0.10050051535169284 58
1756346265740 0.09654824746151765 59
1756346265754 0.09781358763575554 60
1756346265768 0.08741410387059052 61
1756346265783 0.10138320736587048 62
1756346265797 0.14119273982942104 63
1756346265812 0.13524473210175833 64
1756346265826 0.12497693113982677 65
1756346265841 0.09449330531060696 66
1756346265855 0.08950160630047321 67
1756346265870 0.08983065063754718 68
1756346265884 0.10256450499097507 69
1756346265899 0.08214267312238614 70
1756346265914 0.09357202891260386 71
1756346265928 0.10507846468438704 72
1756346265944 0.11007360151658456 73
1756346265958 0.11369402520358562 74
1756346265973 0.12127929739654064 75
1756346265988 0.1105934406320254 76
1756346266003 0.09137303940951824 77
1756346266018 0.08611516623447339 78
1756346266033 0.10260952884952228 79
1756346266048 0.07708372982839744 80
1756346266062 0.07565408479422331 81
1756346266077 0.07582294257978599 82
1756346266092 0.06135076781113943 83
1756346266107 0.05829266117264827 84
1756346266122 0.06018216504404942 85
1756346266138 0.06295342650264502 86
1756346266153 0.05872195307165384 87
1756346266168 0.06832513927171628 88
1756346266183 0.07109856853882472 89
1756346266198 0.060198540488878884 90
1756346266213 0.05829972835878531 91
1756346266229 0.05023705152173837 92
1756346266244 0.0683453952272733 93
1756346266259 0.09864406008273363 94
1756346266275 0.08639658397684495 95
1756346266290 0.058945030284424625 96
1756346266305 0.06837995164096355 97
1756346266321 0.06170875858515501 98
1756346266336 0.05961940375467142 99
1756346266352 0.0658724457025528 100
1756346266367 0.0627766524751981 101
1756346266383 0.05685316833357016 102
1756346266398 0.053995540676017605 103
1756346266414 0.056281685208280884 104
1756346266429 0.0430051425161461 105
1756346266445 0.049051445443183184 106
1756346266461 0.04489987591902415 107
1756346266476 0.05227829019228617 108
