1756346277195 5.180892924467723 1
1756346277217 3.5545623898506165 2
1756346277233 2.5934418737888336 3
1756346277250 1.8496394554773967 4
1756346277267 1.2168366809686024 5
1756346277283 1.1963802725076675 6
1756346277300 0.9088128209114075 7
1756346277316 0.735425333182017 8
1756346277333 0.5313956588506699 9
1756346277350 0.47755081951618195 10
1756346277366 0.6256467998027802 11
1756346277383 0.6237416292230288 12
1756346277400 0.705426978568236 13
1756346277417 0.7230518683791161 14
1756346277434 0.5510047078132629 15
1756346277450 0.48643188178539276 16
1756346277467 0.39953072120745975 17
1756346277484 0.3500019585092862 18
1756346277501 0.4355769008398056 19
1756346277518 0.3310711855689685 20
1756346277535 0.29868748039007187 21
1756346277552 0.41869834810495377 22
1756346277569 0.4468685934940974 23
1756346277586 0.48664936299125355 24
1756346277604 0.5747928222020467 25
1756346277621 0.43164753044644993 26
1756346277638 0.3670971530179183 27
1756346277656 0.31128354867299396 28
1756346277673 0.31384619573752087 29
1756346277690 0.27824626738826436 30
1756346277707 0.2869171587129434 31
1756346277724 0.322683767726024 32
1756346277741 0.33634523302316666 33
1756346277758 0.3152660100410382 34
1756346277776 0.4800761255125205 35
1756346277793 0.5779354088008404 36
1756346277810 0.5245373472571373 37
1756346277827 0.30903223032752675 38
1756346277845 0.3763221700986226 39
1756346277862 0.2612178275982539 40
1756346277880 0.21636014928420386 41
1756346277897 0.25984058901667595 42
1756346277914 0.3025609279672305 43
1756346277932 0.262392807751894 44
1756346277949 0.24059609696269035 45
1756346277967 0.22829672445853552 46
1756346277984 0.19650942832231522 47
1756346278002 0.15694147037963072 48
1756346278020 0.16368916382392248 49
1756346278037 0.17267008187870184 50
1756346278055 0.18000543986757597 51
1756346278073 0.19221280328929424 52
1756346278090 0.2072084645430247 53
1756346278108 0.16663198731839657 54
1756346278126 0.18714880074063936 55
1756346278143 0.15359664956728616 56
1756346278161 0.19289067573845387 57
1756346278179 0.15496932218472162 58
1756346278197 0.14181614915529886 59
1756346278215 0.11141768656671047 60
1756346278233 0.11305115620295207 61
1756346278251 0.09564470251401265 62
1756346278269 0.10694730654358864 63
1756346278287 0.11930835930009683 64
1756346278305 0.13818935242791971 65
1756346278323 0.14556105869511762 66
1756346278341 0.09862957149744034 67
1756346278359 0.09516426548361778 68
1756346278381 0.10117946782459815 69
1756346278399 0.21404508811732134 70
1756346278418 0.24903419613838196 71
1756346278436 0.2110869698226452 72
1756346278455 0.11929781797031562 73
1756346278473 0.09683954901993275 74
1756346278492 0.10351188418765862 75
1756346278510 0.1037590429186821 76
1756346278528 0.09361136953035991 77
1756346278548 0.12406281102448702 78
1756346278566 0.1476102421681086 79
1756346278585 0.18251783587038517 80
1756346278603 0.1211309755841891 81
1756346278622 0.08021148946136236 82
1756346278640 0.09826923037568729 83
1756346278659 0.08577165007591248 84
1756346278678 0.13769287491838136 85
1756346278697 0.09919442639996608 86
1756346278717 0.07959378014008205 87
1756346278736 0.10182385208706062 88
1756346278755 0.07750058174133301 89
1756346278774 0.06688153836876154 90
1756346278793 0.06997284386307001 91
1756346278812 0.06659354362636805 92
1756346278831 0.07778621806452672 93
