1755906931919 0.9320338467756907 1
1755906931936 0.8255563286634592 2
1755906931944 0.77982831459779 3
1755906931950 0.7102816517536457 4
1755906931958 0.6896681609826211 5
1755906931964 0.6651760607193677 6
1755906931970 0.6049347710915101 7
1755906931976 0.6010036407372891 8
1755906931982 0.6112445684579703 9
1755906931987 0.5515435490852747 10
1755906931993 0.5123164974726163 11
1755906931999 0.5257232533051417 12
1755906932004 0.542088725627997 13
1755906932010 0.5342754362485348 14
1755906932016 0.507941722105711 15
1755906932021 0.5194076452499781 16
1755906932027 0.45733106441986865 17
1755906932033 0.4699064592520396 18
1755906932039 0.42487918337186176 19
1755906932045 0.4445407298895029 20
1755906932050 0.4574379531236795 21
1755906932056 0.4684213697910309 22
1755906932062 0.4461583678538983 23
1755906932067 0.5918720234663059 24
1755906932073 0.5190228361349839 25
1755906932079 0.5095263711917095 26
1755906932085 0.450855294863383 27
1755906932090 0.41981413330023104 28
1755906932096 0.40217985403843415 29
1755906932102 0.435313133093027 30
1755906932107 0.4796858475758479 31
1755906932113 0.4442963065245213 32
1755906932119 0.507777961400839 33
1755906932125 0.47749553124109906 34
1755906932131 0.4611167189402458 35
1755906932137 0.5029278458693088 36
1755906932142 0.44135164221127826 37
1755906932148 0.4394639978806178 38
1755906932154 0.3731305454021845 39
1755906932160 0.43008380593397677 40
1755906932166 0.4380840437534528 41
1755906932172 0.4487780233224233 42
1755906932178 0.40522547639333284 43
1755906932184 0.39165690273810655 44
1755906932190 0.3753371108800937 45
1755906932196 0.37580288832004255 46
1755906932202 0.4071050867056235 47
1755906932208 0.37458350490301084 48
1755906932214 0.3720121253759433 49
1755906932220 0.38323065409293544 50
1755906932226 0.3568894908978389 51
1755906932232 0.3310665767162274 52
1755906932239 0.35306421380776626 53
1755906932245 0.3628393449844458 54
1755906932251 0.35261532282217956 55
