1755906890686 0.0008601213074846427 1
1755906890697 0.0017202426149692854 2
1755906890702 0.0025803639224539284 3
1755906890705 0.003440485229938571 4
1755906890712 0.004300606537423214 5
1755906890716 0.004300606537423214 6
1755906890720 0.004299431148267593 7
1755906890724 0.004295906266071513 8
1755906890728 0.004290035745241906 9
1755906890733 0.004281826005107107 10
1755906890737 0.00427128602289742 11
1755906890742 0.004258427323928646 12
1755906890746 0.004243263968999315 13
1755906890750 0.004225812539015419 14
1755906890755 0.004206092116859425 15
1755906890759 0.004184124266523427 16
1755906890763 0.0041599330095292405 17
1755906890767 0.004133544798661216 18
1755906890772 0.004104988489040508 19
1755906890777 0.004074295306572429 20
1755906890781 0.004041498813801375 21
1755906890785 0.0040066348732106785 22
1755906890789 0.003969741608007506 23
1755906890794 0.003930859360435697 24
1755906890798 0.0038900306476621085 25
1755906890803 0.0038473001152847168 26
1755906890807 0.0038027144885133127 27
1755906890811 0.0037563225210761712 28
1755906890816 0.0037081749419085653 29
1755906890820 0.0036583243996814187 30
1755906890824 0.0036068254052307597 31
1755906890829 0.0035537342719509177 32
1755906890833 0.003499109054216659 33
1755906890838 0.003443009483901577 34
1755906890843 0.003385496905062165 35
1755906890847 0.0033266342068589932 36
1755906890851 0.003266485754788333 37
1755906890856 0.0032051173202994328 38
1755906890861 0.0031425960088744044 39
1755906890865 0.0030789901866493615 40
1755906890870 0.003014369405657058 41
1755906890874 0.002948804327772754 42
1755906890879 0.0028823666474465004 43
1755906890883 0.0028151290133063053 44
1755906890888 0.0027471649487179283 45
1755906890893 0.0026785487713881584 46
1755906890898 0.002609355512099493 47
1755906890902 0.0025396608326650793 48
1755906890907 0.002469540943193631 49
1755906890912 0.002399072518754797 50
1755906890916 0.0023283326155360924 51
1755906890921 0.0022573985865830945 52
1755906890926 0.002186347997215022 53
1755906890931 0.0021152585402081925 54
1755906890935 0.002044207950840119 55
1755906890940 0.001973273921887122 56
1755906890945 0.0019025340186684173 57
1755906890950 0.0018320655942295825 58
1755906890955 0.0017619457047581355 59
1755906890959 0.0016922510253237213 60
