1756345700165 2.620874715887982 1
1756345700172 2.0642728753711865 2
1756345700178 2.819958137429279 3
1756345700184 1.5971341755079187 4
1756345700190 1.4374468196993289 5
1756345700196 1.2402221327242644 6
1756345700202 1.182338888230531 7
1756345700208 1.1278023538382158 8
1756345700214 0.729898188425147 9
1756345700220 0.7062885340141214 10
1756345700227 0.4602711965208468 11
1756345700233 0.7577810093112614 12
1756345700239 0.6977266293504963 13
1756345700245 0.5963429329187974 14
1756345700252 0.5847905368908591 15
1756345700258 0.5025173114693683 16
1756345700264 0.4318724838287934 17
1756345700271 0.3343836127415947 18
1756345700277 0.3725611237080201 19
1756345700283 0.38406903458678204 20
1756345700290 0.33363430914671527 21
1756345700296 0.3698741994474245 22
1756345700303 0.3345314167115999 23
1756345700309 0.34348499386206915 24
1756345700316 0.2550755460625109 25
1756345700322 0.3204682449931684 26
1756345700329 0.24343713372945786 27
1756345700336 0.2760973912866219 28
1756345700342 0.3069414862472078 29
1756345700349 0.26858562587395957 30
1756345700356 0.32017257939214294 31
1756345700362 0.3541255366543065 32
1756345700369 0.3619044332400612 33
1756345700376 0.29926784077416296 34
1756345700383 0.2579837224405745 35
1756345700390 0.2324669484211051 36
1756345700397 0.21910260617733002 37
1756345700404 0.2640540282363477 38
1756345700411 0.3186934810617696 39
1756345700418 0.281081924619882 40
1756345700425 0.27359562464382337 41
1756345700432 0.3372349982028422 42
1756345700439 0.21624403284943622 43
1756345700446 0.2134576439857483 44
1756345700453 0.15991068987742715 45
1756345700460 0.19638249051311743 46
1756345700467 0.17658920197383218 47
1756345700474 0.16849158898643826 48
1756345700482 0.14120995642050452 49
1756345700489 0.16856317578450494 50
1756345700496 0.21214317400818286 51
1756345700503 0.19587868873191916 52
1756345700511 0.2046632812074993 53
1756345700518 0.176877336009689 54
1756345700526 0.1414647214114666 55
1756345700533 0.14834287082371506 56
1756345700540 0.1859649338799974 57
1756345700548 0.14725012769517692 58
1756345700555 0.14343602469433908 59
1756345700563 0.1535412453762863 60
1756345700571 0.129283936775249 61
1756345700578 0.09860307512723882 62
1756345700586 0.13698003084763236 63
1756345700594 0.12756147008875143 64
1756345700601 0.11914195411879083 65
1756345700609 0.11940642430082611 66
1756345700617 0.11098567428796188 67
1756345700625 0.1363676012210224 68
1756345700633 0.16409473509892172 69
1756345700640 0.17549814381029294 70
1756345700648 0.12192809290212134 71
1756345700656 0.141095835391594 72
1756345700664 0.12858876310612843 73
1756345700672 0.12585085079721783 74
1756345700680 0.1592287579956262 75
1756345700688 0.12856439501047134 76
1756345700696 0.13931352774734082 77
1756345700704 0.1495316290984983 78
1756345700713 0.10088705870768298 79
1756345700721 0.11078084616557411 80
1756345700729 0.10180116639189098 81
1756345700737 0.09486706101376077 82
1756345700745 0.1047091453295687 83
1756345700754 0.12821221351623535 84
1756345700762 0.10667101374786833 85
1756345700770 0.09806645888349284 86
1756345700779 0.08104728048910266 87
1756345700787 0.09375246241688728 88
1756345700796 0.11418430717742961 89
1756345700804 0.09621749364811441 90
1756345700813 0.09416107039736665 91
1756345700821 0.08766678105229916 92
1756345700830 0.10172182434926862 93
1756345700839 0.08433321992988171 94
1756345700847 0.07278954998954483 95
1756345700856 0.07558114405559457 96
1756345700865 0.1176229998793291 97
1756345700873 0.10239812747939774 98
1756345700882 0.09445675154742987 99
1756345700891 0.0683756896659084 100
1756345700900 0.08329920308745425 101
1756345700908 0.09742359898012617 102
1756345700917 0.09399791159059691 103
1756345700926 0.07479605256863263 104
1756345700935 0.07988735498941463 105
1756345700944 0.07399048283696175 106
1756345700953 0.0792254552083171 107
1756345700962 0.0941104129280733 108
1756345700971 0.06427706729458726 109
1756345700980 0.0838044028243293 110
