1756345700165 0.0007578762889807587 1
1756345700172 0.0015157525779615174 2
1756345700178 0.002273628866942276 3
1756345700184 0.0030315051559230348 4
1756345700190 0.0037893814449037936 5
1756345700196 0.0037893814449037936 6
1756345700202 0.003788936874587865 7
1756345700208 0.003787603372323148 8
1756345700214 0.0037853815640608896 9
1756345700220 0.003782272492726694 10
1756345700227 0.003778277617730966 11
1756345700233 0.003773398814283861 12
1756345700239 0.003767638372515052 13
1756345700245 0.0037609989963987337 14
1756345700252 0.003753483802484367 15
1756345700258 0.003745096318433759 16
1756345700264 0.003735840481365162 17
1756345700271 0.003725720636005178 18
1756345700277 0.0037147415326493237 19
1756345700283 0.0037029083249322256 20
1756345700290 0.0036902265674084805 21
1756345700296 0.0036767022129453285 22
1756345700303 0.0036623416099283526 23
1756345700309 0.0036471514992815206 24
1756345700316 0.003631139011302968 25
1756345700322 0.0036143116623180106 26
1756345700329 0.003596677351150949 27
1756345700336 0.0035782443554173305 28
1756345700342 0.0035590213276384033 29
1756345700349 0.0035390172911795876 30
1756345700356 0.0035182416360148745 31
1756345700362 0.0034967041143191334 32
1756345700369 0.0034744148358904 33
1756345700376 0.0034513842634043045 34
1756345700383 0.0034276232075028407 35
1756345700390 0.0034031428217198155 36
1756345700397 0.003377954597245332 37
1756345700404 0.00335207035753178 38
1756345700411 0.003325502252743861 39
1756345700418 0.0032982627540552537 40
1756345700425 0.0032703646477945923 41
1756345700432 0.0032418210294435173 42
1756345700439 0.0032126452974896016 43
1756345700446 0.0031828511471370486 44
1756345700453 0.0031524525638781096 45
1756345700460 0.0031214638169282365 46
1756345700467 0.003089899452528057 47
1756345700474 0.0030577742871153108 48
1756345700482 0.0030251034003699563 49
1756345700489 0.002991902128135707 50
1756345700496 0.0029581860552213277 51
1756345700503 0.002923971008085062 52
1756345700511 0.002889273047405632 53
1756345700518 0.0028541084605432877 54
1756345700526 0.0028184937538944625 55
1756345700533 0.002782445645143599 56
1756345700540 0.0027459810554158045 57
1756345700548 0.002709117101334007 58
1756345700555 0.002671871086984347 59
1756345700563 0.002634260495793566 60
1756345700571 0.002596302982322222 61
1756345700578 0.002558016363977564 62
1756345700586 0.0025194186126499753 63
1756345700594 0.0024805278462768925 64
1756345700601 0.002441362320338177 65
1756345700609 0.0024019404192869177 66
1756345700617 0.002362280647919699 67
1756345700625 0.002322401622690373 68
1756345700633 0.0022823220629714256 69
1756345700640 0.0022420607822670243 70
1756345700648 0.0022016366793818887 71
1756345700656 0.002161068729550115 72
1756345700664 0.0021203759755281265 73
1756345700672 0.002079577518655928 74
1756345700680 0.0020386925098908604 75
1756345700688 0.001997740140818066 76
1756345700696 0.001956739634641885 77
1756345700704 0.0019157102371624006 78
1756345700713 0.001874671207741393 79
1756345700721 0.001833641810261909 80
1756345700729 0.0017926413040857275 81
1756345700737 0.0017516889350129338 82
1756345700745 0.0017108039262478663 83
1756345700754 0.0016700054693756675 84
1756345700762 0.0016293127153536786 85
1756345700770 0.001588744765521905 86
1756345700779 0.0015483206626367692 87
1756345700787 0.0015080593819323683 88
1756345700796 0.0014679798222134203 89
1756345700804 0.001428100796984095 90
1756345700813 0.0013884410256168765 91
1756345700821 0.0013490191245656173 92
1756345700830 0.0013098535986269015 93
1756345700839 0.0012709628322538184 94
1756345700847 0.0012323650809262295 95
1756345700856 0.0011940784625815717 96
1756345700865 0.0011561209491102273 97
1756345700873 0.0011185103579194465 98
1756345700882 0.0010812643435697865 99
1756345700891 0.0010444003894879898 100
1756345700900 0.0010079357997601949 101
1756345700908 0.0009718876910093315 102
1756345700917 0.0009362729843605059 103
1756345700926 0.0009011083974981623 104
1756345700935 0.0008664104368187312 105
1756345700944 0.0008321953896824661 106
1756345700953 0.000798479316768087 107
1756345700962 0.0007652780445338382 108
1756345700971 0.000732607157788483 109
1756345700980 0.0007004819923757372 110
