1756345717327 0.0007578762889807587 1
1756345717339 0.0015157525779615174 2
1756345717349 0.002273628866942276 3
1756345717359 0.0030315051559230348 4
1756345717369 0.0037893814449037936 5
1756345717378 0.0037893814449037936 6
1756345717388 0.003788936874587865 7
1756345717398 0.003787603372323148 8
1756345717408 0.0037853815640608896 9
1756345717418 0.003782272492726694 10
1756345717428 0.003778277617730966 11
1756345717439 0.003773398814283861 12
1756345717449 0.003767638372515052 13
1756345717459 0.0037609989963987337 14
1756345717469 0.003753483802484367 15
1756345717480 0.003745096318433759 16
1756345717490 0.003735840481365162 17
1756345717500 0.003725720636005178 18
1756345717510 0.0037147415326493237 19
1756345717520 0.0037029083249322256 20
1756345717531 0.0036902265674084805 21
1756345717541 0.0036767022129453285 22
1756345717551 0.0036623416099283526 23
1756345717562 0.0036471514992815206 24
1756345717572 0.003631139011302968 25
1756345717583 0.0036143116623180106 26
1756345717593 0.003596677351150949 27
1756345717604 0.0035782443554173305 28
1756345717614 0.0035590213276384033 29
1756345717625 0.0035390172911795876 30
1756345717635 0.0035182416360148745 31
1756345717646 0.0034967041143191334 32
1756345717657 0.0034744148358904 33
1756345717667 0.0034513842634043045 34
1756345717678 0.0034276232075028407 35
1756345717689 0.0034031428217198155 36
1756345717699 0.003377954597245332 37
1756345717710 0.00335207035753178 38
1756345717721 0.003325502252743861 39
1756345717732 0.0032982627540552537 40
1756345717743 0.0032703646477945923 41
1756345717754 0.0032418210294435173 42
1756345717765 0.0032126452974896016 43
1756345717776 0.0031828511471370486 44
1756345717787 0.0031524525638781096 45
1756345717797 0.0031214638169282365 46
1756345717809 0.003089899452528057 47
1756345717820 0.0030577742871153108 48
1756345717831 0.0030251034003699563 49
1756345717842 0.002991902128135707 50
1756345717853 0.0029581860552213277 51
1756345717864 0.002923971008085062 52
1756345717875 0.002889273047405632 53
1756345717886 0.0028541084605432877 54
1756345717898 0.0028184937538944625 55
1756345717909 0.002782445645143599 56
1756345717920 0.0027459810554158045 57
1756345717932 0.002709117101334007 58
1756345717943 0.002671871086984347 59
1756345717954 0.002634260495793566 60
1756345717966 0.002596302982322222 61
1756345717977 0.002558016363977564 62
1756345717989 0.0025194186126499753 63
1756345718000 0.0024805278462768925 64
1756345718012 0.002441362320338177 65
1756345718023 0.0024019404192869177 66
1756345718035 0.002362280647919699 67
1756345718046 0.002322401622690373 68
1756345718058 0.0022823220629714256 69
1756345718070 0.0022420607822670243 70
1756345718081 0.0022016366793818887 71
1756345718093 0.002161068729550115 72
1756345718105 0.0021203759755281265 73
1756345718117 0.002079577518655928 74
1756345718129 0.0020386925098908604 75
1756345718141 0.001997740140818066 76
1756345718153 0.001956739634641885 77
1756345718165 0.0019157102371624006 78
1756345718176 0.001874671207741393 79
1756345718188 0.001833641810261909 80
1756345718201 0.0017926413040857275 81
1756345718213 0.0017516889350129338 82
1756345718225 0.0017108039262478663 83
1756345718237 0.0016700054693756675 84
1756345718249 0.0016293127153536786 85
