1756345770768 2.525808070016944 1
1756345770790 2.634272953738337 2
1756345770810 2.334124145300492 3
1756345770831 1.65458431451217 4
1756345770851 1.0207938603732898 5
1756345770872 1.4170417371003523 6
1756345770892 1.0604019735170447 7
1756345770913 0.7229934529117916 8
1756345770933 0.6104167116724927 9
1756345770954 0.6463936813499617 10
1756345770975 0.45723324107087177 11
1756345770995 0.4911590555439825 12
1756345771016 0.4517318136666132 13
1756345771037 0.4413973915836085 14
1756345771057 0.38306926968305005 15
1756345771078 0.6079795619715815 16
1756345771099 0.4767462099375932 17
1756345771119 0.3319834820602251 18
1756345771140 0.3323753378961397 19
1756345771161 0.3343463468810786 20
1756345771182 0.31660153360470483 21
1756345771204 0.29269238593785657 22
1756345771224 0.37836241203805676 23
1756345771245 0.33445031552211096 24
1756345771266 0.27182161354500317 25
1756345771287 0.288350698740586 26
1756345771307 0.2744440462278283 27
1756345771328 0.249884276934292 28
1756345771349 0.2586787414291631 29
1756345771370 0.2612233382204305 30
1756345771391 0.2309773933628331 31
1756345771412 0.2194080624891364 32
1756345771433 0.2100284721540368 33
1756345771454 0.23255516491506412 34
1756345771475 0.255538966992627 35
1756345771496 0.25428678872792615 36
1756345771517 0.22736522425775943 37
1756345771539 0.21969558914070544 38
1756345771560 0.2189239386631095 39
1756345771581 0.19122930648534195 40
1756345771602 0.1902193414128345 41
1756345771624 0.16293802371491556 42
1756345771645 0.16694690189931705 43
1756345771666 0.15625873029879903 44
1756345771688 0.1929336758735387 45
1756345771709 0.17454474451749222 46
1756345771731 0.1612691953778267 47
1756345771753 0.3109247807575309 48
