1756345735324 1.5996172687281733 1
1756345735339 1.3372966465742693 2
1756345735352 1.3383814511091814 3
1756345735366 1.3033154451328774 4
1756345735379 1.1810751557350159 5
1756345735392 0.9401001489680746 6
1756345735405 0.9553353112676869 7
1756345735418 0.8416391261245894 8
1756345735431 0.656575620174408 9
1756345735444 0.6005029302576314 10
1756345735457 0.4477066527242246 11
1756345735471 0.42673688090365863 12
1756345735484 0.38996389443459717 13
1756345735497 0.42285721068796905 14
1756345735510 0.3837714882000633 15
1756345735524 0.3609852803790051 16
1756345735537 0.29754921729150025 17
1756345735550 0.29225454058336175 18
1756345735564 0.24976930216602658 19
1756345735577 0.32524171406808106 20
1756345735591 0.319567207408988 21
1756345735604 0.324726235607396 22
1756345735617 0.24653063649716583 23
1756345735631 0.27443051208620484 24
1756345735645 0.2395572607284007 25
1756345735658 0.22082479168539462 26
1756345735672 0.26168428231840546 27
1756345735685 0.26308131023593573 28
1756345735699 0.2247209166703017 29
1756345735713 0.19353747173495914 30
1756345735726 0.20342661667129266 31
1756345735740 0.17677414741205133 32
1756345735754 0.22332006045009778 33
1756345735768 0.1853798786583154 34
1756345735782 0.21231579521427985 35
1756345735796 0.20577262180007022 36
1756345735810 0.21604616421720255 37
1756345735824 0.190743543855522 38
1756345735838 0.16541150957345963 39
1756345735852 0.18933526167403097 40
1756345735866 0.18525128455265708 41
1756345735880 0.15326712572056314 42
1756345735894 0.15854407587777014 43
1756345735908 0.14842260434575702 44
1756345735922 0.15845437639433405 45
1756345735936 0.1489921383883642 46
1756345735950 0.19605566852766534 47
1756345735965 0.14621898078400156 48
1756345735979 0.1852850713159727 49
1756345735993 0.1711877422488254 50
1756345736007 0.15551948968483054 51
1756345736022 0.1584194079041481 52
1756345736036 0.1482451412340869 53
1756345736051 0.16265486731477405 54
1756345736066 0.1572905649309573 55
1756345736080 0.1350824382642041 56
1756345736095 0.11313960636439531 57
1756345736109 0.13210833850114242 58
1756345736124 0.11368516962165418 59
1756345736138 0.12784683348044104 60
1756345736153 0.11897643947083017 61
1756345736167 0.11106457528860672 62
1756345736182 0.12381688748364864 63
1756345736196 0.12083987988855528 64
1756345736211 0.11566658965919328 65
1756345736226 0.12378019483193108 66
1756345736240 0.1132617777456408 67
1756345736255 0.12687244590209878 68
1756345736270 0.10145357024410497 69
1756345736285 0.094987027509057 70
1756345736300 0.10304548332224721 71
1756345736315 0.09109531666921533 72
1756345736330 0.08541127683027931 73
1756345736344 0.10184116402397984 74
1756345736359 0.0936138603998267 75
1756345736374 0.07418914544193642 76
1756345736389 0.08232263791496339 77
1756345736405 0.08902573374950368 78
1756345736420 0.08395956262298253 79
1756345736435 0.07860417275325111 80
1756345736450 0.08694225371531818 81
1756345736465 0.09172640530311543 82
1756345736481 0.07360214043570601 83
1756345736496 0.0838160772362481 84
1756345736512 0.07718074014005454 85
1756345736527 0.08282227020548738 86
1756345736542 0.1128954153669917 87
1756345736558 0.09009905451017877 88
1756345736573 0.08632212116018585 89
