1756052964618 2.0715034767985343 1
1756052964630 1.4744117826223373 2
1756052964636 1.2717498660087585 3
1756052964642 0.9726924210786819 4
1756052964648 0.8657900989055634 5
1756052964654 0.7400079265236854 6
1756052964660 0.6341128200292587 7
1756052964666 0.4674188792705536 8
1756052964672 0.49781950414180753 9
1756052964679 0.655116418004036 10
1756052964685 0.6451967939734459 11
1756052964692 0.5695709034800529 12
1756052964698 0.5923157542943954 13
1756052964704 0.5847202107310295 14
1756052964710 0.4586900189518929 15
1756052964716 0.48269971236586573 16
1756052964722 0.7940372288227081 17
1756052964728 0.4988843187689781 18
1756052964735 0.6102634608745575 19
1756052964741 0.46034193933010104 20
1756052964747 0.5053808964788914 21
1756052964754 0.3870054237544537 22
1756052964760 0.32572580873966217 23
1756052964766 0.2777462676167488 24
1756052964773 0.244673490524292 25
1756052964779 0.27583348378539085 26
1756052964785 0.32264967188239096 27
1756052964792 0.2888798341155052 28
1756052964798 0.2887271620333195 29
1756052964804 0.2658848248422146 30
1756052964811 0.28863170817494394 31
1756052964818 0.3301254905760288 32
1756052964824 0.5914756342768669 33
1756052964830 0.41524039432406423 34
1756052964837 0.5769960314035416 35
1756052964843 0.3495220273733139 36
1756052964850 0.301526590436697 37
1756052964856 0.35157996863126756 38
1756052964863 0.394005373865366 39
1756052964869 0.3264148011803627 40
1756052964876 0.3801578551530838 41
1756052964883 0.2487313924357295 42
1756052964889 0.27675400748848916 43
1756052964896 0.2689822345972061 44
1756052964902 0.39085790887475014 45
1756052964909 0.2842299111187458 46
1756052964915 0.281155476719141 47
1756052964922 0.2478028167039156 48
1756052964928 0.24476530998945237 49
1756052964935 0.35822259113192556 50
1756052964942 0.33441276028752326 51
1756052964948 0.3025707833468914 52
1756052964955 0.3891869865357876 53
1756052964962 0.3509657420217991 54
1756052964969 0.24792366120964288 55
1756052964976 0.2501374319195747 56
1756052964983 0.23610964491963388 57
1756052964990 0.25842114016413686 58
1756052964997 0.2424971304833889 59
1756052965004 0.2173115074634552 60
1756052965011 0.2430710293352604 61
1756052965018 0.18877722211182119 62
1756052965025 0.2252257786691189 63
1756052965032 0.18358139023184777 64
1756052965039 0.19469462856650352 65
1756052965046 0.15767687037587166 66
1756052965054 0.15262708365917205 67
