1756052990474 0.87953280210495 1
1756052990487 0.7574773877859116 2
1756052990495 0.6520417258143425 3
1756052990503 0.6594166934490204 4
1756052990511 0.5720864772796631 5
1756052990518 0.5923038378357888 6
1756052990526 0.5663597390055657 7
1756052990534 0.5934274584054947 8
1756052990541 0.5909035608172417 9
1756052990549 0.5536114767193794 10
1756052990557 0.537256270647049 11
1756052990565 0.5544666141271591 12
1756052990572 0.5526557981967926 13
1756052990581 0.49436582922935485 14
1756052990588 0.5192406997084618 15
1756052990597 0.4586237400770187 16
1756052990605 0.4635395348072052 17
1756052990613 0.497124058008194 18
1756052990621 0.5266449183225632 19
1756052990629 0.46980330646038054 20
1756052990637 0.4740371569991112 21
1756052990646 0.43375913202762606 22
1756052990653 0.4337653204798698 23
1756052990661 0.45227863639593124 24
1756052990669 0.4905126065015793 25
1756052990677 0.43827731609344484 26
1756052990685 0.46467553824186325 27
1756052990693 0.4495001703500748 28
1756052990701 0.46977793872356416 29
1756052990709 0.4229817077517509 30
1756052990717 0.43921390920877457 31
1756052990725 0.4380837008357048 32
1756052990733 0.4587280213832855 33
1756052990741 0.4902916610240936 34
1756052990749 0.4702967941761017 35
1756052990757 0.41029316931962967 36
1756052990765 0.39049456268548965 37
1756052990773 0.3517460227012634 38
1756052990781 0.38635188192129133 39
1756052990790 0.41522171944379804 40
1756052990798 0.4052573025226593 41
1756052990807 0.43575169444084166 42
1756052990815 0.4308113768696785 43
1756052990824 0.4562576085329056 44
1756052990832 0.4221872940659523 45
1756052990841 0.4702511176466942 46
1756052990849 0.45333396792411806 47
1756052990858 0.4813587427139282 48
1756052990866 0.4288759917020798 49
1756052990874 0.4144710168242455 50
1756052990882 0.41161440312862396 51
1756052990890 0.38748255670070647 52
1756052990899 0.4256174072623253 53
1756052990907 0.3959565684199333 54
1756052990915 0.3899118572473526 55
1756052990924 0.4191792652010918 56
1756052990932 0.39076147973537445 57
