1756052935804 0.0015781208423138533 1
1756052935813 0.0031562416846277067 2
1756052935818 0.0047343625269415605 3
1756052935823 0.006312483369255413 4
1756052935827 0.007890604211569266 5
1756052935832 0.007890604211569266 6
1756052935836 0.007888447419976428 7
1756052935841 0.007881979403617859 8
1756052935845 0.007871207235174479 9
1756052935849 0.00785614269385433 10
1756052935854 0.007836802252512168 11
1756052935858 0.007813207059636649 12
1756052935862 0.007785382916224759 13
1756052935867 0.00775336024756881 14
1756052935872 0.007717174069986826 15
1756052935876 0.007676863952532711 16
1756052935881 0.0076324739737280755 17
1756052935885 0.007584052673363015 18
1756052935889 0.007531652999418563 19
1756052935895 0.007475332250168856 20
1756052935900 0.007415152011526302 21
1756052935905 0.007351178089698304 22
1756052935910 0.00728348043922912 23
1756052935914 0.007212133086505616 24
1756052935919 0.007137214048810481 25
1756052935924 0.0070588052490114855 26
1756052935928 0.006976992425980023 27
1756052935933 0.006891865040836914 28
1756052935938 0.006803516179127986 29
1756052935942 0.006712042449036391 30
1756052935947 0.006617543875742983 31
1756052935952 0.006520123792050242 32
1756052935957 0.006419888725389381 33
1756052935961 0.006316948281334154 34
1756052935966 0.006211415023748782 35
1756052935971 0.00610340435170101 36
1756052935976 0.005993034373274925 37
1756052935981 0.005880425776421501 38
1756052935985 0.005765701696988094 39
1756052935990 0.0056489875840712005 40
1756052935995 0.005530411062839721 41
1756052936000 0.005410101794978694 42
1756052936005 0.005288191336906165 43
1756052936010 0.005164812995918164 44
1756052936015 0.005040101684419141 45
1756052936020 0.004914193772397225 46
1756052936025 0.004787226938305651 47
1756052936030 0.004659340018513391 48
1756052936035 0.004530672855489619 49
1756052936040 0.0044013661448880316 50
1756052936045 0.004271561281698207 51
1756052936050 0.00414140020563227 52
1756052936055 0.004011025245915892 53
1756052936060 0.003880578965653376 54
1756052936065 0.0037502040059369975 55
1756052936071 0.0036200429298710608 56
1756052936076 0.0034902380666812366 57
1756052936081 0.003360931356079648 58
1756052936086 0.003232264193055878 59
1756052936091 0.0031043772732636168 60
1756052936096 0.0029774104391720427 61
1756052936101 0.0028515025271501275 62
1756052936106 0.002726791215651103 63
