1756052935804 1.3501480266451835 1
1756052935813 1.0685938715934753 2
1756052935818 0.7414262846112252 3
1756052935823 0.7808792203664779 4
1756052935827 0.5151043735444546 5
1756052935832 0.5656198963522912 6
1756052935836 0.5220678150653839 7
1756052935841 0.4677274957299232 8
1756052935845 0.5224920973181725 9
1756052935849 0.39422573149204254 10
1756052935854 0.5271262422204017 11
1756052935858 0.3557638615369797 12
1756052935862 0.36273328140378 13
1756052935867 0.4829069212079048 14
1756052935872 0.3583665758371353 15
1756052935876 0.35971491038799286 16
1756052935881 0.33388226553797723 17
1756052935885 0.3076754428446293 18
1756052935889 0.34962632954120637 19
1756052935895 0.28001607991755006 20
1756052935900 0.29558926820755005 21
1756052935905 0.2913487933576107 22
1756052935910 0.4566871251910925 23
1756052935914 0.3074341009836644 24
1756052935919 0.409539907425642 25
1756052935924 0.5026115700602531 26
1756052935928 0.3624365024268627 27
1756052935933 0.2708265516906977 28
1756052935938 0.26863488256931306 29
1756052935942 0.24259365499019622 30
1756052935947 0.36222469061613083 31
1756052935952 0.25267021730542183 32
1756052935957 0.1934208372607827 33
1756052935961 0.19812938049435616 34
1756052935966 0.21652051843702794 35
1756052935971 0.21885063052177428 36
1756052935976 0.27809076234698293 37
1756052935981 0.3437865968793631 38
1756052935985 0.17443431876599788 39
1756052935990 0.20356435365974904 40
1756052935995 0.537361978366971 41
1756052936000 0.19176452420651913 42
1756052936005 0.16212876038625837 43
1756052936010 0.14298346545547247 44
1756052936015 0.2753622934222221 45
1756052936020 0.2250167615711689 46
1756052936025 0.21138994656503202 47
1756052936030 0.13910089060664177 48
1756052936035 0.21677932925522328 49
1756052936040 0.14982056319713594 50
1756052936045 0.1347596626728773 51
1756052936050 0.33657987490296365 52
1756052936055 0.26932087242603303 53
1756052936060 0.15438927188515664 54
1756052936065 0.14299522675573825 55
1756052936071 0.259279790148139 56
1756052936076 0.16907364949584008 57
1756052936081 0.3178531426936388 58
1756052936086 0.13584828227758408 59
1756052936091 0.11494025252759457 60
1756052936096 0.11910143792629242 61
1756052936101 0.10961208082735538 62
1756052936106 0.13732617497444152 63
