1756052935804 1.8854184210300446 1
1756052935813 1.2639928326010703 2
1756052935818 0.8292530328035355 3
1756052935823 1.1050233721733094 4
1756052935827 0.5684369616210461 5
1756052935832 0.7324261859059333 6
1756052935836 0.5862182080745697 7
1756052935841 0.5443295128643513 8
1756052935845 0.5837484121322631 9
1756052935849 0.44771788716316224 10
1756052935854 0.710072685778141 11
1756052935858 0.38930067867040635 12
1756052935862 0.40830342173576356 13
1756052935867 0.5584634497761727 14
1756052935872 0.3936411961913109 15
1756052935876 0.384859724342823 16
1756052935881 0.3987143665552139 17
1756052935885 0.3264738842844963 18
1756052935889 0.3716085448861122 19
1756052935895 0.30806821342557666 20
1756052935900 0.36473416313529017 21
1756052935905 0.32747708559036254 22
1756052935910 0.48268905356526376 23
1756052935914 0.39637776082381604 24
1756052935919 0.42238977551460266 25
1756052935924 0.5589300982654095 26
1756052935928 0.3968011632561684 27
1756052935933 0.34633521288633345 28
1756052935938 0.33789563551545143 29
1756052935942 0.2778797082602978 30
1756052935947 0.42163566425442695 31
1756052935952 0.27534732297062875 32
1756052935957 0.1999615743290633 33
1756052935961 0.20712314024567605 34
1756052935966 0.24604954831302167 35
1756052935971 0.27494303435087203 36
1756052935976 0.2936747532337904 37
1756052935981 0.35502762719988823 38
1756052935985 0.18848393708467484 39
1756052935990 0.209794569760561 40
1756052935995 0.6556026998907327 41
1756052936000 0.20136331096291543 42
1756052936005 0.1705035913735628 43
1756052936010 0.15181544022634624 44
1756052936015 0.28835725151002406 45
1756052936020 0.24068050943315028 46
1756052936025 0.24987183026969434 47
1756052936030 0.15028476826846598 48
1756052936035 0.2510460015386343 49
1756052936040 0.20876534581184386 50
1756052936045 0.16371699925512076 51
1756052936050 0.35819862633943556 52
1756052936055 0.3004139520227909 53
1756052936060 0.16550839133560658 54
1756052936065 0.1546077884733677 55
1756052936071 0.26409830898046494 56
1756052936076 0.20615093372762203 57
1756052936081 0.3452208321541548 58
1756052936086 0.1462214283645153 59
1756052936091 0.1207879263907671 60
1756052936096 0.13536301366984843 61
1756052936101 0.12392187416553498 62
1756052936106 0.15297074504196645 63
