1755981527271 0.0003559027091586726 1
1755981527285 0.0007118054183173452 2
1755981527290 0.0010677081274760177 3
1755981527294 0.0014236108366346904 4
1755981527299 0.001779513545793363 5
1755981527304 0.001779513545793363 6
1755981527309 0.00177902735118075 7
1755981527314 0.0017775692989895813 8
1755981527318 0.0017751409835785213 9
1755981527322 0.0017717450602748198 10
1755981527327 0.0017673852424707507 11
1755981527331 0.0017620662975630732 12
1755981527336 0.001755794041739951 13
1755981527340 0.001748575333621039 14
1755981527345 0.001740418066757681 15
1755981527349 0.0017313311610014284 16
1755981527354 0.001721324552750313 17
1755981527358 0.0017104091840835416 18
1755981527363 0.0016985969907964938 19
1755981527368 0.001685900889349104 20
1755981527373 0.0016723347627419028 21
1755981527377 0.0016579134453351592 22
1755981527382 0.0016426527066277254 23
1755981527387 0.001626569234013323 24
1755981527392 0.00160968061453312 25
1755981527397 0.0015920053156445618 26
1755981527402 0.0015735626650274772 27
1755981527406 0.0015543728294495434 28
1755981527411 0.0015344567927142228 29
1755981527416 0.0015138363327152808 30
1755981527420 0.0014925339976229806 31
1755981527425 0.001470573081227987 32
