1755987880873 0.0005738822335637702 1
1755987880886 0.0011477644671275403 2
1755987880893 0.0017216467006913104 3
1755987880899 0.0022955289342550807 4
1755987880906 0.002869411167818851 5
1755987880912 0.002869411167818851 6
1755987880918 0.0028686270264442456 7
1755987880925 0.00286627545976751 8
1755987880931 0.0028623590391922793 9
1755987880939 0.002856882047266953 10
1755987880945 0.002849850473001789 11
1755987880953 0.002841272005320009 12
1755987880959 0.002831156024650076 13
1755987880965 0.0028195135926683307 14
1755987880973 0.0028063574402032126 15
1755987880979 0.002791701953314286 16
1755987880986 0.0027755631575612947 17
1755987880993 0.0027579587004804467 18
1755987881000 0.002738907832287093 19
1755987881007 0.0027184313848259024 20
1755987881014 0.0026965517487915406 21
1755987881021 0.0026732928492447785 22
1755987881027 0.0026486801194507857 23
1755987881034 0.0026227404730682323 24
1755987881041 0.0025955022747195956 25
1755987881049 0.0025669953089748616 26
1755987881056 0.002537250747782538 27
1755987881063 0.0025063011163835836 28
1755987881070 0.0024741802577455344 29
1755987881077 0.0024409232955557177 30
1755987881085 0.002406566595814015 31
1755987881093 0.0023711477270671726 32
1755987881099 0.002334705419328152 33
1755987881107 0.002297279521725424 34
1755987881114 0.0022589109589285362 35
1755987881122 0.0022196416863975855 36
1755987881129 0.002179514644505539 37
1755987881136 0.002138573711583566 38
1755987881143 0.002096863655940728 39
1755987881151 0.0020544300869104895 40
1755987881158 0.0020113194049775824 41
1755987881166 0.0019675787510397545 42
1755987881173 0.001923255954859894 43
1755987881180 0.0018783994827648825 44
1755987881188 0.0018330583846483796 45
1755987881195 0.001787282240335485 46
1755987881202 0.0017411211053679257 47
1755987881209 0.001694625456269058 48
1755987881217 0.001647846135348529 49
1755987881224 0.0016008342951069588 50
1755987881232 0.0015536413423014302 51
1755987881241 0.0015063188817329557 52
1755987881249 0.001458918659817387 53
1755987881257 0.001411492508001464 54
1755987881265 0.0013640922860858947 55
1755987881274 0.0013167698255174209 56
1755987881281 0.001269576872711892 57
1755987881289 0.0012225650324703215 58
1755987881297 0.0011757857115497932 59
1755987881306 0.0011292900624509253 60
1755987881317 0.0010831289274833658 61
1755987881327 0.0010373527831704712 62
1755987881336 0.0009920116850539683 63
1755987881344 0.0009471552129589568 64
1755987881354 0.000902832416779096 65
1755987881387 0.0008590917628412691 66
1755987881420 0.0008159810809083615 67
1755987881430 0.0007735475118781232 68
1755987881441 0.0007318374562352856 69
1755987881450 0.0006908965233133125 70
1755987881460 0.0006507694814212657 71
1755987881472 0.0006115002088903149 72
1755987881482 0.0005731316460934271 73
1755987881493 0.0005357057484906991 74
1755987881512 0.000499263440751678 75
1755987881520 0.0004638445720048363 76
1755987881529 0.00042948787226313313 77
1755987881537 0.0003962309100733166 78
1755987881545 0.00036411005143526795 79
1755987881555 0.0003331604200363131 80
1755987881564 0.00030341585884398955 81
1755987881572 0.00027490889309925577 82
