1755987856038 3.3005136132240294 1
1755987856049 2.4602053999900817 2
1755987856055 1.9596681356430055 3
1755987856059 1.3833659052848817 4
1755987856065 1.6555162847042084 5
1755987856069 1.8363481342792511 6
1755987856074 1.32254056930542 7
1755987856078 0.9023576498031616 8
1755987856083 0.6710379183292389 9
1755987856088 0.5730660706758499 10
1755987856092 0.5333103716373444 11
1755987856097 0.45699763000011445 12
1755987856102 0.40927294790744784 13
1755987856107 0.3271541804075241 14
1755987856111 0.3675348624587059 15
1755987856116 0.3647758275270462 16
1755987856121 0.37628536522388456 17
1755987856125 0.3359782725572586 18
1755987856130 0.31755347549915314 19
1755987856134 0.32706907391548157 20
1755987856139 0.3018290281295776 21
1755987856144 0.3170979142189026 22
1755987856149 0.31886018216609957 23
1755987856154 0.30705914199352263 24
1755987856158 0.2932939291000366 25
1755987856163 0.26903641819953916 26
1755987856168 0.28065637946128846 27
1755987856172 0.33807829320430755 28
1755987856177 0.27382836043834685 29
1755987856182 0.2556615650653839 30
1755987856187 0.24803032279014586 31
1755987856192 0.19732418954372405 32
1755987856197 0.24736738950014114 33
1755987856202 0.2077626630663872 34
1755987856206 0.19641994088888168 35
1755987856211 0.19193412512540817 36
1755987856216 0.19468286857008935 37
1755987856221 0.256829771399498 38
1755987856226 0.24754306077957153 39
1755987856231 0.23086483627557755 40
1755987856235 0.21604931503534316 41
1755987856240 0.15984170660376548 42
1755987856246 0.16091614961624146 43
1755987856251 0.179087233543396 44
1755987856257 0.15517479181289673 45
1755987856262 0.15816275775432587 46
1755987856267 0.17700644731521606 47
1755987856273 0.1335649237036705 48
1755987856278 0.1299423359334469 49
1755987856284 0.14441064968705178 50
