1755909554664 0.8316777348518372 1
1755909554683 0.7412064228302393 2
1755909554692 0.80211503077776 3
1755909554701 0.7105715236602685 4
1755909554710 0.6624954931246929 5
1755909554718 0.6528534377232577 6
1755909554725 0.5907254310754629 7
1755909554733 0.5531903069752914 8
1755909554741 0.5533900841688498 9
1755909554749 0.5376964486562289 10
1755909554757 0.5490372012823056 11
1755909554765 0.6268109251291324 12
1755909554772 0.5606480622902895 13
1755909554779 0.5103127115812057 14
1755909554787 0.48394201199213666 15
1755909554794 0.4878196746875078 16
1755909554802 0.48380498320628434 17
1755909554811 0.4830707961168045 18
1755909554819 0.4714346699989759 19
1755909554826 0.500559484347319 20
1755909554833 0.492822276476102 21
1755909554841 0.5418265140973605 22
1755909554849 0.49876720630205595 23
1755909554857 0.4273395026341463 24
1755909554864 0.455795186261336 25
1755909554872 0.42646490381314206 26
1755909554880 0.4146895592029278 27
1755909554887 0.4280526034342937 28
1755909554895 0.43427314284520274 29
1755909554903 0.46024497655721813 30
1755909554911 0.4487234376944028 31
1755909554920 0.4274222866082803 32
1755909554929 0.42285690781397695 33
1755909554938 0.44391077298384446 34
1755909554946 0.4292711684337029 35
1755909554954 0.4200876309321477 36
1755909554962 0.41487776621794087 37
1755909554970 0.38716757144683445 38
1755909554978 0.4134741394947737 39
1755909554986 0.40997795034677553 40
1755909554994 0.3971008291611305 41
1755909555002 0.3944027378008916 42
1755909555011 0.3757331187908466 43
1755909555019 0.3755573362876207 44
1755909555027 0.3859019172497285 45
1755909555035 0.3919444428040431 46
1755909555043 0.35732536743848753 47
1755909555052 0.3390538784173819 48
1755909555060 0.3835899982696924 49
1755909555068 0.37475955944794875 50
1755909555076 0.37372323182912975 51
1755909555084 0.37567191704725605 52
1755909555093 0.37920641134946775 53
1755909555101 0.39980746920292193 54
