1755909515566 0.0005551896967627291 1
1755909515580 0.0011103793935254582 2
1755909515586 0.0016655690902881875 3
1755909515592 0.0022207587870509164 4
1755909515598 0.0027759484838136457 5
1755909515604 0.0027759484838136457 6
1755909515609 0.002775189892457229 7
1755909515615 0.002772914947896489 8
1755909515621 0.0027691261377499033 9
1755909515628 0.00276382760502574 10
1755909515635 0.0027570251435917407 11
1755909515641 0.002748726191839611 12
1755909515647 0.0027389398245512473 13
1755909515653 0.0027276767429755978 14
1755909515659 0.0027149492631270027 15
1755909515665 0.002700771302317813 16
1755909515671 0.0026851583639400157 17
1755909515678 0.002668127520512499 18
1755909515684 0.0026496973950125074 19
1755909515690 0.0026298881405116864 20
1755909515696 0.0026087214181389957 21
1755909515702 0.0025862203733945845 22
1755909515708 0.002562409610840522 23
1755909515714 0.0025373151671960765 24
1755909515720 0.0025109644828669397 25
1755909515727 0.0024833863719395484 26
1755909515734 0.002454610990673304 27
1755909515740 0.0024246698045251457 28
1755909515746 0.002393595553742534 29
1755909515752 0.002361422217562472 30
1755909515759 0.00232818497705571 31
1755909515765 0.0022939201766567553 32
1755909515771 0.0022586652844217756 33
1755909515778 0.0022224588510578215 34
1755909515784 0.002185340467768199 35
1755909515790 0.0021473507229600704 36
1755909515797 0.0021085311578616216 37
1755909515803 0.002068924221097345 38
1755909515810 0.0020285732222710896 39
1755909515817 0.0019875222846076446 40
1755909515823 0.0019458162967046408 41
1755909515830 0.0019035008634475292 42
1755909515836 0.0018606222561413077 43
1755909515843 0.0018172273619135278 44
1755909515849 0.0017733636324439106 45
1755909515856 0.00172907903207663 46
1755909515862 0.0016844219853720081 47
1755909515868 0.0016394413241549682 48
1755909515875 0.001594186234118151 49
1755909515881 0.0015487062010380841 50
1755909515888 0.0015030509566632089 51
1755909515895 0.0014572704243329456 52
1755909515904 0.0014114146643872554 53
1755909515911 0.0013655338194263902 54
1755909515918 0.0013196780594806996 55
1755909515925 0.001273897527150437 56
1755909515931 0.0012282422827755615 57
1755909515938 0.0011827622496954943 58
1755909515945 0.0011375071596586778 59
1755909515952 0.0010925264984416375 60
1755909515958 0.0010478694517370153 61
1755909515965 0.0010035848513697352 62
1755909515971 0.0009597211219001178 63
