1756056421285 0.7756054639816284 1
1756056421306 0.7018097087740898 2
1756056421313 0.7199996560811996 3
1756056421320 0.6559201300144195 4
1756056421327 0.6320249050855636 5
1756056421334 0.6158220916986465 6
1756056421343 0.5615155160427093 7
1756056421351 0.5265192538499832 8
1756056421358 0.5101942598819733 9
1756056421365 0.531669282913208 10
1756056421371 0.48628751635551454 11
1756056421378 0.4805068001151085 12
1756056421385 0.5103662058711051 13
1756056421392 0.4725660689175129 14
1756056421399 0.46826201528310774 15
1756056421406 0.4752991646528244 16
1756056421413 0.4860565558075905 17
1756056421419 0.43941624611616137 18
1756056421427 0.42411211133003235 19
1756056421433 0.4433535635471344 20
1756056421440 0.44357803761959075 21
1756056421446 0.42521352767944337 22
1756056421453 0.4233415454626083 23
1756056421460 0.4442241877317429 24
1756056421466 0.44333521872758863 25
1756056421473 0.4340603187680244 26
1756056421481 0.41497182548046113 27
1756056421488 0.41664614379405973 28
1756056421495 0.39872651994228364 29
1756056421502 0.39349535554647447 30
1756056421509 0.42392413020133973 31
1756056421517 0.40141101032495496 32
1756056421524 0.3982821092009544 33
1756056421531 0.3787103146314621 34
1756056421538 0.37178992927074433 35
1756056421545 0.40101762115955353 36
1756056421553 0.3890146464109421 37
1756056421561 0.40786041766405107 38
1756056421568 0.3683583945035934 39
1756056421576 0.37246169745922086 40
1756056421583 0.36955795288085935 41
1756056421592 0.3888944089412689 42
1756056421599 0.37456953153014183 43
1756056421607 0.3927578002214432 44
1756056421616 0.38424225002527235 45
1756056421624 0.35211787819862367 46
1756056421632 0.33993548452854155 47
1756056421639 0.3461216390132904 48
1756056421647 0.37582499980926515 49
1756056421655 0.3333236679434776 50
1756056421664 0.3258204523473978 51
1756056421673 0.32245705276727676 52
1756056421685 0.37113974541425704 53
1756056421694 0.43013554960489275 54
1756056421701 0.36518711745738985 55
1756056421709 0.3356816083192825 56
1756056421717 0.3207239553332329 57
1756056421725 0.3268847234547138 58
1756056421734 0.32253666445612905 59
1756056421743 0.3065052472054958 60
1756056421751 0.3140933394432068 61
1756056421760 0.3252909302711487 62
1756056421773 0.33666711673140526 63
1756056421786 0.3211791843175888 64
1756056421805 0.3263105794787407 65
1756056421827 0.32526865452528 66
1756056421842 0.32283220291137693 67
1756056421850 0.338121073693037 68
1756056421859 0.35555823147296906 69
1756056421869 0.37027639895677567 70
1756056421879 0.3357911601662636 71
1756056421888 0.3328648224473 72
