1756052436700 1.862066823244095 1
1756052436711 1.2529669508337975 2
1756052436718 1.2049953311681747 3
1756052436724 1.174213433265686 4
1756052436730 1.0611876398324966 5
1756052436737 1.0974977523088456 6
1756052436743 0.897583869099617 7
1756052436750 0.8218671560287476 8
1756052436758 1.0100840240716935 9
1756052436765 0.745294165611267 10
1756052436772 0.7701551437377929 11
1756052436778 0.7289800643920898 12
1756052436785 0.6805460900068283 13
1756052436792 0.6260199949145318 14
1756052436799 0.5784376308321952 15
1756052436805 0.6736254051327706 16
1756052436812 0.6029243990778923 17
1756052436818 0.6374913692474365 18
1756052436825 0.5295999079942704 19
1756052436831 0.6317853629589081 20
1756052436838 0.5736522927880288 21
1756052436846 0.5628085732460022 22
1756052436854 0.6696987986564636 23
1756052436861 0.5401630222797393 24
1756052436868 0.4387806668877602 25
1756052436875 0.6045918047428132 26
1756052436883 0.6386072933673859 27
1756052436891 0.5596271067857742 28
1756052436897 0.4809253945946693 29
1756052436904 0.4423025995492935 30
1756052436911 0.4301276639103889 31
1756052436917 0.4774902030825615 32
1756052436924 0.39090984761714936 33
1756052436931 0.49504502713680265 34
1756052436938 0.38998888805508614 35
1756052436945 0.4078070282936096 36
1756052436952 0.6486032366752624 37
1756052436958 0.46570763289928435 38
1756052436965 0.5080802008509636 39
1756052436973 0.4130928754806519 40
1756052436981 0.4690569505095482 41
1756052436988 0.4676992237567902 42
1756052436996 0.38492048233747483 43
1756052437003 0.4517928659915924 44
1756052437011 0.40186298787593844 45
1756052437018 0.32701871544122696 46
1756052437026 0.3697889231145382 47
1756052437033 0.3239714726805687 48
1756052437041 0.3278124138712883 49
1756052437048 0.3604634113609791 50
1756052437055 0.3218002311885357 51
1756052437062 0.34435648918151857 52
