1756052410656 4.55590158700943 1
1756052410667 2.809006428718567 2
1756052410672 1.8523566961288451 3
1756052410677 1.6012263417243957 4
1756052410682 1.3336994916200637 5
1756052410687 1.158135923743248 6
1756052410692 0.988133916258812 7
1756052410697 0.8821021258831024 8
1756052410702 0.8484642416238785 9
1756052410708 0.7994538620114326 10
1756052410713 0.8365109026432037 11
1756052410718 1.1780240029096603 12
1756052410723 0.8572134792804718 13
1756052410728 0.6855834648013115 14
1756052410734 0.7164553090929985 15
1756052410739 0.6990311712026596 16
1756052410745 0.7033054128289222 17
1756052410750 0.8465692088007927 18
1756052410755 0.6730253450572491 19
1756052410760 0.55666174441576 20
1756052410765 0.6248602375388146 21
1756052410770 0.6248796939849853 22
1756052410775 0.525111523270607 23
1756052410781 0.5367811113595963 24
1756052410786 0.7835057720541954 25
1756052410791 0.5775343954563141 26
1756052410795 0.5456572798080742 27
1756052410801 0.6478324092924594 28
1756052410805 0.47698591500520704 29
1756052410810 0.7629104346036911 30
1756052410815 0.49130237102508545 31
1756052410820 0.4571335492655635 32
1756052410825 0.5036173924803734 33
1756052410830 0.46711769253015517 34
1756052410835 0.3303989604115486 35
1756052410840 0.336722631752491 36
1756052410845 0.3466667212545872 37
1756052410850 0.322187826782465 38
1756052410855 0.5214710511267185 39
1756052410861 0.3704180635511875 40
1756052410867 0.43457002714276316 41
1756052410872 0.3547972798347473 42
1756052410878 0.32845383509993553 43
1756052410884 0.3099462538957596 44
1756052410889 0.36559333503246305 45
1756052410894 0.3788838319480419 46
1756052410899 0.3289037950336933 47
1756052410905 0.3356219261884689 48
1756052410910 0.29440621510148046 49
1756052410916 0.24122781455516815 50
1756052410921 0.29061193875968455 51
1756052410926 0.3088183727115393 52
1756052410931 0.3105322904884815 53
1756052410936 0.22733231857419015 54
1756052410941 0.2421822242438793 55
1756052410947 0.2856121838092804 56
1756052410952 0.3103041112422943 57
1756052410957 0.31406139209866524 58
1756052410963 0.23392574600875377 59
1756052410968 0.24345569908618928 60
1756052410974 0.2457320723682642 61
1756052410979 0.2901066839694977 62
1756052410985 0.22625393308699132 63
1756052410991 0.28830751106143 64
1756052410996 0.20550182673614473 65
1756052411002 0.19317420646548272 66
1756052411008 0.31478848606348037 67
1756052411013 0.2073359303176403 68
1756052411019 0.2747627217322588 69
1756052411024 0.48613856099545955 70
1756052411029 0.23562333658337592 71
1756052411035 0.2707116436213255 72
1756052411040 0.22428307682275772 73
1756052411045 0.21066461727023125 74
1756052411051 0.20222032405436038 75
1756052411056 0.3185831982642412 76
1756052411062 0.2010046076029539 77
1756052411067 0.20111904218792914 78
1756052411073 0.23171925432980062 79
1756052411078 0.30948271974921227 80
1756052411084 0.4193388193845749 81
