1755907396927 0.0004045764669272529 1
1755907396940 0.0008091529338545058 2
1755907396946 0.0012137294007817587 3
1755907396951 0.0016183058677090116 4
1755907396956 0.0020228823346362646 5
1755907396962 0.0020228823346362646 6
1755907396967 0.002022329609974278 7
1755907396973 0.00202067204038462 8
1755907396978 0.0020179114383953012 9
1755907396984 0.0020140508226840666 10
1755907396990 0.0020090944147775147 11
1755907396996 0.002003047634434923 12
1755907397002 0.001995917093721817 13
1755907397007 0.0019877105897797777 14
1755907397013 0.0019784370963003787 15
1755907397019 0.001968106753712588 16
1755907397026 0.0019567308580943567 17
1755907397032 0.0019443218488205236 18
1755907397042 0.0019308932949605431 19
1755907397049 0.001916459880440905 20
1755907397056 0.0019010373879884768 21
1755907397062 0.001884642681872325 22
1755907397068 0.0018672936894628823 23
1755907397074 0.0018490093816286338 24
1755907397080 0.0018298097519917483 25
1755907397086 0.001809715795065348 26
1755907397092 0.001788749483296315 27
1755907397098 0.0017669337430387443 28
1755907397104 0.0017442924294843126 29
1755907397109 0.0017208503005769749 30
1755907397115 0.0016966329899405182 31
1755907397120 0.0016716669788485673 32
1755907397126 0.0016459795672677051 33
1755907397132 0.0016195988440053557 34
1755907397138 0.001592553655995089 35
1755907397144 0.0015648735767529209 36
1755907397150 0.0015365888740391073 37
