1755907380152 1.0387488663196565 1
1755907380162 0.7275543212890625 2
1755907380166 0.6270977199077606 3
1755907380170 0.5490223944187165 4
1755907380174 0.4945346534252167 5
1755907380178 0.4021252870559692 6
1755907380182 0.33848088681697847 7
1755907380186 0.28726614713668824 8
1755907380190 0.25589474439620974 9
1755907380194 0.2279051959514618 10
1755907380198 0.21837966591119767 11
1755907380202 0.18046569526195527 12
1755907380206 0.17134519442915916 13
1755907380210 0.15308433696627616 14
1755907380214 0.1327182561159134 15
1755907380218 0.12684483602643012 16
1755907380222 0.14045651629567146 17
1755907380226 0.11745674908161163 18
1755907380230 0.10425653830170631 19
1755907380234 0.10183233693242073 20
1755907380238 0.08915652483701705 21
1755907380242 0.09081566780805587 22
1755907380246 0.10325963720679283 23
1755907380250 0.09112410843372346 24
1755907380256 0.08619840964674949 25
1755907380260 0.07628601193428039 26
1755907380264 0.075566640868783 27
1755907380268 0.06625003442168236 28
1755907380273 0.06335448697209359 29
1755907380278 0.05694250576198101 30
1755907380282 0.06314374841749668 31
1755907380289 0.06117722317576409 32
1755907380295 0.06112075224518776 33
1755907380300 0.05176648087799549 34
1755907380305 0.05591610558331013 35
1755907380309 0.04974783472716808 36
1755907380314 0.05262128878384829 37
1755907380318 0.05239473767578602 38
