1755907413969 0.7748501062393188 1
1755907413982 0.6195106625556945 2
1755907413990 0.6015580296516418 3
1755907413997 0.5162730425596237 4
1755907414003 0.4960871309041977 5
1755907414010 0.45833341479301454 6
1755907414017 0.42049231231212614 7
1755907414023 0.37793369591236115 8
1755907414030 0.35320327877998353 9
1755907414037 0.32325029373168945 10
1755907414044 0.29312109500169753 11
1755907414051 0.2992809474468231 12
1755907414057 0.2843667805194855 13
1755907414064 0.2773065477609634 14
1755907414071 0.26667964160442353 15
1755907414078 0.2524292007088661 16
1755907414085 0.25102717280387876 17
1755907414092 0.2376520201563835 18
1755907414098 0.24525382369756699 19
1755907414105 0.22572902739048004 20
1755907414112 0.22310436964035035 21
1755907414119 0.21712275445461274 22
1755907414125 0.20281663686037063 23
1755907414132 0.19979322403669358 24
1755907414139 0.19325527548789978 25
1755907414146 0.19669524133205413 26
1755907414153 0.20294295102357865 27
1755907414160 0.20033895820379258 28
1755907414166 0.19235371351242064 29
1755907414173 0.19136983901262283 30
1755907414180 0.17547541558742524 31
1755907414188 0.18017593026161194 32
1755907414195 0.19792609363794328 33
1755907414202 0.17284580916166306 34
1755907414209 0.16784830391407013 35
1755907414216 0.1568812295794487 36
1755907414223 0.17170334607362747 37
1755907414230 0.15747796148061752 38
1755907414237 0.14964513331651688 39
1755907414244 0.14525685086846352 40
1755907414251 0.16354422867298127 41
1755907414259 0.14956872239708902 42
1755907414266 0.15428030043840407 43
1755907414274 0.16054697036743165 44
1755907414281 0.15992176234722139 45
1755907414289 0.14845073968172073 46
1755907414297 0.14525839537382126 47
1755907414304 0.14419680461287498 48
