1756059920097 1.18121218085289 1
1756059920109 1.022161215543747 2
1756059920115 0.7853457152843475 3
1756059920122 0.49718677401542666 4
1756059920128 0.42378745675086976 5
1756059920134 0.4058851391077042 6
1756059920140 0.3466411858797073 7
1756059920146 0.2789399787783623 8
1756059920152 0.2624146580696106 9
1756059920158 0.23687923699617386 10
1756059920165 0.20490258634090425 11
1756059920171 0.1705597959458828 12
1756059920177 0.19939162358641624 13
1756059920183 0.17649926990270615 14
1756059920189 0.1664435014128685 15
1756059920195 0.1358683615922928 16
1756059920201 0.10148543938994407 17
1756059920207 0.10290160551667213 18
1756059920214 0.10584560930728912 19
1756059920220 0.09786688759922982 20
1756059920227 0.08207804709672928 21
1756059920233 0.07714287042617798 22
1756059920239 0.07581420615315437 23
1756059920245 0.08705498017370701 24
1756059920252 0.09641544185578824 25
1756059920258 0.06573961079120635 26
1756059920265 0.08570207841694355 27
1756059920271 0.07470599077641964 28
1756059920277 0.0630090195685625 29
1756059920284 0.06618226431310177 30
1756059920290 0.05346320085227489 31
1756059920296 0.04354489278048277 32
1756059920303 0.043592194840312 33
1756059920309 0.030744881927967073 34
1756059920316 0.03657982684671879 35
1756059920322 0.030470876023173332 36
1756059920329 0.041648334637284276 37
1756059920336 0.03427040800452232 38
1756059920342 0.03588921707123518 39
1756059920349 0.032360957749187944 40
1756059920356 0.042828349582850936 41
1756059920363 0.04726585689932108 42
1756059920369 0.039617139473557474 43
1756059920376 0.03455206491053105 44
1756059920382 0.0419579304754734 45
1756059920388 0.030425343103706835 46
1756059920395 0.03330703731626272 47
1756059920402 0.03518770895898342 48
1756059920409 0.025951132737100126 49
1756059920416 0.03625362012535334 50
1756059920423 0.02856566347181797 51
1756059920429 0.03171887807548046 52
1756059920436 0.024880165793001653 53
1756059920443 0.0267257378436625 54
1756059920450 0.044213227555155755 55
1756059920457 0.023269978258758782 56
1756059920464 0.02444237843155861 57
1756059920471 0.022016493882983924 58
1756059920478 0.022974504809826612 59
1756059920485 0.022760178428143263 60
1756059920492 0.018969989381730556 61
1756059920499 0.01779926521703601 62
1756059920506 0.015655874740332365 63
1756059920513 0.013219308573752642 64
1756059920520 0.0127286272123456 65
1756059920527 0.01501426356844604 66
1756059920534 0.016439122427254916 67
1756059920541 0.019779615569859743 68
1756059920548 0.016385790798813103 69
1756059920555 0.013612999627366663 70
1756059920562 0.011552171921357513 71
1756059920570 0.013312726141884923 72
1756059920577 0.014493502723053098 73
1756059920584 0.010584253864362837 74
1756059920591 0.013353649340569974 75
1756059920601 0.012052108533680439 76
1756059920608 0.011624814011156559 77
1756059920616 0.010210818937048316 78
1756059920623 0.01667106826789677 79
1756059920630 0.013136052154004573 80
