1756059899257 1.3210004270076752 1
1756059899262 0.9862748205661773 2
1756059899267 0.6857135534286499 3
1756059899272 0.7080234706401825 4
1756059899276 0.500271412730217 5
1756059899281 0.4260772317647934 6
1756059899285 0.37865491211414337 7
1756059899290 0.29834785908460615 8
1756059899294 0.27495674788951874 9
1756059899299 0.21064362078905105 10
1756059899303 0.19291213005781174 11
1756059899308 0.15189153999090194 12
1756059899312 0.16033269315958024 13
1756059899317 0.16141923144459724 14
1756059899322 0.13040488660335542 15
1756059899326 0.1173552967607975 16
1756059899331 0.1149504192173481 17
1756059899336 0.15413932651281356 18
1756059899341 0.14149108082056044 19
1756059899346 0.10122661888599396 20
1756059899350 0.08602648451924325 21
1756059899355 0.06695811450481415 22
1756059899360 0.06934008076786995 23
1756059899365 0.06832762248814106 24
1756059899370 0.06409864649176597 25
1756059899375 0.06668717190623283 26
1756059899380 0.08786851167678833 27
1756059899385 0.08720782026648521 28
1756059899390 0.09830376729369164 29
1756059899395 0.06569029614329339 30
1756059899400 0.05714440792798996 31
1756059899405 0.04979131929576397 32
1756059899410 0.049751066416501996 33
1756059899415 0.05182735957205296 34
1756059899420 0.054856397584080695 35
1756059899425 0.04216961823403835 36
1756059899430 0.0372295806184411 37
1756059899435 0.030925848707556724 38
1756059899439 0.032268029451370236 39
1756059899444 0.038861347176134584 40
1756059899449 0.03819771502166987 41
1756059899454 0.03224825859069824 42
1756059899459 0.04785810150206089 43
1756059899465 0.03710860386490822 44
1756059899470 0.0425603499636054 45
1756059899475 0.03785578664392233 46
1756059899480 0.04138221144676209 47
1756059899485 0.03504241798073053 48
1756059899490 0.02947008963674307 49
1756059899496 0.03293771781027317 50
1756059899501 0.027028554305434226 51
1756059899506 0.025958003662526607 52
