1756059936853 0.0009429367873573033 1
1756059936866 0.0018858735747146066 2
1756059936874 0.0028288103620719095 3
1756059936882 0.003771747149429213 4
1756059936890 0.004714683936786516 5
1756059936898 0.004714683936786516 6
1756059936905 0.0047133953507417 7
1756059936914 0.004709531001657171 8
1756059936922 0.0047030951151419195 9
1756059936930 0.0046940947287433575 10
1756059936938 0.00468253968425187 11
1756059936947 0.004668442616938959 12
1756059936956 0.00465181894174076 13
1756059936964 0.004632686836402037 14
1756059936972 0.00461106722159908 15
1756059936980 0.0045869837380632635 16
1756059936989 0.004560462720730243 17
1756059936997 0.004531533169943093 18
1756059937005 0.004500226719740862 19
1756059937014 0.004466577603267207 20
1756059937022 0.004430622615336962 21
1756059937031 0.004392401072201544 22
1756059937039 0.004351954768557206 23
1756059937048 0.004309327931843159 24
1756059937057 0.004264567173879507 25
1756059937065 0.004217721439897913 26
1756059937073 0.004168841955020704 27
1756059937082 0.004117982168246952 28
1756059937091 0.004065197694006778 29
1756059937099 0.004010546251347788 30
1756059937108 0.00395408760082015 31
1756059937117 0.003895883479129293 32
1756059937126 0.0038359975316277447 33
1756059937134 0.003774495242719861 34
1756059937143 0.0037114438642555946 35
1756059937152 0.0036469123419915856 36
1756059937160 0.0035809712401999876 37
1756059937169 0.0035136926645074717 38
1756059937178 0.0034451501830487837 39
1756059937187 0.003375418746021068 40
1756059937196 0.003304574603726929 41
1756059937205 0.0032326952231958397 42
1756059937214 0.0031598592034750906 43
1756059937223 0.0030861461896828776 44
1756059937232 0.003011636785917539 45
1756059937241 0.0029364124671181573 46
1756059937250 0.002860555489972906 47
1756059937258 0.0027841488029725727 48
1756059937267 0.0027072759557076006 49
1756059937276 0.0026300210075078387 50
1756059937285 0.002552468435524897 51
