1756059899257 0.8479190349578858 1
1756059899262 0.716632729768753 2
1756059899267 0.6259210646152497 3
1756059899272 0.6152709722518921 4
1756059899276 0.5405943781137467 5
1756059899281 0.491598516702652 6
1756059899285 0.4675909817218781 7
1756059899290 0.4093966096639633 8
1756059899294 0.3978718459606171 9
1756059899299 0.34706278443336486 10
1756059899303 0.3284493565559387 11
1756059899308 0.29935782849788667 12
1756059899312 0.305175419151783 13
1756059899317 0.30178176462650297 14
1756059899322 0.2749983951449394 15
1756059899326 0.2599712997674942 16
1756059899331 0.2560326173901558 17
1756059899336 0.2934041202068329 18
1756059899341 0.28162852227687835 19
1756059899346 0.24057580679655075 20
1756059899350 0.22519712448120116 21
1756059899355 0.19707603603601456 22
1756059899360 0.20082831978797913 23
1756059899365 0.20059746652841567 24
1756059899370 0.19315870553255082 25
1756059899375 0.19873722791671752 26
1756059899380 0.22531033605337142 27
1756059899385 0.22342763245105743 28
1756059899390 0.23731848895549773 29
1756059899395 0.1948577418923378 30
1756059899400 0.18333797603845597 31
1756059899405 0.17364757806062697 32
1756059899410 0.17082116082310678 33
1756059899415 0.16929036974906922 34
1756059899420 0.17962604910135269 35
1756059899425 0.15589699745178223 36
1756059899430 0.14826800674200058 37
1756059899435 0.13383921682834626 38
1756059899439 0.1401993028819561 39
1756059899444 0.1482560247182846 40
1756059899449 0.1452035441994667 41
1756059899454 0.13904957324266434 42
1756059899459 0.16554411128163338 43
1756059899465 0.1464761719107628 44
1756059899470 0.15808098241686822 45
1756059899475 0.1494419977068901 46
1756059899480 0.1543675906956196 47
1756059899485 0.14282144531607627 48
1756059899490 0.12653254345059395 49
1756059899496 0.14061540886759757 50
1756059899501 0.12648053839802742 51
1756059899506 0.1236262746155262 52
