1756344342335 0.0011529621340229336 1
1756344342349 0.002305924268045867 2
1756344342360 0.003458886402068801 3
1756344342369 0.004611848536091734 4
1756344342378 0.005764810670114668 5
1756344342388 0.005764810670114668 6
1756344342397 0.005764134281221989 7
1756344342407 0.005762105432043578 8
1756344342416 0.005758725074929281 9
1756344342426 0.005753994796632122 10
1756344342435 0.005747916817563483 11
1756344342445 0.005740493990750823 12
1756344342455 0.005731729800498466 13
1756344342464 0.005721628360752048 14
1756344342474 0.00571019441316742 15
1756344342484 0.005697433324884892 16
1756344342493 0.005683351086009873 17
1756344342503 0.005667954306801103 18
1756344342513 0.0056512502145677585 19
1756344342523 0.005633246650276933 20
1756344342533 0.005613952064873053 21
1756344342542 0.005593375515310974 22
1756344342552 0.005571526660304603 23
1756344342562 0.005548415755793071 24
1756344342572 0.005524053650126541 25
1756344342582 0.005498451778973964 26
1756344342593 0.005471622159955119 27
1756344342603 0.0054435773869995 28
1756344342613 0.005414330624434674 29
1756344342623 0.005383895600806896 30
1756344342633 0.005352286602436872 31
1756344342643 0.005319518466713703 32
1756344342653 0.005285606575130159 33
1756344342664 0.005250566846062544 34
1756344342674 0.005214415727298544 35
1756344342684 0.005177170188316578 36
1756344342694 0.005138847712320246 37
1756344342705 0.005099466288031657 38
1756344342715 0.005059044401247439 39
1756344342726 0.0050176010261614445 40
1756344342736 0.004975155616458179 41
1756344342747 0.004931728096181169 42
1756344342757 0.0048873388503805374 43
1756344342768 0.0048420087155441795 44
1756344342778 0.004795758969817033 45
1756344342789 0.00474861132301303 46
1756344342799 0.0047005879064244286 47
1756344342810 0.004651711262433293 48
1756344342821 0.0046020043339300145 49
1756344342831 0.004551490453543821 50
1756344342842 0.004500193332690353 51
1756344342853 0.004448137050441433 52
1756344342864 0.004395346042222249 53
1756344342875 0.0043418450883412705 54
1756344342885 0.0042876593023582765 55
1756344342896 0.004232814119295946 56
1756344342907 0.004177335283700564 57
1756344342918 0.004121248837557421 58
1756344342929 0.00406458110806661 59
1756344342940 0.004007358695284929 60
1756344342951 0.003949608459639715 61
1756344342962 0.003891357509320441 62
1756344342973 0.003832633187554041 63
1756344342984 0.0037734630597698773 64
1756344342995 0.003713874900660426 65
1756344343007 0.003653896681143721 66
1756344343018 0.0035935565552336996 67
1756344343029 0.003532882846824594 68
1756344343040 0.0034719040363955836 69
1756344343052 0.0034106487476419445 70
1756344343063 0.0033491457340389746 71
1756344343074 0.0032874238653449964 72
1756344343086 0.0032255121140497816 73
1756344343097 0.0031634395417747476 74
