1756344326725 1.2524106554363086 1
1756344326733 1.3488577085992564 2
1756344326739 1.221853310647218 3
1756344326744 1.0102277138958806 4
1756344326750 0.9075114027313564 5
1756344326756 0.7920663900997328 6
1756344326762 0.7410348576048146 7
1756344326768 0.6228125276772872 8
1756344326774 0.5375536369240802 9
1756344326780 0.5159461174322211 10
1756344326787 0.5061649770840354 11
1756344326793 0.4869205640709918 12
1756344326800 0.4662504209124524 13
1756344326806 0.4403589238291201 14
1756344326812 0.4130217679168867 15
1756344326818 0.4461828288824662 16
1756344326824 0.45002278426419134 17
1756344326831 0.41073061461034027 18
1756344326837 0.3824668332286503 19
1756344326843 0.3907600680123205 20
1756344326849 0.46350233710330463 21
1756344326856 0.47759821363117383 22
1756344326862 0.4915632670340331 23
1756344326869 0.3887665323589159 24
1756344326875 0.38892079436260724 25
1756344326882 0.35482128677160846 26
1756344326888 0.3410737177600031 27
1756344326895 0.318983503009962 28
1756344326901 0.35558621002280194 29
1756344326908 0.35837886061357416 30
1756344326915 0.3185586093560509 31
1756344326921 0.3134590711282647 32
1756344326928 0.30899564209191693 33
1756344326935 0.29863315237605054 34
1756344326942 0.3291628075682599 35
1756344326949 0.32515911693158356 36
1756344326955 0.34127425499584363 37
1756344326962 0.3342697140963181 38
1756344326969 0.3684811579144519 39
1756344326976 0.3258497177258782 40
1756344326983 0.34711167475451593 41
1756344326990 0.33705432842607086 42
1756344326997 0.3115368103203566 43
1756344327005 0.30635395905245905 44
1756344327012 0.2767017056112704 45
1756344327019 0.2639623238988545 46
1756344327026 0.24286824464797974 47
1756344327033 0.24282742907171664 48
1756344327040 0.2596142726100009 49
1756344327047 0.24924837830274002 50
1756344327055 0.25499465737653815 51
1756344327062 0.25200700306374096 52
1756344327069 0.22408147933690445 53
1756344327077 0.23140393845413043 54
1756344327085 0.22423626223336096 55
1756344327092 0.23623190042765244 56
1756344327099 0.23877878098384195 57
1756344327107 0.2212642217459886 58
1756344327114 0.23644424715767737 59
1756344327122 0.23119168113107266 60
1756344327129 0.23310304724651834 61
1756344327137 0.23501655653766965 62
1756344327144 0.21763933741528055 63
1756344327152 0.19118143747682156 64
1756344327160 0.19215883185034213 65
1756344327167 0.21722795717094256 66
1756344327175 0.24351237973441248 67
1756344327183 0.2404068552929422 68
1756344327190 0.2318065399708955 69
1756344327198 0.21838716126006583 70
1756344327206 0.19849914636300958 71
1756344327214 0.20064472115558127 72
1756344327222 0.23081044528795325 73
1756344327230 0.2271590032007383 74
1756344327238 0.21417525993741077 75
1756344327246 0.18669201498446258 76
1756344327254 0.1890408033910005 77
1756344327262 0.18670231298260068 78
1756344327270 0.17638914287090302 79
1756344327278 0.17497399838074393 80
1756344327286 0.18298565045647 81
1756344327294 0.18480841621108676 82
1756344327302 0.18254760166873102 83
1756344327310 0.1720201833092648 84
1756344327319 0.19704481894555298 85
1756344327327 0.18749474636886432 86
1756344327335 0.1689198810769164 87
1756344327343 0.1602483728657598 88
1756344327352 0.1746244799831639 89
1756344327360 0.15500542780627374 90
1756344327368 0.1534823674870574 91
1756344327377 0.16026536148527395 92
1756344327385 0.16561946888332782 93
1756344327394 0.17167936135893283 94
1756344327402 0.16593527372764505 95
1756344327411 0.16200841218233109 96
