1756344368975 4.47788495602815 1
1756344368992 5.10827170247617 2
1756344369007 4.047452211380005 3
1756344369022 1.938385494377302 4
1756344369036 1.9273175519445669 5
1756344369051 1.488058637017789 6
1756344369066 1.4487393679826155 7
1756344369081 1.27998904041622 8
1756344369096 1.0758402321649634 9
1756344369111 0.9154363741045413 10
1756344369126 0.7014441218065179 11
1756344369141 0.5665642256322114 12
1756344369156 0.4198337644338608 13
1756344369171 0.3988460030244744 14
1756344369186 0.3684285568154376 15
1756344369201 0.3591001850107442 16
1756344369217 0.5812299711548764 17
1756344369232 0.3600422001403311 18
1756344369247 0.4287492192309836 19
1756344369262 0.35302267191202746 20
1756344369278 0.26465731600056525 21
1756344369293 0.21734837572211804 22
1756344369308 0.18928718502106873 23
1756344369323 0.20040859249622925 24
1756344369339 0.2030434423814649 25
1756344369354 0.19405742605095325 26
1756344369369 0.2266355833929518 27
1756344369385 0.2479133223709853 28
1756344369400 0.2209139680084975 29
1756344369416 0.18958543791719104 30
1756344369431 0.2335420134274856 31
1756344369447 0.19219835847616196 32
1756344369462 0.21707200712483862 33
1756344369478 0.2253169802867848 34
1756344369494 0.3009830512430357 35
1756344369509 0.21727422300888144 36
1756344369525 0.14251646723436273 37
1756344369541 0.1388004159797793 38
1756344369556 0.14391631924587747 39
1756344369572 0.20098266620998798 40
1756344369588 0.1617751497289409 41
1756344369604 0.1593134863221127 42
1756344369620 0.16833273661525353 43
1756344369636 0.14695761806291083 44
1756344369651 0.12071885006583255 45
1756344369667 0.15831387788057327 46
1756344369683 0.15461869958950125 47
1756344369699 0.15322994376006333 48
1756344369715 0.2083495754910552 49
1756344369731 0.13843013249013736 50
1756344369747 0.1084975814041884 51
1756344369763 0.08808943564477174 52
1756344369779 0.11282860406714937 53
1756344369796 0.12424405405054921 54
1756344369812 0.1618659276029338 55
1756344369828 0.21431757574496063 56
