1756344326725 4.530851073887037 1
1756344326733 5.240259061688962 2
1756344326739 3.473614568295686 3
1756344326744 2.7919972098391987 4
1756344326750 1.7143580783968386 5
1756344326756 1.3572769113208936 6
1756344326762 1.0525539957958718 7
1756344326768 0.6896019163339034 8
1756344326774 0.5156021092248999 9
1756344326780 0.48041113109692285 10
1756344326787 0.4659704760364864 11
1756344326793 0.43324561157952185 12
1756344326800 0.4053278254426044 13
1756344326806 0.36040582151516626 14
1756344326812 0.34042230442814203 15
1756344326818 0.4263025191815003 16
1756344326824 0.3510208188191704 17
1756344326831 0.29973123449346295 18
1756344326837 0.29250836501950805 19
1756344326843 0.26538691702096356 20
1756344326849 0.55048803013304 21
1756344326856 0.5583795386811962 22
1756344326862 0.4439037519952525 23
1756344326869 0.29289482404356415 24
1756344326875 0.33524865754272626 25
1756344326882 0.2249147396372712 26
1756344326888 0.20889591069325156 27
1756344326895 0.21597131665634073 28
1756344326901 0.25898152136284375 29
1756344326908 0.23087048627760098 30
1756344326915 0.17844223976135254 31
1756344326921 0.17051867201276447 32
1756344326928 0.1906110573074092 33
1756344326935 0.1735594965841459 34
1756344326942 0.2119063479096993 35
1756344326949 0.178038343463255 36
1756344326955 0.24876758747774622 37
1756344326962 0.2048504154967225 38
1756344326969 0.2280613426928935 39
1756344326976 0.22185162908357123 40
1756344326983 0.29663043501584424 41
1756344326990 0.24326969229656717 42
1756344326997 0.2200496993635012 43
1756344327005 0.20350795595542245 44
1756344327012 0.1468984202846237 45
1756344327019 0.12588578333025394 46
1756344327026 0.10664877587038538 47
1756344327033 0.13622783335006755 48
1756344327040 0.13817722852463307 49
1756344327047 0.11832781557155692 50
1756344327055 0.1184776383249656 51
1756344327062 0.12041164060001788 52
1756344327069 0.09077581115390944 53
1756344327077 0.10041542480821194 54
1756344327085 0.09434199721916862 55
1756344327092 0.11575505105049713 56
1756344327099 0.10187275043648222 57
1756344327107 0.08306851578147514 58
1756344327114 0.1129318454667278 59
1756344327122 0.10969166360471559 60
1756344327129 0.11421028573227965 61
1756344327137 0.10068607929608096 62
1756344327144 0.09137041413265726 63
1756344327152 0.06714634872649027 64
1756344327160 0.06794076558688412 65
1756344327167 0.11880466366267722 66
1756344327175 0.11968959786969682 67
1756344327183 0.12763289588948953 68
1756344327190 0.11766627447112747 69
1756344327198 0.08616775387655133 70
1756344327206 0.06635895614390788 71
1756344327214 0.0684140331071356 72
1756344327222 0.09792906386048897 73
1756344327230 0.09484967840430529 74
1756344327238 0.08137573949668718 75
1756344327246 0.05993672638483669 76
1756344327254 0.06079190159621446 77
1756344327262 0.06893964354758678 78
1756344327270 0.05494238622486591 79
1756344327278 0.051444402288483536 80
1756344327286 0.06483059279296709 81
1756344327294 0.0632750686743985 82
1756344327302 0.05827620819858883 83
1756344327310 0.053729521272623024 84
1756344327319 0.08133542853529038 85
1756344327327 0.06125291582682858 86
1756344327335 0.047703822426821876 87
1756344327343 0.04416204454458278 88
1756344327352 0.057693208527305855 89
1756344327360 0.04403476967759754 90
1756344327368 0.04075041559079419 91
1756344327377 0.04997132119277249 92
1756344327385 0.04702182632425557 93
1756344327394 0.04718946697919265 94
1756344327402 0.04755118545954642 95
1756344327411 0.055236393788262554 96
