1756346134778 0.9217337292173634 1
1756346134801 0.8057401724483656 2
1756346134822 0.7335410454998845 3
1756346134844 0.691474930099819 4
1756346134865 0.7016254533892092 5
1756346134886 0.6783530349316804 6
1756346134907 0.6327484224153601 7
1756346134928 0.6314227736514547 8
1756346134949 0.5980155092218647 9
1756346134970 0.6076229240583337 10
1756346134992 0.5661973136922588 11
1756346135013 0.5844005242637966 12
1756346135034 0.5888253191243047 13
1756346135055 0.5825731080511342 14
1756346135077 0.6162997795187909 15
1756346135098 0.5579673181409421 16
1756346135120 0.5763963136983954 17
1756346135141 0.5312881055085555 18
1756346135163 0.5328086148137632 19
1756346135184 0.5361883432968803 20
1756346135206 0.5392822817615841 21
1756346135228 0.5354100206623906 22
1756346135249 0.5410627943018208 23
1756346135271 0.5161633621091428 24
1756346135293 0.4934717092825019 25
1756346135314 0.4891460188057112 26
1756346135336 0.5072042644023895 27
1756346135358 0.4801119475261025 28
1756346135380 0.46940432424130646 29
1756346135402 0.4563493469487066 30
1756346135424 0.46405043161433673 31
1756346135445 0.47318748157957324 32
1756346135467 0.4662903741649959 33
1756346135489 0.44222725603891455 34
1756346135511 0.46019131333931634 35
1756346135533 0.45278457325437793 36
1756346135555 0.4595871839834296 37
1756346135577 0.43313059081201966 38
1756346135599 0.4379045639349067 39
1756346135621 0.43703485571819806 40
1756346135643 0.43388217428456183 41
1756346135665 0.4355850401132003 42
1756346135688 0.44703267968219257 43
1756346135710 0.443445676046869 44
1756346135732 0.44081419706344604 45
1756346135754 0.4449317856975224 46
1756346135776 0.4466668082320172 47
1756346135799 0.4170791934365812 48
1756346135821 0.42840101019195886 49
1756346135843 0.40587308873300965 50
1756346135866 0.42627762452415796 51
1756346135888 0.43649241198664124 52
1756346135910 0.4374079652454542 53
1756346135933 0.4421099346616994 54
1756346135955 0.42848219171814295 55
1756346135978 0.42185461650724 56
1756346136000 0.42920682352522144 57
1756346136023 0.39819398263226385 58
1756346136045 0.39651883166769275 59
1756346136068 0.39534145982369134 60
1756346136091 0.39452761282091553 61
1756346136113 0.3837276736031408 62
1756346136136 0.42049674236256146 63
1756346136159 0.38860777020454407 64
1756346136182 0.37958591269410175 65
1756346136204 0.37752913262533105 66
1756346136227 0.40426650643348694 67
1756346136250 0.38398261951363605 68
1756346136273 0.36997229767882306 69
1756346136296 0.389778944461242 70
1756346136319 0.3976438861826192 71
1756346136342 0.38177096066267596 72
1756346136365 0.353763187709062 73
1756346136388 0.36489243870196136 74
1756346136412 0.3670831724353459 75
1756346136435 0.3574216313984083 76
1756346136458 0.3650717255861863 77
