1756346056508 1.2779252840125042 1
1756346056515 1.167991508608279 2
1756346056521 0.9774633127710094 3
1756346056527 1.1297103451645893 4
1756346056533 1.1305273460305256 5
1756346056539 0.9294182502705118 6
1756346056545 0.7805770091388536 7
1756346056551 0.7343536589456641 8
1756346056557 0.7205173761948295 9
1756346056563 0.665006046709807 10
1756346056569 0.7838264315024667 11
1756346056576 0.6415254253408184 12
1756346056582 0.649243502513222 13
1756346056588 0.6989817774814108 14
1756346056594 0.6701832258183024 15
1756346056600 0.5883129187252211 16
1756346056607 0.5780186847500179 17
1756346056613 0.5690282233383345 18
1756346056619 0.6408276259899139 19
1756346056625 0.5561240794865981 20
1756346056632 0.5605830031892528 21
1756346056638 0.6342494500719983 22
1756346056645 0.5586892677390057 23
1756346056651 0.6351195444231448 24
1756346056658 0.5386316011781278 25
1756346056664 0.4943541793719582 26
1756346056671 0.4759978664957959 27
1756346056678 0.5213739483252816 28
1756346056684 0.5113067290057307 29
1756346056691 0.4862126111984253 30
1756346056698 0.4856684272703917 31
1756346056704 0.4854814138101495 32
1756346056711 0.44070404249688855 33
1756346056718 0.42859647973724035 34
1756346056725 0.4631959834824438 35
1756346056731 0.3969780737939088 36
1756346056738 0.45379671454429626 37
1756346056745 0.4248151921707651 38
1756346056752 0.37387320010558417 39
1756346056759 0.39514717848404596 40
1756346056766 0.36238684343255084 41
1756346056773 0.4126399781392968 42
1756346056780 0.4166236610516258 43
1756346056787 0.4234552474125572 44
1756346056794 0.39012819269429083 45
1756346056801 0.37877659046131634 46
1756346056808 0.3436297217141027 47
1756346056815 0.3715243339538574 48
1756346056822 0.36159706245297973 49
1756346056829 0.40189447221548663 50
1756346056837 0.3958227167958799 51
1756346056844 0.33752391325390857 52
1756346056851 0.3428307143242463 53
1756346056858 0.3467406118693559 54
1756346056866 0.33478141543657886 55
1756346056873 0.3594344478586446 56
1756346056881 0.32320919179398083 57
1756346056888 0.35009892414445465 58
1756346056895 0.3374639101650404 59
1756346056903 0.3131635176098865 60
1756346056910 0.35420135181883106 61
1756346056918 0.3086446756901948 62
1756346056925 0.32566945254802704 63
1756346056933 0.32787607675013336 64
1756346056941 0.3016089978425399 65
1756346056949 0.30853708865849866 66
1756346056956 0.31680947283039923 67
1756346056964 0.29953472834566364 68
1756346056972 0.29790801392949146 69
1756346056980 0.26096108296643133 70
1756346056987 0.28038619199524756 71
1756346056995 0.37640633142512775 72
1756346057003 0.34376306702261383 73
1756346057011 0.31032289629397186 74
1756346057019 0.32421246754086536 75
1756346057027 0.28460206480129907 76
1756346057035 0.29740368995977484 77
1756346057043 0.2895511602577956 78
1756346057051 0.30091868405756744 79
1756346057059 0.3153242080107979 80
1756346057067 0.29086834062700684 81
1756346057075 0.2532498719899551 82
1756346057083 0.25035208204518195 83
1756346057092 0.2764163146848264 84
1756346057100 0.2596326606429141 85
1756346057108 0.2849088110353636 86
1756346057116 0.2581121863230415 87
1756346057125 0.2582472828419312 88
1756346057133 0.24690585874992868 89
1756346057141 0.2380706305089204 90
1756346057150 0.2402909534132999 91
1756346057158 0.22807580815709155 92
1756346057166 0.2284586092700129 93
1756346057175 0.21992225750632907 94
1756346057184 0.21789692018343054 95
1756346057192 0.2234847578017608 96
1756346057201 0.2133231635974801 97
1756346057209 0.2200271584417509 98
1756346057218 0.21351238631683847 99
1756346057227 0.21786747419315836 100
1756346057235 0.19572760585857474 101
1756346057244 0.21485317919565283 102
1756346057253 0.1917097885971484 103
1756346057262 0.20953384754450424 104
1756346057270 0.20882924840502118 105
1756346057279 0.20457151078659555 106
1756346057288 0.2089137992133265 107
1756346057297 0.203581386934156 108
1756346057306 0.19773622537436691 109
1756346057315 0.20094618719557059 110
1756346057324 0.20782058394473532 111
1756346057333 0.1896134980994722 112
1756346057342 0.19025444077408832 113
1756346057352 0.17912053899920505 114
1756346057361 0.1978715884944667 115
1756346057370 0.19217069770978845 116
1756346057379 0.17755121640537097 117
1756346057388 0.1877999739802402 118
1756346057397 0.19285383820533752 119
1756346057407 0.19045172437377597 120
1756346057416 0.20409300307864728 121
1756346057425 0.1733938160797824 122
1756346057435 0.1806669824797174 123
1756346057444 0.17525149169175522 124
1756346057453 0.1944705234921497 125
1756346057463 0.19480902539647144 126
1756346057472 0.1826369940586712 127
1756346057482 0.1717497337123622 128
1756346057491 0.17739399425361468 129
1756346057501 0.16904510719620663 130
1756346057510 0.17686228259750034 131
1756346057520 0.1873601979535559 132
1756346057530 0.17229855676060138 133
1756346057539 0.17863846732222516 134
1756346057549 0.17793031652336536 135
1756346057559 0.1840558719375859 136
1756346057569 0.16935904388842377 137
1756346057578 0.1670007005981777 138
1756346057588 0.17325142220310544 139
1756346057598 0.1691781178764675 140
1756346057608 0.17534029321826022 141
