1756346076061 1.2101844937905022 1
1756346076074 1.0964570848838142 2
1756346076085 1.0690579518027927 3
1756346076096 0.8540982526281605 4
1756346076107 0.9518636724223262 5
1756346076118 0.9111258776291556 6
1756346076129 0.8432166835536128 7
1756346076139 0.7571382574413134 8
1756346076150 0.7517116030921107 9
1756346076161 0.5752884382786958 10
1756346076172 0.5919623374938965 11
1756346076183 0.6266555228958959 12
1756346076194 0.55869234903999 13
1756346076205 0.5458357606245123 14
1756346076217 0.5484856120918108 15
1756346076228 0.6125796981479811 16
1756346076239 0.5881115288838096 17
1756346076250 0.5461696140144182 18
1756346076261 0.468759597643562 19
1756346076272 0.45656496156816895 20
1756346076284 0.4734292587508326 21
1756346076295 0.47202831636304443 22
1756346076306 0.4388104988181073 23
1756346076318 0.5127851030100947 24
1756346076329 0.4146895408630371 25
1756346076341 0.4704115662885749 26
1756346076352 0.44424470092939294 27
1756346076363 0.44801136203434155 28
1756346076375 0.4079253401445306 29
1756346076386 0.4131664996561797 30
1756346076398 0.4623819187931392 31
1756346076410 0.427158640778583 32
1756346076421 0.44830263697582745 33
1756346076433 0.4126455757928931 34
1756346076444 0.3905753195285797 35
1756346076456 0.3629669210185175 36
1756346076468 0.3782219601714093 37
1756346076480 0.3976006358861923 38
1756346076491 0.3915063479672308 39
1756346076503 0.36999290404112445 40
1756346076515 0.3327149632184402 41
1756346076527 0.34191509109476337 42
1756346076539 0.3810901667760766 43
1756346076551 0.33590721695319464 44
1756346076563 0.3786509166593137 45
1756346076575 0.3248823751573977 46
1756346076587 0.3551796584025673 47
1756346076599 0.3516489280306775 48
1756346076611 0.32846764896226965 49
1756346076623 0.3287431273771369 50
1756346076635 0.33532097935676575 51
1756346076647 0.3187595126421555 52
1756346076659 0.3060756973598314 53
1756346076671 0.3260650803213534 54
1756346076683 0.3376148874345033 55
1756346076696 0.2897655432638915 56
1756346076708 0.26886464525824005 57
1756346076720 0.2782162220581718 58
1756346076732 0.314690922913344 59
1756346076745 0.298529886033224 60
1756346076757 0.27630907880223315 61
1756346076769 0.31622695598913275 62
1756346076782 0.29030329896056134 63
1756346076794 0.28123469067656476 64
1756346076806 0.25479340229345404 65
1756346076819 0.275195027175157 66
1756346076831 0.2549585855525473 67
1756346076844 0.23612303902273593 68
1756346076857 0.2502899597520414 69
1756346076869 0.2773045709599619 70
1756346076882 0.3126113991374555 71
1756346076895 0.2922134703916052 72
1756346076907 0.24930684074111606 73
1756346076920 0.25767199176809064 74
1756346076933 0.2527488424726155 75
1756346076945 0.2861255977464759 76
1756346076958 0.2947477244812509 77
1756346076971 0.2750303239926048 78
1756346076984 0.2510362876498181 79
1756346076997 0.23267072763132013 80
1756346077010 0.24004065083420795 81
1756346077023 0.23287969050200089 82
1756346077036 0.24277780755706455 83
1756346077049 0.22956177851428156 84
1756346077062 0.21194984083590301 85
1756346077075 0.20970196179721667 86
1756346077088 0.20905432558577994 87
1756346077101 0.19371805825959082 88
1756346077114 0.21360761510289233 89
1756346077128 0.20339692027672476 90
1756346077141 0.22915125865003336 91
1756346077154 0.22611654582230942 92
1756346077167 0.1964261998300967 93
1756346077180 0.1970655354468719 94
1756346077194 0.18690119165441263 95
1756346077207 0.1822988005435985 96
1756346077221 0.19954676666985388 97
