1756346116199 0.8451041190520577 1
1756346116218 0.7433824487354445 2
1756346116235 0.7596944933352263 3
1756346116251 0.7229459467141525 4
1756346116267 0.7300476872402689 5
1756346116283 0.6839841863383418 6
1756346116300 0.6717542021170907 7
1756346116316 0.6401000541189442 8
1756346116332 0.6261597444181857 9
1756346116348 0.616565949243048 10
1756346116365 0.6257011890411377 11
1756346116381 0.5754117460354514 12
1756346116398 0.571871236614559 13
1756346116414 0.5693076874898828 14
1756346116431 0.5773374606733737 15
1756346116447 0.5538711573766626 16
1756346116464 0.5313088880932849 17
1756346116480 0.5495311125465061 18
1756346116497 0.5457121431827545 19
1756346116514 0.5686353872651639 20
1756346116530 0.5588067757046741 21
1756346116547 0.5269299408663874 22
1756346116563 0.5365443514740985 23
1756346116580 0.5626209145006926 24
1756346116597 0.5247282709764398 25
1756346116614 0.5250018109445986 26
1756346116630 0.5233461830926978 27
1756346116647 0.5078772513762765 28
1756346116664 0.5028454233770785 29
1756346116681 0.501440457675768 30
1756346116698 0.5045089449571527 31
1756346116715 0.49648464892221533 32
1756346116733 0.48720222322837164 33
1756346116750 0.45929452258607617 34
1756346116767 0.454208528218062 35
1756346116784 0.47471983147704083 36
1756346116801 0.46813366205795953 37
1756346116818 0.4687957349030868 38
1756346116835 0.47351260159326636 39
1756346116852 0.4626542303873145 40
1756346116869 0.4618648640487505 41
1756346116886 0.480264689611352 42
1756346116904 0.4576557343420775 43
1756346116921 0.45014588210893713 44
1756346116938 0.4538078981897105 45
1756346116955 0.4347354925197104 46
1756346116973 0.4164439400900965 47
1756346116990 0.4128790977208511 48
1756346117007 0.4277161541192428 49
1756346117025 0.4169181390948918 50
1756346117042 0.42542658422304236 51
1756346117060 0.4327972077805063 52
1756346117077 0.42353481831757916 53
1756346117095 0.41075314905332483 54
1756346117112 0.4339635747930278 55
1756346117130 0.4235004743804102 56
1756346117147 0.42157749766888825 57
1756346117165 0.4113345301669577 58
1756346117183 0.40043187400569086 59
1756346117200 0.4279010580933612 60
1756346117218 0.4146606650041497 61
1756346117236 0.40660518666972284 62
1756346117254 0.3979639605335567 63
1756346117272 0.4030060586722001 64
1756346117289 0.41544186421062634 65
1756346117307 0.43399562524712604 66
1756346117325 0.40510013699531555 67
1756346117343 0.3868186486803967 68
1756346117361 0.3768450786238131 69
1756346117379 0.3945099128329236 70
1756346117397 0.388152574715407 71
1756346117415 0.384440541267395 72
1756346117434 0.3681366171525872 73
1756346117452 0.35789415888164355 74
1756346117470 0.350018331538076 75
1756346117488 0.36872638438058936 76
1756346117506 0.36864732918532 77
1756346117525 0.3586374624915745 78
1756346117543 0.3594297066978786 79
1756346117561 0.3545706984789475 80
1756346117579 0.35054008079611737 81
1756346117598 0.374298931463905 82
1756346117616 0.3684101545292398 83
1756346117634 0.3688030787136244 84
1756346117653 0.35024385089459625 85
1756346117671 0.3330934669660485 86
1756346117690 0.34814747001813806 87
1756346117708 0.34893958205762116 88
1756346117728 0.3354936553084332 89
1756346117746 0.3340315183867579 90
1756346117765 0.3465845818104951 91
1756346117783 0.3329410047634788 92
1756346117802 0.3389703683231188 93
1756346117821 0.3255593310231748 94
1756346117839 0.327765554189682 95
1756346117858 0.33523376609968103 96
1756346117877 0.3250174820423126 97
1756346117896 0.33014384106449457 98
1756346117915 0.3428518927615622 99
1756346117934 0.32537602212118066 100
1756346117953 0.3225774648396865 101
1756346117972 0.31391122613264166 102
1756346117991 0.32864921313265094 103
1756346118010 0.3161388907743537 104
1756346118029 0.3260917773713236 105
1756346118048 0.3171263751776322 106
1756346118067 0.30957732187665027 107
1756346118086 0.3144534476425337 108
1756346118105 0.32260742913121765 109
1756346118125 0.31245605453200964 110
1756346118144 0.3018939961557803 111
1756346118163 0.2960105117248452 112
1756346118183 0.30686857389367145 113
1756346118202 0.31459968115972436 114
1756346118221 0.29344165389952453 115
1756346118241 0.3061746242253677 116
1756346118260 0.28526703559834027 117
1756346118280 0.29431422184342926 118
1756346118300 0.2893523606269256 119
1756346118319 0.30251483100911847 120
1756346118339 0.30051665072855743 121
1756346118358 0.29591341057549353 122
1756346118378 0.3007788476736649 123
1756346118398 0.2929538721623628 124
1756346118417 0.2934517802103706 125
1756346118437 0.2889105392538983 126
1756346118457 0.29503406843413477 127
1756346118476 0.2829446073459542 128
1756346118496 0.2889804101508597 129
1756346118516 0.2951596994762835 130
1756346118536 0.2851498412049335 131
1756346118556 0.28255473789961444 132
1756346118576 0.29532309848329297 133
1756346118596 0.29133645995803503 134
1756346118616 0.28090756483699963 135
1756346118636 0.29737632948419324 136
1756346118656 0.28177868477676227 137
1756346118676 0.2886440591967624 138
1756346118696 0.28960759937763214 139
1756346118716 0.28592206213785254 140
1756346118736 0.2882480446411216 141
1756346118757 0.28122970526633057 142
1756346118777 0.28309056421984796 143
1756346118797 0.2912322528984236 144
1756346118817 0.28973358480826666 145
1756346118837 0.279180281188177 146
1756346118858 0.2875122764836187 147
