1756346076061 0.836197026397871 1
1756346076074 0.7835294396980949 2
1756346076085 0.7642469639363496 3
1756346076096 0.6957164432691492 4
1756346076107 0.7305734960929208 5
1756346076118 0.7040035776470018 6
1756346076129 0.677864758864693 7
1756346076139 0.6469718140104542 8
1756346076150 0.6397511285284291 9
1756346076161 0.5724137853021207 10
1756346076172 0.5704716871614042 11
1756346076183 0.579861721266871 12
1756346076194 0.5565859131191088 13
1756346076205 0.5561790531096251 14
1756346076217 0.5537601281767306 15
1756346076228 0.569256594647532 16
1756346076239 0.5675167519113292 17
1756346076250 0.5465491193792095 18
1756346076261 0.513170996437902 19
1756346076272 0.5046165922413701 20
1756346076284 0.5161398726960887 21
1756346076295 0.5103730377943619 22
1756346076306 0.4975735039814659 23
1756346076318 0.5263400466545768 24
1756346076329 0.4764701827712681 25
1756346076341 0.5079069357851277 26
1756346076352 0.4931864647761635 27
1756346076363 0.4844804056312727 28
1756346076375 0.4728263577689295 29
1756346076386 0.4684437578139098 30
1756346076398 0.5023863639520563 31
1756346076410 0.4847966147505719 32
1756346076421 0.48790638731873553 33
1756346076433 0.46436005312463513 34
1756346076444 0.4564669145190198 35
1756346076456 0.45143199355705926 36
1756346076468 0.45219719150792 37
1756346076480 0.46162144515825354 38
1756346076491 0.45468140296314075 39
1756346076503 0.4474072650722835 40
1756346076515 0.4245981561101001 41
1756346076527 0.43892108227895654 42
1756346076539 0.4530645272006159 43
1756346076551 0.4291940681312395 44
1756346076563 0.45015808032906574 45
1756346076575 0.42562048461126245 46
1756346076587 0.43587634356125543 47
1756346076599 0.43589585371639417 48
1756346076611 0.4268452965694925 49
1756346076623 0.4202464248823083 50
1756346076635 0.4269300673318946 51
1756346076647 0.4158387935679892 52
1756346076659 0.40774530820224597 53
1756346076671 0.42086261899574945 54
1756346076683 0.42862895390261774 55
1756346076696 0.39853169607079547 56
1756346076708 0.3833050779674364 57
1756346076720 0.3828098890574082 58
1756346076732 0.41183514828267304 59
1756346076745 0.40407159406205884 60
1756346076757 0.3861080446968908 61
1756346076769 0.4122823710026948 62
1756346076782 0.3994663979696191 63
1756346076794 0.38991786993068195 64
1756346076806 0.3709060225797736 65
1756346076819 0.38371273356935254 66
1756346076831 0.3726915121078491 67
1756346076844 0.36313352766244306 68
1756346076857 0.36476912446643994 69
1756346076869 0.3791236501672994 70
1756346076882 0.4022255125253097 71
1756346076895 0.3983918467293615 72
1756346076907 0.37297631605811743 73
1756346076920 0.3759523850420247 74
1756346076933 0.36819410842397937 75
1756346076945 0.3988749929096388 76
1756346076958 0.38740120374638104 77
1756346076971 0.38537150880564813 78
1756346076984 0.3685329660125401 79
1756346076997 0.3509956922220147 80
1756346077010 0.3655505815277929 81
1756346077023 0.3585528342620186 82
1756346077036 0.3624954003354777 83
1756346077049 0.35483185493427777 84
1756346077062 0.34326930927193683 85
1756346077075 0.3415156162303427 86
1756346077088 0.3304255863894587 87
1756346077101 0.3238575484441674 88
1756346077114 0.3382865281208702 89
1756346077128 0.3361553497936415 90
1756346077141 0.3493330504583276 91
1756346077154 0.35196254693943524 92
1756346077167 0.3307192895723426 93
1756346077180 0.32484863374544226 94
1756346077194 0.3252953446429709 95
1756346077207 0.3152127499165742 96
1756346077221 0.32921399629634357 97
