1756346086449 0.8526892558388088 1
1756346086465 0.8080962326215662 2
1756346086479 0.7499014657476674 3
1756346086494 0.7459967317788497 4
1756346086508 0.7276424065880154 5
1756346086523 0.7293502610662709 6
1756346086537 0.6974733368210171 7
1756346086551 0.6900697791058085 8
1756346086566 0.6946802994479304 9
1756346086580 0.6400200620941494 10
1756346086595 0.6145659322324006 11
1756346086609 0.6334217838619066 12
1756346086624 0.6109927814939747 13
1756346086639 0.6183106899261475 14
1756346086653 0.5858582582162775 15
1756346086669 0.6009068385414456 16
1756346086683 0.589839378128881 17
1756346086698 0.5775078794230586 18
1756346086713 0.5651902815570002 19
1756346086727 0.5715196327022884 20
1756346086742 0.5731662382250247 21
1756346086757 0.6072239344534667 22
1756346086772 0.5839669587819473 23
1756346086787 0.5492909511794215 24
1756346086802 0.5761355887288633 25
1756346086816 0.5463799821293872 26
1756346086831 0.5390982135482456 27
1756346086847 0.5339117192703745 28
1756346086862 0.5426338302052539 29
1756346086877 0.4978252649307251 30
1756346086892 0.4934883765552355 31
1756346086907 0.5147465389707814 32
1756346086922 0.5295112780902697 33
1756346086937 0.5255877764328666 34
1756346086952 0.5083754373633343 35
1756346086967 0.4846111859964288 36
1756346086982 0.4985663735348245 37
1756346086998 0.5238928574582805 38
1756346087013 0.48816936430723773 39
1756346087028 0.4682872852553492 40
1756346087043 0.45111973000609357 41
1756346087059 0.494357335826625 42
1756346087074 0.4797035779642022 43
1756346087090 0.49903175364369934 44
1756346087105 0.47666156680687616 45
1756346087120 0.44331065986467444 46
