1756059674422 0.8768056884407998 1
1756059674435 0.7254417628049851 2
1756059674445 0.7444043844938278 3
1756059674453 0.7206269800662994 4
1756059674462 0.6885950416326523 5
1756059674470 0.6362331956624985 6
1756059674479 0.6602109014987946 7
1756059674489 0.5943792149424553 8
1756059674498 0.6174098715186119 9
1756059674507 0.5794551640748977 10
1756059674516 0.5789961069822311 11
1756059674525 0.5669924572110177 12
1756059674534 0.5518302619457245 13
1756059674543 0.4940379798412323 14
1756059674552 0.49380101561546325 15
1756059674561 0.49263779670000074 16
1756059674569 0.48444334864616395 17
1756059674578 0.5744884967803955 18
1756059674587 0.583563007414341 19
1756059674596 0.517283733189106 20
1756059674605 0.44969952031970023 21
1756059674614 0.47923332303762434 22
1756059674623 0.48729096055030824 23
1756059674633 0.48229076266288756 24
1756059674642 0.49092003107070925 25
1756059674652 0.5035645425319671 26
1756059674662 0.530461436510086 27
1756059674671 0.5524337977170944 28
1756059674680 0.499253648519516 29
1756059674689 0.4642361029982567 30
1756059674698 0.4268601179122925 31
1756059674707 0.44281921088695525 32
1756059674716 0.45193630158901216 33
1756059674726 0.45698499083518984 34
1756059674736 0.4900484159588814 35
1756059674746 0.46719299256801605 36
1756059674756 0.4714552417397499 37
1756059674765 0.4339853301644325 38
1756059674775 0.45336425453424456 39
1756059674784 0.4472960323095322 40
1756059674793 0.45637158006429673 41
1756059674803 0.46654516607522967 42
1756059674812 0.42753391414880754 43
1756059674822 0.4298043042421341 44
1756059674831 0.3974901869893074 45
1756059674840 0.38061908408999445 46
1756059674850 0.3796728283166885 47
1756059674859 0.3964633449912071 48
1756059674869 0.4639733299612999 49
1756059674879 0.4360834792256355 50
1756059674888 0.44216879159212114 51
1756059674899 0.4221755638718605 52
1756059674908 0.3970823273062706 53
1756059674918 0.4168193817138672 54
1756059674927 0.4424138143658638 55
