1756059615338 1.3799883380532265 1
1756059615349 1.0812917977571488 2
1756059615354 0.941597506403923 3
1756059615359 0.9510149210691452 4
1756059615363 0.9884413868188858 5
1756059615368 0.8153642892837525 6
1756059615373 0.8524125397205353 7
1756059615378 0.7409787893295288 8
1756059615383 0.7765951007604599 9
1756059615388 0.6014955580234528 10
1756059615393 0.5161153770983219 11
1756059615398 0.4804569408297539 12
1756059615404 0.46604191660881045 13
1756059615409 0.3960455536842346 14
1756059615414 0.39907279461622236 15
1756059615419 0.4346702843904495 16
1756059615424 0.4590873599052429 17
1756059615429 0.33687744140625 18
1756059615434 0.39953422322869303 19
1756059615439 0.2961179193109274 20
1756059615444 0.42114670649170877 21
1756059615449 0.6482387095689773 22
1756059615454 0.5545585937798023 23
1756059615459 0.3459399502724409 24
1756059615464 0.31404799297451974 25
1756059615469 0.31735547482967374 26
1756059615474 0.3252275437116623 27
1756059615479 0.28008319810032845 28
1756059615485 0.2662055538035929 29
1756059615490 0.5144832327961921 30
1756059615495 0.3071618266403675 31
1756059615500 0.2584831215441227 32
1756059615505 0.4178417265415192 33
1756059615510 0.33212183639407156 34
1756059615515 0.4796068698167801 35
1756059615521 0.3621974989771843 36
1756059615526 0.2728733576834202 37
1756059615532 0.3002385385334492 38
1756059615538 0.2110725037753582 39
1756059615543 0.2396139308810234 40
1756059615549 0.29154539555311204 41
1756059615554 0.2988022040575743 42
1756059615560 0.22757326923310756 43
1756059615565 0.2397144019603729 44
1756059615571 0.17895633727312088 45
1756059615576 0.1826375812292099 46
1756059615581 0.30432610362768175 47
1756059615587 0.1959289401769638 48
1756059615592 0.19321651458740235 49
1756059615597 0.22272629030048846 50
1756059615603 0.24245903864502907 51
1756059615608 0.3008088245987892 52
1756059615614 0.2261727623641491 53
1756059615619 0.17711742919636891 54
1756059615625 0.22451390139758587 55
1756059615630 0.22562296502292156 56
1756059615636 0.19480946622788906 57
1756059615641 0.23898823857307433 58
1756059615647 0.1660504087805748 59
1756059615652 0.1824815459549427 60
1756059615658 0.14014079198241233 61
1756059615663 0.1405332490801811 62
1756059615669 0.1874355800449848 63
1756059615675 0.13298697918653488 64
1756059615681 0.1782494779676199 65
1756059615687 0.3858112171292305 66
1756059615693 0.17048560529947282 67
1756059615700 0.1520945519208908 68
1756059615706 0.13049975745379924 69
1756059615712 0.13432500222697855 70
1756059615718 0.1893427111208439 71
1756059615723 0.14313255958259105 72
1756059615729 0.16499290876090528 73
1756059615735 0.14343067444860935 74
1756059615741 0.11951341652311384 75
1756059615746 0.18610665015876293 76
1756059615752 0.12178905531764031 77
1756059615758 0.12208621203899384 78
1756059615764 0.14124711751937866 79
1756059615770 0.1175975114107132 80
1756059615776 0.1272459037601948 81
1756059615782 0.14278671480715274 82
1756059615788 0.10886958017945289 83
1756059615794 0.19512315317988396 84
1756059615800 0.12220830395817757 85
1756059615806 0.09874562788754701 86
1756059615812 0.17068546414375305 87
1756059615818 0.11322163008153438 88
1756059615825 0.10899396203458309 89
1756059615831 0.12762345969676972 90
1756059615838 0.26937580704689024 91
1756059615844 0.1326976392418146 92
1756059615850 0.0990282129496336 93
1756059615857 0.1368461012840271 94
1756059615863 0.1781159371137619 95
1756059615869 0.29310967177152636 96
1756059615875 0.2524922307580709 97
1756059615882 0.11991860829293728 98
1756059615888 0.12431034743785858 99
1756059615894 0.10954851247370243 100
