1756059648344 0.00046782782589268994 1
1756059648357 0.0009356556517853799 2
1756059648364 0.00140348347767807 3
1756059648371 0.0018713113035707597 4
1756059648378 0.0023391391294634496 5
1756059648385 0.0023391391294634496 6
1756059648392 0.0023384999492609857 7
1756059648399 0.002336583107587761 8
1756059648407 0.0023333907004820026 9
1756059648414 0.00232892621879401 10
1756059648422 0.002323194544368962 11
1756059648429 0.0023162019447086914 12
1756059648437 0.002307956066118262 13
1756059648445 0.002298465925344847 14
1756059648452 0.0022877418997180507 15
1756059648459 0.002275795715802446 16
1756059648466 0.002262640436574754 17
1756059648473 0.002248290447139665 18
1756059648480 0.0022327614389999425 19
1756059648487 0.0022160703928979925 20
1756059648494 0.0021982355602476722 21
1756059648501 0.0021792764431766364 22
1756059648508 0.0021592137732010463 23
1756059648516 0.0021380694885559646 24
1756059648523 0.002115866710206213 25
1756059648530 0.0020926297165639383 26
1756059648537 0.002068383916940527 27
1756059648545 0.0020431558237618934 28
1756059648553 0.002016973023577534 29
1756059648561 0.0019898641468950374 30
1756059648569 0.0019618588368730486 31
1756059648577 0.0019329877169069055 32
1756059648584 0.0019032823571424108 33
1756059648592 0.0018727752399543365 34
1756059648600 0.001841499724427427 35
1756059648607 0.0018094900098787289 36
1756059648614 0.0017767810984611386 37
1756059648622 0.0017434087568890643 38
1756059648629 0.001709409477328047 39
1756059648637 0.0016748204374911141 40
1756059648645 0.0016396794599854972 41
1756059648653 0.0016040249709541627 42
1756059648661 0.001567895958057393 43
1756059648669 0.0015313319278403503 44
1756059648677 0.0014943728625332487 45
1756059648685 0.0014570591763313741 46
1756059648693 0.0014194316712027545 47
1756059648700 0.0013815314922718063 48
1756059648708 0.0013434000828277455 49
1756059648716 0.0013050791390069602 50
1756059648723 0.0012666105641988951 51
1756059648731 0.0012280364232253131 52
1756059648738 0.00118939889634303 53
1756059648746 0.0011507402331204196 54
1756059648753 0.001112102706238136 55
1756059648761 0.0010735285652645544 56
1756059648769 0.0010350599904564895 57
1756059648776 0.0009967390466357037 58
1756059648784 0.0009586076371916436 59
1756059648792 0.0009207074582606952 60
1756059648801 0.0008830799531320754 61
1756059648809 0.000845766266930201 62
1756059648817 0.0008088072016230992 63
1756059648825 0.0007722431714060562 64
1756059648833 0.0007361141585092865 65
1756059648841 0.0007004596694779526 66
1756059648849 0.0006653186919723353 67
1756059648857 0.0006307296521354025 68
1756059648865 0.0005967303725743857 69
1756059648874 0.0005633580310023112 70
1756059648882 0.0005306491195847208 71
1756059648892 0.0004986394050360223 72
1756059648900 0.0004673638895091129 73
1756059648909 0.00043685677232103867 74
1756059648917 0.00040715141255654374 75
1756059648926 0.0003782802925904013 76
1756059648934 0.0003502749825684122 77
