1756059648344 1.8459985166788102 1
1756059648357 1.5102018535137176 2
1756059648364 1.186380608379841 3
1756059648371 1.191267877817154 4
1756059648378 1.2479348868131637 5
1756059648385 0.9528436720371246 6
1756059648392 1.1198767751455307 7
1756059648399 0.8647616695612669 8
1756059648407 0.7258235111832618 9
1756059648414 0.6034277677536011 10
1756059648422 0.5913250893354416 11
1756059648429 0.6707972928881645 12
1756059648437 0.5582064732909202 13
1756059648445 0.49880493581295016 14
1756059648452 0.4181207123678178 15
1756059648459 0.4580330066382885 16
1756059648466 0.8243153870105744 17
1756059648473 0.554469209909439 18
1756059648480 0.44757401645183564 19
1756059648487 0.4838869161903858 20
1756059648494 0.4353497616946697 21
1756059648501 0.4263273119926453 22
1756059648508 0.4325964659452438 23
1756059648516 0.43769016303122044 24
1756059648523 0.3423855625092983 25
1756059648530 0.3257725588977337 26
1756059648537 0.3726878084242344 27
1756059648545 0.3867727018892765 28
1756059648553 0.3250983409583569 29
1756059648561 0.33641341626644133 30
1756059648569 0.391731359064579 31
1756059648577 0.6236720129847526 32
1756059648584 0.5041879899799824 33
1756059648592 0.48524050116539 34
1756059648600 0.42471223697066307 35
1756059648607 0.3083174005150795 36
1756059648614 0.3611807256937027 37
1756059648622 0.6691076539456844 38
1756059648629 0.3904225558042526 39
1756059648637 0.31514452770352364 40
1756059648645 0.32511216700077056 41
1756059648653 0.34934699460864066 42
1756059648661 0.31342469677329066 43
1756059648669 0.2870168644934893 44
1756059648677 0.35276531130075456 45
1756059648685 0.3290883034467697 46
1756059648693 0.3225608590990305 47
1756059648700 0.33053107634186746 48
1756059648708 0.3441535495221615 49
1756059648716 0.2910356357693672 50
1756059648723 0.26316124722361567 51
1756059648731 0.24707062244415284 52
1756059648738 0.2999382823705673 53
1756059648746 0.26567305326461793 54
1756059648753 0.2884350694715977 55
1756059648761 0.2666534647345543 56
1756059648769 0.252829160541296 57
1756059648776 0.24948461838066577 58
1756059648784 0.2486106775701046 59
1756059648792 0.2430327780544758 60
1756059648801 0.2561536464840174 61
1756059648809 0.3467862419784069 62
1756059648817 0.2879654377698898 63
1756059648825 0.26466097980737685 64
1756059648833 0.339230814576149 65
1756059648841 0.3103098452091217 66
1756059648849 0.29824207052588464 67
1756059648857 0.25942825004458425 68
1756059648865 0.2398246183991432 69
1756059648874 0.1958491250872612 70
1756059648882 0.3048657588660717 71
1756059648892 0.24866474457085133 72
1756059648900 0.3609352830797434 73
1756059648909 0.19923918768763543 74
1756059648917 0.22905202731490135 75
1756059648926 0.19069636827334763 76
1756059648934 0.20704817548394203 77
