1756059648344 1.3013018935918808 1
1756059648357 1.072427085042 2
1756059648364 0.9963810458779335 3
1756059648371 0.9581233963370324 4
1756059648378 0.9732562243938446 5
1756059648385 0.7666859298944473 6
1756059648392 0.9070020109415055 7
1756059648399 0.7257971674203872 8
1756059648407 0.6054007083177566 9
1756059648414 0.5413272023200989 10
1756059648422 0.5612733855843544 11
1756059648429 0.5547249600291252 12
1756059648437 0.4828773081302643 13
1756059648445 0.448828287050128 14
1756059648452 0.36748423501849176 15
1756059648459 0.40471647381782533 16
1756059648466 0.7312255449593067 17
1756059648473 0.50997524112463 18
1756059648480 0.41642148792743683 19
1756059648487 0.4423066511750221 20
1756059648494 0.3792659595608711 21
1756059648501 0.38576529994606973 22
1756059648508 0.3696350082755089 23
1756059648516 0.35226673223078253 24
1756059648523 0.2848779674619436 25
1756059648530 0.2773089334368706 26
1756059648537 0.3171655207872391 27
1756059648545 0.315809091180563 28
1756059648553 0.28761401027441025 29
1756059648561 0.29201498031616213 30
1756059648569 0.3562282405793667 31
1756059648577 0.5050515875220298 32
1756059648584 0.4490854121744633 33
1756059648592 0.4340675324201584 34
1756059648600 0.3691068321466446 35
1756059648607 0.28353092931210994 36
1756059648614 0.3001494474709034 37
1756059648622 0.641473762691021 38
1756059648629 0.33906506896018984 39
1756059648637 0.2596925891935825 40
1756059648645 0.2994652435183525 41
1756059648653 0.31514725238084795 42
1756059648661 0.29768412932753563 43
1756059648669 0.2658226452767849 44
1756059648677 0.2990130171179771 45
1756059648685 0.2723073519766331 46
1756059648693 0.25186916813254356 47
1756059648700 0.27915390729904177 48
1756059648708 0.32984775230288504 49
1756059648716 0.2627464585006237 50
1756059648723 0.22531692087650299 51
1756059648731 0.2293783187866211 52
1756059648738 0.26986213624477384 53
1756059648746 0.2458570919930935 54
1756059648753 0.23977082669734956 55
1756059648761 0.24305955618619918 56
1756059648769 0.21112305708229542 57
1756059648776 0.21210261508822442 58
1756059648784 0.23576739020645618 59
1756059648792 0.21784277446568012 60
1756059648801 0.23121498376131058 61
1756059648809 0.2928695648908615 62
1756059648817 0.2640026301145554 63
1756059648825 0.21922109201550483 64
1756059648833 0.30243470817804335 65
1756059648841 0.2691036589443684 66
1756059648849 0.26613549813628196 67
1756059648857 0.2451082296669483 68
1756059648865 0.22710922360420227 69
1756059648874 0.17840138599276542 70
1756059648882 0.2645549587905407 71
1756059648892 0.21559613272547723 72
1756059648900 0.2845607571303844 73
1756059648909 0.19199035242199897 74
1756059648917 0.1944046847522259 75
1756059648926 0.1668674474582076 76
1756059648934 0.18037620857357978 77
