1756059674422 1.3813715532422066 1
1756059674435 0.8830606132745743 2
1756059674445 1.0041432589292527 3
1756059674453 0.9400741577148437 4
1756059674462 0.8572058081626892 5
1756059674470 0.7257805004715919 6
1756059674479 0.7575184971094131 7
1756059674489 0.6413437440991402 8
1756059674498 0.7390123605728149 9
1756059674507 0.6071521207690239 10
1756059674516 0.5963484585285187 11
1756059674525 0.5625983238220215 12
1756059674534 0.5468137413263321 13
1756059674543 0.43617306649684906 14
1756059674552 0.43711466789245607 15
1756059674561 0.41470818892121314 16
1756059674569 0.4074741914868355 17
1756059674578 0.668157996237278 18
1756059674587 0.6271354958415032 19
1756059674596 0.449513628333807 20
1756059674605 0.3605039443820715 21
1756059674614 0.39353378117084503 22
1756059674623 0.42690849155187605 23
1756059674633 0.41829090416431425 24
1756059674642 0.42110443487763405 25
1756059674652 0.47521223723888395 26
1756059674662 0.5127082198858262 27
1756059674671 0.5867352038621902 28
1756059674680 0.41664577424526217 29
1756059674689 0.37606963366270063 30
1756059674698 0.3233901023864746 31
1756059674707 0.3499386191368103 32
1756059674716 0.3575508683919907 33
1756059674726 0.37431711331009865 34
1756059674736 0.4936922945082188 35
1756059674746 0.4325247026979923 36
1756059674756 0.403885143622756 37
1756059674765 0.3318359196186066 38
1756059674775 0.3523788034915924 39
1756059674784 0.40287535414099696 40
1756059674793 0.4026785261929035 41
1756059674803 0.3760505385696888 42
1756059674812 0.31768545880913734 43
1756059674822 0.3173757135868073 44
1756059674831 0.261733565479517 45
1756059674840 0.25814531594514845 46
1756059674850 0.243684121966362 47
1756059674859 0.28349426835775376 48
1756059674869 0.4398792155086994 49
1756059674879 0.34267818182706833 50
1756059674888 0.33669737428426744 51
1756059674899 0.28540550395846365 52
1756059674908 0.26951086334884167 53
1756059674918 0.3203038565814495 54
1756059674927 0.39321956485509874 55
