1755907159380 0.853684151172638 1
1755907159394 0.6159251928329468 2
1755907159399 0.5391210973262787 3
1755907159406 0.5133508324623108 4
1755907159411 0.4812033146619797 5
1755907159417 0.4754092574119568 6
1755907159422 0.4489677906036377 7
1755907159429 0.43930521607398987 8
1755907159434 0.41899400353431704 9
1755907159439 0.4046021461486816 10
1755907159445 0.3844748795032501 11
1755907159451 0.3701014846563339 12
1755907159457 0.34077593088150027 13
1755907159462 0.3330701142549515 14
1755907159470 0.30027759075164795 15
1755907159475 0.29530909955501555 16
1755907159480 0.28482492715120317 17
1755907159486 0.2778208151459694 18
1755907159493 0.2801078125834465 19
1755907159499 0.25733910501003265 20
1755907159506 0.2768513664603233 21
1755907159511 0.2565641239285469 22
1755907159519 0.2454824835062027 23
1755907159598 0.2231765568256378 24
1755907159663 0.21781101375818251 25
1755907159697 0.22193357348442078 26
1755907159733 0.2073394924402237 27
1755907159763 0.2169704779982567 28
1755907159774 0.2108442261815071 29
1755907159794 0.2167484924197197 30
1755907159871 0.2182897225022316 31
1755907159918 0.2040965139865875 32
1755907159929 0.23235639035701752 33
1755907159935 0.19256367683410644 34
1755907159941 0.18468523323535918 35
1755907159950 0.1869329810142517 36
1755907159960 0.17585616707801818 37
