1755907159380 1.2949504017829896 1
1755907159394 0.6901903122663497 2
1755907159399 0.4991744250059128 3
1755907159406 0.48634091913700106 4
1755907159411 0.4258188635110855 5
1755907159417 0.40967621356248857 6
1755907159422 0.37660673558712005 7
1755907159429 0.3541060656309128 8
1755907159434 0.31668866127729417 9
1755907159439 0.29387272149324417 10
1755907159445 0.2657856151461601 11
1755907159451 0.24810937345027922 12
1755907159457 0.20748223066329957 13
1755907159462 0.20020821541547776 14
1755907159470 0.15990049988031388 15
1755907159475 0.1539086900651455 16
1755907159480 0.14436781033873558 17
1755907159486 0.14510729163885117 18
1755907159493 0.14423501640558242 19
1755907159499 0.11943024918437004 20
1755907159506 0.13837276697158812 21
1755907159511 0.1184787057340145 22
1755907159519 0.11298999041318894 23
1755907159598 0.09201570004224777 24
1755907159663 0.0832478053867817 25
1755907159697 0.08725775182247161 26
1755907159733 0.07756498642265797 27
1755907159763 0.08305993489921093 28
1755907159774 0.0780018676072359 29
1755907159794 0.08604877963662147 30
1755907159871 0.08622549213469029 31
1755907159918 0.07387288473546505 32
1755907159929 0.096941177546978 33
1755907159935 0.06556473523378373 34
1755907159941 0.06016966477036476 35
1755907159950 0.062491634860634804 36
1755907159960 0.05600146166980267 37
