1755907159380 0.0002526396660119438 1
1755907159394 0.0005052793320238876 2
1755907159399 0.0007579189980358314 3
1755907159406 0.0010105586640477753 4
1755907159411 0.001263198330059719 5
1755907159417 0.001263198330059719 6
1755907159422 0.0012628532812240913 7
1755907159429 0.0012618185120230436 8
1755907159434 0.0012600951539615054 9
1755907159439 0.0012576850915062144 10
1755907159445 0.0012545909600250814 11
1755907159451 0.0012508161429054538 12
1755907159457 0.0012463647678544305 13
1755907159462 0.0012412417023852749 14
1755907159470 0.0012354525484948619 15
1755907159475 0.0012290036365379747 16
1755907159480 0.001221902018305157 17
1755907159486 0.0012141554593116807 18
1755907159493 0.0012057724303060717 19
1755907159499 0.0011967620980074692 20
1755907159506 0.001187134315081953 21
1755907159511 0.0011768996093687993 22
1755907159519 0.00116606917236844 23
1755907159598 0.0011546548470047248 24
1755907159663 0.0011426691146748554 25
1755907159697 0.0011301250816011616 26
1755907159733 0.0011170364644996398 27
1755907159763 0.0011034175755809256 28
1755907159774 0.0010892833069001007 29
1755907159794 0.0010746491140724507 30
1755907159871 0.0010595309993729758 31
1755907159918 0.0010439454942381373 32
1755907159929 0.0010279096411889765 33
1755907159935 0.0010114409751953667 34
1755907159941 0.000994557504501781 35
1755907159950 0.0009772776909355426 36
1755907159960 0.0009596204297190866 37
