1755907181231 0.8150785088539123 1
1755907181243 0.6058022081851959 2
1755907181250 0.5345388382673264 3
1755907181256 0.5165318280458451 4
1755907181263 0.49995197355747223 5
1755907181272 0.4989997684955597 6
1755907181279 0.44966821670532225 7
1755907181286 0.4318550735712051 8
1755907181293 0.4187928646802902 9
1755907181300 0.3759276449680328 10
1755907181307 0.34076290428638456 11
1755907181314 0.33125552237033845 12
1755907181321 0.3252479374408722 13
1755907181328 0.31671635806560516 14
1755907181335 0.29953562617301943 15
1755907181342 0.2878411650657654 16
1755907181349 0.27591323107481003 17
1755907181356 0.26439176350831983 18
1755907181363 0.24610511511564254 19
1755907181369 0.2441656544804573 20
1755907181376 0.23892566412687302 21
1755907181383 0.23046983182430267 22
1755907181389 0.2253503367304802 23
1755907181396 0.22809236794710158 24
1755907181403 0.22477633357048035 25
1755907181410 0.22856877744197845 26
1755907181417 0.2070204198360443 27
1755907181425 0.20285846889019013 28
1755907181431 0.19220344722270966 29
1755907181438 0.1866336166858673 30
1755907181445 0.1762011781334877 31
1755907181452 0.18767566978931427 32
1755907181459 0.20187438875436783 33
1755907181467 0.18087170422077178 34
1755907181475 0.19176533073186874 35
1755907181483 0.1736723154783249 36
1755907181491 0.16699103862047196 37
1755907181499 0.1748662695288658 38
1755907181510 0.1699648305773735 39
1755907181518 0.15554512292146683 40
1755907181527 0.16019266992807388 41
1755907181536 0.17051464319229126 42
1755907181544 0.15840157568454744 43
1755907181553 0.1787917733192444 44
1755907181563 0.16197793334722518 45
1755907181571 0.16295269280672073 46
1755907181578 0.15672614723443984 47
1755907181586 0.14915360659360885 48
1755907181593 0.156162728369236 49
1755907181601 0.14935924708843232 50
1755907181608 0.1509611949324608 51
1755907181616 0.15824964940547942 52
1755907181624 0.1637105017900467 53
1755907181631 0.15403284654021263 54
1755907181640 0.13901597112417222 55
1755907181647 0.13159455358982086 56
1755907181654 0.1431237980723381 57
1755907181662 0.1304307758808136 58
1755907181669 0.14804570451378823 59
1755907181676 0.1297578103840351 60
1755907181684 0.12665513679385185 61
1755907181692 0.14066262692213058 62
1755907181700 0.1626359775662422 63
1755907181708 0.13996777459979057 64
1755907181715 0.13527262657880784 65
1755907181723 0.1320535235106945 66
1755907181730 0.12931859046220778 67
1755907181737 0.1391689695417881 68
