1755907159380 1.2949503719806672 1
1755907159394 0.6901902794837952 2
1755907159399 0.4991744041442871 3
1755907159406 0.4863408923149109 4
1755907159411 0.42581884264945985 5
1755907159417 0.40967619717121123 6
1755907159422 0.37660672068595885 7
1755907159429 0.3541060507297516 8
1755907159434 0.316688646376133 9
1755907159439 0.2938727095723152 10
1755907159445 0.2657856047153473 11
1755907159451 0.2481093630194664 12
1755907159457 0.20748221576213838 13
1755907159462 0.2002082049846649 14
1755907159470 0.15990049242973328 15
1755907159475 0.1539086788892746 16
1755907159480 0.14436780139803887 17
1755907159486 0.14510727822780609 18
1755907159493 0.1442350074648857 19
1755907159499 0.11943024024367332 20
1755907159506 0.13837275579571723 21
1755907159511 0.1184786967933178 22
1755907159519 0.11298997551202775 23
1755907159598 0.09201569519937039 24
1755907159663 0.0832477979362011 25
1755907159697 0.08725774213671685 26
1755907159733 0.07756498269736767 27
1755907159763 0.0830599270761013 28
1755907159774 0.0780018612742424 29
1755907159794 0.086048773676157 30
1755907159871 0.08622548282146454 31
1755907159918 0.0738728791475296 32
1755907159929 0.0969411689788103 33
1755907159935 0.06556472927331924 34
1755907159941 0.06016965694725514 35
1755907159950 0.062491628155112264 36
1755907159960 0.056001457199454305 37
