1755980501712 1.1455226907363305 1
1755980501724 0.929753798704881 2
1755980501731 0.8216075285887107 3
1755980501736 0.7522824207941691 4
1755980501741 0.8195396203261155 5
1755980501746 0.8018344579598843 6
1755980501750 0.6681756530052576 7
1755980501755 0.6173621263259497 8
1755980501760 0.6474282519939618 9
1755980501764 0.5747015713117062 10
1755980501769 0.5441465217333573 11
1755980501774 0.5455108116834592 12
1755980501779 0.5604306306594458 13
1755980501784 0.5318048344208643 14
1755980501789 0.47162684091390705 15
1755980501794 0.48831974390225535 16
1755980501800 0.5254811346530914 17
1755980501806 0.49893946372545683 18
1755980501810 0.48890283168890536 19
1755980501816 0.45992770408972716 20
1755980501821 0.4243930089168059 21
1755980501827 0.4419886760222606 22
1755980501831 0.4358612161416274 23
1755980501837 0.4586864152015784 24
1755980501841 0.4432943623799544 25
1755980501847 0.42846928269435197 26
1755980501852 0.4170385291561102 27
1755980501857 0.45987869455264163 28
1755980501862 0.43901442793699413 29
1755980501868 0.42727340643222517 30
1755980501873 0.43674872777400875 31
1755980501878 0.4299552203753056 32
1755980501884 0.4126421003005443 33
1755980501889 0.38993408588262707 34
1755980501894 0.3736224453418683 35
1755980501899 0.3836661867606334 36
1755980501905 0.38349634408950806 37
1755980501910 0.3856443350131695 38
1755980501916 0.36369187327531666 39
1755980501921 0.37540798691602856 40
1755980501926 0.4178273929999425 41
1755980501932 0.4021059962419363 42
1755980501938 0.3824052359813299 43
1755980501943 0.39798891964631206 44
1755980501948 0.366195254218884 45
1755980501953 0.3436794017369931 46
1755980501959 0.3455746303766202 47
1755980501967 0.3697621016166149 48
1755980501973 0.36998200569397366 49
1755980501978 0.3516443879940571 50
1755980501983 0.36098832197678393 51
1755980501989 0.36690278083850175 52
1755980501994 0.3638952653377484 53
1755980502010 0.345403417180746 54
1755980502017 0.3123303086329729 55
1755980502023 0.3260662257671356 56
1755980502028 0.32017260789871216 57
1755980502034 0.31154226034115523 58
