1755980501712 0.0004193276456107112 1
1755980501724 0.0008386552912214224 2
1755980501731 0.0012579829368321335 3
1755980501736 0.0016773105824428448 4
1755980501741 0.002096638228053556 5
1755980501746 0.002096638228053556 6
1755980501750 0.0020960653406449244 7
1755980501755 0.002094347304863 8
1755980501760 0.002091485999354687 9
1755980501764 0.002087484552915548 10
1755980501769 0.0020823473410685168 11
1755980501774 0.0020760799812793236 12
1755980501779 0.0020686893268138822 13
1755980501784 0.0020601834592443415 14
1755980501789 0.002050571679612007 15
1755980501794 0.002039864498256788 16
1755980501800 0.0020280736233242954 17
1755980501806 0.0020152119479631557 18
1755980501810 0.002001293536226543 19
1755980501816 0.0019863336076933434 20
1755980501821 0.001970348520825768 21
1755980501827 0.0019533557550816174 22
1755980501831 0.0019353738918007454 23
1755980501837 0.0019164225938866444 24
1755980501841 0.0018965225843053423 25
1755980501847 0.0018756956234251474 26
1755980501852 0.0018539644852220041 27
1755980501857 0.0018313529323764838 28
1755980501862 0.001807885690289644 29
1755980501868 0.0017835884200461637 30
1755980501873 0.0017584876903543258 31
1755980501878 0.0017326109484935225 32
1755980501884 0.0017059864903010604 33
1755980501889 0.0016786434292310765 34
1755980501894 0.001650611664519404 35
1755980501899 0.0016219218484891974 36
1755980501905 0.0015926053530330654 37
1755980501910 0.0015626942353083692 38
1755980501916 0.00153222120268319 39
1755980501921 0.0015012195769713028 40
1755980501926 0.0014697232579952628 41
1755980501932 0.0014377666865174454 42
1755980501938 0.0014053848065795802 43
1755980501943 0.0013726130272919532 44
1755980501948 0.001339487184114065 45
1755980501953 0.0013060434996690822 46
1755980501959 0.0012723185441349298 47
1755980501967 0.0012383491952553396 48
1755980501973 0.0012041725980145785 49
1755980501978 0.001169826124019954 50
1755980501983 0.0011353473306365085 51
1755980501989 0.0011007739199185948 52
1755980501994 0.0010661436973832315 53
1755980502010 0.0010314945306703245 54
1755980502017 0.000996864308134961 55
1755980502023 0.0009622908974170477 56
1755980502028 0.0009278121040336022 57
1755980502034 0.0008934656300389773 58
