1755980570285 2.670227133310758 1
1755980570307 1.63270175915498 2
1755980570314 1.2645054795803168 3
1755980570322 1.0908979513706305 4
1755980570330 1.052861009652798 5
1755980570338 0.8693595650868539 6
1755980570345 0.7900354976837451 7
1755980570353 0.7130775100145584 8
1755980570361 0.6811514687843812 9
1755980570369 0.6993410977033468 10
1755980570376 0.7772544565109106 11
1755980570385 0.7250244793219444 12
1755980570393 0.7390967676272759 13
1755980570401 0.6463771042151328 14
1755980570409 0.5570708742508521 15
1755980570417 0.49739212050842935 16
1755980570425 0.5700494165603931 17
1755980570433 0.5432203534321908 18
1755980570440 0.5162472793689141 19
1755980570447 0.4000643338912573 20
1755980570456 0.4976767167831079 21
1755980570463 0.39083869411395145 22
1755980570471 0.4108461516025739 23
1755980570478 0.35423479745021236 24
1755980570486 0.41493447086749935 25
1755980570494 0.4082893221042095 26
1755980570501 0.4259406305276431 27
1755980570508 0.45135949552059174 28
1755980570515 0.3728647992396966 29
1755980570523 0.3567270720616365 30
1755980570531 0.3950600891541212 31
1755980570539 0.43018884842212385 32
1755980570546 0.3869509964417189 33
1755980570553 0.42183418495532793 34
1755980570561 0.43899305890768003 35
1755980570569 0.3594640355843764 36
1755980570576 0.3576698030034701 37
1755980570585 0.34510987481245625 38
1755980570593 0.3731375821889975 39
1755980570600 0.30827911771260774 40
1755980570608 0.3593485397406114 41
1755980570616 0.2655027388380124 42
