1755980501712 4.105195944125835 1
1755980501724 2.057288333391532 2
1755980501731 1.5981926291416853 3
1755980501736 1.2551772858087833 4
1755980501741 1.5259625025284596 5
1755980501746 1.226802564584292 6
1755980501750 0.8653589303676898 7
1755980501755 0.7217249388878162 8
1755980501760 0.8619429064102662 9
1755980501764 0.5846842940037067 10
1755980501769 0.6026910199568822 11
1755980501774 0.6269609756194628 12
1755980501779 0.6584967191402729 13
1755980501784 0.5427657144191937 14
1755980501789 0.4413878116995478 15
1755980501794 0.5337486733228732 16
1755980501800 0.5594594325774755 17
1755980501806 0.48887756314033115 18
1755980501810 0.5203675986864628 19
1755980501816 0.4287910583691719 20
1755980501821 0.3661884317795436 21
1755980501827 0.3574790297410427 22
1755980501831 0.39659555218158626 23
1755980501837 0.467703844110171 24
1755980501841 0.46125065707243407 25
1755980501847 0.3502765139326071 26
1755980501852 0.37290892238991385 27
1755980501857 0.5205197712549796 28
1755980501862 0.40730855556634754 29
1755980501868 0.37839440122628826 30
1755980501873 0.4692910577242191 31
1755980501878 0.40454761874981415 32
1755980501884 0.3734474233709849 33
1755980501889 0.29493118058412504 34
1755980501894 0.2563814837963153 35
1755980501899 0.2913217364977568 36
1755980501905 0.3082049055359302 37
1755980501910 0.29461587430574954 38
1755980501916 0.2991112717069112 39
1755980501921 0.2789973998681093 40
1755980501926 0.4518629904740896 41
1755980501932 0.3365602588806397 42
1755980501938 0.33948824191704774 43
1755980501943 0.31890390316645306 44
1755980501948 0.296864634905106 45
1755980501953 0.23157928578364542 46
1755980501959 0.2683376194192813 47
1755980501967 0.28540467260739744 48
1755980501973 0.3413693117789733 49
1755980501978 0.25936425496370363 50
1755980501983 0.25169390478195286 51
1755980501989 0.2941720267901054 52
1755980501994 0.26297865215784466 53
1755980502010 0.21486376646237496 54
1755980502017 0.19071931812243584 55
1755980502023 0.20137385450876677 56
1755980502028 0.210350174170274 57
1755980502034 0.20399763645269933 58
