1755987916461 0.8953338503837586 1
1755987916472 0.7352872014045715 2
1755987916476 0.6968810558319092 3
1755987916481 0.7016360878944397 4
1755987916486 0.7670585632324218 5
1755987916490 0.7525403022766113 6
1755987916494 0.7432191252708436 7
1755987916499 0.6420254588127137 8
1755987916504 0.6121613144874573 9
1755987916508 0.5214971303939819 10
1755987916513 0.5260189056396485 11
1755987916517 0.48738827705383303 12
1755987916522 0.4629040241241455 13
1755987916526 0.45025540590286256 14
1755987916531 0.42496480941772463 15
1755987916535 0.43658921122550964 16
1755987916540 0.3889776110649109 17
1755987916544 0.410254567861557 18
1755987916549 0.3777629554271698 19
1755987916555 0.3851513624191284 20
1755987916559 0.3751040279865265 21
1755987916564 0.4129111051559448 22
1755987916569 0.3660971879959106 23
1755987916573 0.3658078670501709 24
1755987916578 0.36467782258987425 25
1755987916583 0.3557101547718048 26
1755987916587 0.33504282832145693 27
1755987916592 0.325088369846344 28
1755987916597 0.32462371587753297 29
1755987916602 0.33746079802513124 30
1755987916607 0.3486546814441681 31
1755987916611 0.32358814477920533 32
1755987916616 0.31898778676986694 33
1755987916621 0.3217953085899353 34
1755987916626 0.31052489280700685 35
1755987916631 0.3063102960586548 36
1755987916635 0.28524234890937805 37
1755987916640 0.270681893825531 38
1755987916645 0.27444602847099303 39
1755987916650 0.27682048082351685 40
1755987916655 0.2777776837348938 41
1755987916661 0.2907674551010132 42
1755987916666 0.2836805760860443 43
1755987916671 0.26981603503227236 44
1755987916676 0.27980809807777407 45
1755987916681 0.26495782732963563 46
1755987916686 0.27358055114746094 47
1755987916691 0.2555488348007202 48
1755987916696 0.2657705843448639 49
1755987916701 0.26910688877105715 50
1755987916706 0.27417469024658203 51
1755987916711 0.2630609929561615 52
1755987916716 0.2525737792253494 53
1755987916721 0.2606989860534668 54
1755987916726 0.23260215520858765 55
1755987916731 0.24864689707756044 56
1755987916736 0.24245585501194 57
1755987916741 0.25123584270477295 58
1755987916747 0.24389571249485015 59
1755987916752 0.23228368163108826 60
1755987916757 0.23352498710155487 61
1755987916762 0.22315729558467864 62
1755987916767 0.2222976267337799 63
1755987916773 0.2256519764661789 64
1755987916778 0.22161803245544434 65
1755987916783 0.2167723149061203 66
1755987916788 0.21946662962436675 67
1755987916794 0.2082015246152878 68
1755987916799 0.20507138967514038 69
1755987916804 0.21513351798057556 70
1755987916810 0.2129777640104294 71
1755987916816 0.2197211802005768 72
1755987916822 0.20875765681266784 73
1755987916827 0.20989551544189453 74
1755987916833 0.20592211186885834 75
1755987916838 0.20453064739704133 76
