1755987916461 1.3952996373176574 1
1755987916472 0.9456874132156372 2
1755987916476 0.8599300622940064 3
1755987916481 0.9179045200347901 4
1755987916486 1.023286521434784 5
1755987916490 1.0275949478149413 6
1755987916494 0.9923145055770874 7
1755987916499 0.7176826357841491 8
1755987916504 0.6589734196662903 9
1755987916508 0.47495158314704894 10
1755987916513 0.4764115571975708 11
1755987916517 0.4021921455860138 12
1755987916522 0.3723453938961029 13
1755987916526 0.3504282534122467 14
1755987916531 0.31381461024284363 15
1755987916535 0.3295706152915955 16
1755987916540 0.2680466830730438 17
1755987916544 0.29888089895248415 18
1755987916549 0.2551172494888306 19
1755987916555 0.2518959939479828 20
1755987916559 0.2494739919900894 21
1755987916564 0.3148101091384888 22
1755987916569 0.24639714062213897 23
1755987916573 0.2417191118001938 24
1755987916578 0.23991938531398774 25
1755987916583 0.21897040009498597 26
1755987916587 0.19273790419101716 27
1755987916592 0.19072186648845674 28
1755987916597 0.1852641522884369 29
1755987916602 0.19900434613227844 30
1755987916607 0.21610015332698823 31
1755987916611 0.18138081431388856 32
1755987916616 0.17991214692592622 33
1755987916621 0.18348514139652253 34
1755987916626 0.17233284413814545 35
1755987916631 0.16699310541152954 36
1755987916635 0.14628504812717438 37
1755987916640 0.13471354991197587 38
1755987916645 0.13392734825611113 39
1755987916650 0.13525584042072297 40
1755987916655 0.13749866038560868 41
1755987916661 0.1471333920955658 42
1755987916666 0.13946231156587602 43
1755987916671 0.12785665690898895 44
1755987916676 0.14120763391256333 45
1755987916681 0.1275719076395035 46
1755987916686 0.1300231084227562 47
1755987916691 0.112165766954422 48
1755987916696 0.12478663474321365 49
1755987916701 0.1291061595082283 50
1755987916706 0.12879806756973267 51
1755987916711 0.12483000308275223 52
1755987916716 0.11458315849304199 53
1755987916721 0.11616964489221573 54
1755987916726 0.09513656795024872 55
1755987916731 0.10932682752609253 56
1755987916736 0.10566676557064056 57
1755987916741 0.10771824717521668 58
1755987916747 0.10264279395341873 59
1755987916752 0.09517526924610138 60
1755987916757 0.09681550860404968 61
1755987916762 0.08660180419683457 62
1755987916767 0.0836192637681961 63
1755987916773 0.08885344862937927 64
1755987916778 0.08573117107152939 65
1755987916783 0.08194699585437774 66
1755987916788 0.08119756877422332 67
1755987916794 0.0774514138698578 68
1755987916799 0.07404347807168961 69
1755987916804 0.07988149374723434 70
1755987916810 0.07910339683294296 71
1755987916816 0.08241509199142456 72
1755987916822 0.07609094679355621 73
1755987916827 0.07540846914052964 74
1755987916833 0.07315547913312911 75
1755987916838 0.07246347516775131 76
