1755988294104 1.7139866709709168 1
1755988294117 1.2341902613639832 2
1755988294125 1.0781339824199676 3
1755988294132 0.9577946662902832 4
1755988294140 0.7703572750091553 5
1755988294148 0.6428450912237167 6
1755988294156 0.5438016831874848 7
1755988294164 0.43860829770565035 8
1755988294172 0.42858506739139557 9
1755988294180 0.36455094516277314 10
1755988294187 0.4129275381565094 11
1755988294195 0.39544332325458526 12
1755988294202 0.3841198176145554 13
1755988294210 0.39756333231925967 14
1755988294218 0.318367075920105 15
1755988294226 0.30848539620637894 16
1755988294234 0.29948216676712036 17
1755988294241 0.2944230556488037 18
1755988294249 0.2014629974961281 19
1755988294256 0.19560398459434508 20
1755988294264 0.17752586007118226 21
1755988294272 0.1879303127527237 22
1755988294281 0.17100798785686494 23
1755988294289 0.16865621358156205 24
1755988294297 0.1512981839478016 25
1755988294306 0.15013370364904405 26
1755988294314 0.15933929458260537 27
1755988294323 0.16117149367928504 28
1755988294331 0.14374794363975524 29
1755988294340 0.21300490200519562 30
1755988294351 0.19818715304136275 31
1755988294360 0.1715835899114609 32
1755988294369 0.14227488934993743 33
1755988294378 0.11041863411664962 34
1755988294387 0.1100008673965931 35
1755988294395 0.11027905941009522 36
1755988294404 0.10445086732506752 37
1755988294412 0.11718709841370582 38
1755988294421 0.12250272855162621 39
1755988294428 0.10261152237653733 40
1755988294436 0.09974740222096443 41
1755988294445 0.08973169475793838 42
1755988294453 0.08408850021660327 43
1755988294461 0.08899143934249878 44
1755988294469 0.086882234364748 45
1755988294478 0.08210190758109093 46
1755988294488 0.08756666257977486 47
1755988294497 0.09861343428492546 48
1755988294506 0.1038846530020237 49
1755988294515 0.09075878337025642 50
1755988294523 0.07819803953170776 51
1755988294532 0.08177504017949104 52
1755988294540 0.0674927219748497 53
1755988294548 0.07532796077430248 54
1755988294556 0.06763898804783822 55
1755988294564 0.06430071890354157 56
1755988294573 0.0659407339990139 57
1755988294581 0.06623699180781842 58
1755988294589 0.06670665666460991 59
1755988294598 0.06007476598024368 60
1755988294606 0.0651871006935835 61
1755988294615 0.057657428458333014 62
1755988294624 0.05502963997423649 63
1755988294634 0.058469975367188454 64
1755988294643 0.05729816742241382 65
1755988294652 0.06667233370244503 66
1755988294661 0.06154031455516815 67
1755988294670 0.051017787866294385 68
1755988294680 0.054346168786287306 69
1755988294689 0.04805109985172749 70
1755988294698 0.048321285471320155 71
1755988294707 0.051282889768481256 72
1755988294716 0.05086054354906082 73
1755988294724 0.04475803785026074 74
1755988294733 0.0505965631455183 75
1755988294741 0.042873648926615715 76
1755988294750 0.0512171421200037 77
1755988294758 0.0458141628652811 78
1755988294767 0.040816763788461684 79
1755988294776 0.05532505698502064 80
1755988294784 0.044436414167284964 81
1755988294794 0.04760714024305344 82
1755988294804 0.04175492711365223 83
1755988294813 0.04720046501606703 84
