1755988251794 0.00038467060219988917 1
1755988251804 0.0007693412043997783 2
1755988251809 0.0011540118065996676 3
1755988251813 0.0015386824087995567 4
1755988251818 0.001923353010999446 5
1755988251822 0.001923353010999446 6
1755988251826 0.0019228274948009897 7
1755988251831 0.001921251520849868 8
1755988251836 0.0019186268124504584 9
1755988251841 0.0019149562396828601 10
1755988251846 0.0019102438162645037 11
1755988251851 0.00190449469516121 12
1755988251855 0.0018977151629524975 13
1755988251863 0.0018899126329573006 14
1755988251868 0.0018810956371276134 15
1755988251874 0.0018712738167189257 16
1755988251878 0.0018604579117476522 17
1755988251883 0.0018486597492470814 18
1755988251888 0.0018358922303346884 19
1755988251892 0.0018221693161049534 20
1755988251897 0.0018075060123631088 21
1755988251902 0.0017919183532165122 22
1755988251907 0.0017754233835415836 23
1755988251912 0.001758039140345487 24
1755988251917 0.001739784633042924 25
1755988251922 0.00172067982266962 26
1755988251926 0.001700745600055224 27
1755988251931 0.0016800037629794938 28
1755988251936 0.0016584769923367433 29
1755988251940 0.0016361888273346166 30
1755988251945 0.0016131636397543133 31
1755988251950 0.0015894266073003989 32
1755988251955 0.0015650036860693588 33
1755988251960 0.0015399215821669853 34
1755988251965 0.001514207722505644 35
1755988251969 0.0014878902248133472 36
1755988251974 0.001460997866887432 37
1755988251979 0.0014335600551264609 38
1755988251984 0.0014056067923747563 39
1755988251989 0.0013771686451147316 40
1755988251995 0.0013482767100428915 41
1755988251999 0.0013189625800660491 42
1755988252005 0.001289258309754949 43
1755988252010 0.0012591963802930624 44
1755988252015 0.0012288096639588913 45
1755988252020 0.0011981313881806136 46
1755988252025 0.001167195099202379 47
1755988252030 0.0011360346254019832 48
1755988252036 0.0011046840403000332 49
1755988252041 0.001073177625301054 50
1755988252046 0.001041549832207274 51
1755988252051 0.0010098352455460862 52
1755988252056 0.000978068544752377 53
1755988252061 0.0009462844662470692 54
1755988252067 0.0009145177654533596 55
1755988252072 0.0008828031787921724 56
1755988252077 0.0008511753856983922 57
1755988252082 0.0008196689706994126 58
1755988252087 0.0007883183855974632 59
1755988252093 0.0007571579117970673 60
1755988252098 0.0007262216228188326 61
1755988252103 0.000695543347040555 62
1755988252108 0.0006651566307063836 63
1755988252114 0.0006350947012444969 64
1755988252119 0.0006053904309333966 65
1755988252124 0.0005760763009565547 66
1755988252129 0.0005471843658847144 67
1755988252135 0.0005187462186246898 68
