1756057673020 1.2971406072378158 1
1756057673034 0.9229546070098877 2
1756057673043 0.9962037712335586 3
1756057673052 0.8216029331088066 4
1756057673065 0.8020341143012046 5
1756057673074 0.627906110882759 6
1756057673083 0.6730378076434136 7
1756057673092 0.6169148981571198 8
1756057673101 0.5278947070240975 9
1756057673109 0.5278583943843842 10
1756057673117 0.5105998873710632 11
1756057673126 0.6701490879058838 12
1756057673135 0.5515661280602216 13
1756057673145 0.4182956174015999 14
1756057673154 0.4157232463359833 15
1756057673163 0.3795969359576702 16
1756057673172 0.422763479501009 17
1756057673180 0.4432702727615833 18
1756057673189 0.43905980736017225 19
1756057673198 0.33508785963058474 20
1756057673207 0.3420096389949322 21
1756057673215 0.31747134774923325 22
1756057673224 0.3540171556174755 23
1756057673233 0.2756714180111885 24
1756057673242 0.3251627333462238 25
1756057673251 0.3708492636680603 26
1756057673260 0.3161365531384945 27
1756057673270 0.3169930838048458 28
1756057673278 0.28058119416236876 29
1756057673287 0.2720803879201412 30
1756057673295 0.2799865730106831 31
1756057673304 0.3064942009747028 32
1756057673312 0.3745255932211876 33
1756057673321 0.30396570563316344 34
1756057673330 0.3008022360503674 35
1756057673339 0.26881811320781707 36
1756057673349 0.29167290925979616 37
1756057673358 0.30606034100055696 38
1756057673367 0.3065258350223303 39
1756057673376 0.3050439365208149 40
1756057673385 0.24352103620767593 41
1756057673394 0.23843669667840003 42
1756057673402 0.2161951892077923 43
1756057673427 0.2419345773756504 44
1756057673438 0.2218850702047348 45
1756057673448 0.24963963627815247 46
1756057673456 0.29902789145708086 47
1756057673466 0.3058981031179428 48
1756057673476 0.19606814682483673 49
1756057673486 0.32601513490080836 50
1756057673495 0.27432735487818716 51
1756057673505 0.282991087436676 52
1756057673515 0.3261358864605427 53
1756057673524 0.2917758546769619 54
1756057673533 0.2511856183409691 55
1756057673542 0.2467172436416149 56
1756057673552 0.22776207476854324 57
1756057673561 0.21493195742368698 58
1756057673570 0.30795465782284737 59
1756057673580 0.18479847498238086 60
1756057673590 0.23994973674416542 61
1756057673601 0.24383582845330237 62
1756057673610 0.2325776256620884 63
1756057673620 0.18392146676778792 64
1756057673629 0.1983495507389307 65
1756057673638 0.18000545017421246 66
1756057673648 0.17086039260029792 67
1756057673657 0.17082259953022003 68
1756057673667 0.17550701089203358 69
1756057673677 0.1749661397188902 70
