1756057605808 1.9812047753483057 1
1756057605817 1.3745833426713943 2
1756057605823 1.4966874063014983 3
1756057605827 1.528275465965271 4
1756057605832 1.057665254175663 5
1756057605837 0.708862566947937 6
1756057605842 0.6374677136540413 7
1756057605848 0.5744170039892197 8
1756057605853 0.5344775095582008 9
1756057605858 0.5706384152173996 10
1756057605863 0.6313523054122925 11
1756057605868 0.4525738202035427 12
1756057605874 0.4966095581650734 13
1756057605879 0.4332102671265602 14
1756057605885 0.39698889255523684 15
1756057605890 0.38612741604447365 16
1756057605896 0.49332859069108964 17
1756057605901 0.49265256598591806 18
1756057605906 0.3356378749012947 19
1756057605912 0.3362989082932472 20
1756057605917 0.30662249475717546 21
1756057605923 0.2949881352484226 22
1756057605928 0.3478453554213047 23
1756057605933 0.45302928388118746 24
1756057605938 0.40765641927719115 25
1756057605944 0.37753828056156635 26
1756057605950 0.3102838657796383 27
1756057605956 0.3235853724181652 28
1756057605961 0.37155080661177636 29
1756057605967 0.28502952605485915 30
1756057605973 0.4618594318628311 31
1756057605979 0.3157406188547611 32
1756057605984 0.34453447386622427 33
1756057605990 0.24765555113554 34
1756057605995 0.21537301244679838 35
1756057606001 0.25165694057941435 36
1756057606006 0.29935162961483003 37
1756057606012 0.2520412176847458 38
1756057606017 0.2672375999391079 39
1756057606022 0.22293059192597867 40
1756057606028 0.24806264713406562 41
1756057606033 0.2670073591172695 42
1756057606039 0.21953453198075296 43
1756057606045 0.35699521079659463 44
1756057606051 0.203531326726079 45
1756057606057 0.27921939417719843 46
1756057606062 0.18115725852549075 47
1756057606068 0.20191565714776516 48
1756057606074 0.2066754326224327 49
1756057606081 0.17434586882591246 50
1756057606086 0.1595365282148123 51
1756057606092 0.18816214427351952 52
1756057606097 0.2625915132462978 53
1756057606113 0.5017255265265703 54
1756057606120 0.24205617867410184 55
1756057606126 0.22107924781739713 56
1756057606133 0.17616445235908032 57
1756057606140 0.18259318843483924 58
1756057606145 0.12853721119463443 59
1756057606152 0.2703335613012314 60
1756057606158 0.27133660316467284 61
1756057606172 0.12564024403691293 62
1756057606179 0.14116077721118928 63
1756057606185 0.3228431161493063 64
1756057606192 0.16202380657196044 65
1756057606198 0.20121381804347038 66
