1756057673020 1.7764133274555207 1
1756057673034 1.154015702009201 2
1756057673043 1.24918752014637 3
1756057673052 1.1666750580072403 4
1756057673065 1.0580110177397728 5
1756057673074 0.7396399438381195 6
1756057673083 0.8307800382375717 7
1756057673092 0.6987445965409279 8
1756057673101 0.6075898602604866 9
1756057673109 0.5630088672041893 10
1756057673117 0.6057107403874398 11
1756057673126 0.831766563653946 12
1756057673135 0.6149641647934914 13
1756057673145 0.4678385332226753 14
1756057673154 0.5172744035720825 15
1756057673163 0.4669283777475357 16
1756057673172 0.5077626004815101 17
1756057673180 0.49507535696029664 18
1756057673189 0.4895030304789543 19
1756057673198 0.3632733553647995 20
1756057673207 0.3636902682483196 21
1756057673215 0.3510108806192875 22
1756057673224 0.3891276255249977 23
1756057673233 0.3298811599612236 24
1756057673242 0.3514232516288757 25
1756057673251 0.40584590584039687 26
1756057673260 0.3769052982330322 27
1756057673270 0.34521643817424774 28
1756057673278 0.29864265471696855 29
1756057673287 0.28850704357028006 30
1756057673295 0.3051861174404621 31
1756057673304 0.31890162602066996 32
1756057673312 0.4084698215126991 33
1756057673321 0.3273990832269192 34
1756057673330 0.3112178824841976 35
1756057673339 0.2931323736906052 36
1756057673349 0.3415152318775654 37
1756057673358 0.2997030965983868 38
1756057673367 0.339400889724493 39
1756057673376 0.3595244996249676 40
1756057673385 0.2745328962802887 41
1756057673394 0.26318796202540395 42
1756057673402 0.23753937780857087 43
1756057673427 0.28775089234113693 44
1756057673438 0.24551717489957808 45
1756057673448 0.2610902853310108 46
1756057673456 0.310628991574049 47
1756057673466 0.32421703934669494 48
1756057673476 0.2081774953752756 49
1756057673486 0.40395331382751465 50
1756057673495 0.30037903524935244 51
1756057673505 0.3304557614028454 52
1756057673515 0.3538452133536339 53
1756057673524 0.2989437706768513 54
1756057673533 0.24952961280941963 55
1756057673542 0.26970184221863747 56
1756057673552 0.24881526529788972 57
1756057673561 0.23916255533695222 58
1756057673570 0.3278329871594906 59
1756057673580 0.18890130175277592 60
1756057673590 0.2946457386016846 61
1756057673601 0.2542882449924946 62
1756057673610 0.24744813106954097 63
1756057673620 0.1975081641227007 64
1756057673629 0.20037396624684334 65
1756057673638 0.18817904591560364 66
1756057673648 0.1861351728439331 67
1756057673657 0.1971383921802044 68
1756057673667 0.18118849247694016 69
1756057673677 0.18021826781332492 70
