1756057673020 0.8583404093980789 1
1756057673034 0.7261365741491318 2
1756057673043 0.7322544515132904 3
1756057673052 0.6682053744792938 4
1756057673065 0.6820809602737427 5
1756057673074 0.5945564597845078 6
1756057673083 0.6336866542696953 7
1756057673092 0.5883379772305488 8
1756057673101 0.5500081598758697 9
1756057673109 0.5427328586578369 10
1756057673117 0.5335668593645095 11
1756057673126 0.5933407112956047 12
1756057673135 0.5652019411325455 13
1756057673145 0.49191139042377474 14
1756057673154 0.4780759409070015 15
1756057673163 0.46067996621131896 16
1756057673172 0.4748403549194336 17
1756057673180 0.4954591169953346 18
1756057673189 0.5085915625095367 19
1756057673198 0.4374509140849113 20
1756057673207 0.4325396403670311 21
1756057673215 0.423995603621006 22
1756057673224 0.4503002405166626 23
1756057673233 0.4016753301024437 24
1756057673242 0.42593791484832766 25
1756057673251 0.45025796741247176 26
1756057673260 0.42632376700639724 27
1756057673270 0.42384595721960067 28
1756057673278 0.40921125560998917 29
1756057673287 0.39878095537424085 30
1756057673295 0.3936659052968025 31
1756057673304 0.41301077157258986 32
1756057673312 0.46457150429487226 33
1756057673321 0.4254938751459122 34
1756057673330 0.4254420831799507 35
1756057673339 0.39353509396314623 36
1756057673349 0.397651781141758 37
1756057673358 0.4172506809234619 38
1756057673367 0.39192084819078443 39
1756057673376 0.4052667200565338 40
1756057673385 0.37230097204446794 41
1756057673394 0.373438723385334 42
1756057673402 0.3500651210546494 43
1756057673427 0.3632569059729576 44
1756057673438 0.35777958780527114 45
1756057673448 0.3577734500169754 46
1756057673456 0.4046442598104477 47
1756057673466 0.41703696697950365 48
1756057673476 0.3448329269886017 49
1756057673486 0.3605301514267921 50
1756057673495 0.40220519751310346 51
1756057673505 0.3893180251121521 52
1756057673515 0.42907192558050156 53
1756057673524 0.4081763163208961 54
1756057673533 0.3754152774810791 55
1756057673542 0.3775629997253418 56
1756057673552 0.3524538278579712 57
1756057673561 0.34360918700695037 58
1756057673570 0.3830712020397186 59
1756057673580 0.3269092731177807 60
1756057673590 0.3586031571030617 61
1756057673601 0.37318937480449677 62
1756057673610 0.358637298643589 63
1756057673620 0.3225492909550667 64
1756057673629 0.3300235435366631 65
1756057673638 0.3254635572433472 66
1756057673648 0.32591533064842226 67
1756057673657 0.3142218515276909 68
1756057673667 0.31162831261754037 69
1756057673677 0.312255334854126 70
