1756057638454 0.8586607187986374 1
1756057638464 0.7622963488101959 2
1756057638471 0.653121143579483 3
1756057638478 0.6755050987005233 4
1756057638485 0.6227636873722077 5
1756057638491 0.6897768169641495 6
1756057638498 0.6143448278307915 7
1756057638505 0.556227394938469 8
1756057638512 0.5193150654435158 9
1756057638519 0.5272470146417618 10
1756057638526 0.518605200946331 11
1756057638533 0.5532642483711243 12
1756057638540 0.49151850789785384 13
1756057638547 0.547867776453495 14
1756057638554 0.5385871052742004 15
1756057638561 0.5832763150334358 16
1756057638569 0.5329243332147598 17
1756057638576 0.4847042366862297 18
1756057638583 0.45958647429943084 19
1756057638590 0.4550711065530777 20
1756057638597 0.43928011506795883 21
1756057638604 0.4745131567120552 22
1756057638611 0.5358101084828377 23
1756057638619 0.4976897269487381 24
1756057638626 0.47048999816179277 25
1756057638633 0.4641376346349716 26
1756057638640 0.4874099761247635 27
1756057638648 0.48379908949136735 28
1756057638655 0.4554051890969276 29
1756057638662 0.4279163330793381 30
1756057638669 0.4462186634540558 31
1756057638676 0.44860258847475054 32
1756057638683 0.4274672642350197 33
1756057638690 0.38002254590392115 34
1756057638697 0.37621674686670303 35
1756057638705 0.37639164477586745 36
1756057638712 0.4383198440074921 37
1756057638720 0.4503868043422699 38
1756057638728 0.41045818030834197 39
1756057638735 0.43306294083595276 40
1756057638743 0.43507082015275955 41
1756057638750 0.3934276431798935 42
1756057638758 0.39734054654836654 43
1756057638765 0.38990887999534607 44
1756057638772 0.42957480400800707 45
1756057638779 0.4041524276137352 46
1756057638787 0.37028707563877106 47
1756057638794 0.37398785799741746 48
1756057638801 0.37668469846248626 49
1756057638810 0.3837502434849739 50
1756057638817 0.35806191712617874 51
1756057638825 0.4007042109966278 52
1756057638833 0.3668986424803734 53
1756057638841 0.34499473720788953 54
1756057638848 0.34183080047369 55
1756057638856 0.31519886553287507 56
1756057638863 0.31730498746037483 57
1756057638870 0.3217841491103172 58
1756057638878 0.34913876503705976 59
1756057638886 0.31935551911592486 60
1756057638893 0.3712925657629967 61
1756057638902 0.3894668363034725 62
1756057638909 0.3646729916334152 63
1756057638918 0.35194177031517027 64
