1756067298379 2.2408008840348987 1
1756067298388 1.8510765587842022 2
1756067298395 2.5623133999330028 3
1756067298404 2.327916412441819 4
1756067298411 2.2603445649147034 5
1756067298421 1.3906878034273784 6
1756067298430 0.9409690488267828 7
1756067298437 0.9528959040288572 8
1756067298446 0.8621568216217889 9
1756067298454 0.874969090576525 10
1756067298461 0.7156482018806316 11
1756067298468 0.7499152598557649 12
1756067298477 0.6148095351678354 13
1756067298485 0.5315915638649905 14
1756067298492 0.5873656239774492 15
1756067298498 0.5469901528623369 16
1756067298506 0.533788067875085 17
1756067298515 0.4734136705045347 18
1756067298523 0.43571255880373494 19
1756067298531 0.5138429922086222 20
1756067298541 0.5938343985213174 21
1756067298549 0.517850058498206 22
1756067298558 0.47692791289753383 23
1756067298568 0.5542873712601485 24
1756067298577 0.43728892339600456 25
1756067298586 0.3267335246006648 26
1756067298594 0.37341241593714114 27
1756067298603 0.3215024736192491 28
1756067298611 0.3450759963856803 29
1756067298620 0.29989072735662814 30
1756067298628 0.3445804797940784 31
1756067298637 0.3290179360795904 32
1756067298645 0.42576778928438824 33
1756067298655 0.3686676820119222 34
1756067298663 0.3951638065002583 35
1756067298672 0.38937124444378746 36
1756067298680 0.32618298795488143 37
1756067298689 0.263609669274754 38
1756067298695 0.34662429326110417 39
1756067298702 0.31193871713346905 40
1756067298709 0.2431096801603282 41
1756067298716 0.2632651130358378 42
1756067298727 0.26039354668723214 43
1756067298736 0.21792338291803995 44
1756067298745 0.2609215017270159 45
1756067298753 0.25612846789536653 46
1756067298762 0.22506889507726388 47
1756067298769 0.2787049600371608 48
1756067298779 0.254495515315621 49
1756067298788 0.22683661982969003 50
1756067298797 0.189528688788414 51
1756067298806 0.24052063624064127 52
1756067298815 0.2212141247259246 53
1756067298823 0.24116301729723258 54
1756067298832 0.25434366310084305 55
1756067298841 0.2865232477585475 56
1756067298850 0.2238975801953563 57
1756067298858 0.26071997814708286 58
1756067298868 0.2038805368873808 59
1756067298875 0.2917349562048912 60
1756067298883 0.18591630872752932 61
1756067298892 0.18860092234832268 62
1756067298901 0.18650185068448386 63
1756067298910 0.18634385974318893 64
1756067298918 0.19268953110332843 65
1756067298927 0.17450588638031925 66
1756067298935 0.3048089748179471 67
1756067298944 0.37685046676132417 68
1756067298953 0.2673711155851682 69
1756067298962 0.20396469561038194 70
1756067298970 0.2221442640379623 71
1756067298979 0.19501349523111625 72
1756067298987 0.15995209084616768 73
1756067298995 0.158353538148933 74
1756067299004 0.19331920698837 75
1756067299012 0.1508420264279401 76
1756067299021 0.19504023288135175 77
1756067299030 0.15725939789855922 78
1756067299038 0.13730078135375623 79
1756067299046 0.13828584579405961 80
1756067299054 0.18033771658385242 81
1756067299063 0.153161456739461 82
1756067299072 0.13276436717973816 83
1756067299080 0.16242302140152012 84
1756067299088 0.13814236347874007 85
1756067299096 0.1479413477634942 86
1756067299104 0.14988729468098394 87
1756067299112 0.17735393980035075 88
1756067299121 0.14539938751194212 89
1756067299129 0.1610586903989315 90
1756067299137 0.12387668672535154 91
1756067299146 0.13051299047138956 92
1756067299155 0.13545280736353663 93
1756067299163 0.10639270132890453 94
1756067299173 0.10177484816975063 95
1756067299181 0.1355633563189595 96
1756067299190 0.12266693967911932 97
1756067299201 0.11987811023438419 98
1756067299208 0.1454392579142694 99
1756067299217 0.11641174430648486 100
1756067299225 0.13957231077882978 101
1756067299233 0.11910870933422336 102
1756067299242 0.11268381677843907 103
1756067299250 0.14671095253692734 104
1756067299258 0.1277270357090014 105
1756067299266 0.09690997970324976 106
1756067299273 0.11774544597223953 107
1756067299281 0.10211149630723176 108
1756067299288 0.11424613012759774 109
1756067299295 0.13683243261443245 110
1756067299303 0.12165071290952188 111
1756067299311 0.09293919318804035 112
1756067299319 0.1217837078427827 113
1756067299328 0.10547849646321049 114
1756067299337 0.10650893852666572 115
1756067299345 0.11825005737719713 116
1756067299353 0.1025462734202544 117
1756067299362 0.09269440381063355 118
1756067299370 0.15136805204329667 119
1756067299379 0.10214264511510178 120
1756067299388 0.08334602043032646 121
1756067299397 0.08997581843976621 122
1756067299405 0.08835485646570171 123
1756067299414 0.07636828403230067 124
1756067299422 0.08221925408751876 125
1756067299432 0.08801241212145046 126
1756067299442 0.08573232818808821 127
1756067299452 0.10081284313842102 128
1756067299461 0.0976478366388215 129
1756067299471 0.09859154552773193 130
1756067299481 0.09424937185313967 131
1756067299491 0.09913895141195368 132
1756067299502 0.11046234421707966 133
1756067299512 0.09549948124697914 134
1756067299523 0.08196516900702759 135
1756067299532 0.09020130750205782 136
1756067299541 0.07713197144093337 137
1756067299551 0.09262108968363868 138
1756067299560 0.10288413462263567 139
1756067299570 0.0746168902626744 140
1756067299581 0.0802370006977408 141
1756067299592 0.08654417621868628 142
1756067299602 0.09736976524194081 143
1756067299613 0.09015747125226038 144
1756067299626 0.090137155243644 145
1756067299636 0.08659665258946242 146
