1755981826571 0.894118379462849 1
1755981826591 0.8384376992652942 2
1755981826600 0.7967475718492038 3
1755981826608 0.7208319468931719 4
1755981826615 0.7345216641952466 5
1755981826623 0.6805245009335604 6
1755981826631 0.6546773341569033 7
1755981826640 0.5787735167261842 8
1755981826648 0.6107493983460711 9
1755981826657 0.5836826001668906 10
1755981826665 0.5796857247878979 11
1755981826673 0.5432462088473431 12
1755981826681 0.5166580363527521 13
1755981826689 0.5227047936482863 14
1755981826697 0.5148757893543738 15
1755981826704 0.4911429533710727 16
1755981826713 0.49959041739439036 17
1755981826721 0.4845682549012172 18
1755981826730 0.498066279214698 19
1755981826738 0.4972764981257451 20
1755981826747 0.48543034706796917 21
1755981826755 0.4486889560501297 22
1755981826763 0.4853190938373665 23
1755981826771 0.4835410880578029 24
1755981826778 0.4355800879466069 25
1755981826787 0.4615261469568525 26
1755981826795 0.44297699572203997 27
1755981826804 0.4734873270446604 28
1755981826812 0.4641596164022173 29
1755981826820 0.4284779154635095 30
1755981826828 0.40493396137441906 31
1755981826836 0.41146285735167465 32
1755981826845 0.40312876523315133 33
1755981826855 0.4177609405347279 34
1755981826864 0.4271288119353257 35
1755981826873 0.39954614639282227 36
1755981826882 0.41734924099662085 37
1755981826890 0.40307447062684343 38
1755981826899 0.39077572892238566 39
1755981826908 0.41658865941035284 40
1755981826917 0.3820357225932084 41
