1755981678219 1.7608656809701548 1
1755981678233 1.0600773455309016 2
1755981678240 1.1712960298959312 3
1755981678247 1.2102446556091309 4
1755981678252 1.1197245585453974 5
1755981678258 0.9978233738379045 6
1755981678263 0.814564944474728 7
1755981678267 0.7570556953742906 8
1755981678272 0.7914418841337229 9
1755981678277 0.6564268220167655 10
1755981678282 0.6242307279404108 11
1755981678287 0.6901417392027842 12
1755981678291 0.5872558552723426 13
1755981678296 0.5681026985312437 14
1755981678301 0.5639359616226964 15
1755981678306 0.4885349935525424 16
1755981678311 0.5017792254492834 17
1755981678315 0.5438814904395636 18
1755981678320 0.5370665091972846 19
1755981678326 0.5559042398031656 20
1755981678332 0.4664330368305182 21
1755981678338 0.4262849465980158 22
1755981678343 0.42837324651417796 23
1755981678348 0.44177082214843144 24
1755981678353 0.4512994116196385 25
1755981678359 0.4674279031815467 26
1755981678364 0.3950418445777583 27
1755981678369 0.4053943049791571 28
1755981678375 0.4052299199166236 29
1755981678381 0.46133053089891163 30
1755981678386 0.42031182232615233 31
1755981678391 0.34579605086670295 32
1755981678397 0.49730395999821747 33
1755981678402 0.4449934440773803 34
1755981678408 0.46274142296283277 35
