1755981678219 0.0003336805356491334 1
1755981678233 0.0006673610712982668 2
1755981678240 0.0010010416069474001 3
1755981678247 0.0013347221425965335 4
1755981678252 0.001668402678245667 5
1755981678258 0.001668402678245667 6
1755981678263 0.0016679468581586414 7
1755981678267 0.0016665798963301376 8
1755981678272 0.0016643032875128454 9
1755981678277 0.001661119521145082 10
1755981678282 0.0016570320786286265 11
1755981678287 0.0016520454295218597 12
1755981678291 0.0016461650266523667 13
1755981678296 0.0016393973001543498 14
1755981678301 0.001631749650437372 15
1755981678306 0.001623230440094117 16
1755981678311 0.0016138489847560178 17
1755981678315 0.0016036155429067491 18
1755981678320 0.001592541304664727 19
1755981678326 0.0015806383795468793 20
1755981678332 0.0015679197832270649 21
1755981678338 0.0015543994233036278 22
1755981678343 0.001540092084091639 23
1755981678348 0.0015250134104564698 24
1755981678353 0.001509179890706357 25
1755981678359 0.0014926088385626818 26
1755981678364 0.0014753183742276697 27
1755981678369 0.0014573274045702148 28
1755981678375 0.0014386556024514972 29
1755981678381 0.0014193233852129966 30
1755981678386 0.001399351892350431 31
1755981678391 0.001378762962398027 32
1755981678397 0.0013575791090484036 33
1755981678402 0.0013358234965341806 34
1755981678408 0.0013135199142982295 35
