1756058726102 0.8952861815690994 1
1756058726112 0.8495957463979721 2
1756058726118 0.7305892586708069 3
1756058726124 0.6742856591939926 4
1756058726130 0.7051384404301644 5
1756058726136 0.6624147146940231 6
1756058726142 0.5991923257708549 7
1756058726148 0.5864923790097236 8
1756058726154 0.5492355704307557 9
1756058726160 0.5355458855628967 10
1756058726166 0.5698481291532517 11
1756058726172 0.556720931828022 12
1756058726179 0.533539456129074 13
1756058726185 0.5973241955041886 14
1756058726191 0.5325566738843918 15
1756058726197 0.49454920291900634 16
1756058726203 0.48814655393362044 17
1756058726210 0.4877858251333237 18
1756058726216 0.48545690178871154 19
1756058726222 0.4527878284454346 20
1756058726228 0.44818406105041503 21
1756058726235 0.46244447827339175 22
1756058726241 0.41425096392631533 23
1756058726247 0.4841853991150856 24
1756058726253 0.4704136237502098 25
1756058726260 0.4380145639181137 26
1756058726267 0.4564023569226265 27
1756058726273 0.456471836566925 28
1756058726280 0.48481934815645217 29
1756058726286 0.4543476864695549 30
1756058726292 0.44723220020532606 31
1756058726299 0.4845406487584114 32
1756058726305 0.5030937045812607 33
1756058726312 0.4787798285484314 34
1756058726318 0.42878685146570206 35
1756058726326 0.4394689276814461 36
1756058726333 0.42670629918575287 37
1756058726341 0.4505364611744881 38
1756058726348 0.4009175211191177 39
1756058726355 0.39376221746206286 40
1756058726362 0.39151341319084165 41
1756058726369 0.4452160343527794 42
1756058726375 0.38814952298998834 43
1756058726382 0.39173701256513593 44
1756058726389 0.40132415741682054 45
1756058726395 0.396790537238121 46
1756058726402 0.37580575719475745 47
1756058726409 0.35147545784711837 48
1756058726416 0.36695430278778074 49
1756058726423 0.3412105798721313 50
1756058726429 0.3619463235139847 51
1756058726436 0.40503344535827634 52
1756058726443 0.36191202998161315 53
1756058726450 0.37887765243649485 54
1756058726456 0.39952860176563265 55
1756058726463 0.35773499459028246 56
1756058726471 0.34145955741405487 57
1756058726478 0.36856729686260226 58
1756058726485 0.4664712637662888 59
1756058726492 0.3937691107392311 60
1756058726499 0.33942052274942397 61
1756058726506 0.3481708452105522 62
1756058726513 0.35370730310678483 63
1756058726520 0.34806502163410186 64
1756058726526 0.35237176567316053 65
1756058726533 0.33827438205480576 66
1756058726540 0.3932997852563858 67
1756058726547 0.3492826960980892 68
1756058726554 0.34299822002649305 69
1756058726561 0.35929962545633315 70
1756058726568 0.35337715446949003 71
1756058726576 0.3558991804718971 72
1756058726583 0.3467634528875351 73
1756058726590 0.36285771876573564 74
1756058726598 0.37511772513389585 75
1756058726605 0.3328554093837738 76
1756058726612 0.33534431383013724 77
1756058726619 0.33331610485911367 78
1756058726626 0.3358889207243919 79
1756058726634 0.34406417310237886 80
1756058726641 0.32710775583982465 81
1756058726648 0.3216652810573578 82
1756058726655 0.3127597957849503 83
1756058726662 0.3129812888801098 84
1756058726669 0.3087868630886078 85
1756058726677 0.31196806728839876 86
1756058726684 0.29739506989717485 87
1756058726691 0.3503899067640305 88
1756058726698 0.2887052699923515 89
1756058726706 0.3169170245528221 90
1756058726713 0.327754433453083 91
1756058726720 0.33348250687122344 92
1756058726728 0.3279345631599426 93
1756058726735 0.32043478414416315 94
1756058726743 0.32066860795021057 95
1756058726750 0.32236488461494445 96
1756058726757 0.32204305976629255 97
1756058726765 0.29784103110432625 98
1756058726772 0.2934530727565289 99
1756058726780 0.3284300982952118 100
