1756058686958 2.3832328736782076 1
1756058686966 1.2336931720376014 2
1756058686970 1.4305235624313355 3
1756058686975 1.2799343049526215 4
1756058686979 1.0053356617689133 5
1756058686983 0.7380268730223178 6
1756058686988 0.6225508384406566 7
1756058686992 0.5985074624419212 8
1756058686997 0.5941250801086426 9
1756058687001 0.6266550712287426 10
1756058687006 0.5190828502178192 11
1756058687010 0.6840711638331414 12
1756058687015 0.6657163958996535 13
1756058687019 0.553301046800334 14
1756058687024 0.6346189513802528 15
1756058687028 0.5613372683525085 16
1756058687033 0.5687964253127575 17
1756058687038 0.4467564091086388 18
1756058687043 0.46542624831199647 19
1756058687048 0.5920628808438778 20
1756058687053 0.5470012478530407 21
1756058687058 0.5525256708264351 22
1756058687064 0.45161315575242045 23
1756058687068 0.39782919972203673 24
1756058687074 0.41816618517041204 25
1756058687079 0.3413498193025589 26
1756058687083 0.335853885859251 27
1756058687088 0.4524015374481678 28
1756058687093 0.28825602903962133 29
1756058687098 0.4557789877057076 30
1756058687103 0.39490443766117095 31
1756058687108 0.47228857278823855 32
1756058687113 0.31761928647756577 33
1756058687118 0.48272557482123374 34
1756058687123 0.46219694167375563 35
1756058687128 0.522721690684557 36
1756058687133 0.3775481924414635 37
1756058687138 0.38006707951426505 38
1756058687143 0.3150487209670246 39
1756058687148 0.25793083384633064 40
1756058687153 0.34515854343771935 41
1756058687158 0.2805359363555908 42
1756058687163 0.39130513966083524 43
1756058687168 0.2775295339524746 44
1756058687173 0.4559531144797802 45
1756058687178 0.31918781362473964 46
1756058687184 0.3065347634255886 47
1756058687189 0.7653821147978306 48
1756058687194 0.6886215202510357 49
1756058687199 0.2663778610527515 50
1756058687204 0.2288867186754942 51
1756058687209 0.42456405609846115 52
