1756058726102 2.149572157859802 1
1756058726112 1.547642081975937 2
1756058726118 1.159313651919365 3
1756058726124 1.0675640195608138 4
1756058726130 1.0969449371099471 5
1756058726136 0.978706756234169 6
1756058726142 0.7522257313132286 7
1756058726148 0.7158672779798507 8
1756058726154 0.6450578298419714 9
1756058726160 0.6934084236621857 10
1756058726166 0.6479206904768944 11
1756058726172 0.6844365417957305 12
1756058726179 0.6658768355846405 13
1756058726185 0.8282290682196617 14
1756058726191 0.5853135496377945 15
1756058726197 0.5233007183298468 16
1756058726203 0.503489051759243 17
1756058726210 0.49456458166241646 18
1756058726216 0.4843257710337639 19
1756058726222 0.44306248128414155 20
1756058726228 0.4208319284021854 21
1756058726235 0.41640386879444125 22
1756058726241 0.3191578447818756 23
1756058726247 0.531137828528881 24
1756058726253 0.40528824999928476 25
1756058726260 0.4243387386202812 26
1756058726267 0.46868478655815127 27
1756058726273 0.4389944463968277 28
1756058726280 0.5207673415541649 29
1756058726286 0.41471150070428847 30
1756058726292 0.40082004219293593 31
1756058726299 0.526060651242733 32
1756058726305 0.5392136111855507 33
1756058726312 0.5395589977502823 34
1756058726318 0.38439615406095984 35
1756058726326 0.39986213520169256 36
1756058726333 0.36541005298495294 37
1756058726341 0.3952388592064381 38
1756058726348 0.27533773630857467 39
1756058726355 0.3062008358538151 40
1756058726362 0.2889713518321514 41
1756058726369 0.3978188343346119 42
1756058726375 0.2966540567576885 43
1756058726382 0.28948668390512466 44
1756058726389 0.32170108556747434 45
1756058726395 0.29409135431051253 46
1756058726402 0.309369658655487 47
1756058726409 0.228799088858068 48
1756058726416 0.2693682052195072 49
1756058726423 0.2291777066886425 50
1756058726429 0.2656348630785942 51
1756058726436 0.3442088134586811 52
1756058726443 0.2491955727338791 53
1756058726450 0.34813579432666303 54
1756058726456 0.2890536397695541 55
1756058726463 0.25306558832526205 56
1756058726471 0.25650347005575896 57
1756058726478 0.2857339307665825 58
1756058726485 0.686935805529356 59
1756058726492 0.2463053621351719 60
1756058726499 0.23089604452252388 61
1756058726506 0.23624701127409936 62
1756058726513 0.22493313550949096 63
1756058726520 0.2737476423382759 64
1756058726526 0.22887130528688432 65
1756058726533 0.20416466183960438 66
1756058726540 0.3882904157042503 67
1756058726547 0.22038678154349328 68
1756058726554 0.2169410243630409 69
1756058726561 0.26423348411917685 70
1756058726568 0.2330433800816536 71
1756058726576 0.25003195852041243 72
1756058726583 0.23287201076745986 73
1756058726590 0.2780226655304432 74
1756058726598 0.282842667773366 75
1756058726605 0.2233627147972584 76
1756058726612 0.19495276622474195 77
1756058726619 0.21197931692004204 78
1756058726626 0.2110216423869133 79
1756058726634 0.25787305906414987 80
1756058726641 0.1915568970143795 81
1756058726648 0.17232119143009186 82
1756058726655 0.17374606765806674 83
1756058726662 0.1712539590895176 84
1756058726669 0.18369692824780942 85
1756058726677 0.18954273797571658 86
1756058726684 0.15905857384204863 87
1756058726691 0.25282680131495 88
1756058726698 0.1461102817207575 89
1756058726706 0.17805017605423928 90
1756058726713 0.20923343636095523 91
1756058726720 0.21575016267597674 92
1756058726728 0.21456987150013446 93
1756058726735 0.231294060125947 94
1756058726743 0.18382684141397476 95
1756058726750 0.19073866158723832 96
1756058726757 0.2134746141731739 97
1756058726765 0.15613128058612347 98
1756058726772 0.14939829111099243 99
1756058726780 0.20932105481624602 100
