1756058686958 0.0008469026051313366 1
1756058686966 0.0016938052102626732 2
1756058686970 0.00254070781539401 3
1756058686975 0.0033876104205253464 4
1756058686979 0.004234513025656683 5
1756058686983 0.004234513025656683 6
1756058686988 0.004233355704572247 7
1756058686992 0.004229885006832554 8
1756058686997 0.0042241047275946245 9
1756058687001 0.004216021187508941 10
1756058687006 0.004205643225807906 11
1756058687010 0.004192982190640271 12
1756058687015 0.004178051926662106 13
1756058687019 0.004160868759897866 14
1756058687024 0.004141451479888127 15
1756058687028 0.004119821319143497 16
1756058687033 0.004096001929927182 17
1756058687038 0.004070019358391576 18
1756058687043 0.00404190201609718 19
1756058687048 0.0040116806489449795 20
1756058687053 0.003979388303556249 21
1756058687058 0.003945060291136561 22
1756058687064 0.003908734148863496 23
1756058687068 0.0038704495988402953 24
1756058687074 0.0038302485046603214 25
1756058687079 0.003788174825629833 26
1756058687083 0.0037442745686991304 27
1756058687088 0.0036985957381546306 28
1756058687093 0.0036511882831268844 29
1756058687098 0.0036021040429719342 30
1756058687103 0.003551396690585744 31
1756058687108 0.003499121673713668 32
1756058687113 0.0034453361543191636 33
1756058687118 0.0033900989460780165 34
1756058687123 0.003333470450066454 35
1756058687128 0.0032755125887134542 36
1756058687133 0.0032162887380894774 37
1756058687138 0.003155863658605665 38
1756058687143 0.0030943034241992804 39
1756058687148 0.0030316753500828288 40
1756058687153 0.0029680479191358613 41
1756058687158 0.002903490707019948 42
1756058687163 0.0028380743060987205 43
1756058687168 0.0027718702482461507 44
1756058687173 0.0027049509266275024 45
1756058687178 0.0026373895165384665 46
1756058687184 0.002569259895389048 47
1756058687189 0.0025006365619197057 48
1756058687194 0.0024315945547380697 49
1756058687199 0.00236220937026533 50
1756058687204 0.002292556880182003 51
1756058687209 0.0022227132484633674 52
