1756058726102 1.4404312431812287 1
1756058726112 1.2415787279605865 2
1756058726118 0.9469663202762604 3
1756058726124 0.832709401845932 4
1756058726130 0.8832287102937698 5
1756058726136 0.7377044558525085 6
1756058726142 0.6532582521438599 7
1756058726148 0.6066804081201553 8
1756058726154 0.5474463179707527 9
1756058726160 0.5298462480306625 10
1756058726166 0.6075044572353363 11
1756058726172 0.6047088444232941 12
1756058726179 0.496166330575943 13
1756058726185 0.7530838772654533 14
1756058726191 0.4983358964323997 15
1756058726197 0.44706537425518034 16
1756058726203 0.4311861306428909 17
1756058726210 0.434121236205101 18
1756058726216 0.4127304866909981 19
1756058726222 0.3842798858880997 20
1756058726228 0.37552507743239405 21
1756058726235 0.36518326848745347 22
1756058726241 0.29751407280564307 23
1756058726247 0.4522874653339386 24
1756058726253 0.3662116892635822 25
1756058726260 0.338840202242136 26
1756058726267 0.3689569026231766 27
1756058726273 0.3788935162127018 28
1756058726280 0.5139462262392044 29
1756058726286 0.3727338843047619 30
1756058726292 0.34247940927743914 31
1756058726299 0.4420385636389256 32
1756058726305 0.44962652772665024 33
1756058726312 0.40726479068398475 34
1756058726318 0.3205575004220009 35
1756058726326 0.34270804598927496 36
1756058726333 0.29731232300400734 37
1756058726341 0.34312973022460935 38
1756058726348 0.26978702992200854 39
1756058726355 0.26820542439818384 40
1756058726362 0.26415863409638407 41
1756058726369 0.39596186876296996 42
1756058726375 0.2679611973464489 43
1756058726382 0.26183499991893766 44
1756058726389 0.29260888919234274 45
1756058726395 0.26997700333595276 46
1756058726402 0.25451138414209706 47
1756058726409 0.21193040534853935 48
1756058726416 0.2433445617556572 49
1756058726423 0.2121588123962283 50
1756058726429 0.2386115975677967 51
1756058726436 0.3005124948918819 52
1756058726443 0.2285268560051918 53
1756058726450 0.30118991918861865 54
1756058726456 0.2654117576777935 55
1756058726463 0.20987293869256973 56
1756058726471 0.20649214424192905 57
1756058726478 0.2430079385638237 58
1756058726485 0.6652515709400177 59
1756058726492 0.2501876249909401 60
1756058726499 0.2050054021179676 61
1756058726506 0.21614426597952843 62
1756058726513 0.2142073318362236 63
1756058726520 0.22685231417417526 64
1756058726526 0.21775548830628394 65
1756058726533 0.20283340737223626 66
1756058726540 0.3111088890582323 67
1756058726547 0.21292395778000356 68
1756058726554 0.20535662174224853 69
1756058726561 0.23232062086462973 70
1756058726568 0.22139063403010367 71
1756058726576 0.21867451965808868 72
1756058726583 0.21725021190941335 73
1756058726590 0.2552802741527557 74
1756058726598 0.26505694426596166 75
1756058726605 0.1857450410723686 76
1756058726612 0.18946761526167394 77
1756058726619 0.19004193991422652 78
1756058726626 0.19561390280723573 79
1756058726634 0.23462838642299175 80
1756058726641 0.1767464905977249 81
1756058726648 0.16990839093923568 82
1756058726655 0.16457775682210923 83
1756058726662 0.16082755997776985 84
1756058726669 0.1603733364492655 85
1756058726677 0.1728973627090454 86
1756058726684 0.15442885942757129 87
1756058726691 0.2231382317841053 88
1756058726698 0.13843184299767017 89
1756058726706 0.16639587767422198 90
1756058726713 0.19015993401408196 91
1756058726720 0.199249779433012 92
1756058726728 0.19840251728892327 93
1756058726735 0.2130710881203413 94
1756058726743 0.17204913385212423 95
1756058726750 0.18267088904976844 96
1756058726757 0.18923980183899403 97
1756058726765 0.14693991728127004 98
1756058726772 0.1428363524377346 99
1756058726780 0.19280950911343098 100
