1755980453684 1.4411042139127657 1
1755980453706 1.1853337872337986 2
1755980453714 1.107116277728762 3
1755980453722 1.14074717481415 4
1755980453731 0.8023696928829341 5
1755980453740 0.6500307151249477 6
1755980453748 0.6456314340814368 7
1755980453758 0.592810862830707 8
1755980453769 0.6477038332007148 9
1755980453777 0.5887001129713926 10
1755980453785 0.6605032473415523 11
1755980453794 0.6231469020440981 12
1755980453805 0.46171195282564537 13
1755980453813 0.5845590266701463 14
1755980453822 0.5713367589882442 15
1755980453829 0.4705547926487861 16
1755980453838 0.4909852834103943 17
1755980453846 0.5604269252969073 18
1755980453854 0.48080178108308225 19
1755980453862 0.5100431866072989 20
1755980453870 0.47583246811643826 21
1755980453878 0.5137438574781665 22
1755980453886 0.48198267362721553 23
1755980453894 0.43599301305684174 24
1755980453902 0.45263488300434956 25
