1755980453684 1.9036329822106794 1
1755980453706 1.4657378049639913 2
1755980453714 1.361213882248123 3
1755980453722 1.4125270530000908 4
1755980453731 0.8893049218050846 5
1755980453740 0.7711636097013176 6
1755980453748 0.7506187912318614 7
1755980453758 0.6654152572154999 8
1755980453769 0.7448972041730757 9
1755980453777 0.6931187758198032 10
1755980453785 0.7532927140400008 11
1755980453794 0.6730667033365795 12
1755980453805 0.5002160948979391 13
1755980453813 0.6569737621716091 14
1755980453822 0.6479703478224865 15
1755980453829 0.526515411285611 16
1755980453838 0.5701347554658914 17
1755980453846 0.633364128795537 18
1755980453854 0.5533499375179216 19
1755980453862 0.5622600082840238 20
1755980453870 0.5473239851462377 21
1755980453878 0.5963332796251619 22
1755980453886 0.5869753272695974 23
1755980453894 0.4791336359528752 24
1755980453902 0.48743002426314663 25
