1755980280291 2.86569783323771 1
1755980280308 1.4939177911002914 2
1755980280314 1.3364926677245599 3
1755980280320 1.2649085608782706 4
1755980280325 1.3695240291682156 5
1755980280329 0.9734589105302637 6
1755980280335 0.9079376582975511 7
1755980280341 0.8012493134706051 8
1755980280347 0.8589988060585865 9
1755980280351 0.6446730194540767 10
1755980280356 0.6884911799585665 11
1755980280361 0.669246153204472 12
1755980280366 0.6678687151182782 13
1755980280370 0.6354402146943203 14
1755980280375 0.6706194759576352 15
1755980280381 0.7454578551379117 16
1755980280386 0.5947959265345103 17
1755980280393 0.5882567295006343 18
1755980280401 0.5151299801352737 19
1755980280407 0.5071681823049273 20
1755980280413 0.5367068916365698 21
1755980280418 0.509106975484204 22
1755980280424 0.4662392002034497 23
1755980280429 0.4164122815255995 24
1755980280437 0.51371845332059 25
1755980280445 0.6361792937114641 26
1755980280453 0.536767210859757 27
1755980280460 0.3798596251320529 28
1755980280469 0.4762173956139134 29
