1755980411400 0.0007091592996450664 1
1755980411411 0.0014183185992901327 2
1755980411417 0.002127477898935199 3
1755980411423 0.0028366371985802654 4
1755980411429 0.003545796498225332 5
1755980411437 0.003545796498225332 6
1755980411443 0.003544827452493674 7
1755980411448 0.0035419213749359802 8
1755980411454 0.0035370814433053938 9
1755980411460 0.0035303129499960934 10
1755980411467 0.0035216232962561383 11
1755980411473 0.0035110219840943134 12
1755980411478 0.0034985206058898207 13
1755980411484 0.003484132831716183 14
1755980411490 0.003467874394393221 15
1755980411495 0.003449763072283442 16
1755980411501 0.0034298186698516666 17
1755980411507 0.0034080629960091323 18
1755980411513 0.003384519840265773 19
1755980411520 0.0033592149467167364 20
1755980411526 0.0033321759858915955 21
1755980411531 0.0033034325244970316 22
1755980411538 0.003273015993086071 23
1755980411543 0.003240959651689242 24
1755980411550 0.0032072985534452145 25
1755980411556 0.0031720695062707116 26
1755980411562 0.003135311032611591 27
1755980411569 0.0030970633273191155 28
1755980411575 0.003057368213697477 29
1755980411580 0.003016269097770621 30
1755980411587 0.0029738109208184045 31
1755980411592 0.0029300401102339583 32
1755980411599 0.0028850045287560208 33
1755980411605 0.002838753422131732 34
1755980411612 0.0027913373652671343 35
1755980411619 0.002742808206924253 36
1755980411626 0.0026932190130252386 37
1755980411632 0.002642624008625558 38
1755980411639 0.0025910785186196933 39
1755980411645 0.0025386389072441836 40
1755980411652 0.0024853625164441583 41
1755980411658 0.0024313076031707587 42
1755980411665 0.0023765332756780252 43
1755980411672 0.0023210994288888815 44
1755980411678 0.00226506667890092 45
1755980411685 0.0022084962967035882 46
1755980411692 0.0021514501411792615 47
1755980411698 0.0020939905914614614 48
1755980411704 0.002036180478724192 49
1755980411710 0.001978083017476973 50
1755980411717 0.001919761736440698 51
1755980411723 0.001861280409079917 52
1755980411729 0.0018027029838674853 53
1755980411736 0.0017440935143578466 54
1755980411742 0.0016855160891454145 55
1755980411748 0.0016270347617846341 56
1755980411755 0.0015687134807483595 57
1755980411762 0.0015106160195011399 58
1755980411768 0.0014528059067638714 59
1755980411775 0.001395346357046071 60
1755980411781 0.0013383002015217437 61
1755980411788 0.0012817298193244122 62
1755980411794 0.0012256970693364506 63
1755980411802 0.0011702632225473067 64
1755980411808 0.0011154888950545728 65
1755980411815 0.0010614339817811742 66
1755980411822 0.0010081575909811481 67
1755980411828 0.0009557179796056387 68
1755980411835 0.0009041724895997751 69
1755980411842 0.0008535774852000942 70
1755980411848 0.0008039882913010793 71
1755980411855 0.0007554591329581978 72
1755980411862 0.0007080430760935998 73
1755980411869 0.0006617919694693112 74
1755980411877 0.0006167563879913736 75
1755980411883 0.000572985577406928 76
1755980411890 0.000530527400454711 77
1755980411897 0.0004894282845278555 78
1755980411904 0.00044973317090621703 79
1755980411911 0.0004114854656137419 80
1755980411918 0.0003747269919546209 81
1755980411925 0.00033949794478011777 82
1755980411933 0.00030583684653609017 83
1755980411940 0.0002737805051392607 84
1755980411947 0.00024336397372830032 85
1755980411954 0.00021462051233373653 86
1755980411961 0.00018758155150859574 87
1755980411969 0.00016227665795955909 88
1755980411975 0.00013873350221619955 89
