1756053266249 1.5712456107139587 1
1756053266266 0.9106244206428528 2
1756053266275 0.8542858183383941 3
1756053266284 0.860372680425644 4
1756053266293 0.6977604568004608 5
1756053266302 0.5371939897537231 6
1756053266311 0.5612815260887146 7
1756053266319 0.504678699374199 8
1756053266328 0.46667701900005343 9
1756053266336 0.32440718710422517 10
1756053266345 0.3287085860967636 11
1756053266353 0.3352733597159386 12
1756053266362 0.32062037438154223 13
1756053266370 0.2688696891069412 14
1756053266379 0.3129594951868057 15
1756053266387 0.25813101828098295 16
1756053266396 0.23575311303138732 17
1756053266404 0.22194261699914933 18
1756053266413 0.19720351547002793 19
1756053266422 0.21113896667957305 20
1756053266431 0.1753935620188713 21
1756053266439 0.20478639602661133 22
1756053266448 0.19031307697296143 23
1756053266456 0.1755356803536415 24
1756053266465 0.16437652856111526 25
1756053266474 0.1667598195374012 26
1756053266483 0.1413414642214775 27
1756053266491 0.12760851830244063 28
1756053266500 0.1272424653172493 29
1756053266508 0.13130707219243049 30
1756053266517 0.13448887392878534 31
1756053266526 0.15048742815852165 32
1756053266535 0.14867590814828874 33
1756053266544 0.13070825785398482 34
1756053266553 0.12263582572340966 35
1756053266562 0.13000844791531563 36
1756053266571 0.12941393479704857 37
1756053266580 0.11447935476899147 38
1756053266589 0.09934120997786522 39
1756053266597 0.09878072887659073 40
1756053266607 0.11206893250346184 41
1756053266616 0.10045509263873101 42
1756053266625 0.10740885958075523 43
1756053266633 0.08886520117521286 44
1756053266643 0.08246394991874695 45
1756053266651 0.08817131258547306 46
1756053266660 0.09423598013818264 47
1756053266669 0.09695359244942665 48
1756053266678 0.08863180503249168 49
