1756053266249 2.343091142177582 1
1756053266266 1.202605700492859 2
1756053266275 1.0633204519748687 3
1756053266284 1.0448946118354798 4
1756053266293 0.8111483037471772 5
1756053266302 0.6467960417270661 6
1756053266311 0.5799701005220413 7
1756053266319 0.5565126031637192 8
1756053266328 0.5094590425491333 9
1756053266336 0.3495788425207138 10
1756053266345 0.3421399086713791 11
1756053266353 0.34801039546728135 12
1756053266362 0.3596368029713631 13
1756053266370 0.3108694925904274 14
1756053266379 0.32697658985853195 15
1756053266387 0.248795785009861 16
1756053266396 0.2595303550362587 17
1756053266404 0.22086089700460435 18
1756053266413 0.2085505023598671 19
1756053266422 0.22387253493070602 20
1756053266431 0.18752297312021254 21
1756053266439 0.2054467961192131 22
1756053266448 0.21107511222362518 23
1756053266456 0.1817631408572197 24
1756053266465 0.17152839601039888 25
1756053266474 0.1741177260875702 26
1756053266483 0.13749063536524772 27
1756053266491 0.12895864695310594 28
1756053266500 0.12551016882061958 29
1756053266508 0.14397125393152238 30
1756053266517 0.14812125116586686 31
1756053266526 0.16221191585063935 32
1756053266535 0.17095171436667442 33
1756053266544 0.14234928116202356 34
1756053266553 0.1354241356253624 35
1756053266562 0.14019987657666205 36
1756053266571 0.14178185313940048 37
1756053266580 0.12556895837187768 38
1756053266589 0.10591080263257027 39
1756053266597 0.09951648712158204 40
1756053266607 0.1151924267411232 41
1756053266616 0.10503196120262145 42
1756053266625 0.11249141246080399 43
1756053266633 0.09686653837561607 44
1756053266643 0.08469782210886478 45
1756053266651 0.09902303293347359 46
1756053266660 0.11055199801921844 47
1756053266669 0.11770175173878669 48
1756053266678 0.12017448656260968 49
