1756053226529 1.0844617307186126 1
1756053226538 0.8696720540523529 2
1756053226542 0.7801063895225525 3
1756053226546 0.705061012506485 4
1756053226551 0.683777904510498 5
1756053226555 0.615769362449646 6
1756053226559 0.5799714207649231 7
1756053226564 0.5107622474431992 8
1756053226568 0.48444731831550597 9
1756053226573 0.4785593956708908 10
1756053226577 0.43018072545528413 11
1756053226582 0.3912297964096069 12
1756053226586 0.39672565162181855 13
1756053226591 0.3997847348451614 14
1756053226595 0.41240207850933075 15
1756053226600 0.41254858374595643 16
1756053226604 0.4001581847667694 17
1756053226609 0.3936682790517807 18
1756053226613 0.3760479301214218 19
1756053226618 0.3574451178312302 20
1756053226623 0.3379195243120193 21
1756053226627 0.38491515517234803 22
1756053226632 0.353307318687439 23
1756053226637 0.357363560795784 24
1756053226641 0.3447942495346069 25
1756053226646 0.3444561332464218 26
1756053226651 0.319003501534462 27
1756053226656 0.31323045790195464 28
1756053226661 0.2968828290700912 29
1756053226665 0.285335373878479 30
1756053226670 0.2827054649591446 31
1756053226675 0.2816761389374733 32
1756053226680 0.26958457827568055 33
1756053226684 0.2558352753520012 34
1756053226689 0.2635643780231476 35
1756053226694 0.2445569008588791 36
1756053226699 0.24230008572340012 37
1756053226704 0.2628597795963287 38
1756053226709 0.2537456050515175 39
1756053226714 0.2699359282851219 40
1756053226719 0.2681923180818558 41
1756053226724 0.24943478554487228 42
1756053226729 0.24728587567806243 43
1756053226734 0.2259913608431816 44
1756053226739 0.23191514611244202 45
1756053226744 0.22540340572595596 46
1756053226749 0.21248618066310881 47
1756053226754 0.2106451079249382 48
1756053226760 0.1906458854675293 49
1756053226765 0.20401815474033355 50
1756053226770 0.20184388905763626 51
1756053226775 0.2173233300447464 52
1756053226780 0.20838993340730666 53
1756053226785 0.21829791665077208 54
1756053226790 0.22415388226509095 55
1756053226795 0.2168559029698372 56
1756053226800 0.21184487342834474 57
1756053226805 0.19647353142499924 58
1756053226810 0.19820145815610885 59
1756053226816 0.1874833807349205 60
1756053226821 0.18054230511188507 61
1756053226826 0.18274407237768173 62
1756053226831 0.18438850939273835 63
1756053226837 0.18444035649299623 64
1756053226842 0.18258087038993837 65
1756053226847 0.17503006160259246 66
1756053226852 0.17313576489686966 67
1756053226858 0.1721638023853302 68
1756053226863 0.17519405633211135 69
1756053226868 0.1744767591357231 70
1756053226874 0.17972685396671295 71
1756053226879 0.16486739218235016 72
1756053226885 0.16615170687437059 73
1756053226890 0.17042942643165587 74
1756053226896 0.1705281764268875 75
1756053226901 0.16452328562736512 76
1756053226907 0.17299232631921768 77
1756053226912 0.1720827952027321 78
1756053226918 0.15774698108434676 79
1756053226923 0.15730536133050918 80
1756053226928 0.1603396564722061 81
1756053226934 0.16480118483304979 82
1756053226939 0.1616349384188652 83
1756053226945 0.1567251592874527 84
1756053226950 0.16866135597229004 85
1756053226956 0.1545790582895279 86
1756053226962 0.1616828680038452 87
1756053226967 0.15480723083019257 88
1756053226973 0.15994523018598555 89
1756053226979 0.15963591784238815 90
1756053226985 0.1462676264345646 91
1756053226991 0.15779415965080262 92
1756053226997 0.15453397631645202 93
1756053227003 0.1479627326130867 94
1756053227009 0.1520070344209671 95
1756053227015 0.15617107450962067 96
