1755979190817 2.5348036382105446 1
1755979190831 1.9960905081265932 2
1755979190838 1.5526938333913878 3
1755979190844 1.0739049125801434 4
1755979190851 1.2229545685377987 5
1755979190858 1.0054897640819673 6
1755979190869 0.9339437662781059 7
1755979190876 0.8010768007922482 8
1755979190883 0.8262815861539408 9
1755979190890 0.849340749251378 10
1755979190897 0.9200840524651788 11
1755979190904 0.7618750937573322 12
1755979190911 0.8123947625810449 13
1755979190918 0.6283124911707717 14
1755979190925 0.6881375473428082 15
1755979190932 0.6891905620887682 16
1755979190939 0.7321709684737316 17
1755979190946 0.6436778968804843 18
1755979190953 0.8345003844081581 19
1755979190960 0.5998814570439326 20
1755979190968 0.7133539392576589 21
1755979190975 0.5920415071697979 22
1755979190982 0.564691207238606 23
1755979190990 0.5399441519727954 24
1755979190997 0.6631549157492527 25
1755979191004 0.5188832678771639 26
1755979191011 0.4563829775948029 27
1755979191018 0.5014128532115515 28
1755979191026 0.5414439242381555 29
1755979191033 0.5493595991041753 30
1755979191040 0.42221736298366025 31
1755979191047 0.399207307243502 32
1755979191055 0.49055109918117523 33
1755979191062 0.49536135647591056 34
1755979191069 0.4259470270632149 35
1755979191077 0.4464469632351553 36
1755979191084 0.3944256899805812 37
