1755979190817 1.7533058408018831 1
1755979190831 1.635943756475077 2
1755979190838 1.363251562242384 3
1755979190844 0.8854201362504588 4
1755979190851 1.0148033077840681 5
1755979190858 0.834987737722211 6
1755979190869 0.755949472452139 7
1755979190876 0.7225025334915558 8
1755979190883 0.7054538848725233 9
1755979190890 0.7121122051756104 10
1755979190897 0.7270960795221391 11
1755979190904 0.6666521935106872 12
1755979190911 0.7156590441991757 13
1755979190918 0.5851257367954625 14
1755979190925 0.5810393269185896 15
1755979190932 0.6163825729450623 16
1755979190939 0.6338380791924216 17
1755979190946 0.5630260069261898 18
1755979190953 0.651619293279462 19
1755979190960 0.5280165966455038 20
1755979190968 0.5719384543307415 21
1755979190975 0.5134439009737659 22
1755979190982 0.48974897993075384 23
1755979190990 0.4646354037058818 24
1755979190997 0.5440833615985784 25
1755979191004 0.4433688319155148 26
1755979191011 0.4022109390466244 27
1755979191018 0.4414949172309467 28
1755979191026 0.44752068004824896 29
1755979191033 0.44647422123264957 30
1755979191040 0.3745371964457747 31
1755979191047 0.36447019255780555 32
1755979191055 0.4206780787412222 33
1755979191062 0.4182977198393314 34
1755979191069 0.38100111426471117 35
1755979191077 0.39900727705522016 36
1755979191084 0.3578517450527711 37
