1755979137666 2.2873535411698476 1
1755979137683 1.7559294042649207 2
1755979137689 1.6876944864725139 3
1755979137694 1.4135635843524685 4
1755979137700 1.0656892703725147 5
1755979137705 0.9812355784626751 6
1755979137710 0.9519185899914085 7
1755979137716 0.7684987127393871 8
1755979137721 0.9450343289932648 9
1755979137726 0.7967283954093982 10
1755979137732 0.9360696939485413 11
1755979137737 0.9579919669535253 12
1755979137743 0.7374103287984799 13
1755979137749 0.7592554748445363 14
1755979137754 0.8314091325193257 15
1755979137760 0.7365697811950337 16
1755979137765 0.7824744178199923 17
1755979137771 0.601090458886964 18
1755979137776 0.5868688717290953 19
1755979137782 0.6546273351489723 20
1755979137788 0.5931171540703092 21
1755979137793 0.5836767846500719 22
1755979137799 0.6099183571029019 23
1755979137804 0.642344498595634 24
1755979137810 0.6459630439420799 25
1755979137815 0.6294954384302164 26
1755979137821 0.5798479591484194 27
1755979137827 0.5375012120643219 28
1755979137832 0.5306317314699098 29
1755979137838 0.5436191465947535 30
1755979137844 0.5056874603033066 31
1755979137849 0.48496478379933866 32
1755979137855 0.5184392600090473 33
1755979137861 0.5399893613217713 34
1755979137866 0.4196737056428736 35
1755979137872 0.5173260680847354 36
1755979137878 0.4399201384225449 37
1755979137884 0.5100585187410379 38
1755979137890 0.4782784033518333 39
1755979137895 0.44996718481763615 40
1755979137901 0.39906805966581615 41
1755979137907 0.38362824882973323 42
1755979137913 0.372801746447365 43
1755979137919 0.45941706524266823 44
