1755916002963 0.7689819014989413 1
1755916002968 0.5883349890892322 2
1755916002972 0.5291430720916162 3
1755916002976 0.506331769319681 4
1755916002980 0.4672337701687446 5
1755916002984 0.46824049949645996 6
1755916002989 0.4229884170568906 7
1755916002993 0.3832267385262709 8
1755916002997 0.34569780643169695 9
1755916003001 0.3239998954993028 10
1755916003005 0.30970650338209593 11
1755916003009 0.29659003707078785 12
1755916003013 0.274044747535999 13
1755916003017 0.2613082482264592 14
1755916003021 0.2610409981929339 15
1755916003025 0.23619018151209906 16
1755916003029 0.22814544691489294 17
1755916003033 0.22212241704647356 18
1755916003037 0.2127566085411952 19
1755916003042 0.22886998836810774 20
1755916003047 0.22770625008986548 21
1755916003051 0.254847907103025 22
1755916003056 0.2097929727572661 23
1755916003061 0.19290240567464095 24
1755916003067 0.18702688010839316 25
1755916003074 0.1894784180017618 26
1755916003079 0.17467057590301222 27
1755916003084 0.18406383120096648 28
1755916003088 0.17886952941234296 29
1755916003094 0.1882782383606984 30
1755916003098 0.17345215953313387 31
1755916003103 0.18722488215336433 32
1755916003108 0.17318493586320144 33
1755916003112 0.17850175499916077 34
1755916003117 0.17823683298551118 35
1755916003123 0.1803418890788005 36
1755916003127 0.16938257217407227 37
1755916003132 0.16224185893168816 38
1755916003138 0.15010895408116853 39
1755916003143 0.14364428932850176 40
1755916003147 0.15433202913174263 41
1755916003152 0.1653414024756505 42
1755916003156 0.1437802887879885 43
1755916003166 0.1473017604305194 44
1755916003170 0.1480909729233155 45
1755916003175 0.1409126348220385 46
1755916003180 0.14265420173223203 47
1755916003185 0.14309650315688208 48
1755916003189 0.13640386038101637 49
1755916003194 0.140498630129374 50
1755916003199 0.13618097798182413 51
1755916003204 0.14625577055490935 52
1755916003209 0.14974696475725907 53
1755916003214 0.14982702353825936 54
1755916003219 0.14679043740034103 55
1755916003227 0.13724121566002184 56
1755916003232 0.1261210349889902 57
1755916003237 0.1448930983359997 58
1755916003242 0.12662066118075296 59
1755916003247 0.12284614604253036 60
1755916003252 0.1266825067309233 61
1755916003257 0.1204895033286168 62
1755916003262 0.13721878425433084 63
1755916003267 0.12572935395515883 64
1755916003272 0.11694685197793521 65
1755916003277 0.13269861672933286 66
1755916003282 0.12311205841027774 67
1755916003287 0.13175402467067426 68
1755916003292 0.11352147047336285 69
1755916003297 0.11318110330746724 70
1755916003302 0.11877078219101979 71
1755916003307 0.11803271162968415 72
1755916003312 0.11461929747691521 73
1755916003316 0.12054605953968488 74
1755916003321 0.10389939982157487 75
1755916003326 0.10276177640144642 76
1755916003331 0.10676010526143588 77
1755916003340 0.1162600454229575 78
1755916003345 0.11792913136573938 79
1755916003350 0.11427871940227655 80
1755916003355 0.10765438870741771 81
1755916003360 0.1228072247826136 82
1755916003365 0.1229130350626432 83
1755916003371 0.11887715183771573 84
1755916003377 0.10610549782331173 85
1755916003382 0.11103784063687691 86
1755916003387 0.11089267696325596 87
1755916003393 0.11170421884610103 88
1755916003398 0.1172518661388984 89
1755916003403 0.12433325900481297 90
1755916003409 0.10832144033450347 91
1755916003414 0.10182138360463656 92
1755916003419 0.09945484480032554 93
1755916003426 0.11044431821658061 94
1755916003431 0.10151332559493872 95
1755916003437 0.10368135800728431 96
1755916003442 0.11581801279233052 97
1755916003447 0.10487332309667881 98
1755916003453 0.1006974342923898 99
1755916003458 0.10028172857486285 100
1755916003465 0.09998391625972894 101
1755916003470 0.09544165317828839 102
1755916003476 0.10563690272661355 103
1755916003482 0.11022779116263756 104
1755916003487 0.09432673970094094 105
1755916003493 0.09708704914037998 106
1755916003498 0.10827677639631125 107
1755916003505 0.1029919506265567 108
1755916003511 0.10341697931289673 109
1755916003516 0.09914016609008496 110
1755916003521 0.09668026176782754 111
1755916003527 0.09191671586953677 112
