1755916002963 1.0777148879491365 1
1755916002968 0.6410912252389468 2
1755916002972 0.5117652255755204 3
1755916002976 0.4807545840740204 4
1755916002980 0.39913036731573254 5
1755916002984 0.4005978451325343 6
1755916002989 0.3232860714197159 7
1755916002993 0.27131415559695315 8
1755916002997 0.2177074929842582 9
1755916003001 0.18226893590046808 10
1755916003005 0.18026662388673195 11
1755916003009 0.1562136675302799 12
1755916003013 0.1348957992517031 13
1755916003017 0.12715019228366706 14
1755916003021 0.12610762279767257 15
1755916003025 0.10385684554393475 16
1755916003029 0.09197923254508239 17
1755916003033 0.09103288902686192 18
1755916003037 0.08190661124311961 19
1755916003042 0.09724281613643353 20
1755916003047 0.09532708617357108 21
1755916003051 0.1191176803639302 22
1755916003056 0.08347970046676122 23
1755916003061 0.0674467608332634 24
1755916003067 0.06438620187915288 25
1755916003074 0.06585995451762126 26
1755916003079 0.0555124173943813 27
1755916003084 0.06141831496587166 28
1755916003088 0.05664096887295063 29
1755916003094 0.06281222431705548 30
1755916003098 0.05501008635530105 31
1755916003103 0.0637435125043759 32
1755916003108 0.054165274477922 33
1755916003112 0.057516094870292224 34
1755916003117 0.05710654390545992 35
1755916003123 0.06008122574824553 36
1755916003127 0.05355742430457702 37
1755916003132 0.04903458173458393 38
1755916003138 0.042108782495443635 39
1755916003143 0.03846562367219191 40
1755916003147 0.04507633069386849 41
1755916003152 0.05185177750312365 42
1755916003156 0.03951925397492372 43
1755916003166 0.04133800875682097 44
1755916003170 0.04102267840733895 45
1755916003175 0.036681047425820276 46
1755916003180 0.037636397836300045 47
1755916003185 0.03756876074923919 48
1755916003189 0.035309620488148466 49
1755916003194 0.0363582053150122 50
1755916003199 0.03447897202120377 51
1755916003204 0.03945400379598141 52
1755916003209 0.04105612692924646 53
1755916003214 0.041645484761549875 54
1755916003219 0.038605208007188946 55
1755916003227 0.0351408149760503 56
1755916003232 0.028754649827113517 57
1755916003237 0.03927068799160994 58
1755916003242 0.028285041021612976 59
1755916003247 0.02799485967709468 60
1755916003252 0.030715954991487358 61
1755916003257 0.027896162409048814 62
1755916003262 0.036521637095854834 63
1755916003267 0.02884473981192479 64
1755916003272 0.02606407252068703 65
1755916003277 0.03203075665694017 66
1755916003282 0.029342017924556367 67
1755916003287 0.034099181540883504 68
1755916003292 0.024045771847550686 69
1755916003297 0.024299849541141436 70
1755916003302 0.025813536861768134 71
1755916003307 0.026603735696810942 72
1755916003312 0.0251951187562484 73
1755916003316 0.02741279875716338 74
1755916003321 0.020197409921540663 75
1755916003326 0.019872947237812556 76
1755916003331 0.021648494383463494 77
1755916003340 0.027078271198731203 78
1755916003345 0.0261393036120213 79
1755916003350 0.02504499564663722 80
1755916003355 0.021445849910378456 81
1755916003360 0.029023308808413837 82
1755916003365 0.02946395004311433 83
1755916003371 0.025376278190658644 84
1755916003377 0.02084255848939602 85
1755916003382 0.02269872249319003 86
1755916003387 0.023344920446666386 87
1755916003393 0.02332184098374385 88
1755916003398 0.027412605543549243 89
1755916003403 0.03195344986250767 90
1755916003409 0.023235699305167563 91
1755916003414 0.01936035044491291 92
1755916003419 0.019560258620633528 93
1755916003426 0.023803654986505326 94
1755916003431 0.018886640954476137 95
1755916003437 0.01931733638048172 96
1755916003442 0.02537481816342244 97
1755916003447 0.020808960669315778 98
1755916003453 0.01899536125935041 99
1755916003458 0.01904793169635993 100
1755916003465 0.019243996518735703 101
1755916003470 0.01730252644763543 102
1755916003476 0.02116597744707878 103
1755916003482 0.022744027682794973 104
1755916003487 0.01643489272548602 105
1755916003493 0.018016331399289463 106
1755916003498 0.02181112837906067 107
1755916003505 0.019839471994111173 108
1755916003511 0.02200738498224662 109
1755916003516 0.01816129247443034 110
1755916003521 0.01855576281937269 111
1755916003527 0.016092113147561368 112
