1755916002963 1.077714897119082 1
1755916002968 0.6410912527487829 2
1755916002972 0.5117652553778428 3
1755916002976 0.4807546069988838 4
1755916002980 0.39913039941054124 5
1755916002984 0.4005978611799387 6
1755916002989 0.3232860897596066 7
1755916002993 0.27131417049811435 8
1755916002997 0.21770750673917624 9
1755916003001 0.18226894736289978 10
1755916003005 0.18026663706852838 11
1755916003009 0.15621368357768425 12
1755916003013 0.13489580956789163 13
1755916003017 0.1271502014536124 14
1755916003021 0.12610763024825317 15
1755916003025 0.10385685414075851 16
1755916003029 0.09197924171502773 17
1755916003033 0.09103289647744252 18
1755916003037 0.0819066184071394 19
1755916003042 0.09724282501981808 20
1755916003047 0.09532709477039483 21
1755916003051 0.11911768552202445 22
1755916003056 0.08347970820390262 23
1755916003061 0.06744676857040478 24
1755916003067 0.06438620703724715 25
1755916003074 0.06585995967571552 26
1755916003079 0.05551242226591477 27
1755916003084 0.06141832241645226 28
1755916003088 0.05664097575040964 29
1755916003094 0.06281222775578499 30
1755916003098 0.05501009294619927 31
1755916003103 0.06374351766247016 32
1755916003108 0.05416527934945547 33
1755916003112 0.057516099455264896 34
1755916003117 0.057106547917311005 35
1755916003123 0.06008123119290058 36
1755916003127 0.053557427456745736 37
1755916003132 0.04903458603299581 38
1755916003138 0.04210878607745354 39
1755916003143 0.038465627970603794 40
1755916003147 0.0450763338460372 41
1755916003152 0.05185178237465712 42
1755916003156 0.039519258416616 43
1755916003166 0.04133801434475642 44
1755916003170 0.041022681416227266 45
1755916003175 0.036681050148147806 46
1755916003180 0.03763640170487074 47
1755916003185 0.03756876504765107 48
1755916003189 0.035309623926877975 49
1755916003194 0.0363582088970221 50
1755916003199 0.03447897517337249 51
1755916003204 0.03945400694815012 52
1755916003209 0.04105613094109755 53
1755916003214 0.041645489633083344 54
1755916003219 0.038605211732479244 55
1755916003227 0.035140819274462186 56
1755916003232 0.028754651689758666 57
1755916003237 0.03927069157361984 58
1755916003242 0.028285043314099312 59
1755916003247 0.027994862256141808 60
1755916003252 0.030715958573497258 61
1755916003257 0.027896164271693964 62
1755916003262 0.03652164082114513 63
1755916003267 0.028844742104411125 64
1755916003272 0.026064075243014555 65
1755916003277 0.03203075966582848 66
1755916003282 0.029342021148365278 67
1755916003287 0.03409918469305222 68
1755916003292 0.024045774426597815 69
1755916003297 0.024299851117225792 70
1755916003302 0.025813539297534868 71
1755916003307 0.026603737846016884 72
1755916003312 0.025195121192015134 73
1755916003316 0.027412800548168328 74
1755916003321 0.020197411855826013 75
1755916003326 0.019872948813896913 76
1755916003331 0.021648496246108644 77
1755916003340 0.02707827392105873 78
1755916003345 0.026139305617946845 79
1755916003350 0.02504499750928237 80
1755916003355 0.02144585162974321 81
1755916003360 0.02902331267698453 82
1755916003365 0.029463952550521262 83
1755916003371 0.02537628048314498 84
1755916003377 0.020842560925162755 85
1755916003382 0.02269872406927439 86
1755916003387 0.023344923025713518 87
1755916003393 0.023321842918029197 88
1755916003398 0.027412607406194393 89
1755916003403 0.031953452513195 90
1755916003409 0.023235700881251924 91
1755916003414 0.019360352522478655 92
1755916003419 0.01956026076983947 93
1755916003426 0.023803656920790672 94
1755916003431 0.0188866422439997 95
1755916003437 0.019317338099846475 96
1755916003442 0.025374821243950955 97
1755916003447 0.02080896281852172 98
1755916003453 0.018995363551836748 99
1755916003458 0.019047933200804088 100
1755916003465 0.01924399845302105 101
1755916003470 0.01730252795207959 102
1755916003476 0.021165980026125908 103
1755916003482 0.02274402890067834 104
1755916003487 0.016434894086649783 105
1755916003493 0.01801633333357481 106
1755916003498 0.021811130384986218 107
1755916003505 0.01983947392839652 108
1755916003511 0.022007387704574145 109
1755916003516 0.018161294265435293 110
1755916003521 0.018555764538737442 111
1755916003527 0.016092114293804534 112
