1755907476703 1.3874572932720184 1
1755907476718 0.7137608051300048 2
1755907476726 0.5135399669408798 3
1755907476734 0.3751661479473114 4
1755907476741 0.37080828845500946 5
1755907476749 0.35433839857578275 6
1755907476756 0.2689089685678482 7
1755907476763 0.23329855799674987 8
1755907476771 0.17548923343420028 9
1755907476779 0.1387932553887367 10
1755907476786 0.12277242988348007 11
1755907476794 0.1167754203081131 12
1755907476801 0.11835975721478462 13
1755907476808 0.12557422369718552 14
1755907476816 0.10478658974170685 15
1755907476824 0.10027406811714172 16
1755907476831 0.09641748517751694 17
1755907476839 0.08159004412591457 18
1755907476847 0.07502071969211102 19
1755907476855 0.07172058671712875 20
1755907476863 0.0761581152677536 21
1755907476870 0.07598751075565816 22
1755907476878 0.07537373565137387 23
1755907476885 0.06804176829755307 24
1755907476893 0.06326839961111545 25
1755907476901 0.05035385377705097 26
1755907476908 0.05920162461698055 27
1755907476916 0.049043705500662324 28
1755907476923 0.0469092071056366 29
1755907476931 0.05251740701496601 30
1755907476938 0.05104033052921295 31
1755907476946 0.04600377082824707 32
1755907476953 0.04380831047892571 33
1755907476961 0.04582400880753994 34
1755907476968 0.03820536527782679 35
1755907476977 0.04076924622058868 36
1755907476986 0.04300399199128151 37
1755907476995 0.046336996369063854 38
1755907477003 0.04814498387277126 39
1755907477011 0.04780633077025413 40
1755907477019 0.06624687723815441 41
1755907477028 0.05534543562680483 42
1755907477035 0.03297285959124565 43
1755907477043 0.038526050932705405 44
1755907477051 0.0391206368803978 45
1755907477058 0.03434956334531307 46
1755907477066 0.028510405868291854 47
1755907477075 0.029059514217078686 48
1755907477083 0.02790355496108532 49
1755907477092 0.03322576396167278 50
1755907477100 0.03044426944106817 51
1755907477108 0.028922898694872856 52
1755907477116 0.02821633592247963 53
1755907477124 0.03948963191360235 54
1755907477132 0.02875246200710535 55
1755907477141 0.02686117421835661 56
1755907477149 0.023594759963452817 57
1755907477157 0.02395288636907935 58
1755907477165 0.023958783969283103 59
1755907477173 0.027829280868172646 60
1755907477181 0.025256560277193786 61
1755907477189 0.026259876694530247 62
1755907477197 0.02244267500936985 63
1755907477205 0.02216966524720192 64
1755907477213 0.026128404773771763 65
1755907477222 0.02495210636407137 66
1755907477230 0.026678218878805636 67
1755907477238 0.023377338610589504 68
1755907477247 0.018678123969584702 69
1755907477255 0.022071433532983065 70
1755907477263 0.018409957457333804 71
1755907477272 0.022706888895481826 72
1755907477280 0.016879558097571135 73
1755907477289 0.01795611660927534 74
1755907477297 0.018737604003399612 75
1755907477305 0.01841496666893363 76
1755907477314 0.01807362409308553 77
1755907477324 0.018066107109189034 78
