1755907476703 0.8886448383331299 1
1755907476718 0.6285473704338074 2
1755907476726 0.5374000668525696 3
1755907476734 0.454746150970459 4
1755907476741 0.44644512236118317 5
1755907476749 0.4403547406196594 6
1755907476756 0.38817720115184784 7
1755907476763 0.3574501395225525 8
1755907476771 0.3097537517547607 9
1755907476779 0.279644301533699 10
1755907476786 0.25798788070678713 11
1755907476794 0.25579336285591125 12
1755907476801 0.2559326827526093 13
1755907476808 0.264900316298008 14
1755907476816 0.24002005457878112 15
1755907476824 0.23380089849233626 16
1755907476831 0.22879281789064407 17
1755907476839 0.21110039800405503 18
1755907476847 0.20554790645837784 19
1755907476855 0.19942267686128617 20
1755907476863 0.2038877174258232 21
1755907476870 0.20473251938819886 22
1755907476878 0.202904611825943 23
1755907476885 0.18919511288404464 24
1755907476893 0.18465352803468704 25
1755907476901 0.1653631806373596 26
1755907476908 0.17988465428352357 27
1755907476916 0.16151790767908097 28
1755907476923 0.1636030077934265 29
1755907476931 0.16811686158180236 30
1755907476938 0.1679470345377922 31
1755907476946 0.1568983480334282 32
1755907476953 0.15523483008146285 33
1755907476961 0.15752609372138976 34
1755907476968 0.14859301820397378 35
1755907476977 0.15121877938508987 36
1755907476986 0.15490968525409698 37
1755907476995 0.15782914608716964 38
1755907477003 0.16798345893621444 39
1755907477011 0.16418692022562026 40
1755907477019 0.1841986060142517 41
1755907477028 0.16857088059186937 42
1755907477035 0.1351860858500004 43
1755907477043 0.14287901669740677 44
1755907477051 0.14231310337781905 45
1755907477058 0.13743444234132768 46
1755907477066 0.12565282136201858 47
1755907477075 0.12515978813171386 48
1755907477083 0.12615851536393166 49
1755907477092 0.13213919177651406 50
1755907477100 0.1298798367381096 51
1755907477108 0.1262453928589821 52
1755907477116 0.12203551009297371 53
1755907477124 0.14685045331716537 54
1755907477132 0.12529387772083284 55
1755907477141 0.12157305926084519 56
1755907477149 0.1139877662062645 57
1755907477157 0.11600737050175666 58
1755907477165 0.11491452381014824 59
1755907477173 0.12478108927607537 60
1755907477181 0.11502816751599312 61
1755907477189 0.1194639854133129 62
1755907477197 0.10928905978798867 63
1755907477205 0.1097510315477848 64
1755907477213 0.11729131042957305 65
1755907477222 0.11880562156438827 66
1755907477230 0.11596736237406731 67
1755907477238 0.11403555572032928 68
1755907477247 0.1017700381577015 69
1755907477255 0.10884013250470162 70
1755907477263 0.10033159777522087 71
1755907477272 0.10833386108279228 72
1755907477280 0.09878117814660073 73
1755907477289 0.10245770961046219 74
1755907477297 0.10146368965506554 75
1755907477305 0.09907980263233185 76
1755907477314 0.09644054099917412 77
1755907477324 0.09929096698760986 78
