1755907432664 0.0004539855809753069 1
1755907432671 0.0009079711619506138 2
1755907432675 0.0013619567429259208 3
1755907432679 0.0018159423239012275 4
1755907432683 0.0022699279048765345 5
1755907432686 0.0022699279048765345 6
1755907432691 0.002269307645038555 7
1755907432695 0.002267447543769642 8
1755907432700 0.002264349635063224 9
1755907432704 0.002260017306436988 10
1755907432709 0.0022544552952286807 11
1755907432714 0.002247669683415897 12
1755907432718 0.0022396678909655295 13
1755907432722 0.002230458667720141 14
1755907432726 0.0022200520838301426 15
1755907432730 0.002208459518742229 16
1755907432735 0.0021956936487561246 17
1755907432739 0.0021817684331632324 18
1755907432744 0.0021666990989823547 19
1755907432750 0.0021505021243091726 20
1755907432754 0.00213319522029769 21
1755907432758 0.0021147973117933466 22
1755907432763 0.002095328516638975 23
1755907432768 0.00207481012367624 24
1755907432772 0.0020532645694665975 25
1755907432777 0.0020307154137572474 26
1755907432782 0.0020071873137188947 27
1755907432786 0.001982705996983495 28
1755907432790 0.0019572982335114672 29
1755907432794 0.001930991806319135 30
1755907432799 0.0019038154810984069 31
1755907432804 0.001875798974761912 32
1755907432809 0.0018469729229479955 33
1755907432813 0.001817368846521096 34
1755907432817 0.0017870191171041436 35
1755907432822 0.001755956921680666 36
1755907432827 0.0017242162263053074 37
1755907432831 0.0016918317389624492 38
1755907432836 0.001658838871613536 39
1755907432841 0.0016252737014746178 40
1755907432846 0.0015911729315664432 41
1755907432850 0.001556573850580243 42
1755907432854 0.0015215142921030983 43
1755907432860 0.0014860325932474637 44
1755907432864 0.0014501675527301013 45
1755907432870 0.0014139583884462516 46
1755907432875 0.0013774446945854413 47
1755907432880 0.0013406663983358184 48
1755907432884 0.0013036637162243583 49
1755907432889 0.0012664771101406824 50
1755907432893 0.0012291472430925746 51
1755907432898 0.0011917149347415803 52
1755907432903 0.0011542211167673063 53
1755907432907 0.0011167067881092281 54
