1756057109658 0.7826164424419403 1
1756057109667 0.8182124406099319 2
1756057109672 0.7106275260448456 3
1756057109676 0.7599052637815475 4
1756057109681 0.7020518571138382 5
1756057109685 0.6381548553705215 6
1756057109689 0.6364961847662925 7
1756057109694 0.5633177652955055 8
1756057109698 0.48140555173158645 9
1756057109703 0.4923647612333298 10
1756057109708 0.4606147274374962 11
1756057109712 0.48897033631801606 12
1756057109716 0.4381694421172142 13
1756057109721 0.46475035697221756 14
1756057109726 0.49980717748403547 15
1756057109730 0.5044696822762489 16
1756057109735 0.41464618146419524 17
1756057109740 0.3877525985240936 18
1756057109744 0.3767515987157822 19
1756057109749 0.4324240952730179 20
1756057109754 0.3963693633675575 21
1756057109758 0.4751254886388779 22
1756057109763 0.49376174956560137 23
1756057109768 0.49065110087394714 24
1756057109773 0.49024650156497956 25
1756057109778 0.47911543399095535 26
1756057109783 0.4431144192814827 27
1756057109787 0.40052261501550673 28
1756057109792 0.42204136997461317 29
1756057109797 0.355128014087677 30
1756057109802 0.37020762264728546 31
1756057109807 0.3872943475842476 32
1756057109812 0.42915356904268265 33
1756057109817 0.447986276447773 34
1756057109822 0.3621355175971985 35
1756057109827 0.3624652624130249 36
1756057109832 0.37849029451608657 37
1756057109837 0.412939490377903 38
1756057109842 0.4347755789756775 39
1756057109847 0.34755452573299406 40
1756057109852 0.340303847193718 41
1756057109857 0.35412529334425924 42
1756057109862 0.39596702307462694 43
1756057109867 0.33433991074562075 44
1756057109872 0.3205892235040665 45
1756057109878 0.32354992926120757 46
1756057109883 0.4086319819092751 47
1756057109888 0.41445221602916715 48
1756057109893 0.38345051258802415 49
1756057109898 0.361251163482666 50
1756057109903 0.35952977538108827 51
1756057109908 0.3576440066099167 52
1756057109914 0.28921365216374395 53
1756057109919 0.31673154681921006 54
1756057109924 0.32149953618645666 55
1756057109929 0.33681045323610304 56
1756057109934 0.39318535625934603 57
1756057109940 0.3675152912735939 58
1756057109945 0.3300994597375393 59
1756057109950 0.31646203249692917 60
1756057109956 0.29861430898308755 61
1756057109961 0.3114639222621918 62
1756057109966 0.3189350374042988 63
1756057109972 0.27090196013450624 64
