1756057133053 0.0005967126713007301 1
1756057133066 0.0011934253426014601 2
1756057133072 0.0017901380139021899 3
1756057133078 0.0023868506852029203 4
1756057133084 0.0029835633565036502 5
1756057133090 0.0029835633565036502 6
1756057133096 0.0029827480091934545 7
1756057133103 0.00298030285883318 8
1756057133109 0.002976230579158847 9
1756057133115 0.00297053562314849 10
1756057133121 0.0029632242181528946 11
1756057133128 0.0029543043590860778 12
1756057133134 0.0029437857996829696 13
1756057133140 0.002931680041833845 14
1756057133146 0.002918000323007177 15
1756057133153 0.0029027616017746594 16
1756057133159 0.0028859805414542276 17
1756057133165 0.002867675491888964 18
1756057133172 0.0028478664693818165 19
1756057133179 0.002826575134808064 20
1756057133185 0.002803824769929466 21
1756057133191 0.0027796402519360006 22
1756057133198 0.0027540480262430193 23
1756057133205 0.0027270760775735766 24
1756057133211 0.002698753899357544 25
1756057133217 0.0026691124614809793 26
1756057133224 0.002638184176421009 27
1756057133230 0.0026060028638032607 28
1756057133237 0.0025726037134206027 29
1756057133243 0.002538023246753615 30
1756057133250 0.002502299277034894 31
1756057133256 0.002465470867900833 32
1756057133263 0.0024275782906761096 33
1756057133269 0.0023886629803375873 34
1756057133276 0.0023487674902057717 35
1756057133282 0.0023079354454133825 36
1756057133289 0.00226621149520191 37
1756057133295 0.002223641264098326 38
1756057133302 0.0021802713020253315 39
1756057133309 0.0021361490333997027 40
1756057133315 0.0020913227052743854 41
1756057133322 0.00204584133458105 42
1756057133329 0.0019997546545307996 43
1756057133336 0.0019531130602316313 44
1756057133342 0.0019059675535821265 45
1756057133349 0.0018583696875016228 46
1756057133356 0.0018103715095578545 47
1756057133363 0.0017620255050537009 48
