1756057172962 1.9709857732057572 1
1756057172972 1.2710159927606584 2
1756057172979 1.5757199317216872 3
1756057172987 1.093343022465706 4
1756057172995 0.896725332736969 5
1756057173002 0.8534490913152695 6
1756057173009 1.0294208616018294 7
1756057173016 0.5956547502428293 8
1756057173024 0.7487060531973839 9
1756057173032 0.5779834508895874 10
1756057173039 0.5916213721036911 11
1756057173046 0.405743733048439 12
1756057173054 0.41497245281934736 13
1756057173062 0.39226047322154045 14
1756057173069 0.4401054561138153 15
1756057173077 0.406018341332674 16
1756057173084 0.39895100966095925 17
1756057173092 0.38243514895439146 18
1756057173100 0.4719684302806854 19
1756057173107 0.46639287620782854 20
1756057173115 0.4396918162703514 21
1756057173123 0.3474417179822922 22
1756057173130 0.35648381188511846 23
1756057173138 0.2658019920811057 24
1756057173146 0.34107752963900567 25
1756057173153 0.27822322621941564 26
1756057173161 0.27972245663404466 27
1756057173169 0.2783507414162159 28
1756057173177 0.3314885437488556 29
1756057173184 0.3508137695491314 30
1756057173192 0.4043034687638283 31
1756057173200 0.49307110235095025 32
1756057173208 0.4199977360665798 33
1756057173215 0.32143671736121177 34
1756057173223 0.28791199028491976 35
1756057173231 0.40525091663002966 36
1756057173239 0.3179741635918617 37
1756057173247 0.28597112372517586 38
1756057173255 0.25179157927632334 39
1756057173263 0.280581808462739 40
1756057173270 0.38776561096310613 41
1756057173279 0.347116806358099 42
1756057173286 0.23179532662034036 43
1756057173294 0.23097089901566506 44
1756057173302 0.2677242957055569 45
1756057173310 0.24027785584330558 46
1756057173319 0.24006556756794453 47
1756057173327 0.3511962678283453 48
1756057173335 0.31616044491529466 49
1756057173343 0.28673603013157845 50
1756057173351 0.2740257866680622 51
1756057173359 0.19269049912691116 52
1756057173367 0.24870880953967572 53
1756057173376 0.23676665760576726 54
1756057173384 0.19838266987353564 55
1756057173392 0.20412818677723407 56
1756057173400 0.23972029983997345 57
1756057173409 0.23025539591908456 58
1756057173418 0.21183875389397144 59
1756057173426 0.25560602247715 60
1756057173435 0.25035145990550517 61
1756057173443 0.20665060617029668 62
1756057173451 0.2019554629921913 63
1756057173459 0.1806795086711645 64
1756057173468 0.38850387558341026 65
1756057173476 0.23489701561629772 66
1756057173485 0.1812995407730341 67
1756057173493 0.19566265642642974 68
1756057173501 0.26088896319270133 69
1756057173510 0.475155770778656 70
1756057173518 0.2895536292344332 71
1756057173527 0.23646304048597813 72
1756057173535 0.16515899114310742 73
1756057173544 0.14880737140774727 74
1756057173552 0.1376606710255146 75
1756057173561 0.18498288169503213 76
1756057173569 0.13422761410474776 77
1756057173577 0.16865321882069112 78
1756057173586 0.1330052200704813 79
1756057173594 0.15754716470837593 80
1756057173603 0.13797778263688087 81
1756057173612 0.13413283042609692 82
1756057173620 0.23383116461336612 83
1756057173629 0.1664291389286518 84
1756057173637 0.1490509755909443 85
1756057173646 0.15144236832857133 86
1756057173655 0.2635717637836933 87
1756057173663 0.1547362793236971 88
1756057173672 0.12501466386020182 89
1756057173681 0.3921299658715725 90
1756057173689 0.11936845183372498 91
1756057173698 0.1283604431897402 92
1756057173707 0.11001296751201153 93
1756057173716 0.1584942165762186 94
1756057173724 0.11278147548437119 95
1756057173733 0.135498309135437 96
1756057173742 0.1478589355945587 97
1756057173751 0.10938934050500393 98
1756057173759 0.12664681822061538 99
1756057173768 0.1638777457177639 100
