1756057172962 0.0005967126713007301 1
1756057172972 0.0011934253426014601 2
1756057172979 0.0017901380139021899 3
1756057172987 0.0023868506852029203 4
1756057172995 0.0029835633565036502 5
1756057173002 0.0029835633565036502 6
1756057173009 0.0029827480091934545 7
1756057173016 0.00298030285883318 8
1756057173024 0.002976230579158847 9
1756057173032 0.00297053562314849 10
1756057173039 0.0029632242181528946 11
1756057173046 0.0029543043590860778 12
1756057173054 0.0029437857996829696 13
1756057173062 0.002931680041833845 14
1756057173069 0.002918000323007177 15
1756057173077 0.0029027616017746594 16
1756057173084 0.0028859805414542276 17
1756057173092 0.002867675491888964 18
1756057173100 0.0028478664693818165 19
1756057173107 0.002826575134808064 20
1756057173115 0.002803824769929466 21
1756057173123 0.0027796402519360006 22
1756057173130 0.0027540480262430193 23
1756057173138 0.0027270760775735766 24
1756057173146 0.002698753899357544 25
1756057173153 0.0026691124614809793 26
1756057173161 0.002638184176421009 27
1756057173169 0.0026060028638032607 28
1756057173177 0.0025726037134206027 29
1756057173184 0.002538023246753615 30
1756057173192 0.002502299277034894 31
1756057173200 0.002465470867900833 32
1756057173208 0.0024275782906761096 33
1756057173215 0.0023886629803375873 34
1756057173223 0.0023487674902057717 35
1756057173231 0.0023079354454133825 36
1756057173239 0.00226621149520191 37
1756057173247 0.002223641264098326 38
1756057173255 0.0021802713020253315 39
1756057173263 0.0021361490333997027 40
1756057173270 0.0020913227052743854 41
1756057173279 0.00204584133458105 42
1756057173286 0.0019997546545307996 43
1756057173294 0.0019531130602316313 44
1756057173302 0.0019059675535821265 45
1756057173310 0.0018583696875016228 46
1756057173319 0.0018103715095578545 47
1756057173327 0.0017620255050537009 48
1756057173335 0.001713384539635278 49
1756057173343 0.0016645018014841324 50
1756057173351 0.0016154307431567423 51
1756057173359 0.0015662250231349346 52
1756057173367 0.0015169384471511232 53
1756057173376 0.001467624909352527 54
1756057173384 0.0014183383333687151 55
1756057173392 0.001369132613346908 56
1756057173400 0.0013200615550195177 57
1756057173409 0.0012711788168683718 58
1756057173418 0.0012225378514499497 59
1756057173426 0.0011741918469457958 60
1756057173435 0.0011261936690020273 61
1756057173443 0.0010785958029215239 62
1756057173451 0.0010314502962720188 63
1756057173459 0.0009848087019728505 64
1756057173468 0.0009387220219226001 65
1756057173476 0.0008932406512292655 66
1756057173485 0.0008484143231039477 67
1756057173493 0.0008042920544783188 68
1756057173501 0.0007609220924053251 69
1756057173510 0.0007183518613017406 70
1756057173518 0.000676627911090268 71
1756057173527 0.0006357958662978787 72
1756057173535 0.000595900376166063 73
1756057173544 0.0005569850658275405 74
1756057173552 0.0005190924886028175 75
1756057173561 0.0004822640794687564 76
1756057173569 0.0004465401097500353 77
1756057173577 0.00041195964308304785 78
1756057173586 0.00037856049270038977 79
1756057173594 0.000346379180082642 80
1756057173603 0.0003154508950226713 81
1756057173612 0.0002858094571461063 82
1756057173620 0.00025748727893007374 83
1756057173629 0.00023051533026063076 84
1756057173637 0.0002049231045676494 85
1756057173646 0.00018073858657418414 86
1756057173655 0.0001579882216955862 87
1756057173663 0.00013669688712183355 88
1756057173672 0.00011688786461468621 89
1756057173681 9.858281504942289e-05 90
1756057173689 8.180175472899058e-05 91
1756057173698 6.6563033496473e-05 92
1756057173707 5.288331466980545e-05 93
1756057173716 4.0777556820680845e-05 94
1756057173724 3.0258997417572384e-05 95
1756057173733 2.133913835075571e-05 96
1756057173742 1.4027733355160029e-05 97
1756057173751 8.332777344803153e-06 98
1756057173759 4.260497670470022e-06 99
1756057173768 1.815347310195667e-06 100
