1755729530208 1.7669202731205866 1
1755729530212 1.6295496317056508 2
1755729530215 1.2548688695980952 3
1755729530218 1.1172601259671724 4
1755729530221 1.014310937661391 5
1755729530224 0.7745509651991037 6
1755729530227 0.6289045466826513 7
1755729530230 0.5413457292776841 8
1755729530233 0.48271454068330616 9
1755729530236 0.4647447925347548 10
1755729530239 0.42516299852958095 11
1755729530242 0.40107669967871445 12
1755729530245 0.37581708568793076 13
1755729530248 0.3751930892467499 14
1755729530251 0.3667525236423199 15
1755729530254 0.3233981911952679 16
1755729530257 0.31808526011613697 17
1755729530260 0.3273529914709238 18
1755729530264 0.3130337492777751 19
1755729530267 0.29825186270933884 20
1755729530270 0.28932291040053737 21
1755729530273 0.3040598573592993 22
1755729530276 0.27883917207901293 23
1755729530279 0.25656765699386597 24
1755729530282 0.2448302025978382 25
1755729530285 0.23446549933690292 26
1755729530289 0.2155696956010965 27
1755729530292 0.20394212580644167 28
1755729530296 0.19000691920518875 29
1755729530299 0.19982725725724146 30
1755729530303 0.18737879968606508 31
1755729530306 0.18989614225350893 32
1755729530310 0.20723195202075517 33
1755729530314 0.22461198270320892 34
1755729530317 0.22904870831049406 35
1755729530320 0.1852424442768097 36
1755729530324 0.18495832670193452 37
1755729530327 0.17529610716379607 38
1755729530331 0.17688114826495832 39
1755729530334 0.1678385860644854 40
1755729530338 0.17334550160628098 41
1755729530341 0.1599027898449164 42
1755729530345 0.16280739066692498 43
1755729530348 0.16882414198838747 44
1755729530352 0.14566387121494 45
1755729530356 0.1439755576161238 46
1755729530359 0.12494940425340946 47
1755729530363 0.14661338581488684 48
1755729530366 0.1606953854744251 49
1755729530370 0.14680016900484377 50
1755729530373 0.14438115518826705 51
1755729530377 0.1329389988229825 52
1755729530380 0.12163169510089435 53
1755729530384 0.15039336108244383 54
1755729530387 0.13038836419582367 55
1755729530391 0.13072687502090746 56
1755729530395 0.12684667798189017 57
1755729530398 0.13028883934020996 58
1755729530402 0.1580333629479775 59
1755729530405 0.13541379399024522 60
1755729530409 0.11955835097111188 61
1755729530413 0.11864058673381805 62
1755729530416 0.12401033937931061 63
1755729530420 0.0993063157567611 64
1755729530423 0.12118410777587157 65
1755729530427 0.12594284518406942 66
1755729530431 0.11549588235524985 67
1755729530434 0.1128642071898167 68
1755729530438 0.11950045824050903 69
1755729530441 0.13409374138483635 70
1755729530445 0.11646610613052662 71
1755729530449 0.11768883352096264 72
1755729530452 0.11824860996924914 73
1755729530456 0.11947711155964778 74
1755729530460 0.0950078689135038 75
1755729530464 0.09606474408736596 76
1755729530467 0.1081376436811227 77
1755729530471 0.0929499755685146 78
1755729530475 0.08944790466473652 79
1755729530478 0.0835273265838623 80
1755729530482 0.10246781947521064 81
1755729530486 0.09487570650302447 82
1755729530489 0.09740108710068923 83
1755729530493 0.09753642403162442 84
1755729530497 0.08936092228843616 85
1755729530501 0.08973731845617294 86
1755729530504 0.08903756049963144 87
1755729530508 0.08942480557239972 88
1755729530512 0.09192124754190445 89
1755729530516 0.08534851498328723 90
1755729530520 0.07623542501376225 91
1755729530523 0.08880364894866943 92
1755729530527 0.10779698536946224 93
1755729530531 0.11751248859442197 94
1755729530535 0.10674342341147937 95
1755729530539 0.12818790742984185 96
1755729530543 0.09393083304166794 97
1755729530548 0.08767741861251685 98
