1755988230107 2.097824764251709 1
1755988230121 1.6811554908752442 2
1755988230128 1.0948661267757416 3
1755988230136 0.905762392282486 4
1755988230144 0.907053416967392 5
1755988230153 0.6899144172668457 6
1755988230161 0.6063319563865661 7
1755988230169 0.5517293184995651 8
1755988230177 0.5755010813474655 9
1755988230185 0.41346925795078276 10
1755988230193 0.2999578833580017 11
1755988230201 0.2651157841086388 12
1755988230209 0.3009783744812012 13
1755988230217 0.3233052626252174 14
1755988230225 0.2353334456682205 15
1755988230233 0.26285161823034286 16
1755988230242 0.265770660340786 17
1755988230250 0.28972757905721663 18
1755988230257 0.41141675859689714 19
1755988230265 0.2984201326966286 20
1755988230273 0.2956730768084526 21
1755988230281 0.2183666929602623 22
1755988230290 0.1718628764152527 23
1755988230298 0.15315904021263121 24
1755988230306 0.16885863542556762 25
1755988230315 0.16269079893827437 26
1755988230324 0.19036152213811874 27
1755988230332 0.2714325852692127 28
1755988230340 0.17782952636480331 29
1755988230349 0.16630367189645767 30
1755988230358 0.15839093327522277 31
1755988230367 0.11895067244768143 32
1755988230376 0.12267902642488479 33
1755988230384 0.12288056239485741 34
1755988230392 0.09479653127491475 35
1755988230400 0.08659971095621585 36
1755988230408 0.12746546603739262 37
1755988230417 0.08436993062496186 38
1755988230425 0.07886906266212464 39
1755988230433 0.08817438669502735 40
1755988230441 0.10044060908257961 41
1755988230450 0.0859577551484108 42
1755988230458 0.06778659485280514 43
1755988230467 0.06807620190083981 44
1755988230475 0.08424030840396882 45
1755988230484 0.07419164180755615 46
1755988230492 0.08857395648956298 47
1755988230500 0.07753247953951359 48
1755988230509 0.06667442917823792 49
1755988230517 0.0860222939401865 50
1755988230526 0.06063762381672859 51
1755988230534 0.07180533483624459 52
1755988230543 0.05655132010579109 53
1755988230552 0.04716295413672924 54
1755988230560 0.05915176123380661 55
1755988230569 0.06459651440382004 56
1755988230577 0.05190444551408291 57
1755988230586 0.05232392176985741 58
1755988230596 0.05849648974835873 59
1755988230605 0.05443550907075405 60
