1755988194073 0.0004823123947828245 1
1755988194085 0.000964624789565649 2
1755988194090 0.0014469371843484735 3
1755988194095 0.001929249579131298 4
1755988194100 0.0024115619739141225 5
1755988194105 0.0024115619739141225 6
1755988194110 0.0024109029953823823 7
1755988194114 0.002408926780370511 8
1755988194119 0.0024056354898406096 9
1755988194124 0.002401032722770551 10
1755988194130 0.002395123512218548 11
1755988194134 0.0023879143198195815 12
1755988194140 0.002379413028719696 13
1755988194144 0.002369628934955894 14
1755988194149 0.0023585727372910574 15
1755988194154 0.0023462565255150075 16
1755988194159 0.002332693767224497 17
1755988194163 0.00231789929309659 18
1755988194168 0.0023018892806715343 19
1755988194173 0.002284681236662861 20
1755988194178 0.002266293977814047 21
1755988194183 0.0022467476103226855 22
1755988194188 0.00222606350785465 23
1755988194193 0.0022042642881723094 24
1755988194198 0.0021813737884023333 25
1755988194203 0.002157417038970145 26
1755988194208 0.002132420236229519 27
1755988194213 0.0021064107138172527 28
1755988194218 0.0020794169127642363 29
1755988194223 0.002051468350395602 30
1755988194228 0.0020225955880539643 31
1755988194233 0.0019928301976810366 32
1755988194238 0.001962204727294182 33
1755988194243 0.0019307526653956283 34
1755988194249 0.0018985084043532884 35
1755988194254 0.0018655072027932067 36
1755988194259 0.0018317851470447696 37
1755988194264 0.0017973791116808362 38
1755988194269 0.0017623267191959324 39
1755988194275 0.0017266662988666066 40
1755988194280 0.001690436844838928 41
1755988194287 0.0016536779734889601 42
1755988194292 0.001616429880102836 43
1755988194298 0.0015787332949238023 44
1755988194305 0.0015406294386142967 45
1755988194314 0.0015021599771817586 46
1755988194321 0.001463366976417461 47
1755988194331 0.0014242928558981874 48
1755988194337 0.001384980342601044 49
1755988194344 0.001345472424182142 50
1755988194351 0.0013058123019702222 51
1755988194358 0.0012660433437266393 52
1755988194368 0.0012262090362233514 53
1755988194374 0.001186352937690771 54
1755988194380 0.0011465186301874827 55
1755988194387 0.0011067496719439004 56
1755988194395 0.0010670895497319804 57
1755988194401 0.001027581631313078 58
1755988194414 0.0009882691180159355 59
1755988194420 0.0009491949974966615 60
1755988194426 0.0009104019967323639 61
1755988194433 0.0008719325352998258 62
1755988194439 0.00083382867899032 63
1755988194447 0.0007961320938112863 64
1755988194453 0.000758884000425162 65
1755988194460 0.0007221251290751947 66
1755988194467 0.0006858956750475159 67
1755988194474 0.00065023525471819 68
1755988194485 0.0006151828622332866 69
1755988194492 0.0005807768268693531 70
1755988194504 0.000547054771120916 71
1755988194512 0.0005140535695608339 72
1755988194518 0.0004818093085184941 73
1755988194525 0.0004503572466199409 74
