1755988194073 1.4737031042575837 1
1755988194085 1.0328953742980957 2
1755988194090 1.0467877984046936 3
1755988194095 1.0185401916503907 4
1755988194100 0.888731575012207 5
1755988194105 0.8322952032089234 6
1755988194110 0.686402541399002 7
1755988194114 0.5495887607336044 8
1755988194119 0.4802342116832733 9
1755988194124 0.4595278173685074 10
1755988194130 0.3660952240228653 11
1755988194134 0.33577902615070343 12
1755988194140 0.2823735445737839 13
1755988194144 0.2559497803449631 14
1755988194149 0.23601323664188384 15
1755988194154 0.20818671435117722 16
1755988194159 0.2313130557537079 17
1755988194163 0.20553814023733138 18
1755988194168 0.200453981757164 19
1755988194173 0.17900011837482452 20
1755988194178 0.18543996661901474 21
1755988194183 0.1836438000202179 22
1755988194188 0.21882638186216355 23
1755988194193 0.22340082973241807 24
1755988194198 0.1862591654062271 25
1755988194203 0.21932620033621789 26
1755988194208 0.16042277216911316 27
1755988194213 0.17287858724594116 28
1755988194218 0.18434032052755356 29
1755988194223 0.16593192368745804 30
1755988194228 0.12889043614268303 31
1755988194233 0.11813452318310738 32
1755988194238 0.10782033577561378 33
1755988194243 0.11205831915140152 34
1755988194249 0.1123882882297039 35
1755988194254 0.09348618462681771 36
1755988194259 0.11211253777146339 37
1755988194264 0.12523252442479132 38
1755988194269 0.11184079647064209 39
1755988194275 0.10872970521450043 40
1755988194280 0.10399212166666985 41
1755988194287 0.09797366112470626 42
1755988194292 0.10573475137352943 43
1755988194298 0.09447707235813141 44
1755988194305 0.08950680047273636 45
1755988194314 0.12232520207762718 46
1755988194321 0.07537108287215233 47
1755988194331 0.07860397584736348 48
1755988194337 0.08484334647655487 49
1755988194344 0.0924950361251831 50
1755988194351 0.08546399250626564 51
1755988194358 0.08741054758429527 52
1755988194368 0.0927258662879467 53
1755988194374 0.08953945860266685 54
1755988194380 0.07270553186535836 55
1755988194387 0.06660348996520042 56
1755988194395 0.05867530889809132 57
1755988194401 0.05906293913722038 58
1755988194414 0.05628170967102051 59
1755988194420 0.053210032358765605 60
1755988194426 0.04889360740780831 61
1755988194433 0.043584708496928214 62
1755988194439 0.04233258590102196 63
1755988194447 0.062265506200492385 64
1755988194453 0.051037964224815366 65
1755988194460 0.053714975342154504 66
1755988194467 0.041962910816073416 67
1755988194474 0.04400766063481569 68
1755988194485 0.04715889245271683 69
1755988194492 0.04130201414227486 70
1755988194504 0.03902052938938141 71
1755988194512 0.04417481012642384 72
1755988194518 0.04073291178792715 73
1755988194525 0.0413900600746274 74
