1756346028568 0.933912235757579 1
1756346028587 0.8477522082950758 2
1756346028604 0.7564523867938829 3
1756346028621 0.7325415222541146 4
1756346028639 0.7868805035300876 5
1756346028656 0.6868875130363132 6
1756346028673 0.6606530987698099 7
1756346028691 0.6025196106537528 8
1756346028708 0.5320552043292833 9
1756346028725 0.5123443279577338 10
1756346028743 0.5657884245333464 11
1756346028760 0.5219549860643304 12
1756346028778 0.5016420885272648 13
1756346028796 0.47280746698379517 14
1756346028813 0.5089273051075314 15
1756346028831 0.47156041601429816 16
1756346028848 0.4588850036911342 17
1756346028866 0.44706118754718616 18
1756346028883 0.44408764787342236 19
1756346028901 0.45142302694527997 20
1756346028919 0.429854646972988 21
1756346028936 0.47278776635294373 22
1756346028954 0.41983258724212646 23
1756346028972 0.4393937289714813 24
1756346028989 0.4163004185842431 25
1756346029007 0.38852693205294403 26
1756346029025 0.4071906662505606 27
1756346029043 0.3604393640290136 28
1756346029061 0.3617139782594598 29
1756346029079 0.3648331385591756 30
1756346029097 0.3664144808831422 31
1756346029115 0.33410492409830506 32
1756346029133 0.3201986680860105 33
1756346029151 0.33503325348315033 34
1756346029169 0.32543491410172504 35
1756346029187 0.3333979896877123 36
1756346029205 0.3329746839792832 37
1756346029223 0.35101800768271735 38
1756346029241 0.3247810796551082 39
1756346029259 0.3504755004592564 40
1756346029278 0.35016133992568305 41
1756346029296 0.32463500875493756 42
1756346029314 0.31979148802549945 43
1756346029332 0.31458938121795654 44
1756346029351 0.2984541823034701 45
1756346029369 0.3061532112567321 46
1756346029387 0.31244479702866595 47
1756346029406 0.2758952852176583 48
1756346029424 0.3059545275957688 49
1756346029442 0.2854159467894098 50
1756346029461 0.3279119717038196 51
1756346029479 0.30186972410782525 52
1756346029498 0.3204300610915474 53
1756346029517 0.29293673971424933 54
1756346029535 0.2792578916186872 55
1756346029554 0.28781624073567597 56
1756346029572 0.27747073899144714 57
1756346029591 0.266676717478296 58
1756346029610 0.2574555783168129 59
1756346029628 0.2649502449709436 60
1756346029647 0.24917063894479172 61
1756346029666 0.25253904189752496 62
1756346029685 0.2428321307120116 63
1756346029703 0.24691175507462543 64
1756346029722 0.25360663623913476 65
1756346029741 0.25817225160806073 66
1756346029760 0.2385350770276526 67
1756346029779 0.2788093653709992 68
1756346029798 0.256785252172014 69
1756346029817 0.23157152727894162 70
