1756345968262 2.880859100300333 1
1756345968273 2.8279861159946607 2
1756345968279 2.1102831985639487 3
1756345968285 1.812220653761988 4
1756345968290 1.2102965064670728 5
1756345968296 0.8968577942122584 6
1756345968302 0.8374438298785168 7
1756345968308 1.0222319571868232 8
1756345968315 0.8640159109364385 9
1756345968321 0.7356139978636866 10
1756345968327 0.5608670789262523 11
1756345968333 0.5416238852169203 12
1756345968339 0.465594461430674 13
1756345968345 0.5387552192677623 14
1756345968352 0.388258902275044 15
1756345968358 0.3725678693989049 16
1756345968364 0.4818794649580251 17
1756345968370 0.5408013748086017 18
1756345968377 0.49873775243759155 19
1756345968383 0.395869422218074 20
1756345968390 0.3114728351002154 21
1756345968396 0.36374977684539295 22
1756345968402 0.4582065557656081 23
1756345968409 0.47057716159716895 24
1756345968415 0.31029586688331934 25
1756345968422 0.30276020065597864 26
1756345968429 0.33574613604856574 27
1756345968435 0.5582615486953569 28
1756345968442 0.402860512552054 29
1756345968449 0.37865794871164404 30
1756345968455 0.3528701397387878 31
1756345968462 0.35685867006364075 32
1756345968469 0.4282766885083655 33
1756345968476 0.29648965921091 34
1756345968482 0.254742171453393 35
1756345968489 0.20555747689112372 36
1756345968496 0.19589470164931339 37
1756345968503 0.19581699468519376 38
1756345968510 0.2036475723852282 39
1756345968517 0.29252565652132034 40
1756345968524 0.27122294384500256 41
1756345968531 0.21203123033046722 42
1756345968538 0.20933295203291852 43
1756345968545 0.2256284910051719 44
1756345968552 0.18747682804646698 45
1756345968559 0.19051478349644205 46
1756345968566 0.19110892421525458 47
1756345968573 0.19831661394108896 48
1756345968581 0.2017008072656134 49
1756345968588 0.1952663575825484 50
1756345968595 0.18160837759142337 51
1756345968602 0.2617910705182863 52
1756345968610 0.187738338890283 53
1756345968617 0.22347304192574127 54
1756345968624 0.2496340200304985 55
1756345968632 0.2103649918799815 56
1756345968639 0.2159370653655218 57
1756345968647 0.19148884551680606 58
1756345968654 0.19992291020310443 59
1756345968662 0.21041190786206204 60
1756345968669 0.18540592556414398 61
1756345968677 0.270227436138236 62
1756345968684 0.2639108228942622 63
1756345968692 0.18782375882501187 64
1756345968699 0.18285675184882205 65
1756345968707 0.1970706089683201 66
1756345968715 0.18487361348841502 67
1756345968723 0.1312620996133141 68
1756345968730 0.1255565658211708 69
