1756345980297 2.1848757215168164 1
1756345980309 2.521843715854313 2
1756345980318 1.5433257818222046 3
1756345980327 1.914580075637154 4
1756345980335 1.5071419943933901 5
1756345980344 0.8545326538707899 6
1756345980353 0.7023458429004835 7
1756345980361 0.7062293485454891 8
1756345980370 0.5809168750825136 9
1756345980379 0.5969657133454862 10
1756345980388 0.49499634685723676 11
1756345980397 0.5250399520863658 12
1756345980406 0.5063789972792501 13
1756345980415 0.45350636995357013 14
1756345980424 0.4644233869469684 15
1756345980433 0.4736987987290258 16
1756345980442 0.5039148725893187 17
1756345980451 0.5207481138084246 18
1756345980460 0.3757248015507408 19
1756345980469 0.4176870953777562 20
1756345980478 0.37872991613719775 21
1756345980487 0.4356377785620482 22
1756345980496 0.36476786110712134 23
1756345980505 0.3571589064338933 24
1756345980514 0.3898275280776231 25
1756345980523 0.46420192070629285 26
1756345980533 0.4450812508230624 27
1756345980542 0.35609663569408917 28
1756345980551 0.4771424609681834 29
1756345980561 0.42518626477407373 30
1756345980570 0.332118927784588 31
1756345980579 0.3290800160687903 32
1756345980589 0.375276905686959 33
1756345980598 0.3041245911432349 34
1756345980608 0.2795847881099452 35
1756345980617 0.3264249990815702 36
1756345980629 0.2490512236304905 37
1756345980639 0.2412482697678649 38
1756345980648 0.4431423201509144 39
1756345980658 0.33052059619323065 40
1756345980667 0.31996975256049115 41
1756345980679 0.18608064398817395 42
1756345980689 0.2489122132892194 43
1756345980699 0.273018613781618 44
1756345980708 0.24203624025635098 45
1756345980718 0.23690462760303332 46
1756345980728 0.26520939203708066 47
1756345980738 0.22867248239724533 48
1756345980748 0.26887647354084515 49
1756345980758 0.22928579572750174 50
1756345980768 0.2175567146876584 51
1756345980778 0.18599014599686084 52
1756345980788 0.2026403624078502 53
1756345980799 0.2292617886610653 54
1756345980809 0.23817907889252124 55
1756345980819 0.29704589396715164 56
1756345980829 0.2209970763196116 57
1756345980839 0.19197061690299408 58
1756345980849 0.1976836722182191 59
1756345980860 0.14977805705174155 60
