1756345992714 1.6388117437777312 1
1756345992727 1.3724374952523604 2
1756345992738 1.3307160087253735 3
1756345992750 1.1688773813455 4
1756345992761 1.0578078912652058 5
1756345992772 0.7692505147146143 6
1756345992783 0.7623499787372091 7
1756345992794 0.5770477017630702 8
1756345992805 0.5812772901161857 9
1756345992816 0.588612964619761 10
1756345992828 0.6411782917769059 11
1756345992839 0.7418864511925242 12
1756345992850 0.7012296396753063 13
1756345992861 0.5350589726282202 14
1756345992873 0.4685054291849551 15
1756345992884 0.46272244790325995 16
1756345992896 0.4727474217829497 17
1756345992907 0.41996183861856873 18
1756345992919 0.3389788522668507 19
1756345992930 0.4092941342488579 20
1756345992942 0.33411364969999896 21
1756345992953 0.28930335265138873 22
1756345992965 0.3812406302794166 23
1756345992977 0.3862919224345166 24
1756345992988 0.4007021849570067 25
1756345993000 0.28627684453259344 26
1756345993012 0.28759312435336737 27
1756345993023 0.24710992173008298 28
1756345993035 0.3732061301884444 29
1756345993047 0.2612380404835162 30
1756345993059 0.24797992926576864 31
1756345993071 0.2500836168942244 32
1756345993083 0.21867997166903122 33
1756345993094 0.24672941345235574 34
1756345993106 0.25467659727386804 35
1756345993118 0.21192449979160144 36
1756345993130 0.24380083511704984 37
1756345993142 0.30633228887682373 38
1756345993154 0.2324412199466125 39
1756345993166 0.23746894947860553 40
1756345993179 0.28842858711014624 41
1756345993191 0.26996018575585407 42
1756345993203 0.21091472519480664 43
1756345993215 0.2609182648036791 44
1756345993227 0.2429984205442926 45
1756345993240 0.23513974832451862 46
1756345993252 0.4493400506351305 47
1756345993264 0.31999524715154065 48
1756345993277 0.26334918646708777 49
1756345993289 0.23296317652515744 50
1756345993302 0.23567161223162775 51
1756345993314 0.21136797089939532 52
1756345993326 0.18606621026992798 53
1756345993339 0.20863902665998624 54
1756345993351 0.20610911496307538 55
1756345993364 0.19215588530768518 56
1756345993376 0.2315413835255996 57
1756345993389 0.19235232990721 58
1756345993402 0.16935189457043356 59
1756345993414 0.18062567872845608 60
1756345993427 0.1752956577617189 61
