1756345968262 1.6491815318231997 1
1756345968273 1.5736247249271558 2
1756345968279 1.2564674278964167 3
1756345968285 1.222450878309167 4
1756345968290 0.9708800238111744 5
1756345968296 0.7864159708437712 6
1756345968302 0.7379402233206708 7
1756345968308 0.7020120413407035 8
1756345968315 0.6554038498712622 9
1756345968321 0.6032745566057123 10
1756345968327 0.5280163625012273 11
1756345968333 0.5079127524210059 12
1756345968339 0.4310218938018965 13
1756345968345 0.4180940486814665 14
1756345968352 0.3837892879610476 15
1756345968358 0.3586687581694644 16
1756345968364 0.3992657965939978 17
1756345968370 0.36587469214978424 18
1756345968377 0.4263884813889213 19
1756345968383 0.36707534608633624 20
1756345968390 0.3005929770676986 21
1756345968396 0.2995345508274825 22
1756345968402 0.3369117599466573 23
1756345968409 0.36778360734815185 24
1756345968415 0.2989409565925598 25
1756345968422 0.2686678346084512 26
1756345968429 0.2951762034841206 27
1756345968435 0.3828444882579472 28
1756345968442 0.28401788421299146 29
1756345968449 0.2916013591963312 30
1756345968455 0.29302618296250055 31
1756345968462 0.26675351028857025 32
1756345968469 0.3253432447495668 33
1756345968476 0.27959289175012836 34
1756345968482 0.22946316262950067 35
1756345968489 0.21172736196414285 36
1756345968496 0.18346640823975854 37
1756345968503 0.17805062299189361 38
1756345968510 0.18632117756035016 39
1756345968517 0.2272861625837243 40
1756345968524 0.22469796175542084 41
1756345968531 0.20958039747632068 42
1756345968538 0.1802435125345769 43
1756345968545 0.20588771739731665 44
1756345968552 0.17123972073845242 45
1756345968559 0.17259200694768326 46
1756345968566 0.17782504791798798 47
1756345968573 0.17791597480359284 48
1756345968581 0.16758422391570132 49
1756345968588 0.16730677206879077 50
1756345968595 0.16044106723173804 51
1756345968602 0.20632383097773013 52
1756345968610 0.16778944659492243 53
1756345968617 0.15662306417589603 54
1756345968624 0.19530960820291354 55
1756345968632 0.16487898709981338 56
1756345968639 0.1717112462805665 57
1756345968647 0.15253852890885394 58
1756345968654 0.15084251145953717 59
1756345968662 0.18873716048572375 60
1756345968669 0.1575477686913117 61
1756345968677 0.16456387094829394 62
1756345968684 0.19048118364551794 63
1756345968692 0.1443168590574161 64
1756345968699 0.15059514602889185 65
1756345968707 0.173451766371727 66
1756345968715 0.16234147289524908 67
1756345968723 0.12203588563462962 68
1756345968730 0.11570366763550302 69
