1756052620849 1.5472115188837052 1
1756052620860 1.1840617090463639 2
1756052620866 1.1073240965604783 3
1756052620874 0.8889507219195366 4
1756052620881 0.9564169511198998 5
1756052620889 0.7949347019195556 6
1756052620896 0.6920013651251793 7
1756052620904 0.5565653622150422 8
1756052620910 0.5044844567775726 9
1756052620918 0.5403427109122276 10
1756052620926 0.5258997485041619 11
1756052620933 0.6868696063756943 12
1756052620940 0.6839765906333923 13
1756052620948 0.6067350342869758 14
1756052620955 0.5765615552663803 15
1756052620963 0.5160868614912033 16
1756052620973 0.4540956407785416 17
1756052620981 0.5634438984096051 18
1756052620988 0.6262816429138184 19
1756052620997 0.6683433547616004 20
1756052621004 0.5189703226089477 21
1756052621011 0.42758690267801286 22
1756052621022 0.4352724730968475 23
1756052621029 0.32762841507792473 24
1756052621036 0.30432676449418067 25
1756052621046 0.34815630614757537 26
1756052621053 0.3049668222665787 27
1756052621060 0.2936002042144537 28
1756052621068 0.31161459609866143 29
1756052621076 0.6280203759670258 30
1756052621083 0.5414395064115525 31
1756052621091 0.6419180944561959 32
1756052621098 0.5293904066085815 33
1756052621105 0.510933519154787 34
1756052621114 0.49027151316404344 35
