1756052620849 0.7994905024766922 1
1756052620860 0.7650544553995132 2
1756052620866 0.7282811582088471 3
1756052620874 0.6535579651594162 4
1756052620881 0.688512560725212 5
1756052620889 0.6396842509508133 6
1756052620896 0.6121307402849198 7
1756052620904 0.5402916073799133 8
1756052620910 0.5289463520050048 9
1756052620918 0.5340837106108666 10
1756052620926 0.5429634481668473 11
1756052620933 0.5846689626574516 12
1756052620940 0.5713037520647049 13
1756052620948 0.5677161470055581 14
1756052620955 0.5286355957388877 15
1756052620963 0.4891039341688156 16
1756052620973 0.5139494448900223 17
1756052620981 0.5139345347881317 18
1756052620988 0.5617498815059662 19
1756052620997 0.5932567611336708 20
1756052621004 0.5197941526770592 21
1756052621011 0.46762685030698775 22
1756052621022 0.467433500289917 23
1756052621029 0.40849456936120987 24
1756052621036 0.40836005508899687 25
1756052621046 0.4411354258656502 26
1756052621053 0.3967714548110962 27
1756052621060 0.39820200204849243 28
1756052621068 0.42808583974838255 29
1756052621076 0.5398753777146339 30
1756052621083 0.5415284246206283 31
1756052621091 0.5538258835673332 32
1756052621098 0.5073920160531997 33
1756052621105 0.5194850549101829 34
1756052621114 0.51474609375 35
