1756052602116 0.0012857317697663644 1
1756052602123 0.002571463539532729 2
1756052602127 0.003857195309299093 3
1756052602132 0.005142927079065458 4
1756052602136 0.006428658848831823 5
1756052602140 0.006428658848831822 6
1756052602144 0.006426901711186507 7
1756052602149 0.006421632219654778 8
1756052602153 0.006412856136348259 9
1756052602157 0.006400583057785197 10
1756052602162 0.00638482640439681 11
1756052602166 0.00636560340585224 12
1756052602171 0.006342935082218167 13
1756052602175 0.006316846220973671 14
1756052602180 0.006287365349905491 15
1756052602185 0.006254524705913306 16
1756052602189 0.006218360199759161 17
1756052602194 0.006178911376799571 18
1756052602198 0.006136221373743263 19
1756052602203 0.0060903368714818095 20
1756052602207 0.006041308044044764 21
1756052602212 0.005989188503735096 22
1756052602217 0.0059340352425049205 23
1756052602221 0.005875908569635643 24
1756052602226 0.005814872045790639 25
1756052602231 0.005750992413512602 26
1756052602235 0.005684339524241557 27
1756052602240 0.005614986261933335 28
1756052602245 0.005543008463362035 29
1756052602249 0.005468484835193627 30
1756052602254 0.00539149686792137 31
1756052602259 0.0053121287467571485 32
1756052602264 0.005230467259576186 33
1756052602268 0.005146601702015771 34
1756052602274 0.005060623779831796 35
1756052602279 0.004972627508619853 36
1756052602283 0.004882709111010564 37
1756052602288 0.004790966911451548 38
1756052602293 0.0046975012286910745 39
1756052602298 0.004602414266080994 40
1756052602303 0.0045058099998188696 41
1756052602307 0.004407794065251526 42
1756052602312 0.00430847364136436 43
1756052602317 0.004207957333582683 44
1756052602322 0.00410635505501329 45
1756052602327 0.004003777906256085 46
1756052602332 0.0039003380539172137 47
1756052602337 0.0037961486079565185 48
1756052602342 0.0036913234980034634 49
1756052602347 0.003585977348776757 50
1756052602352 0.0034802253547439 51
1756052602357 0.003374183154157733 52
1756052602362 0.003267966702607702 53
1756052602367 0.0031616921462241207 54
1756052602372 0.003055475694674089 55
1756052602377 0.002949433494087923 56
1756052602382 0.0028436815000550657 57
1756052602387 0.0027383353508283583 58
1756052602393 0.002633510240875305 59
1756052602398 0.0025293207949146092 60
1756052602403 0.002425880942575737 61
1756052602409 0.002323303793818533 62
1756052602414 0.0022217015152491393 63
1756052602420 0.002121185207467462 64
1756052602425 0.0020218647835802957 65
1756052602431 0.0019238488490129538 66
1756052602436 0.001827244582750828 67
1756052602441 0.0017321576201407478 68
1756052602447 0.0016386919373802757 69
1756052602452 0.0015469497378212585 70
1756052602458 0.0014570313402119696 71
1756052602463 0.0013690350690000264 72
1756052602470 0.0012830571468160508 73
1756052602475 0.0011991915892556363 74
1756052602481 0.0011175301020746728 75
1756052602486 0.0010381619809104522 76
1756052602492 0.0009611740136381946 77
