1756052643866 0.9213843196630478 1
1756052643882 0.6903915166854858 2
1756052643892 0.6553030967712402 3
1756052643900 0.6165248990058899 4
1756052643909 0.6485654652118683 5
1756052643919 0.5978802993893624 6
1756052643928 0.650139807164669 7
1756052643948 0.5709520369768143 8
1756052643965 0.564969326555729 9
1756052643974 0.5755352526903152 10
1756052643985 0.5640874922275543 11
1756052643996 0.5668059095740319 12
1756052644007 0.5607493549585343 13
1756052644017 0.49963596761226653 14
1756052644026 0.4852560892701149 15
1756052644036 0.4819271549582481 16
1756052644048 0.46906394958496095 17
1756052644062 0.5207748666405678 18
1756052644081 0.5535615444183349 19
1756052644093 0.45229264795780183 20
1756052644104 0.4544659361243248 21
1756052644115 0.43508936166763307 22
1756052644124 0.4226470082998276 23
1756052644134 0.453753462433815 24
1756052644143 0.4841545604169369 25
1756052644154 0.4676134675741196 26
1756052644173 0.4921754911541939 27
1756052644206 0.505020372569561 28
1756052644217 0.5216691359877587 29
1756052644227 0.5134375765919685 30
1756052644237 0.5069224387407303 31
1756052644246 0.5102306872606277 32
1756052644256 0.4820312336087227 33
1756052644266 0.41887080371379853 34
1756052644277 0.4280349239706993 35
1756052644291 0.4560184583067894 36
1756052644303 0.43248642086982725 37
1756052644315 0.4548436373472214 38
1756052644324 0.4869013473391533 39
1756052644334 0.47365216314792635 40
1756052644343 0.4177269756793976 41
1756052644353 0.44063171148300173 42
