1756344556132 0.0017536369979531071 1
1756344556156 0.0035072739959062143 2
1756344556179 0.005260910993859321 3
1756344556201 0.0070145479918124285 4
1756344556223 0.008768184989765535 5
1756344556245 0.008768184989765535 6
1756344556268 0.008767156151920828 7
1756344556290 0.008764070121327268 8
1756344556312 0.008758928346579847 9
1756344556334 0.008751733241248005 10
1756344556357 0.008742488182742704 11
1756344556379 0.008731197510731042 12
1756344556401 0.008717866525099208 13
1756344556424 0.008702501483464686 14
1756344556446 0.008685109598238913 15
1756344556469 0.008665699033241742 16
1756344556491 0.0086442788998693 17
1756344556514 0.008620859252817088 18
1756344556536 0.00859545108536024 19
1756344556559 0.008568066324193256 20
1756344556582 0.008538717823831555 21
1756344556604 0.008507419360577514 22
1756344556627 0.008474185626053822 23
1756344556650 0.008439032220307171 24
1756344556673 0.008401975644485532 25
1756344556695 0.008363033293092454 26
1756344556718 0.008322223445822008 27
1756344556741 0.008279565258978234 28
1756344556764 0.008235078756483093 29
1756344556787 0.008188784820477158 30
1756344556810 0.008140705181517454 31
1756344556833 0.00809086240837705 32
1756344556856 0.008039279897451184 33
1756344556878 0.007985981861774913 34
1756344556901 0.007930993319657402 35
1756344556924 0.007874340082938242 36
1756344556947 0.007816048744871268 37
1756344556970 0.00775614666764158 38
1756344556993 0.007694661969521623 39
1756344557016 0.00763162351167236 40
1756344557040 0.007567060884595728 41
1756344557063 0.007501004394244742 42
1756344557086 0.007433485047797756 43
1756344557109 0.007364534539103573 44
1756344557132 0.0072941852338042285 45
1756344557155 0.007222470154142426 46
1756344557179 0.0071494229634607685 47
1756344557202 0.007075077950400048 48
1756344557226 0.006999470012804029 49
1756344557249 0.0069226346413382555 50
1756344557272 0.006844607902830593 51
1756344557296 0.006765426423341321 52
1756344557319 0.006685127370970711 53
1756344557343 0.006603748438412172 54
1756344557366 0.006521327825259154 55
1756344557390 0.006437904220074109 56
1756344557413 0.006353516782227919 57
1756344557437 0.006268205123518339 58
1756344557461 0.006182009289576061 59
1756344557485 0.006094969741067134 60
1756344557509 0.0060071273347005695 61
1756344557532 0.005918523304050037 62
1756344557556 0.005829199240198665 63
1756344557580 0.0057391970722160185 64
1756344557604 0.005648559047476432 65
1756344557627 0.005557327711827918 66
1756344557651 0.005465545889620982 67
1756344557675 0.005373256663606704 68
1756344557699 0.00528050335471352 69
1756344557723 0.005187329501712208 70
1756344557747 0.005093778840778618 71
1756344557771 0.0049998952849637365 72
1756344557795 0.004905722903580725 73
1756344557818 0.004811305901518618 74
1756344557843 0.004716688598492355 75
1756344557867 0.004621915408238949 76
1756344557891 0.004527030817669497 77
1756344557915 0.00443207936598684 78
1756344557939 0.004337105623778697 79
1756344557963 0.00424215417209604 80
1756344557988 0.004147269581526588 81
1756344558012 0.004052496391273183 82
1756344558036 0.00395787908824692 83
1756344558061 0.0038634620861848113 84
1756344558085 0.0037692897048018006 85
1756344558110 0.0036754061489869187 86
1756344558134 0.0035818554880533283 87
1756344558159 0.0034886816350520175 88
1756344558183 0.0033959283261588325 89
1756344558208 0.0033036391001445547 90
1756344558232 0.0032118572779376202 91
1756344558257 0.0031206259422891054 92
1756344558282 0.0030299879175495186 93
1756344558307 0.002939985749566872 94
1756344558331 0.0028506616857155 95
1756344558356 0.002762057655064967 96
1756344558381 0.002674215248698402 97
1756344558406 0.0025871757001894756 98
1756344558431 0.0025009798662471985 99
1756344558456 0.0024156682075376196 100
1756344558481 0.0023312807696914285 101
1756344558506 0.0022478571645063827 102
1756344558531 0.002165436551353365 103
1756344558556 0.002084057618794826 104
1756344558581 0.002003758566424215 105
1756344558606 0.0019245770869349436 106
1756344558631 0.0018465503484272822 107
1756344558656 0.001769714976961509 108
1756344558681 0.0016941070393654888 109
1756344558708 0.0016197620263047692 110
1756344558733 0.0015467148356231102 111
1756344558758 0.0014749997559613082 112
1756344558784 0.0014046504506619625 113
1756344558809 0.0013356999419677806 114
1756344558834 0.0012681805955207953 115
1756344558859 0.0012021241051698092 116
