1756344500640 4.0851685007413225 1
1756344500647 2.9417337675889335 2
1756344500653 2.2607008119424186 3
1756344500659 1.8713879684607189 4
1756344500665 1.227576161424319 5
1756344500671 0.9335892001787821 6
1756344500677 0.7365983972946802 7
1756344500683 0.6402202025055885 8
1756344500689 0.5245310217142105 9
1756344500695 0.4785815899570783 10
1756344500701 0.47166546682516736 11
1756344500707 0.44895462691783905 12
1756344500713 0.4249291953941186 13
1756344500720 0.4574928854902585 14
1756344500726 0.4820952316125234 15
1756344500732 0.36754491180181503 16
1756344500738 0.34865876908103627 17
1756344500745 0.5478027860323588 18
1756344500751 0.6936173538366953 19
1756344500757 0.5243330970406532 20
1756344500764 0.39136912922064465 21
1756344500770 0.42134959002335864 22
1756344500777 0.49658724541465443 23
1756344500783 0.48040926704804104 24
1756344500790 0.4952315340439479 25
1756344500796 0.39289945115645725 26
1756344500803 0.2805476486682892 27
1756344500810 0.3043940489490827 28
1756344500816 0.3117065727710724 29
1756344500823 0.301680834343036 30
1756344500829 0.24705645690361658 31
1756344500836 0.25022436926762265 32
1756344500843 0.2292182892560959 33
1756344500850 0.24392870316902796 34
1756344500856 0.2504875709613164 35
1756344500863 0.2086068851252397 36
1756344500870 0.23099526887138686 37
1756344500877 0.19975591823458672 38
1756344500884 0.2133052907884121 39
1756344500891 0.2128897818426291 40
1756344500898 0.2145360546807448 41
1756344500905 0.20516819755236307 42
1756344500912 0.25014519443114597 43
1756344500919 0.21890066315730414 44
1756344500926 0.18912243656814098 45
1756344500933 0.19746961568792662 46
1756344500941 0.20989765971899033 47
1756344500948 0.24859620071947575 48
1756344500955 0.19080663099884987 49
1756344500962 0.17545222491025925 50
1756344500969 0.18786993622779846 51
1756344500977 0.18698362136880556 52
1756344500984 0.24246767039100328 53
1756344500991 0.17200562295814356 54
1756344500999 0.14893128784994283 55
1756344501006 0.1393663746615251 56
1756344501013 0.12695790454745293 57
1756344501021 0.12270098117490609 58
1756344501028 0.12572683207690716 59
1756344501036 0.13124800038834414 60
1756344501043 0.16302038356661797 61
1756344501051 0.18343440691630045 62
1756344501059 0.19989395389954248 63
1756344501066 0.20327785486976305 64
1756344501074 0.14777671111126742 65
1756344501081 0.12043659823636214 66
1756344501089 0.12079666368663311 67
1756344501097 0.1307832778741916 68
1756344501105 0.11792895073692004 69
1756344501113 0.12535222868124643 70
1756344501120 0.09262582908074062 71
1756344501128 0.09610751830041409 72
1756344501136 0.09364108555018902 73
1756344501144 0.09580185636878014 74
1756344501152 0.11504283299048741 75
1756344501160 0.09922373543183009 76
1756344501168 0.09709769363204639 77
1756344501176 0.09436134186883767 78
1756344501184 0.0748667549341917 79
1756344501192 0.0924604485432307 80
1756344501200 0.09880029316991568 81
1756344501209 0.0891328373303016 82
1756344501217 0.08936092133323352 83
1756344501225 0.08221746422350407 84
1756344501233 0.09645308367908001 85
1756344501242 0.1150117889046669 86
1756344501250 0.09583095771571 87
1756344501258 0.09823583997786045 88
1756344501267 0.11298881719509761 89
1756344501275 0.08868181301901738 90
1756344501284 0.0812947250281771 91
1756344501292 0.06854603035996358 92
1756344501301 0.05921016943951448 93
1756344501309 0.06379815625647704 94
1756344501318 0.07960108015686274 95
1756344501326 0.061208869330585 96
1756344501335 0.06063630183537801 97
1756344501344 0.06846619925151269 98
1756344501352 0.07816619394967954 99
1756344501361 0.07838356743256251 100
1756344501370 0.08138320750246446 101
1756344501378 0.07057411844531696 102
1756344501387 0.07718400874485572 103
1756344501396 0.06124061718583107 104
1756344501405 0.06335090938955545 105
1756344501414 0.06674555875360966 106
1756344501423 0.08258307321618001 107
1756344501432 0.08031169480333726 108
1756344501441 0.09276577178388834 109
1756344501450 0.0675750511387984 110
1756344501459 0.06635745552678902 111
1756344501468 0.054132310984035335 112
1756344501477 0.04707187693566084 113
1756344501486 0.055676354095339775 114
1756344501495 0.04904591214532653 115
1756344501504 0.04838973097503185 116
1756344501513 0.04782895293707649 117
1756344501523 0.043555401265621185 118
1756344501532 0.048335326835513115 119
1756344501541 0.05324681041141351 120
1756344501551 0.04887036172052225 121
1756344501560 0.04277025411526362 122
1756344501569 0.04447850941990813 123
1756344501579 0.049688609316945076 124
1756344501588 0.041393137692163386 125
1756344501597 0.04185768077149987 126
1756344501607 0.040921133011579514 127
1756344501616 0.043328167560199894 128
1756344501626 0.043524034321308136 129
