1756344512930 0.0017536369979531071 1
1756344512942 0.0035072739959062143 2
1756344512953 0.005260910993859321 3
1756344512963 0.0070145479918124285 4
1756344512974 0.008768184989765535 5
1756344512984 0.008768184989765535 6
1756344512995 0.008767156151920828 7
1756344513005 0.008764070121327268 8
1756344513016 0.008758928346579847 9
1756344513026 0.008751733241248005 10
1756344513037 0.008742488182742704 11
1756344513047 0.008731197510731042 12
1756344513058 0.008717866525099208 13
1756344513069 0.008702501483464686 14
1756344513079 0.008685109598238913 15
1756344513090 0.008665699033241742 16
1756344513101 0.0086442788998693 17
1756344513112 0.008620859252817088 18
1756344513123 0.00859545108536024 19
1756344513134 0.008568066324193256 20
1756344513144 0.008538717823831555 21
1756344513156 0.008507419360577514 22
1756344513167 0.008474185626053822 23
1756344513178 0.008439032220307171 24
1756344513189 0.008401975644485532 25
1756344513200 0.008363033293092454 26
1756344513211 0.008322223445822008 27
1756344513222 0.008279565258978234 28
1756344513233 0.008235078756483093 29
1756344513244 0.008188784820477158 30
1756344513255 0.008140705181517454 31
1756344513267 0.00809086240837705 32
1756344513278 0.008039279897451184 33
1756344513289 0.007985981861774913 34
1756344513300 0.007930993319657402 35
1756344513312 0.007874340082938242 36
1756344513323 0.007816048744871268 37
1756344513334 0.00775614666764158 38
1756344513346 0.007694661969521623 39
1756344513357 0.00763162351167236 40
1756344513369 0.007567060884595728 41
1756344513380 0.007501004394244742 42
1756344513392 0.007433485047797756 43
1756344513403 0.007364534539103573 44
1756344513415 0.0072941852338042285 45
1756344513426 0.007222470154142426 46
1756344513438 0.0071494229634607685 47
1756344513450 0.007075077950400048 48
1756344513461 0.006999470012804029 49
1756344513473 0.0069226346413382555 50
1756344513485 0.006844607902830593 51
1756344513497 0.006765426423341321 52
1756344513509 0.006685127370970711 53
1756344513521 0.006603748438412172 54
1756344513532 0.006521327825259154 55
1756344513544 0.006437904220074109 56
1756344513556 0.006353516782227919 57
1756344513568 0.006268205123518339 58
1756344513580 0.006182009289576061 59
1756344513592 0.006094969741067134 60
1756344513604 0.0060071273347005695 61
1756344513616 0.005918523304050037 62
1756344513628 0.005829199240198665 63
1756344513640 0.0057391970722160185 64
1756344513652 0.005648559047476432 65
1756344513664 0.005557327711827918 66
1756344513676 0.005465545889620982 67
1756344513688 0.005373256663606704 68
1756344513701 0.00528050335471352 69
1756344513713 0.005187329501712208 70
1756344513725 0.005093778840778618 71
1756344513738 0.0049998952849637365 72
1756344513750 0.004905722903580725 73
1756344513763 0.004811305901518618 74
1756344513776 0.004716688598492355 75
1756344513789 0.004621915408238949 76
1756344513801 0.004527030817669497 77
1756344513814 0.00443207936598684 78
1756344513826 0.004337105623778697 79
1756344513839 0.00424215417209604 80
1756344513852 0.004147269581526588 81
1756344513864 0.004052496391273183 82
1756344513877 0.00395787908824692 83
1756344513890 0.0038634620861848113 84
1756344513902 0.0037692897048018006 85
1756344513915 0.0036754061489869187 86
1756344513928 0.0035818554880533283 87
1756344513941 0.0034886816350520175 88
1756344513954 0.0033959283261588325 89
1756344513967 0.0033036391001445547 90
1756344513980 0.0032118572779376202 91
1756344513993 0.0031206259422891054 92
1756344514006 0.0030299879175495186 93
1756344514019 0.002939985749566872 94
1756344514032 0.0028506616857155 95
1756344514045 0.002762057655064967 96
1756344514058 0.002674215248698402 97
1756344514071 0.0025871757001894756 98
1756344514084 0.0025009798662471985 99
1756344514097 0.0024156682075376196 100
1756344514110 0.0023312807696914285 101
1756344514123 0.0022478571645063827 102
1756344514136 0.002165436551353365 103
1756344514150 0.002084057618794826 104
1756344514163 0.002003758566424215 105
