1756344694893 0.8750698696012083 1
1756344694908 0.7946796158085698 2
1756344694919 0.7523105688717054 3
1756344694930 0.7409488740174667 4
1756344694941 0.6673640064571215 5
1756344694952 0.6243129346681677 6
1756344694963 0.6062028589455978 7
1756344694974 0.6198709477549014 8
1756344694985 0.578045992747597 9
1756344694996 0.5979855436345806 10
1756344695007 0.5724723364995874 11
1756344695018 0.5032635538474374 12
1756344695030 0.5105032946752466 13
1756344695041 0.521967518588771 14
1756344695052 0.5058730762937794 15
1756344695064 0.5218199154605037 16
1756344695075 0.49638572594393854 17
1756344695086 0.4628021315388057 18
1756344695098 0.4563649620698846 19
1756344695109 0.47218539922133734 20
1756344695120 0.4551047021928041 21
1756344695132 0.45206197189248126 22
1756344695143 0.44031298290128296 23
1756344695155 0.4286663169446199 24
1756344695167 0.4295420685540075 25
1756344695178 0.414055646761604 26
1756344695190 0.4256698761297309 27
1756344695202 0.42121263301890827 28
1756344695213 0.399067390224208 29
1756344695225 0.37850456393283344 30
1756344695237 0.38382300086643384 31
1756344695248 0.40401083101396973 32
1756344695260 0.4190135455649832 33
1756344695272 0.46328790550646576 34
1756344695284 0.4037409321121547 35
1756344695296 0.4077239710351695 36
1756344695308 0.3792831768160281 37
1756344695320 0.373724200155424 38
1756344695332 0.36482351500055066 39
1756344695344 0.38062370212181756 40
1756344695356 0.3801628856555275 41
1756344695368 0.3500674626101618 42
1756344695380 0.3498696840327719 43
1756344695392 0.34693625569343567 44
1756344695404 0.3475309092065562 45
1756344695416 0.3564692930034969 46
1756344695428 0.3769429455632749 47
1756344695441 0.34624033388884173 48
1756344695453 0.34587280517039093 49
1756344695465 0.36640435327654297 50
1756344695477 0.34521906272224756 51
1756344695490 0.3275274375210638 52
1756344695502 0.32253505483917566 53
1756344695515 0.33468850021776947 54
