1756344715510 0.9104439149732175 1
1756344715526 0.8011082540387693 2
1756344715540 0.8045465013255244 3
1756344715553 0.8077082322991412 4
1756344715566 0.7390753406545391 5
1756344715579 0.6173218566438426 6
1756344715592 0.6414238110832546 7
1756344715605 0.5874188879261846 8
1756344715618 0.5742970264476278 9
1756344715632 0.5566241546817448 10
1756344715645 0.5587716232175413 11
1756344715658 0.5180787003558615 12
1756344715672 0.5789465476637301 13
1756344715685 0.4819287541119949 14
1756344715699 0.4670329443786455 15
1756344715712 0.46937942245732184 16
1756344715725 0.5337978458922842 17
1756344715739 0.518206414969071 18
1756344715753 0.5194376875524935 19
1756344715766 0.4930409685425136 20
1756344715780 0.5010534278724504 21
1756344715794 0.48787563132203143 22
1756344715807 0.5061963304229404 23
1756344715821 0.47757694384326105 24
1756344715835 0.47119433206060657 25
1756344715848 0.4509016003297723 26
1756344715862 0.4734238917412965 27
1756344715876 0.4397335972474969 28
1756344715890 0.4606776665086332 29
1756344715904 0.4124449970929519 30
1756344715917 0.41527274121408875 31
1756344715931 0.42145641083302704 32
1756344715945 0.39093473294506903 33
1756344715959 0.37768236450527026 34
1756344715973 0.37235633445822675 35
1756344715988 0.3852794209252233 36
1756344716002 0.3779913394347481 37
1756344716016 0.37871770625529083 38
1756344716030 0.36592713257540826 39
1756344716044 0.37093403805857117 40
1756344716058 0.38746402574622113 41
1756344716073 0.39377694803735486 42
1756344716087 0.3695070043854091 43
1756344716101 0.3615941055442976 44
1756344716115 0.3477563482263814 45
1756344716130 0.3298386737056401 46
1756344716144 0.34746764405913977 47
1756344716159 0.3342822388462398 48
1756344716173 0.3292895257472992 49
1756344716188 0.3248048061909883 50
1756344716202 0.3772927665192148 51
1756344716216 0.3473614162724951 52
1756344716231 0.3263646079146344 53
1756344716246 0.32842881264893903 54
1756344716260 0.32716479443985486 55
1756344716275 0.3329281897648521 56
1756344716290 0.3498761563197426 57
1756344716304 0.38381482984708704 58
1756344716319 0.32138155076814734 59
1756344716334 0.3214286948027818 60
1756344716348 0.3051381603531215 61
1756344716363 0.31221598581127497 62
1756344716378 0.3386537627033565 63
1756344716393 0.3207352096619813 64
1756344716408 0.3174837853597558 65
1756344716423 0.33498944277348724 66
1756344716438 0.3272081937478936 67
1756344716453 0.3250625703645789 68
1756344716468 0.3160576308551042 69
1756344716483 0.3085384939027869 70
1756344716499 0.301720274531323 71
1756344716514 0.3074406923159309 72
1756344716530 0.2870106120472369 73
1756344716545 0.28541460438914923 74
1756344716560 0.307040441295375 75
1756344716575 0.28731334727743396 76
1756344716590 0.28553372103235 77
1756344716606 0.28163392129151715 78
1756344716621 0.2848890339550765 79
1756344716637 0.2688817738190941 80
1756344716652 0.2748063109491182 81
1756344716667 0.2728423780721167 82
1756344716683 0.27144270228302997 83
1756344716698 0.2742747152629106 84
1756344716714 0.2559797018766403 85
1756344716729 0.2578821091548256 86
1756344716745 0.2624841423138328 87
1756344716760 0.260683232675428 88
1756344716776 0.24804153455340344 89
1756344716792 0.2545186883729437 90
1756344716807 0.2491853204758271 91
1756344716823 0.24171130229597507 92
1756344716839 0.2343103924523229 93
1756344716854 0.2406227225842683 94
1756344716870 0.24825948217640753 95
1756344716886 0.24600163296512936 96
1756344716901 0.23744355077328888 97
1756344716917 0.2568334813999093 98
1756344716933 0.24938776246879413 99
1756344716949 0.2451699965673944 100
