1756344756259 2.5622586322867353 1
1756344756283 1.796078534229942 2
1756344756304 1.278044835380886 3
1756344756325 1.5049811549808667 4
1756344756347 1.3107580050178196 5
1756344756368 1.145326404467873 6
1756344756389 0.9159263229888418 7
1756344756411 1.0016488147818523 8
1756344756432 0.8121160476104073 9
1756344756454 0.6061197992252267 10
1756344756475 0.5749900677929753 11
1756344756497 0.5538389242213705 12
1756344756519 0.5738708856313125 13
1756344756540 0.5298831469338873 14
1756344756562 0.5731138755445895 15
1756344756584 0.5084084998006406 16
1756344756606 0.5042653653932654 17
1756344756627 0.5574664071850155 18
1756344756649 0.48166601683782495 19
1756344756671 0.4010037319815677 20
1756344756693 0.3784762089667113 21
1756344756714 0.47284692849801935 22
1756344756736 0.3802725886521132 23
1756344756758 0.4884660736374233 24
1756344756780 0.5775296066118323 25
1756344756802 0.5241027150465094 26
1756344756824 0.4885851378026216 27
1756344756845 0.4254711620185686 28
1756344756867 0.4271900433561076 29
1756344756889 0.4993461409340734 30
1756344756911 0.5024652960507766 31
1756344756933 0.38502043874367425 32
1756344756955 0.40798625285210816 33
1756344756977 0.3685626309850942 34
1756344756999 0.35728133437426196 35
1756344757021 0.37061455910620483 36
1756344757043 0.31592440475588257 37
1756344757065 0.23727528815684112 38
1756344757088 0.2660533423009126 39
1756344757110 0.269557637364968 40
1756344757132 0.2431720793247223 41
1756344757155 0.293767683531927 42
1756344757177 0.275460839919422 43
1756344757199 0.34524502831956616 44
1756344757222 0.23748539582542752 45
1756344757244 0.2185085189083348 46
1756344757267 0.29887375494708185 47
1756344757289 0.2675725791765296 48
1756344757312 0.22510640906250995 49
1756344757335 0.2552240199368933 50
1756344757357 0.2262396362164746 51
