1756344756259 0.9001988820407701 1
1756344756283 0.7995042645412943 2
1756344756304 0.7304041955782019 3
1756344756325 0.7314996745275415 4
1756344756347 0.7343727868536244 5
1756344756368 0.6925088089445363 6
1756344756389 0.6315527610156847 7
1756344756411 0.6201175269873246 8
1756344756432 0.5807016789913177 9
1756344756454 0.5521695639776147 10
1756344756475 0.5234844840091207 11
1756344756497 0.5335023001484249 12
1756344756519 0.5174404447493346 13
1756344756540 0.5086755312007406 14
1756344756562 0.49938367501549097 15
1756344756584 0.4874352229678113 16
1756344756606 0.496388448321301 17
1756344756627 0.4812959225281425 18
1756344756649 0.46514757042345795 19
1756344756671 0.46137746909390326 20
1756344756693 0.4342578364455182 21
1756344756714 0.45028930513755133 22
1756344756736 0.429523924122686 23
1756344756758 0.44964967732844147 24
1756344756780 0.4812512462553771 25
1756344756802 0.4419220452723296 26
1756344756824 0.4595742044241532 27
1756344756845 0.4410417377948761 28
1756344756867 0.4333578594352888 29
1756344756889 0.4432032393372577 30
1756344756911 0.4889207702615987 31
1756344756933 0.43825488764306775 32
1756344756955 0.41031460010487103 33
1756344756977 0.39084551256635913 34
1756344756999 0.4208146761292997 35
1756344757021 0.40508911402329156 36
1756344757043 0.39493117384288623 37
1756344757065 0.3769804537296295 38
1756344757088 0.3708597551221433 39
1756344757110 0.3552831489106883 40
1756344757132 0.34854379555453424 41
1756344757155 0.37696217194847437 42
1756344757177 0.34172492830649664 43
1756344757199 0.37556897946026013 44
1756344757222 0.34552933729213214 45
1756344757244 0.34656916364379553 46
1756344757267 0.3558470878912055 47
1756344757289 0.35174627278162085 48
1756344757312 0.342188588950945 49
1756344757335 0.3168450010859448 50
1756344757357 0.3234872571800066 51
