1756344715510 1.4600109639375105 1
1756344715526 1.1821228991384092 2
1756344715540 1.1640107398447783 3
1756344715553 1.205305208330569 4
1756344715566 1.0074813676917034 5
1756344715579 0.6815436728622603 6
1756344715592 0.7768890235735022 7
1756344715605 0.6147376856078273 8
1756344715618 0.5934552174547444 9
1756344715632 0.549548502849496 10
1756344715645 0.58900752922763 11
1756344715658 0.5086450810017793 12
1756344715672 0.6160821720309879 13
1756344715685 0.4252002524292987 14
1756344715699 0.40689560965351435 15
1756344715712 0.41451051701670105 16
1756344715725 0.5256228421045386 17
1756344715739 0.5044983625411987 18
1756344715753 0.508502545564071 19
1756344715766 0.46150159252726514 20
1756344715780 0.46081480124722357 21
1756344715794 0.45147002520768537 22
1756344715807 0.4746683771195619 23
1756344715821 0.4112684441649396 24
1756344715835 0.4036231546298317 25
1756344715848 0.3769181876078896 26
1756344715862 0.4140612120213716 27
1756344715876 0.35986877718697424 28
1756344715890 0.3861619039722111 29
1756344715904 0.3000241887310277 30
1756344715917 0.3185670162024705 31
1756344715931 0.32455446473930194 32
1756344715945 0.26987346229345904 33
1756344715959 0.2533464788094811 34
1756344715973 0.24906203215536865 35
1756344715988 0.26434946254543634 36
1756344716002 0.26887794875580334 37
1756344716016 0.254712071755658 38
1756344716030 0.24462048579817233 39
1756344716044 0.250131999992806 40
1756344716058 0.27263619459193683 41
1756344716073 0.271080080581748 42
1756344716087 0.2439398785000262 43
1756344716101 0.24089108666648035 44
1756344716115 0.2113711354525193 45
1756344716130 0.19630410781373148 46
1756344716144 0.21215489960235098 47
1756344716159 0.19888828176519144 48
1756344716173 0.19239495694637299 49
1756344716188 0.1931786906460057 50
1756344716202 0.2614553408778232 51
1756344716216 0.22077459258877713 52
1756344716231 0.1919182888839556 53
1756344716246 0.19910387046959088 54
1756344716260 0.1911572026817695 55
1756344716275 0.19920935319817584 56
1756344716290 0.2211901377076688 57
1756344716304 0.2629149983758512 58
1756344716319 0.18767369020244348 59
1756344716334 0.18877171109551968 60
1756344716348 0.16462147656990134 61
1756344716363 0.1747365768836892 62
1756344716378 0.21001231864742612 63
1756344716393 0.180810894979083 64
1756344716408 0.18932908902997556 65
1756344716423 0.2063345397296159 66
1756344716438 0.20121472426082776 67
1756344716453 0.19069790062697037 68
1756344716468 0.17754854391450467 69
1756344716483 0.1685407867898112 70
1756344716499 0.16355332894169766 71
1756344716514 0.1641351434847583 72
1756344716530 0.1511780195262121 73
1756344716545 0.1475331329781076 74
1756344716560 0.1703580647059109 75
1756344716575 0.14999221654041953 76
1756344716590 0.14267869941566302 77
1756344716606 0.1400845779672913 78
1756344716621 0.15146773632453836 79
1756344716637 0.1283618522726971 80
1756344716652 0.13458219300145688 81
1756344716667 0.13309317211741986 82
1756344716683 0.1297695801957794 83
1756344716698 0.13951249517824338 84
1756344716714 0.11486815207678339 85
1756344716729 0.11995071140320404 86
1756344716745 0.12028027811776036 87
1756344716760 0.12201520962559659 88
1756344716776 0.10898730774288592 89
1756344716792 0.1188990042909332 90
1756344716807 0.11090457682376323 91
1756344716823 0.10438270542932593 92
1756344716839 0.09976451066525086 93
1756344716854 0.10386029679490172 94
1756344716870 0.11008132896993471 95
1756344716886 0.10422371230695558 96
1756344716901 0.09815245056929796 97
1756344716917 0.11556332590787308 98
1756344716933 0.10985862301743549 99
1756344716949 0.10912786683310634 100
