1756344756259 1.450595920500548 1
1756344756283 1.16016511813454 2
1756344756304 0.9799500626066456 3
1756344756325 1.0088681863701863 4
1756344756347 0.9675444442292919 5
1756344756368 0.8979200655999391 6
1756344756389 0.7400959574657938 7
1756344756411 0.6971353758936343 8
1756344756432 0.6144455580607705 9
1756344756454 0.5520175928654878 10
1756344756475 0.512536751187366 11
1756344756497 0.5200372182804606 12
1756344756519 0.47543046267136285 13
1756344756540 0.45956703890924866 14
1756344756562 0.4601945203283559 15
1756344756584 0.42541567527729535 16
1756344756606 0.431028012348258 17
1756344756627 0.42471252835315204 18
1756344756649 0.4005852950655896 19
1756344756671 0.3701100841812465 20
1756344756693 0.34437321709549945 21
1756344756714 0.3670604766710945 22
1756344756736 0.3351614501165307 23
1756344756758 0.36614297395167145 24
1756344756780 0.4275363910457362 25
1756344756802 0.35871692714483844 26
1756344756824 0.3934343560882237 27
1756344756845 0.3496253607065781 28
1756344756867 0.33403397513472516 29
1756344756889 0.37810372010521265 30
1756344756911 0.4694451780422874 31
1756344756933 0.3328890813433606 32
1756344756955 0.3049955666065216 33
1756344756977 0.2775083268466203 34
1756344756999 0.31646254788274353 35
1756344757021 0.29305367106976715 36
1756344757043 0.2799971641405769 37
1756344757065 0.24930208597494208 38
1756344757088 0.2388838037200596 39
1756344757110 0.22634515684583914 40
1756344757132 0.22080379918865536 41
1756344757155 0.2547205492206242 42
1756344757177 0.2104118103566377 43
1756344757199 0.25126424852920615 44
1756344757222 0.21442164286323215 45
1756344757244 0.21097515782584314 46
1756344757267 0.2275489176745 47
1756344757289 0.22812901113344275 48
1756344757312 0.20934301744336667 49
1756344757335 0.18176514007475064 50
1756344757357 0.18786271888276804 51
