1756344742724 2.700465326723845 1
1756344742743 1.7015366217364436 2
1756344742760 1.6994488835334778 3
1756344742777 1.3241730332374573 4
1756344742794 1.0978582812392192 5
1756344742810 0.9795192065446273 6
1756344742827 0.7289548840211786 7
1756344742844 0.959089423003404 8
1756344742861 0.8348897889904354 9
1756344742877 0.7397034589363181 10
1756344742894 0.7573194996170376 11
1756344742911 0.8160468262174855 12
1756344742928 0.7187714615593785 13
1756344742945 0.5822851450546928 14
1756344742962 0.7240974993809409 15
1756344742979 0.5003305958664935 16
1756344742996 0.6070972383022308 17
1756344743013 0.620481155488802 18
1756344743030 0.5079513185698054 19
1756344743047 0.5247863116471664 20
1756344743064 0.526482889185781 21
1756344743081 0.49232592854810797 22
1756344743098 0.44144318026045093 23
1756344743116 0.412368510728297 24
1756344743133 0.43537850613179413 25
1756344743150 0.3670732664025348 26
1756344743167 0.49803581639476446 27
1756344743185 0.42911682958188263 28
1756344743202 0.46553311270216235 29
1756344743220 0.3784195592869883 30
1756344743237 0.4313640432513278 31
1756344743254 0.3201336893050567 32
1756344743272 0.5675202115722324 33
1756344743289 0.45404829408811487 34
1756344743307 0.3919994934745457 35
1756344743325 0.4022193466839583 36
1756344743342 0.37817188319952594 37
1756344743360 0.34574244009411853 38
1756344743378 0.5579979510410972 39
1756344743395 0.48457689777664514 40
1756344743413 0.44091056092925696 41
1756344743431 0.36007335782051086 42
1756344743448 0.3039461380761603 43
1756344743466 0.290928409151409 44
1756344743484 0.40858797210714093 45
1756344743501 0.34210205952758377 46
1756344743519 0.4203039491954057 47
1756344743537 0.37334708804669586 48
1756344743555 0.3497954250677772 49
1756344743573 0.29575423701949743 50
1756344743591 0.25386367122764175 51
1756344743609 0.22962141296137933 52
1756344743627 0.2313868383998456 53
1756344743645 0.38464420774708624 54
1756344743663 0.4293681856082833 55
1756344743681 0.30505655252415204 56
1756344743699 0.280981015899907 57
1756344743718 0.292820677485155 58
1756344743736 0.30915383022764453 59
1756344743754 0.24535517653693323 60
1756344743772 0.23296040976824967 61
1756344743791 0.20981964533743652 62
1756344743809 0.2574456771430762 63
1756344743827 0.249635706777158 64
1756344743846 0.22318254605583523 65
1756344743864 0.30420318569826044 66
1756344743882 0.2743072043294492 67
1756344743901 0.2059505581855774 68
1756344743919 0.28441242744093354 69
1756344743938 0.28749830567318463 70
1756344743957 0.2053561366122702 71
1756344743975 0.19204317713561264 72
1756344743994 0.18905838805696237 73
1756344744012 0.1554126127258591 74
1756344744031 0.1429177052948786 75
1756344744050 0.14946219794776128 76
1756344744069 0.15460240031066147 77
1756344744087 0.15346397637673045 78
1756344744106 0.16242267742105151 79
1756344744125 0.2829397255959718 80
1756344744144 0.1704691784537357 81
1756344744163 0.15811549289071042 82
1756344744182 0.19373013824224472 83
1756344744201 0.16391247737666834 84
1756344744220 0.15150668212900992 85
1756344744239 0.15447009419617447 86
1756344744258 0.14400878742985104 87
1756344744277 0.15135107480961343 88
1756344744296 0.14273177670395892 89
1756344744315 0.17047261252351428 90
1756344744334 0.2082462323748547 91
1756344744353 0.13496764911257703 92
1756344744372 0.12383246340829393 93
1756344744392 0.17084299934946973 94
1756344744411 0.14821966996659403 95
1756344744430 0.15571280180112176 96
1756344744449 0.15374530754659488 97
1756344744469 0.1023226568232412 98
1756344744488 0.12903101920433666 99
1756344744507 0.13506948251439177 100
1756344744526 0.11366346381280733 101
1756344744546 0.1383039003804974 102
1756344744565 0.10587717851866847 103
1756344744585 0.10967783921438715 104
1756344744604 0.12088121911105902 105
1756344744624 0.1053607706790385 106
1756344744643 0.12102351904563281 107
1756344744664 0.15189922374227774 108
1756344744683 0.10667275831751201 109
1756344744703 0.09918232634663582 110
1756344744729 0.13089576800880226 111
1756344744750 0.10972189336367276 112
1756344744770 0.09404791794393373 113
1756344744789 0.09964329522588979 114
1756344744810 0.1246591652541057 115
1756344744830 0.10319108548371689 116
1756344744850 0.10571362013402193 117
1756344744870 0.09532393498913101 118
1756344744890 0.09740559934921887 119
1756344744911 0.11921707313993703 120
1756344744931 0.11608903628328572 121
1756344744952 0.10473715659716855 122
1756344744972 0.09726538395752078 123
1756344744992 0.09939716966903728 124
1756344745012 0.11454935922570851 125
1756344745032 0.10406007617712021 126
1756344745053 0.10152473997162736 127
1756344745073 0.09198186060656673 128
1756344745093 0.11886244121453036 129
1756344745113 0.08190410972937294 130
1756344745134 0.10101307410260905 131
1756344745154 0.10179739801780037 132
1756344745177 0.08192730954159862 133
