1756053914886 1.1255606770515443 1
1756053914898 0.9160394370555878 2
1756053914904 0.7471979320049286 3
1756053914911 0.6482235014438629 4
1756053914917 0.5950301647186279 5
1756053914924 0.5821225464344024 6
1756053914930 0.5192494690418243 7
1756053914936 0.4850539296865463 8
1756053914942 0.4129893183708191 9
1756053914948 0.3849086582660675 10
1756053914954 0.37269128262996676 11
1756053914960 0.3592436224222183 12
1756053914967 0.3281083971261978 13
1756053914974 0.33488304913043976 14
1756053914980 0.31262812316417693 15
1756053914988 0.28578592389822005 16
1756053914996 0.2819111555814743 17
1756053915002 0.299477806687355 18
1756053915009 0.2745125651359558 19
1756053915015 0.26364931017160415 20
1756053915021 0.23201878368854523 21
1756053915029 0.218571799993515 22
1756053915036 0.21069773733615876 23
1756053915042 0.2183225318789482 24
1756053915048 0.22121201753616332 25
1756053915055 0.21726739555597305 26
1756053915062 0.1921265736222267 27
1756053915069 0.18980929702520372 28
1756053915076 0.17408878356218338 29
1756053915082 0.18219536542892456 30
1756053915089 0.18150199204683304 31
1756053915096 0.21757321208715438 32
1756053915103 0.23614031374454497 33
1756053915109 0.21685087829828262 34
1756053915116 0.1963570460677147 35
1756053915122 0.181385138630867 36
1756053915129 0.20817261785268784 37
1756053915135 0.22777476906776428 38
1756053915141 0.21026947796344758 39
1756053915148 0.19661786854267121 40
1756053915154 0.18895411342382432 41
1756053915160 0.18183152973651887 42
1756053915166 0.15608029067516327 43
1756053915173 0.16788886189460756 44
1756053915179 0.15318148136138915 45
1756053915186 0.16488326489925384 46
1756053915192 0.1463311120867729 47
1756053915199 0.14318903982639314 48
1756053915205 0.14970676153898238 49
1756053915212 0.15215055793523788 50
1756053915218 0.15664848387241365 51
1756053915224 0.14107886999845504 52
1756053915231 0.14279006347060202 53
1756053915237 0.13375558704137802 54
1756053915244 0.13133227527141572 55
1756053915251 0.12859141752123832 56
1756053915258 0.11964191868901253 57
1756053915265 0.1265918180346489 58
1756053915272 0.11426120176911354 59
1756053915279 0.12469886988401413 60
1756053915285 0.1273777611553669 61
1756053915293 0.11065973192453385 62
1756053915300 0.10173955336213111 63
1756053915307 0.10962480753660202 64
1756053915314 0.11734554171562195 65
1756053915322 0.12017045840620995 66
1756053915329 0.1083983950316906 67
1756053915336 0.10994386672973633 68
1756053915342 0.11161671429872513 69
1756053915350 0.1322227105498314 70
1756053915357 0.1221616469323635 71
1756053915364 0.10975759997963905 72
1756053915371 0.132656729221344 73
1756053915378 0.1084861434996128 74
