1756053914886 0.00034141153444402746 1
1756053914898 0.0006828230688880549 2
1756053914904 0.0010242346033320824 3
1756053914911 0.0013656461377761098 4
1756053914917 0.0017070576722201373 5
1756053914924 0.0017070576722201373 6
1756053914930 0.0017065912849660158 7
1756053914936 0.0017051926331912658 8
1756053914942 0.0017028632463010685 9
1756053914948 0.0016996056714457886 10
1756053914954 0.0016954234707357032 11
1756053914960 0.0016903212173458861 12
1756053914967 0.0016843044905155086 13
1756053914974 0.0016773798694470232 14
1756053914980 0.0016695549261119015 15
1756053914988 0.0016608382169707963 16
1756053914996 0.001651239273617176 17
1756053915002 0.0016407685923546676 18
1756053915009 0.0016294376227195021 19
1756053915015 0.0016172587549606163 20
1756053915021 0.001604245306491096 21
1756053915029 0.0015904115073257816 22
1756053915036 0.0015757724845209538 23
1756053915042 0.0015603442456331225 24
1756053915048 0.001544143661214996 25
1756053915055 0.0015271884463677811 26
1756053915062 0.001509497141369979 27
1756053915069 0.0014910890914038638 28
1756053915076 0.0014719844254018094 29
1756053915082 0.0014522040340355967 30
1756053915089 0.0014317695468727728 31
1756053915096 0.001410703308725033 32
1756053915103 0.001389028355214501 33
1756053915109 0.0013667683875846122 34
1756053915116 0.0013439477467831523 35
1756053915122 0.0013205913868457883 36
1756053915129 0.001296724847609197 37
1756053915135 0.001272374226783629 38
1756053915141 0.0012475661514154443 39
1756053915148 0.0012223277487708297 40
1756053915154 0.0011966866166725312 41
1756053915160 0.0011706707933220378 42
1756053915166 0.001144308726640224 43
1756053915173 0.0011176292431599618 44
1756053915179 0.0010906615165047326 45
1756053915186 0.0010634350354876978 46
1756053915192 0.0010359795718661144 47
1756053915199 0.0010083251477863557 48
1756053915205 0.0009805020029551345 49
1756053915212 0.0009525405615728288 50
1756053915218 0.0009244713990650637 51
1756053915224 0.0008963252086489347 52
1756053915231 0.0008681327677704237 53
1756053915237 0.0008399249044497137 54
1756053915244 0.0008117324635712026 55
1756053915251 0.0007835862731550738 56
1756053915258 0.0007555171106473088 57
1756053915265 0.0007275556692650029 58
1756053915272 0.000699732524433782 59
1756053915279 0.000672078100354023 60
1756053915285 0.0006446226367324396 61
1756053915293 0.0006173961557154051 62
1756053915300 0.0005904284290601758 63
1756053915307 0.0005637489455799133 64
1756053915314 0.0005373868788980993 65
1756053915322 0.0005113710555476066 66
1756053915329 0.0004857299234493077 67
1756053915336 0.0004604915208046932 68
1756053915342 0.00043568344543650883 69
1756053915350 0.00041133282461094055 70
1756053915357 0.00038746628537434925 71
1756053915364 0.0003641099254369851 72
1756053915371 0.00034128928463552505 73
1756053915378 0.00031902931700563623 74
