1756053932043 1.5960213243961334 1
1756053932058 0.7844998627901077 2
1756053932066 1.0531626343727112 3
1756053932074 0.6148610442876816 4
1756053932082 0.7135384678840637 5
1756053932090 0.46632390320301054 6
1756053932097 0.47041378915309906 7
1756053932105 0.3650702714920044 8
1756053932113 0.30020720362663267 9
1756053932121 0.2520449489355087 10
1756053932128 0.2486959859728813 11
1756053932136 0.26647674590349196 12
1756053932143 0.19822528958320618 13
1756053932151 0.19175205379724503 14
1756053932159 0.22923360019922256 15
1756053932167 0.22037346065044403 16
1756053932175 0.21544888615608215 17
1756053932184 0.15358125418424606 18
1756053932192 0.162963342666626 19
1756053932199 0.16154471263289452 20
1756053932207 0.1385440230369568 21
1756053932215 0.10941295325756073 22
1756053932223 0.09589957073330879 23
1756053932232 0.11309326812624931 24
1756053932239 0.11342635452747345 25
1756053932247 0.1418270967900753 26
1756053932255 0.10824740827083587 27
1756053932263 0.10187022238969803 28
1756053932271 0.08397109843790532 29
1756053932280 0.06948161832988262 30
1756053932288 0.07076090835034847 31
1756053932297 0.06298815570771694 32
1756053932305 0.07288979142904281 33
1756053932313 0.07489488013088703 34
1756053932321 0.06327027324587106 35
1756053932330 0.05882745645940304 36
1756053932337 0.07288868613541126 37
1756053932345 0.0515760488808155 38
1756053932353 0.050418883189558984 39
1756053932362 0.04405186977237463 40
1756053932370 0.04745165705680847 41
1756053932378 0.055990978889167306 42
1756053932386 0.040298934653401376 43
1756053932394 0.03198394533246755 44
1756053932402 0.040847154892981054 45
1756053932411 0.04456560239195824 46
1756053932419 0.04035932291299105 47
1756053932428 0.04723482541739941 48
1756053932437 0.04774252697825432 49
1756053932446 0.04425408914685249 50
1756053932454 0.032735867984592916 51
