1756053893552 1.0157260715961456 1
1756053893563 0.7225748598575592 2
1756053893567 0.662941175699234 3
1756053893572 0.5639734953641892 4
1756053893577 0.520973977446556 5
1756053893581 0.5296211153268814 6
1756053893587 0.509016752243042 7
1756053893592 0.4994864821434021 8
1756053893597 0.40228923261165617 9
1756053893602 0.36661963164806366 10
1756053893607 0.35067624151706694 11
1756053893612 0.32452603578567507 12
1756053893617 0.32049380242824554 13
1756053893622 0.3142251580953598 14
1756053893627 0.2859418660402298 15
1756053893633 0.28276844322681427 16
1756053893638 0.2772105515003204 17
1756053893644 0.2654503047466278 18
1756053893649 0.28604626208543776 19
1756053893655 0.27649579793214796 20
1756053893661 0.2669623792171478 21
1756053893665 0.24747077524662017 22
1756053893670 0.27102538049221037 23
1756053893676 0.2980417966842651 24
1756053893681 0.30600273311138154 25
1756053893689 0.2844262316823006 26
1756053893702 0.31410195380449296 27
1756053893715 0.2818696051836014 28
1756053893722 0.2888813853263855 29
1756053893727 0.28418083637952807 30
1756053893736 0.26384895890951154 31
1756053893746 0.27373167872428894 32
1756053893760 0.24874323308467866 33
1756053893767 0.23510466516017914 34
1756053893772 0.20861225575208664 35
1756053893777 0.18800461143255234 36
1756053893786 0.18698456436395644 37
1756053893793 0.16964858770370483 38
1756053893804 0.17257314473390578 39
1756053893810 0.1724234327673912 40
1756053893816 0.17485208064317703 41
1756053893821 0.17763560712337495 42
1756053893826 0.15344194918870926 43
