1756060467544 0.877622389793396 1
1756060467558 0.792179799079895 2
1756060467567 0.7338402688503265 3
1756060467575 0.7383673429489136 4
1756060467584 0.6661746799945831 5
1756060467593 0.587687200307846 6
1756060467601 0.6120575606822968 7
1756060467610 0.5388292670249939 8
1756060467619 0.5175347030162811 9
1756060467628 0.48838305473327637 10
1756060467637 0.47609775364398954 11
1756060467646 0.46548317968845365 12
1756060467655 0.42759831845760343 13
1756060467664 0.43521562218666077 14
1756060467673 0.4021687775850296 15
1756060467682 0.4054508626461029 16
1756060467691 0.4005966246128082 17
1756060467700 0.3778982698917389 18
1756060467709 0.37361559867858884 19
1756060467718 0.4243278741836548 20
1756060467727 0.4073187172412872 21
1756060467736 0.38405404686927797 22
1756060467746 0.3683723360300064 23
1756060467755 0.3737874209880829 24
1756060467764 0.3499046593904495 25
1756060467773 0.3281863510608673 26
1756060467782 0.3348632097244263 27
1756060467791 0.3087483376264572 28
1756060467800 0.3027287185192108 29
1756060467809 0.3104759752750397 30
1756060467819 0.3022885710000992 31
1756060467828 0.2917852893471718 32
1756060467837 0.305375275015831 33
1756060467847 0.275164520740509 34
1756060467856 0.2898974299430847 35
1756060467865 0.26811329573392867 36
1756060467875 0.28859010338783264 37
1756060467885 0.287436905503273 38
1756060467894 0.2803471446037292 39
1756060467904 0.2795274943113327 40
1756060467913 0.2740117132663727 41
1756060467923 0.24320770800113678 42
1756060467932 0.25942193865776064 43
1756060467941 0.2506475895643234 44
1756060467950 0.25930971205234526 45
1756060467960 0.25848970711231234 46
1756060467969 0.25269557535648346 47
1756060467978 0.2413211867213249 48
1756060467988 0.2293995961546898 49
1756060467998 0.24029371738433838 50
1756060468008 0.24179127365350722 51
1756060468018 0.23310638070106507 52
1756060468027 0.2211468830704689 53
1756060468037 0.2274249091744423 54
1756060468046 0.22759881764650344 55
1756060468056 0.22331806570291518 56
1756060468066 0.22343861311674118 57
1756060468075 0.21838239133358 58
1756060468085 0.208320814371109 59
1756060468095 0.21254795640707017 60
1756060468105 0.22335584610700607 61
1756060468115 0.21027438044548036 62
1756060468125 0.2236350566148758 63
1756060468135 0.2009835958480835 64
1756060468145 0.20227570235729217 65
1756060468155 0.20325217694044112 66
1756060468165 0.20137798339128493 67
1756060468174 0.19050958156585693 68
1756060468184 0.1898858442902565 69
1756060468194 0.1974363073706627 70
1756060468204 0.19654624462127684 71
1756060468214 0.1872192844748497 72
1756060468224 0.17847422510385513 73
1756060468233 0.18586622476577758 74
1756060468244 0.1842059776186943 75
