1756060446546 0.0007074603255528991 1
1756060446557 0.0014149206511057983 2
1756060446564 0.0021223809766586976 3
1756060446572 0.0028298413022115965 4
1756060446579 0.0035373016277644954 5
1756060446586 0.003537301627764496 6
1756060446594 0.00353633490428687 7
1756060446601 0.003533435790951922 8
1756060446608 0.0035286074578975194 9
1756060446615 0.003521855184834968 10
1756060446623 0.003513186355275726 11
1756060446630 0.0035026104484576427 12
1756060446637 0.0034901390289795485 13
1756060446645 0.0034757857341555396 14
1756060446652 0.0034595662591027734 15
1756060446659 0.003441498339579088 16
1756060446666 0.0034216017325892118 17
1756060446673 0.00339989819478077 18
1756060446681 0.0033764114586537068 19
1756060446688 0.003351167206609149 20
1756060446695 0.003324193042866075 21
1756060446703 0.0032955184632765078 22
1756060446710 0.0032651748230722306 23
1756060446718 0.0032331953025783082 24
1756060446725 0.003199614870930881 25
1756060446733 0.003164470247838933 26
1756060446740 0.003127799863431827 27
1756060446747 0.0030896438162365224 28
1756060446754 0.003050043829330426 29
1756060446762 0.003009043204717819 30
1756060446769 0.00296668677597975 31
1756060446776 0.0029230208592491732 32
1756060446784 0.002878093202564937 33
1756060446791 0.002831952933660004 34
1756060446798 0.0027846505062409975 35
1756060446806 0.0027362376448178136 36
1756060446813 0.002686767288143627 37
1756060446820 0.0026362935313271447 38
1756060446828 0.002584871566680398 39
1756060446835 0.002532557623366757 40
1756060446843 0.0024794089059151712 41
1756060446850 0.0024254835316678512 42
1756060446858 0.002370840467229813 43
1756060446866 0.0023155394639897573 44
1756060446873 0.0022596409927828063 45
1756060446881 0.002203206177766532 46
1756060446889 0.002146296729582587 47
1756060446897 0.002088974877877024 48
1756060446904 0.0020313033032530923 49
1756060446912 0.001973345068730918 50
1756060446920 0.0019151635507890159 51
1756060446928 0.0018568223700630435 52
1756060446935 0.0017983853217775688 53
1756060446943 0.0017399163059869268 54
1756060446950 0.0016814792577014518 55
1756060446958 0.0016231380769754801 56
1756060446966 0.0015649565590335783 57
1756060446973 0.0015069983245114033 58
1756060446981 0.0014493267498874723 59
1756060446989 0.0013920048981819091 60
1756060446997 0.0013350954499979637 61
1756060447005 0.0012786606349816897 62
1756060447013 0.0012227621637747386 63
1756060447021 0.0011674611605346828 64
1756060447029 0.001112818096096644 65
1756060447037 0.001058892721849325 66
1756060447045 0.001005744004397739 67
1756060447053 0.0009534300610840983 68
1756060447061 0.0009020080964373517 69
1756060447069 0.0008515343396208695 70
1756060447077 0.0008020639829466827 71
1756060447085 0.0007536511215234982 72
1756060447093 0.0007063486941044917 73
1756060447101 0.000660208425199559 74
1756060447109 0.0006152807685153225 75
1756060447118 0.0005716148517847461 76
1756060447126 0.0005292584230466769 77
1756060447133 0.00048825779843406986 78
1756060447141 0.0004486578115279743 79
1756060447149 0.0004105017643326696 80
1756060447158 0.0003738313799255631 81
1756060447166 0.0003386867568336148 82
1756060447174 0.0003051063251861875 83
1756060447182 0.0002731268046922648 84
1756060447191 0.00024278316448798817 85
1756060447199 0.00021410858489842084 86
1756060447207 0.00018713442115534675 87
1756060447216 0.0001618901691107891 88
1756060447224 0.00013840343298372607 89
1756060447233 0.00011669989517528412 90
