1755907282445 0.9715904712677002 1
1755907282459 0.8290656805038452 2
1755907282465 0.7984595596790314 3
1755907282471 0.7278203248977662 4
1755907282476 0.6882952213287353 5
1755907282482 0.6146441042423249 6
1755907282488 0.6140078246593476 7
1755907282494 0.5379973024129867 8
1755907282500 0.48315236568450926 9
1755907282506 0.4788049846887589 10
1755907282512 0.46702065169811247 11
1755907282517 0.41582743227481844 12
1755907282523 0.4035935401916504 13
1755907282530 0.387541738152504 14
1755907282535 0.3774817317724228 15
1755907282542 0.347843325138092 16
1755907282548 0.3514723390340805 17
1755907282553 0.3540478259325027 18
1755907282559 0.3306670248508453 19
1755907282566 0.31426784992218015 20
1755907282572 0.31113422513008115 21
1755907282580 0.2965137898921967 22
1755907282587 0.3048204451799393 23
1755907282594 0.2952511727809906 24
1755907282601 0.2889553412795067 25
1755907282607 0.26370099037885664 26
1755907282613 0.28257465809583665 27
1755907282620 0.26054640412330626 28
1755907282626 0.26501686573028566 29
1755907282633 0.246245776116848 30
1755907282639 0.2560242399573326 31
1755907282645 0.24271657615900039 32
1755907282652 0.23956895470619202 33
1755907282660 0.22621553987264634 34
1755907282666 0.22853523194789888 35
1755907282673 0.2169789731502533 36
1755907282681 0.20856478959321975 37
1755907282687 0.21941632479429246 38
1755907282694 0.22470576614141463 39
1755907282701 0.20324288457632064 40
1755907282708 0.21008275896310807 41
1755907282715 0.2013525113463402 42
1755907282722 0.19184160679578782 43
1755907282729 0.20058422684669494 44
1755907282736 0.19660933464765548 45
1755907282743 0.1858143001794815 46
1755907282749 0.1917696088552475 47
1755907282757 0.1921731114387512 48
1755907282764 0.18458656072616578 49
1755907282771 0.1683172181248665 50
1755907282778 0.18139308243989943 51
1755907282785 0.1885871782898903 52
1755907282792 0.18368031233549117 53
1755907282800 0.17694372832775115 54
1755907282806 0.1770668461918831 55
1755907282813 0.16554237604141236 56
1755907282823 0.1645689442753792 57
1755907282830 0.16535801738500594 58
1755907282840 0.16012444198131562 59
1755907282848 0.16163524538278579 60
1755907282856 0.15891276746988298 61
1755907282867 0.1601628452539444 62
1755907282874 0.16265729516744615 63
1755907282882 0.1479023814201355 64
1755907282889 0.1502034157514572 65
1755907282896 0.14438057094812393 66
1755907282904 0.1577480062842369 67
1755907282911 0.151922120898962 68
1755907282920 0.15009973496198653 69
1755907282928 0.14228949397802354 70
1755907282937 0.14395513236522675 71
1755907282945 0.1487326055765152 72
