1755907282445 0.0004512592673867499 1
1755907282459 0.0009025185347734998 2
1755907282465 0.0013537778021602497 3
1755907282471 0.0018050370695469997 4
1755907282476 0.0022562963369337496 5
1755907282482 0.0022562963369337496 6
1755907282488 0.0022556798035756223 7
1755907282494 0.0022538308776714148 8
1755907282500 0.0022507515809944588 9
1755907282506 0.0022464452807104598 10
1755907282512 0.002240916685695554 11
1755907282517 0.002234171841387221 12
1755907282523 0.0022262181231736842 13
1755907282530 0.0022170642283290353 14
1755907282535 0.0022067201665028906 15
1755907282542 0.002195197248774987 16
1755907282548 0.0021825080752866824 17
1755907282553 0.0021686665214628855 18
1755907282559 0.002153687722839483 19
1755907282566 0.002137588058512853 20
1755907282572 0.002120385133229564 21
1755907282580 0.002102097758135843 22
1755907282587 0.002082745930207861 23
1755907282594 0.0020623508103853375 24
1755907282601 0.0020409347004323604 25
1755907282607 0.002018521018550735 26
1755907282613 0.001995134273772524 27
1755907282620 0.001970800039159782 28
1755907282626 0.0019455449238407869 29
1755907282633 0.0019193965439133472 30
1755907282639 0.0018923834922470082 31
1755907282645 0.001864535307217164 32
1755907282652 0.0018358824404052828 33
1755907282660 0.0018064562233005457 34
1755907282666 0.0017762888330393255 35
1755907282673 0.00174541325721996 36
1755907282681 0.0017138632578312966 37
1755907282687 0.0016816733343344547 38
1755907282694 0.00164887868593817 39
1755907282701 0.0016155151731089778 40
1755907282708 0.0015816192783583193 41
1755907282715 0.0015472280663494488 42
1755907282722 0.0015123791433677722 43
1755907282729 0.0014771106161989226 44
1755907282736 0.0014414610504595523 45
1755907282743 0.0014054694284263954 46
1755907282749 0.0013691751064097216 47
1755907282757 0.0013326177717177883 48
1755907282764 0.0012958373992593513 49
1755907282771 0.0012588742078316905 50
1755907282778 0.0012217686161419437 51
1755907282785 0.0011845611986098447 52
1755907282792 0.0011472926410001914 53
1755907282800 0.001110003695933558 54
1755907282806 0.0010727351383239046 55
1755907282813 0.0010355277207918059 56
1755907282823 0.000998422129102059 57
1755907282830 0.0009614589376743981 58
1755907282840 0.0009246785652159618 59
1755907282848 0.0008881212305240281 60
1755907282856 0.0008518269085073542 61
1755907282867 0.0008158352864741974 62
1755907282874 0.0007801857207348268 63
1755907282882 0.0007449171935659773 64
1755907282889 0.0007100682705843003 65
1755907282896 0.0006756770585754305 66
1755907282904 0.0006417811638247717 67
1755907282911 0.0006084176509955796 68
1755907282920 0.0005756230025992953 69
1755907282928 0.0005434330791024532 70
1755907282937 0.0005118830797137897 71
1755907282945 0.00048100750389442395 72
