1755906562464 0.8047906339168549 1
1755906562472 0.6761050045490264 2
1755906562476 0.6490030229091645 3
1755906562480 0.5984994769096375 4
1755906562484 0.594597452878952 5
1755906562488 0.5192541301250457 6
1755906562492 0.4854978799819946 7
1755906562496 0.4272642284631729 8
1755906562500 0.40024508237838746 9
1755906562504 0.37745448052883146 10
1755906562508 0.3430928200483322 11
1755906562512 0.33977539241313937 12
1755906562517 0.3291602790355682 13
1755906562521 0.300048166513443 14
1755906562526 0.31835273206233977 15
1755906562530 0.29272429645061493 16
1755906562535 0.2887603536248207 17
1755906562540 0.2776819407939911 18
1755906562546 0.25951880812644956 19
1755906562550 0.27047642320394516 20
1755906562555 0.2706445619463921 21
1755906562560 0.2409651219844818 22
1755906562564 0.23532921075820923 23
1755906562569 0.2513553574681282 24
1755906562573 0.2464394375681877 25
1755906562578 0.25015189349651334 26
1755906562582 0.2350462257862091 27
1755906562587 0.22394003868103027 28
1755906562591 0.20988561362028121 29
1755906562595 0.20957835614681244 30
1755906562599 0.20945185720920562 31
1755906562604 0.1992565542459488 32
1755906562609 0.19274478703737258 33
1755906562613 0.21045715659856795 34
1755906562618 0.21778831630945206 35
1755906562622 0.19897772818803788 36
1755906562627 0.2030203714966774 37
1755906562632 0.1950936496257782 38
1755906562636 0.17824638932943343 39
1755906562641 0.18713552504777908 40
1755906562646 0.16327113807201385 41
1755906562651 0.1651884526014328 42
