1755906577724 1.2535491347312928 1
1755906577732 0.8256968796253205 2
1755906577737 0.689266350865364 3
1755906577743 0.587687200307846 4
1755906577749 0.5870777130126953 5
1755906577754 0.44645594656467436 6
1755906577759 0.34456815123558043 7
1755906577764 0.30104255080223086 8
1755906577770 0.32582796961069105 9
1755906577776 0.25926320999860764 10
1755906577781 0.24398640245199205 11
1755906577786 0.20817046612501144 12
1755906577792 0.18814729601144792 13
1755906577798 0.18600485920906068 14
1755906577804 0.15872502103447914 15
1755906577810 0.14756445437669755 16
1755906577816 0.14207735732197763 17
1755906577823 0.1360992632806301 18
1755906577829 0.14287190213799478 19
1755906577834 0.1210082709789276 20
1755906577840 0.11258894503116608 21
1755906577846 0.11506460830569268 22
1755906577851 0.11073025092482566 23
1755906577857 0.1161240130662918 24
1755906577863 0.0998907707631588 25
1755906577869 0.10991030409932137 26
1755906577874 0.09480236694216729 27
1755906577880 0.11102960780262947 28
1755906577886 0.08854500316083432 29
1755906577891 0.09432011917233467 30
1755906577897 0.07237020134925842 31
1755906577902 0.07431320361793041 32
1755906577908 0.07888405285775661 33
1755906577913 0.08426284529268742 34
1755906577919 0.07172285094857216 35
1755906577924 0.0644382607191801 36
1755906577930 0.08237828575074672 37
1755906577936 0.07436220198869706 38
1755906577941 0.06276916600763797 39
1755906577947 0.055755268037319186 40
1755906577952 0.047786937281489375 41
1755906577958 0.05786257497966289 42
1755906577963 0.05506790056824684 43
