1755906593163 1.1877396881580353 1
1755906593176 0.7462660193443298 2
1755906593183 0.7754576921463012 3
1755906593190 0.6842506051063537 4
1755906593197 0.5745897859334945 5
1755906593204 0.4378631591796875 6
1755906593211 0.4149960815906525 7
1755906593218 0.31773494482040404 8
1755906593224 0.29237443655729295 9
1755906593231 0.2735772758722305 10
1755906593237 0.24591581523418427 11
1755906593244 0.23882759660482406 12
1755906593250 0.19952049404382705 13
1755906593260 0.17218192517757416 14
1755906593267 0.1827935516834259 15
1755906593275 0.15141815841197967 16
1755906593282 0.13952412605285644 17
1755906593289 0.13463036045432092 18
1755906593300 0.1291712760925293 19
1755906593307 0.11204772815108299 20
1755906593315 0.10993008315563202 21
1755906593322 0.096727504581213 22
1755906593330 0.11326266750693322 23
1755906593337 0.0914347343146801 24
1755906593344 0.09271467998623847 25
1755906593351 0.09444715231657028 26
1755906593359 0.08995443731546401 27
1755906593366 0.1085929162800312 28
1755906593373 0.08311438784003258 29
1755906593380 0.06904582120478153 30
1755906593390 0.0751430306583643 31
1755906593397 0.060501806810498236 32
1755906593407 0.057301131263375285 33
1755906593414 0.05823533609509468 34
1755906593421 0.06896003820002079 35
1755906593429 0.06789652556180954 36
1755906593436 0.05844845585525036 37
1755906593444 0.057757241278886796 38
1755906593453 0.05519717298448086 39
1755906593460 0.06904304176568984 40
1755906593467 0.05606124810874462 41
