1755906577724 0.0006664427151092469 1
1755906577732 0.0013328854302184939 2
1755906577737 0.0019993281453277406 3
1755906577743 0.0026657708604369878 4
1755906577749 0.003332213575546235 5
1755906577754 0.0033322135755462345 6
1755906577759 0.0033313029172621156 7
1755906577764 0.003328571938201223 8
1755906577770 0.0033240236246490635 9
1755906577776 0.003317662950119729 10
1755906577781 0.0033094968699174305 11
1755906577786 0.0032995343135309766 12
1755906577792 0.003287786174869507 13
1755906577798 0.003274265300350163 14
1755906577804 0.0032589864748507206 15
1755906577810 0.003241966405542541 16
1755906577816 0.0032232237036215285 17
1755906577823 0.003202778863957054 18
1755906577829 0.0031806542426811245 19
1755906577834 0.003156874032742273 20
1755906577840 0.003131464237450931 21
1755906577846 0.003104452642045187 22
1755906577851 0.003075868783308036 23
1755906577857 0.0030457439172693443 24
1755906577863 0.0030141109850278357 25
1755906577869 0.002981004576730486 26
1755906577874 0.0029464608937487054 27
1755906577880 0.0029105177090926687 28
1755906577886 0.0028732143261070856 29
1755906577891 0.002834591535493567 30
1755906577897 0.0027946915707065963 31
1755906577902 0.002753558061771861 32
1755906577908 0.002711235987577466 33
1755906577913 0.0026677716266901765 34
1755906577919 0.002623212506750485 35
1755906577924 0.002577607352501836 36
1755906577930 0.002531006032510831 37
1755906577936 0.0024834595046366874 38
1755906577941 0.0024350197603095636 39
1755906577947 0.002385739767678697 40
1755906577952 0.002335673413692508 41
1755906577958 0.002284875445174013 42
1755906577963 0.0022334014089559796 43
