1755906562464 1.1548361659049988 1
1755906562472 0.8254025936126709 2
1755906562476 0.7412954449653626 3
1755906562480 0.6849892377853394 4
1755906562484 0.6374376356601715 5
1755906562488 0.49735141098499297 6
1755906562492 0.44048745930194855 7
1755906562496 0.3402929797768593 8
1755906562500 0.28556354641914367 9
1755906562504 0.24873161613941192 10
1755906562508 0.2222282111644745 11
1755906562512 0.21063466966152192 12
1755906562517 0.20566621124744416 13
1755906562521 0.1653679132461548 14
1755906562526 0.18233117759227752 15
1755906562530 0.1581540361046791 16
1755906562535 0.15110962763428687 17
1755906562540 0.14014171436429024 18
1755906562546 0.1198693908751011 19
1755906562550 0.13420410752296447 20
1755906562555 0.1298864223062992 21
1755906562560 0.10528175681829452 22
1755906562564 0.09958449378609657 23
1755906562569 0.11963566094636917 24
1755906562573 0.11011455431580544 25
1755906562578 0.11355103552341461 26
1755906562582 0.10406253412365914 27
1755906562587 0.09369406402111054 28
1755906562591 0.07839598469436168 29
1755906562595 0.07926732823252677 30
1755906562599 0.08428020998835564 31
1755906562604 0.07261108048260212 32
1755906562609 0.0699912242591381 33
1755906562613 0.08109245151281357 34
1755906562618 0.0871462408453226 35
1755906562622 0.07276502400636672 36
1755906562627 0.07711158394813537 37
1755906562632 0.06842350475490093 38
1755906562636 0.061769602820277214 39
1755906562641 0.06644652523100376 40
1755906562646 0.04994092583656311 41
1755906562651 0.05094030648469925 42
