1755907664469 2.2935355367598595 1
1755907664490 1.9433872622328918 2
1755907664497 1.340049344223815 3
1755907664503 0.961970407854427 4
1755907664509 0.8554184283916052 5
1755907664516 0.9860331300017121 6
1755907664522 0.9832947054853687 7
1755907664529 0.8238422955785479 8
1755907664535 0.6964395967396823 9
1755907664541 0.753780002717848 10
1755907664547 0.6571440443203047 11
1755907664553 0.7434004345884571 12
1755907664558 0.6860672955389147 13
1755907664565 0.7499855102656724 14
1755907664570 0.7192987010076448 15
1755907664576 0.6609654751690951 16
1755907664582 0.5423028776784996 17
1755907664589 0.609422026129512 18
1755907664595 0.5411750574584131 19
1755907664602 0.5430095199640695 20
1755907664609 0.4763851897283034 21
1755907664615 0.5113760772850606 22
1755907664622 0.7415588796138763 23
1755907664628 0.6103037858938242 24
1755907664634 0.5896914549075164 25
1755907664640 0.5509830464596872 26
1755907664646 0.5417196578406668 27
1755907664652 0.4956338745239493 28
1755907664658 0.46775056634630474 29
1755907664664 0.5005073322878255 30
1755907664670 0.46673462588291664 31
1755907664676 0.5483048560170384 32
1755907664683 0.4878793308487186 33
1755907664689 0.45002079010009766 34
1755907664696 0.4330130604567466 35
1755907664702 0.4672293749142003 36
1755907664709 0.5063733808793031 37
1755907664715 0.4845046815160033 38
1755907664722 0.40899177456831004 39
1755907664729 0.4050885485364245 40
1755907664737 0.42938680424318687 41
1755907664743 0.44660671074669084 42
1755907664749 0.3513085927282061 43
1755907664756 0.42993288264646157 44
1755907664762 0.37062452201332363 45
1755907664768 0.31545460253179847 46
1755907664774 0.30392208545432464 47
1755907664781 0.4055685356452868 48
1755907664787 0.3358115143590159 49
1755907664793 0.31308780494448424 50
1755907664799 0.3120247529118092 51
1755907664810 0.3390952545133504 52
1755907664816 0.37539797392371416 53
1755907664828 0.3894831066007738 54
1755907664835 0.3446137226827733 55
1755907664841 0.37970048963249503 56
1755907664849 0.3310812465943299 57
1755907664856 0.33166693044560297 58
1755907664865 0.2965458727308682 59
1755907664872 0.31272649929507984 60
1755907664878 0.2880648187809176 61
1755907664885 0.24498712479487642 62
1755907664891 0.2711838623145958 63
1755907664898 0.24471260512900816 64
1755907664908 0.2592071385255882 65
1755907664914 0.2582745984583706 66
1755907664921 0.2767990001223304 67
1755907664928 0.2647778226377128 68
1755907664935 0.2521298893473365 69
1755907664942 0.26176061839252324 70
1755907664950 0.2422471401559842 71
1755907664957 0.27094676674573454 72
1755907664965 0.26911169426007703 73
1755907664972 0.23848619447513061 74
1755907664980 0.2510358705245829 75
1755907664987 0.23064787424617 76
1755907664994 0.2034450698789064 77
1755907665001 0.21513809549150528 78
1755907665008 0.1840601186086605 79
1755907665015 0.1791278576696074 80
1755907665022 0.1719473853900835 81
1755907665029 0.20703849109349312 82
1755907665037 0.22117894525071244 83
1755907665044 0.20326753405781536 84
