1755907535624 2.051894611255689 1
1755907535636 2.0779655018410126 2
1755907535640 1.6031669931752341 3
1755907535644 1.1433364752825204 4
1755907535649 1.202610367304319 5
1755907535654 1.0053907450917479 6
1755907535658 0.9668986557366012 7
1755907535662 0.894212533514221 8
1755907535667 0.7524095429228498 9
1755907535672 0.796751761397758 10
1755907535676 0.90714678806918 11
1755907535681 0.7735530095441001 12
1755907535685 0.6641054064422459 13
1755907535689 0.7035436055489949 14
1755907535693 0.6076402441634761 15
1755907535698 0.615470560920703 16
1755907535703 0.5409794166297107 17
1755907535707 0.6159455950384016 18
1755907535712 0.541494335447039 19
1755907535717 0.5736921330938092 20
1755907535722 0.5461300422812437 21
1755907535726 0.5274464668004544 22
1755907535731 0.481885363916298 23
1755907535736 0.5650244213930973 24
1755907535741 0.4539111274016368 25
1755907535746 0.5550975631196777 26
1755907535750 0.48319090660903363 27
1755907535755 0.48525618703721407 28
1755907535760 0.4629070335007333 29
1755907535764 0.5789961639743346 30
1755907535769 0.5769894949414514 31
1755907535773 0.5407221532100207 32
1755907535778 0.475519584370898 33
1755907535782 0.46188380366021936 34
1755907535787 0.513022572866508 35
1755907535791 0.5084444661806156 36
1755907535796 0.4483001424701183 37
1755907535800 0.47959472490595534 38
1755907535805 0.46704604467014216 39
1755907535810 0.47812422123048215 40
1755907535815 0.4692049605118764 41
1755907535819 0.41285565888279346 42
1755907535825 0.4104513403318532 43
1755907535829 0.39352692799134686 44
1755907535834 0.4065930226019451 45
1755907535840 0.3573946226146314 46
1755907535845 0.38656029976033546 47
1755907535850 0.3505554368550127 48
1755907535855 0.36774701073572236 49
1755907535860 0.34610538324945933 50
1755907535865 0.36672879271693043 51
1755907535870 0.30613571482819396 52
1755907535874 0.34945041318605474 53
1755907535879 0.2996701335945687 54
