1755907535624 1.0669715296138416 1
1755907535636 1.0653840435015691 2
1755907535640 0.9534473670767499 3
1755907535644 0.8018420841786769 4
1755907535649 0.7994137042528623 5
1755907535654 0.748085141568989 6
1755907535658 0.702649660311736 7
1755907535662 0.6834451053049657 8
1755907535667 0.6369281380207508 9
1755907535672 0.6315701158789845 10
1755907535676 0.669484657900674 11
1755907535681 0.6257094144821167 12
1755907535685 0.6020936133799615 13
1755907535689 0.6072115247899835 14
1755907535693 0.5688331816103551 15
1755907535698 0.5658280272762497 16
1755907535703 0.5313629569945397 17
1755907535707 0.5648252193803911 18
1755907535712 0.5226737462080918 19
1755907535717 0.547831565528721 20
1755907535722 0.5273590490415498 21
1755907535726 0.5262687295288234 22
1755907535731 0.5002617236081656 23
1755907535736 0.5311395336281169 24
1755907535741 0.48366867063881513 25
1755907535746 0.5289598904646836 26
1755907535750 0.5006763178419757 27
1755907535755 0.5053626958812986 28
1755907535760 0.49007939402159156 29
1755907535764 0.5362889244184865 30
1755907535769 0.5411747469530477 31
1755907535773 0.516884074582682 32
1755907535778 0.4864033774122015 33
1755907535782 0.48907120583893415 34
1755907535787 0.5104487062274635 35
1755907535791 0.5203609907781923 36
1755907535796 0.48741886329341244 37
1755907535800 0.5000976852395318 38
1755907535805 0.49117966905816807 39
1755907535810 0.5066998740295311 40
1755907535815 0.4931076447685043 41
1755907535819 0.46098964603303316 42
1755907535825 0.47005671195008536 43
1755907535829 0.45749209647054795 44
1755907535834 0.4602769210741117 45
1755907535840 0.4387394958115243 46
1755907535845 0.43867291335935715 47
1755907535850 0.4238360237765622 48
1755907535855 0.42960036149272673 49
1755907535860 0.4307008095375903 50
1755907535865 0.439742750161654 51
1755907535870 0.41195427094187054 52
1755907535874 0.4257578516935373 53
1755907535879 0.39682524351330545 54
