1755907747267 1.0639427404899102 1
1755907747284 1.0494971619797993 2
1755907747291 0.8734512569068315 3
1755907747300 0.7182284771622002 4
1755907747308 0.699612311728589 5
1755907747316 0.6465547622798326 6
1755907747324 0.6550372792528821 7
1755907747332 0.6345863137152288 8
1755907747340 0.6253530243774513 9
1755907747348 0.6235649322534537 10
1755907747356 0.5810311711453772 11
1755907747364 0.5612730325816514 12
1755907747372 0.645092607705624 13
1755907747381 0.6008909228560212 14
1755907747389 0.5731501172889363 15
1755907747397 0.580403985915246 16
1755907747406 0.5415850335901434 17
1755907747415 0.5959349170133665 18
1755907747424 0.5861849397807927 19
1755907747433 0.5534689426422119 20
1755907747441 0.5772515361185198 21
1755907747449 0.563073770179377 22
1755907747458 0.5487647133988219 23
1755907747466 0.5621403018375496 24
1755907747474 0.5145321867682717 25
1755907747482 0.4919511919671839 26
1755907747490 0.5138930032005558 27
1755907747498 0.5014386552494842 28
1755907747507 0.49431101687542806 29
1755907747516 0.5090001827323591 30
1755907747525 0.5200367763444975 31
1755907747533 0.47322557924629804 32
1755907747543 0.5107278189101776 33
1755907747553 0.5098411688556919 34
1755907747561 0.46745734536028527 35
1755907747569 0.4679745815017007 36
1755907747578 0.5046580100988413 37
1755907747586 0.4885382524558476 38
1755907747595 0.4619157469117796 39
1755907747604 0.447564409924792 40
1755907747612 0.45002861243563813 41
1755907747622 0.47774309229541134 42
1755907747630 0.47381877666944033 43
1755907747639 0.4296990574954392 44
1755907747647 0.4445286989212036 45
1755907747656 0.4073647154229028 46
1755907747665 0.42996568377915917 47
1755907747674 0.469137195836414 48
1755907747682 0.4154356638719509 49
1755907747691 0.42070178029599126 50
1755907747700 0.4204237966181396 51
1755907747709 0.4240343969363671 52
1755907747717 0.398076721987167 53
1755907747726 0.3984133250914611 54
