1755916442992 0.7258792157684054 1
1755916442996 0.57131598676954 2
1755916443001 0.5358956371034894 3
1755916443004 0.533389327781541 4
1755916443008 0.4844287186861038 5
1755916443012 0.473714679479599 6
1755916443016 0.429874660713332 7
1755916443020 0.3816332731928144 8
1755916443024 0.37055891113621847 9
1755916443028 0.3523758522101811 10
1755916443032 0.31885057049138205 11
1755916443036 0.3057485542127064 12
1755916443040 0.2945534267595836 13
1755916443044 0.266504059944834 14
1755916443048 0.25719371118715834 15
1755916443052 0.2675839864781925 16
1755916443056 0.24311260453292302 17
1755916443060 0.2392221838235855 18
1755916443066 0.22317276469298772 19
1755916443071 0.21439821805272782 20
1755916443075 0.20999362958329065 21
1755916443080 0.21434880260910308 22
1755916443084 0.22384802997112274 23
1755916443088 0.20897310652903148 24
1755916443093 0.19897527992725372 25
1755916443098 0.2062981746026448 26
1755916443102 0.19651402533054352 27
1755916443107 0.19712545829159872 28
1755916443111 0.2118125706911087 29
1755916443115 0.18361712247133255 30
1755916443120 0.17697966524532863 31
1755916443124 0.18395500204392842 32
1755916443129 0.17841470135109766 33
1755916443136 0.17061920144728251 34
1755916443140 0.17656207191092627 35
1755916443145 0.17501802210296905 36
1755916443150 0.16923166811466217 37
1755916443154 0.16787061308111464 38
1755916443159 0.16981238020317896 39
1755916443164 0.18090073657887323 40
1755916443169 0.15652849950960704 41
1755916443173 0.16818087228706904 42
1755916443178 0.15843199406351363 43
1755916443183 0.15778855979442596 44
1755916443188 0.14798446691461972 45
1755916443192 0.15997490606137685 46
1755916443197 0.1431256862623351 47
1755916443201 0.1455129991684641 48
1755916443206 0.13364216685295105 49
1755916443211 0.14345390030315944 50
1755916443216 0.13884757405945233 51
1755916443220 0.15905971505812236 52
1755916443225 0.16496065578290395 53
1755916443230 0.14039279254419462 54
1755916443234 0.14424524243388856 55
1755916443239 0.14101223647594452 56
1755916443244 0.14328309414642199 57
1755916443248 0.13449462822505406 58
1755916443254 0.13659019661801203 59
1755916443259 0.14728244660156115 60
1755916443264 0.13848360468234336 61
1755916443268 0.15473620114581926 62
1755916443273 0.14101050315158709 63
1755916443279 0.13814343991024153 64
1755916443284 0.12398345236267362 65
1755916443289 0.1299062498978206 66
1755916443294 0.12919777684978076 67
1755916443300 0.13206529031906808 68
1755916443305 0.13264202060444014 69
1755916443310 0.13087311759591103 70
1755916443315 0.11690163772021021 71
1755916443320 0.12443111251507487 72
1755916443326 0.13375298199909075 73
1755916443331 0.11835614698273796 74
1755916443336 0.12100807311279434 75
1755916443341 0.1271168983408383 76
1755916443346 0.12352164941174644 77
1755916443351 0.1274632758327893 78
1755916443358 0.12057261967233249 79
1755916443363 0.10970112841044154 80
1755916443368 0.1139756270817348 81
1755916443373 0.13589450238006456 82
