1756056588411 1.2859745346009732 1
1756056588419 1.1135322719812393 2
1756056588424 0.9359514057636261 3
1756056588429 0.9455079019069672 4
1756056588434 0.7371893122792244 5
1756056588445 0.7426035448908805 6
1756056588449 0.755689512193203 7
1756056588454 0.5864585399627685 8
1756056588459 0.4513141423463821 9
1756056588463 0.4760991968214512 10
1756056588468 0.47524023354053496 11
1756056588473 0.3728256784379482 12
1756056588478 0.33213768899440765 13
1756056588482 0.3013797726482153 14
1756056588487 0.4093047767877579 15
1756056588492 0.8190563768148422 16
1756056588496 0.42831415832042696 17
1756056588501 0.32977561072912065 18
1756056588506 0.305821817740798 19
1756056588510 0.3151161462068558 20
1756056588515 0.32881711348891257 21
1756056588520 0.2160140715772286 22
1756056588525 0.25392250940203664 23
1756056588530 0.23763938024640083 24
1756056588534 0.3147306501865387 25
1756056588539 0.22001764439046384 26
1756056588544 0.3903312012553215 27
1756056588549 0.31908084973692896 28
1756056588554 0.24820479601621628 29
1756056588559 0.28996972665190696 30
1756056588563 0.6936075657606124 31
1756056588568 0.3296244144439697 32
1756056588573 0.2465716976672411 33
1756056588578 0.22414832338690757 34
1756056588583 0.21875868290662764 35
1756056588588 0.20853599160909653 36
1756056588593 0.2015737421810627 37
1756056588598 0.16807346530258654 38
1756056588603 0.24914836809039115 39
1756056588608 0.17124631106853486 40
1756056588613 0.15765030086040496 41
1756056588618 0.15888126119971274 42
1756056588623 0.2634491216391325 43
1756056588628 0.20198163017630577 44
1756056588633 0.17559946775436402 45
1756056588638 0.14394632391631604 46
1756056588644 0.5087648220360279 47
1756056588648 0.3151353508234024 48
1756056588657 0.18269855938851834 49
1756056588663 0.17782919853925705 50
1756056588668 0.23536672107875348 51
1756056588673 0.17489658249542117 52
1756056588678 0.16780698746442796 53
1756056588684 0.16946509405970572 54
1756056588689 0.2868730388581753 55
1756056588695 0.27108263932168486 56
1756056588700 0.1789833027869463 57
1756056588705 0.1351770956069231 58
1756056588710 0.16068473607301711 59
1756056588715 0.16040423065423964 60
1756056588721 0.12005529962480069 61
1756056588726 0.1703631106764078 62
1756056588731 0.25172394290566447 63
1756056588737 0.14230595007538796 64
1756056588742 0.16355034410953523 65
1756056588747 0.15256076268851756 66
