1756056643540 0.8346372842788696 1
1756056643553 0.7332907915115356 2
1756056643560 0.7370678275823593 3
1756056643568 0.6756334841251374 4
1756056643576 0.6568988516926766 5
1756056643584 0.6621023252606392 6
1756056643592 0.6334212988615036 7
1756056643600 0.6329162895679474 8
1756056643608 0.5568604916334152 9
1756056643616 0.5354701682925225 10
1756056643624 0.5001475751399994 11
1756056643632 0.5037483558058738 12
1756056643639 0.4897916913032532 13
1756056643647 0.5277900591492652 14
1756056643655 0.5006145745515823 15
1756056643662 0.49308568686246873 16
1756056643670 0.5188572242856025 17
1756056643678 0.5203434869647026 18
1756056643685 0.4420154958963394 19
1756056643693 0.49955092221498487 20
1756056643701 0.4255041778087616 21
1756056643708 0.4984812542796135 22
1756056643716 0.5575759142637253 23
1756056643724 0.5288804158568382 24
1756056643732 0.4564850181341171 25
1756056643739 0.4706695631146431 26
1756056643747 0.45822815895080565 27
1756056643755 0.4400301083922386 28
1756056643762 0.42249801456928254 29
1756056643770 0.4224585294723511 30
1756056643779 0.40131986886262894 31
1756056643787 0.4077074691653252 32
1756056643795 0.41640799045562743 33
1756056643803 0.41896913647651673 34
1756056643810 0.38331901729106904 35
1756056643818 0.3851700872182846 36
1756056643826 0.4255967900156975 37
1756056643834 0.393133644759655 38
1756056643842 0.38316707611083983 39
1756056643850 0.3816458538174629 40
1756056643858 0.35592895150184634 41
1756056643867 0.36148362010717394 42
1756056643875 0.3617349863052368 43
1756056643883 0.3506469503045082 44
1756056643890 0.34801592379808427 45
1756056643899 0.3673820853233337 46
1756056643909 0.3750194326043129 47
1756056643917 0.3592423379421234 48
1756056643926 0.37965680956840514 49
1756056643935 0.37213035970926284 50
1756056643943 0.3282124295830727 51
1756056643952 0.34081496149301527 52
1756056643960 0.3588273853063583 53
1756056643971 0.3442767128348351 54
1756056643979 0.3323740288615227 55
1756056643987 0.35316355526447296 56
1756056643996 0.3688325956463814 57
1756056644004 0.31345230937004087 58
1756056644012 0.37923958003520963 59
1756056644021 0.32965585589408875 60
1756056644029 0.30430942848324777 61
1756056644037 0.32000104188919065 62
1756056644046 0.30947639495134355 63
1756056644055 0.30804466307163236 64
1756056644064 0.3059385806322098 65
1756056644073 0.32329643070697783 66
1756056644082 0.32848605066537856 67
1756056644090 0.33784106820821763 68
