1755988646330 1.1288730144500732 1
1755988646341 0.7755099132657051 2
1755988646347 0.8962894737720489 3
1755988646353 0.8641064971685409 4
1755988646361 0.8709822073578835 5
1755988646368 1.049601811170578 6
1755988646374 0.9595574617385865 7
1755988646380 0.7044126763939857 8
1755988646386 0.6813645377755165 9
1755988646393 0.505897381901741 10
1755988646399 0.49359665662050245 11
1755988646405 0.506579153239727 12
1755988646411 0.5327023968100548 13
1755988646420 0.5521286681294442 14
1755988646426 0.427277385443449 15
1755988646432 0.36505354195833206 16
1755988646439 0.2883774571120739 17
1755988646446 0.29837349578738215 18
1755988646452 0.3116560995578766 19
1755988646458 0.35779809951782227 20
1755988646464 0.37125774174928666 21
1755988646470 0.3302572123706341 22
1755988646477 0.2823671318590641 23
1755988646483 0.2851471684873104 24
1755988646491 0.27416724190115926 25
1755988646497 0.2785916440188885 26
1755988646503 0.20960285663604736 27
1755988646510 0.29291087239980695 28
1755988646516 0.2836581826210022 29
1755988646522 0.32018700912594794 30
1755988646529 0.3644385501742363 31
1755988646535 0.2689361974596977 32
