1755988667943 1.142099079489708 1
1755988667954 0.9754761815071106 2
1755988667960 1.079954159259796 3
1755988667967 0.8257121086120606 4
1755988667974 0.905762892961502 5
1755988667981 0.7996760994195938 6
1755988667988 0.5619916006922722 7
1755988667995 0.6134956434369088 8
1755988668002 0.7112593442201615 9
1755988668009 0.7307272955775261 10
1755988668015 0.7592807054519654 11
1755988668022 0.7497824028134346 12
1755988668029 0.6216714471578598 13
1755988668037 0.4827966675162315 14
1755988668043 0.4454735696315765 15
1755988668051 0.5055116817355156 16
1755988668058 0.4027687296271324 17
1755988668065 0.4291523590683937 18
1755988668072 0.37877795323729513 19
1755988668079 0.36512436866760256 20
1755988668086 0.4184135556221008 21
1755988668093 0.384607207775116 22
1755988668100 0.3148478738963604 23
1755988668107 0.28663993403315546 24
1755988668114 0.262338600307703 25
1755988668122 0.25739341154694556 26
1755988668129 0.3123394876718521 27
1755988668136 0.4746061101555824 28
1755988668144 0.2926313206553459 29
1755988668151 0.3646443746984005 30
1755988668158 0.2868552185595036 31
1755988668165 0.29491100534796716 32
1755988668172 0.2406453497707844 33
1755988668180 0.2502534046769142 34
1755988668187 0.27619713321328165 35
1755988668194 0.2289844699203968 36
1755988668202 0.1875099938362837 37
1755988668209 0.1887434981763363 38
1755988668217 0.1903901442885399 39
