1755988667943 0.0002708048885143107 1
1755988667954 0.0005416097770286214 2
1755988667960 0.0008124146655429321 3
1755988667967 0.0010832195540572429 4
1755988667974 0.0013540244425715535 5
1755988667981 0.0013540244425715535 6
1755988667988 0.0013536545644807917 7
1755988667995 0.0013525453346647678 8
1755988668002 0.0013506979660500005 9
1755988668009 0.001348114478706947 10
1755988668015 0.0013447976976410864 11
1755988668022 0.001340751249703818 12
1755988668029 0.0013359795596265519 13
1755988668037 0.00133048784518233 14
1755988668043 0.0013242821114802686 15
1755988668051 0.0013173691443990594 16
1755988668058 0.0013097565031667108 17
1755988668065 0.0013014525120946421 18
1755988668072 0.001292466251475173 19
1755988668079 0.001282807547652356 20
1755988668086 0.0012724869622770133 21
1755988668093 0.001261515780757728 22
1755988668100 0.0012499059999204138 23
1755988668107 0.0012376703148899635 24
1755988668114 0.0012248221052083151 25
1755988668122 0.0012113754202041204 26
1755988668129 0.0011973449636300088 27
1755988668136 0.0011827460775842512 28
1755988668144 0.0011675947257344002 29
1755988668151 0.001151907475861253 30
1755988668158 0.0011357014817422288 31
1755988668165 0.0011189944643939622 32
1755988668172 0.001101804692694634 33
1755988668180 0.001084150963407219 34
1755988668187 0.0010660525806255045 35
1755988668194 0.001047529334665344 36
1755988668202 0.0010286014804242395 37
1755988668209 0.0010092897152329074 38
1755988668217 0.0009896151562230524 39
