1755988646330 0.0002708048885143107 1
1755988646341 0.0005416097770286214 2
1755988646347 0.0008124146655429321 3
1755988646353 0.0010832195540572429 4
1755988646361 0.0013540244425715535 5
1755988646368 0.0013540244425715535 6
1755988646374 0.0013536545644807917 7
1755988646380 0.0013525453346647678 8
1755988646386 0.0013506979660500005 9
1755988646393 0.001348114478706947 10
1755988646399 0.0013447976976410864 11
1755988646405 0.001340751249703818 12
1755988646411 0.0013359795596265519 13
1755988646420 0.00133048784518233 14
1755988646426 0.0013242821114802686 15
1755988646432 0.0013173691443990594 16
1755988646439 0.0013097565031667108 17
1755988646446 0.0013014525120946421 18
1755988646452 0.001292466251475173 19
1755988646458 0.001282807547652356 20
1755988646464 0.0012724869622770133 21
1755988646470 0.001261515780757728 22
1755988646477 0.0012499059999204138 23
1755988646483 0.0012376703148899635 24
1755988646491 0.0012248221052083151 25
1755988646497 0.0012113754202041204 26
1755988646503 0.0011973449636300088 27
1755988646510 0.0011827460775842512 28
1755988646516 0.0011675947257344002 29
1755988646522 0.001151907475861253 30
1755988646529 0.0011357014817422288 31
1755988646535 0.0011189944643939622 32
