1756349484859 0.14415980454372324 0
1756349575243 0.08448974545235219 0
1756349686386 0.10422344781134439 0
1756349850485 0.0813299814320129 0
1756349956294 0.06702586133842883 0
1756350165603 0.08083154908988786 0
1756350302891 0.06262876943725607 0
1756350435174 0.049930578745577645 0
1756350604063 0.11785363827062689 0
1756350771845 0.0727703649064769 0
1756351010836 0.12285904035620067 0
1756351251790 0.1588225157364555 0
1756351426870 0.1882994851988295 0
1756351633089 0.16752016414766727 0
1756351846006 0.09468044162444446 0
1756352026560 0.16635628368543542 0
1756352214752 0.09656388393562773 0
1756352465853 0.10281568133960599 0
1756352667112 0.13387467631179353 0
1756352961506 0.08743324568090231 0
1756353200551 0.08348385196017183 0
1756353486365 0.16500589348699735 0
1756353808040 0.14718614777793054 0
1756354141685 0.05621438700219859 0
1756354409450 0.18674667341553647 0
1756354656216 0.1172518270171207 0
1756355053198 0.16945140096156494 0
1756355319854 0.18277549192957257 0
1756355643420 0.06909528317982735 0
1756355910110 0.07891841402844242 0
1756356243267 0.1050297396014566 0
1756356610073 0.08591077460542969 0
1756357066775 0.0698259924740895 0
