1756349434075 2.4932096263636714 1
1756349434090 1.790806850661402 2
1756349434103 1.4714275650356128 3
1756349434115 0.967767992745275 4
1756349434128 1.0319833094659059 5
1756349434141 1.1549166505751403 6
1756349434153 0.811015230158101 7
1756349434166 0.6410689548305843 8
1756349434179 0.6948169029277304 9
1756349434191 0.6323647550914598 10
1756349434204 0.5720831946186398 11
1756349434217 0.5141844218191893 12
1756349434230 0.4422381228726843 13
1756349434243 0.3356304427851801 14
1756349434256 0.4343264232511106 15
1756349434269 0.4349183757667956 16
1756349434282 0.33808297437170276 17
1756349434295 0.2972384328427522 18
1756349434308 0.28894161659738293 19
1756349434321 0.38560955550359644 20
1756349434335 0.3708135731842207 21
1756349434348 0.3012604208096214 22
1756349434361 0.2988007658201715 23
1756349434374 0.23550945455613342 24
1756349434387 0.28121536192686664 25
1756349434400 0.3365589587584786 26
1756349434414 0.25611705948477204 27
1756349434427 0.3117626685163249 28
1756349434441 0.31266024190446606 29
1756349434454 0.26463408249875775 30
1756349434467 0.40495558277420374 31
1756349434481 0.3041719872018565 32
1756349434494 0.30658110004404315 33
1756349434508 0.31629475951194763 34
1756349434521 0.2257332199293634 35
1756349434535 0.21284578481446143 36
1756349434548 0.20671288895866144 37
1756349434562 0.18659590735383655 38
1756349434576 0.23934606689473856 39
1756349434589 0.28974326440821524 40
1756349434603 0.22378574894822162 41
1756349434617 0.18858075789783313 42
1756349434630 0.17090175122670506 43
1756349434644 0.19471683256004169 44
1756349434658 0.21143566233956296 45
1756349434672 0.1696262965383737 46
1756349434686 0.16075705186180447 47
1756349434699 0.12391056654893834 48
1756349434713 0.13200700639382654 49
1756349434727 0.1240557448371597 50
1756349434741 0.12831105065086615 51
1756349434755 0.12870979794989462 52
1756349434769 0.10657294515682303 53
1756349434783 0.13196861193231915 54
1756349434797 0.12614523700397948 55
1756349434811 0.12474815725632336 56
1756349434825 0.13903803378343582 57
1756349434840 0.18895467273567035 58
1756349434854 0.13026258511387784 59
1756349434868 0.10102249795328015 60
1756349520712 2.0993599425191465 1
1756349520741 1.5691961827485457 2
1756349520768 1.6570096637891687 3
1756349520795 1.8288861772288447 4
1756349520822 1.1737197456152544 5
1756349520850 0.9503794403179832 6
1756349520877 0.6496701007303984 7
1756349520904 0.5548070733961852 8
1756349520931 0.46374701935312024 9
1756349520958 0.4349531835835913 10
1756349520985 0.5442718409973643 11
1756349521012 0.7582943361738453 12
1756349521040 0.5370861039213513 13
1756349521067 0.620440415714098 14
1756349521094 0.5411803048589955 15
1756349521121 0.422982192557791 16
1756349521149 0.4165834965913192 17
1756349521176 0.387518681909727 18
1756349521204 0.41029893380144367 19
1756349521231 0.3973162932240445 20
1756349521258 0.33883069973924884 21
1756349521286 0.3386710921059484 22
1756349521313 0.2721637493890265 23
1756349521341 0.19614751183468362 24
1756349521368 0.23516490148461383 25
1756349521396 0.20128290679143823 26
1756349521424 0.18097677664912265 27
1756349521451 0.21326587413964065 28
1756349521479 0.2202685585488444 29
1756349521507 0.2142106391813444 30
1756349521534 0.18958473173172577 31
1756349521562 0.2583496800583342 32
1756349521590 0.20116795145947 33
1756349521618 0.1917186683934668 34
1756349521646 0.1974957705191944 35
1756349521674 0.15981203900731128 36
1756349521702 0.1612786501646042 37
1756349521730 0.15164774980234064 38
1756349521758 0.23046225374159607 39
1756349521786 0.1690186712404956 40
1756349521814 0.252939782064894 41
1756349521843 0.1939929111496262 42
1756349521871 0.17276940948289374 43
1756349521899 0.12633953211100205 44
1756349521927 0.15090351551771164 45
1756349521956 0.12470258416041084 46
1756349521984 0.1343314926261487 47
1756349522012 0.1421102453833041 48
1756349522040 0.10798356552486835 49
1756349522069 0.11983295465293138 50
1756349522097 0.103638657571181 51
1756349522125 0.108092342381892 52
1756349522153 0.1817892822234527 53
1756349522181 0.2200583274597707 54
1756349522210 0.16949775555859442 55
1756349522238 0.18893779555092688 56
1756349522266 0.17686055082341898 57
1756349522295 0.1897660079209701 58
1756349614302 2.082362415997878 1
1756349614342 2.0573588894761126 2
1756349614381 1.9203671683435855 3
1756349614419 1.5715702512989873 4
1756349614457 0.9386363832846932 5
1756349614495 1.2536324469939522 6
1756349614534 0.7650060148342795 7
1756349614572 0.594240525494451 8
1756349614611 0.6171360430510148 9
1756349614649 0.5241921647735264 10
1756349614687 0.44648345851379895 11
1756349614726 0.5282742614331453 12
1756349614764 0.3702014704113421 13
1756349614803 0.40706379387689673 14
1756349614842 0.4325766861438751 15
1756349614880 0.6508834673010785 16
1756349614919 0.685307986062506 17
1756349614958 0.37544819907001825 18
1756349614996 0.40393102104249207 19
1756349615035 0.5314602527929388 20
1756349615074 0.4203531787447307 21
1756349615112 0.38872240678123804 22
1756349615151 0.3335595532603886 23
1756349615190 0.31524593026741693 24
1756349615229 0.3407311769931213 25
1756349615268 0.26009730994701385 26
1756349615307 0.22791834078405215 27
1756349615346 0.29521748488364014 28
1756349615386 0.3604196637221005 29
1756349615425 0.25647884477739746 30
1756349615464 0.26079446984374005 31
1756349615503 0.2806027246558148 32
1756349615542 0.2812186531398607 33
1756349615582 0.18886122658200885 34
1756349615621 0.24365984842829083 35
1756349615660 0.2369043940435285 36
1756349615700 0.2657228857278824 37
1756349615740 0.21095749282318613 38
1756349615779 0.208612866051819 39
1756349615818 0.19437559823627057 40
1756349615858 0.18462671242330386 41
1756349615897 0.333705045606779 42
1756349615936 0.4147200467793838 43
1756349615976 0.3365638392127078 44
1756349616015 0.26625244772952533 45
1756349616055 0.20182460708462674 46
1756349616094 0.1885003366548082 47
1756349616134 0.26851889815019525 48
1756349616173 0.3173125463983287 49
1756349616213 0.2101649881704994 50
1756349616253 0.1678291270914285 51
1756349616292 0.16150927122520364 52
1756349616332 0.1782935666649238 53
1756349616372 0.16574315111274304 54
1756349616411 0.16318963273711826 55
1756349616451 0.13740786812875583 56
1756349616491 0.148041684018529 57
1756349616531 0.18498065646575845 58
1756349616571 0.11555758960869002 59
1756349616611 0.16646283379067545 60
1756349616651 0.19629787767063017 61
1756349616691 0.14659167890963348 62
1756349616731 0.17916145272876904 63
1756349616771 0.1362531418385713 64
1756349616811 0.1252623077320016 65
1756349616851 0.10460913229895674 66
1756349616891 0.08712195831796397 67
1756349616931 0.12852259223227916 68
1756349616971 0.14971597816633142 69
1756349617011 0.12697767725457315 70
1756349617051 0.12796579949233844 71
1756349617092 0.13655564691061559 72
1756349617132 0.11362448431875395 73
1756349617172 0.10625669878462086 74
1756349617212 0.15927860772480135 75
1756349617252 0.09438470208450504 76
1756349617293 0.07449412070538687 77
1756349617333 0.09159417256065037 78
1756349617374 0.0915866557346738 79
1756349617414 0.1266286735949309 80
1756349617454 0.12456953703709271 81
1756349617494 0.09171305386268574 82
1756349617535 0.10043271711986998 83
1756349617575 0.10056738490643709 84
1756349617616 0.09912598100693329 85
1756349617657 0.0731164592763652 86
1756349776459 2.632595554642055 1
1756349776518 1.9481526872386103 2
1756349776576 1.9112110345259956 3
1756349776633 2.0690975137378858 4
1756349776691 1.1791534527488376 5
1756349776749 0.9871377128621807 6
1756349776807 0.8882554769515991 7
1756349776865 0.7818550260170646 8
1756349776923 0.6758433515610902 9
1756349776981 0.5723718961943751 10
1756349777039 0.8150496327358744 11
1756349777096 0.616626641024714 12
1756349777155 0.535654780657395 13
1756349777212 0.510650607554809 14
1756349777270 0.5185086811366288 15
1756349777328 0.7401097870391348 16
1756349777386 0.5335658970086471 17
1756349777444 0.43780966297439905 18
1756349777502 0.5017042224821837 19
1756349777560 0.5238730661247087 20
1756349777618 0.41215016142181726 21
1756349777676 0.3655625899200854 22
1756349777734 0.4582364831281745 23
1756349777792 0.35760829889256024 24
1756349777850 0.44458442408105603 25
1756349777908 0.45073914657468384 26
1756349777966 0.38366898959097656 27
1756349778024 0.3191323358079661 28
1756349778083 0.28796676708304364 29
1756349778141 0.3380883323109668 30
1756349778199 0.29689141589662305 31
1756349778257 0.2913510358851889 32
1756349778315 0.27874715691027435 33
1756349778374 0.3854810077211131 34
1756349778432 0.33018784808075946 35
1756349778490 0.30586240408213244 36
1756349778548 0.28342000135908957 37
1756349778606 0.2549685673869174 38
1756349778665 0.21874367251344348 39
1756349778723 0.22960635015498038 40
1756349778782 0.24899947481310886 41
1756349778840 0.19119834446388742 42
1756349778898 0.18901245684727377 43
1756349778957 0.2804381672454917 44
1756349779015 0.2914174063050229 45
1756349779074 0.21281319208767102 46
1756349779132 0.22714667572923328 47
1756349779191 0.1762283816933632 48
1756349779250 0.24069920441378717 49
1756349779309 0.16803973070953204 50
1756349779368 0.15334567557210507 51
1756349779427 0.2145018030119979 52
1756349779486 0.22751739038073499 53
1756349779544 0.23724097175442654 54
1756349779603 0.18035109308750732 55
1756349779662 0.15881497396723085 56
1756349779992 0.15797863511935525 57
1756349780052 0.15766429415215616 58
1756349780111 0.13954491459805032 59
1756349780171 0.24850882217288017 60
1756349780231 0.1974575185905332 61
1756349780291 0.16466836274965949 62
1756349780351 0.1347374381578487 63
1756349780411 0.14549222329388495 64
1756349780471 0.11642460201097571 65
1756349780531 0.13986272040916525 66
1756349780591 0.14389584731796515 67
1756349780651 0.1360616483118223 68
1756349780711 0.14021929191506427 69
1756349780771 0.14847149699926376 70
1756349780830 0.12152483638214029 71
1756349780890 0.11475152457537859 72
1756349780950 0.13970013448725577 73
1756349781010 0.12325157289919646 74
1756349781070 0.1813255250453949 75
1756349781130 0.15415120869874954 76
1756349781190 0.130411332068236 77
1756349781250 0.12571157709411954 78
1756349781310 0.10686564558874005 79
1756349781372 0.1275106597205867 80
1756349781432 0.10378909645521123 81
1756349781492 0.09468075309110724 82
1756349781552 0.09529134890307552 83
1756349781611 0.10903453308603038 84
1756349781671 0.1112136040692744 85
1756349781731 0.08289349856583969 86
1756349781792 0.10001258228136145 87
1756349781853 0.10998418830011202 88
1756349781913 0.0933344223253105 89
1756349781973 0.11851861797597098 90
1756349782034 0.12110493607495142 91
1756349782094 0.09724132182157558 92
1756349782154 0.11615489245108936 93
1756349782215 0.08842546185073645 94
1756349782275 0.06940244138240814 95
1756349782335 0.07038400937681613 96
1756349884473 2.322744721951692 1
1756349884547 2.2405797761419546 2
1756349884617 2.289414652015852 3
1756349884689 1.0471281124197918 4
1756349884760 0.7936133081498353 5
1756349884831 0.8279190011646437 6
1756349884902 0.5840496330157571 7
1756349884973 0.5549766136252362 8
1756349885044 0.5759041587943616 9
1756349885115 0.5380547552005105 10
1756349885186 0.4486833402644033 11
1756349885257 0.5313044203364331 12
1756349885328 0.6054790097734203 13
1756349885399 0.5661664527395497 14
1756349885469 0.4055330312770346 15
1756349885540 0.6646101060120956 16
1756349885611 0.3700273769057315 17
1756349885681 0.36796864996785705 18
1756349885753 0.3631829165894052 19
1756349885824 0.3626823671486067 20
1756349885895 0.3780798497407333 21
1756349885966 0.3818484479966371 22
1756349886037 0.2548343953878983 23
1756349886109 0.24657597846311072 24
1756349886180 0.19837864034849664 25
1756349886252 0.2475416802841684 26
1756349886323 0.2616380764090497 27
1756349886395 0.31197866797447205 28
1756349886466 0.20636844473040622 29
1756349886538 0.19879061534352924 30
1756349886609 0.25526629453120026 31
1756349886681 0.3688283031401427 32
1756349886752 0.22988816172532414 33
1756349886824 0.1916309601586798 34
1756349886895 0.1712822894687238 35
1756349886966 0.18396238140437915 36
1756349887038 0.2100972636886265 37
1756349887110 0.2330815970249798 38
1756349887181 0.32660970804483996 39
1756349887253 0.2320849130982938 40
1756349887324 0.19341547528038855 41
1756349887395 0.20870469640130582 42
1756349887467 0.3479486201768336 43
1756349887539 0.21760322671869528 44
1756349887610 0.24020828533431757 45
1756349887682 0.2481809912816338 46
1756349887754 0.2459942523552024 47
1756349887826 0.17219547085140063 48
1756349887898 0.21698240028775256 49
1756349887970 0.18079357626645462 50
1756349888042 0.1547982909757158 51
1756349888114 0.13126321655252707 52
1756349888186 0.1674754904664081 53
1756349888260 0.12322484394130499 54
1756349888332 0.1489633613306543 55
1756349888404 0.1464180123546849 56
1756349888476 0.11071318452772887 57
1756350089729 2.632470638855644 1
1756350089826 2.610694115576537 2
1756350089920 3.0445663980815723 3
1756350090014 1.393310800842617 4
1756350090108 1.2216061561003975 5
1756350090202 0.6409511928972991 6
1756350090296 0.4427108116771864 7
1756350090390 0.3877126516207405 8
1756350090484 0.369445510532545 9
1756350090578 0.4498089571361956 10
1756350090672 0.5410783873951953 11
1756350090766 0.5378280793843062 12
1756350090861 0.3386781461860823 13
1756350090955 0.38708284950774646 14
1756350091049 0.2943159309418305 15
1756350091143 0.2278173345586528 16
1756350091237 0.2776455237813618 17
1756350091332 0.36565940729949786 18
1756350091427 0.38393632225368335 19
1756350091522 0.2752192389705907 20
1756350091617 0.31947336799424625 21
1756350091712 0.35296308994293213 22
1756350091807 0.2691343446140704 23
1756350091902 0.23188785074845605 24
1756350091997 0.17840622916169788 25
1756350092092 0.23612637493921362 26
1756350092187 0.20181895695302798 27
1756350092282 0.21883266645929086 28
1756350092376 0.2296668339682662 29
1756350092470 0.201245811322461 30
1756350092565 0.18142021123481833 31
1756350092660 0.21146415433158045 32
1756350092756 0.18490999191999435 33
1756350092851 0.20525388257659 34
1756350092947 0.15386425865733105 35
1756350093042 0.1392714028125224 36
1756350093137 0.16090266924837363 37
1756350093233 0.1984084416990695 38
1756350093329 0.19498167089793994 39
1756350093425 0.15362299298462662 40
1756350093520 0.11034532992736153 41
1756350093616 0.16152219150377356 42
1756350093711 0.18300529796144235 43
1756350093807 0.15951453700013782 44
1756350093903 0.12521729229584985 45
1756350093998 0.15199201327303183 46
1756350094094 0.16084575426319372 47
1756350094189 0.15021495747825372 48
1756350094285 0.13899401931659036 49
1756350094380 0.14084927656728288 50
1756350094476 0.13093050099585368 51
1756350094572 0.14034105950723524 52
1756350094668 0.09640866242673087 53
1756350094764 0.09222271795506062 54
1756350094860 0.08774007824452026 55
1756350094956 0.0836484850100849 56
1756350095051 0.07507066137116888 57
1756350095147 0.10703564402849777 58
1756350095244 0.08447381967435712 59
1756350095340 0.09688902905453807 60
1756350095436 0.07583373137142348 61
1756350095793 0.07371094498945319 62
1756350095890 0.07462104166979375 63
1756350095986 0.09332382112093594 64
1756350096083 0.08777526053397552 65
1756350096179 0.0706520922805952 66
1756350096276 0.07496886441241139 67
1756350223780 2.1857554368350818 1
1756350223890 2.2432189428288005 2
1756350223999 1.4976368041142174 3
1756350224107 1.3434247892835867 4
1756350224214 0.9329924324284429 5
1756350224323 0.7390597851380057 6
1756350224430 0.665153840313787 7
1756350224537 0.43392028497612994 8
1756350224645 0.37039623506691144 9
1756350224753 0.3797066172827845 10
1756350224861 0.3742205630178037 11
1756350224968 0.3253101233554923 12
1756350225076 0.3048439894033515 13
1756350225184 0.30729767097079236 14
1756350225292 0.23215428642604663 15
1756350225400 0.21385539161122363 16
1756350225508 0.22199424842129584 17
1756350225616 0.2421055863732877 18
1756350225725 0.2358967784954154 19
1756350225833 0.22640441228514133 20
1756350225941 0.2060955079353374 21
1756350226049 0.24882155915965204 22
1756350226157 0.21576289638229038 23
1756350226265 0.1894335565359696 24
1756350226374 0.1712636921716773 25
1756350226482 0.22301244444173315 26
1756350226590 0.16518449329811594 27
1756350226697 0.14864728632180588 28
1756350226805 0.23596074561709943 29
1756350226913 0.20914164055948672 30
1756350227020 0.15607979472564615 31
1756350227130 0.11085840606171152 32
1756350227239 0.1143973108543002 33
1756350227347 0.1093137055311514 34
1756350227455 0.15750577414165373 35
1756350227564 0.11064982236079547 36
1756350227672 0.10764218024585558 37
1756350227780 0.08602650900897772 38
1756350227888 0.14280146894895512 39
1756350227996 0.12681572220247725 40
1756350228105 0.12751558180088582 41
1756350228214 0.08323015774721684 42
1756350228322 0.1124388504287471 43
1756350228430 0.09292529863507851 44
1756350228539 0.09038648819145949 45
1756350228647 0.07918720433245534 46
1756350228756 0.11046512068613716 47
1756350228864 0.08400260025392407 48
1756350228975 0.08937214671269707 49
1756350229084 0.07705618570680203 50
1756350229192 0.06884986145988754 51
1756350229300 0.07424845578877823 52
1756350229409 0.07272403800617093 53
1756350229518 0.055184906429570656 54
1756350229626 0.06367648587278697 55
1756350229735 0.06844677468356879 56
1756350229843 0.0765041231137255 57
1756350229952 0.05858802042253639 58
1756350230061 0.0749344868666452 59
1756350230169 0.06174641442687615 60
1756350230278 0.05756473468373651 61
1756350230387 0.06511667524666889 62
1756350230495 0.10931427493367506 63
1756350230604 0.07784978575680566 64
1756350230714 0.06441069912651311 65
1756350231106 0.06730427350039067 66
1756350231217 0.05784316603904185 67
1756350231326 0.053154574869119606 68
1756350349239 2.080026388168335 1
1756350349365 2.839689202930616 2
1756350349484 2.280728684819263 3
1756350349602 1.0533489869988484 4
1756350349720 0.9345402043798695 5
1756350349839 0.6663222481375155 6
1756350349958 0.5213270472443622 7
1756350350076 0.5528651631396749 8
1756350350195 0.4680945601152337 9
1756350350315 0.7817191066949264 10
1756350350434 0.568085561627927 11
1756350350553 0.5155747565238372 12
1756350350673 0.4566530514022578 13
1756350350792 0.4797455661970636 14
1756350350911 0.31610766830651654 15
1756350351029 0.28672065229519555 16
1756350351149 0.40811935909416364 17
1756350351267 0.3859588050323984 18
1756350351386 0.24948406867358996 19
1756350351505 0.2511841567314189 20
1756350351624 0.20431909321442895 21
1756350351744 0.21309387489505435 22
1756350351863 0.2402634821508242 23
1756350351982 0.19922051643547806 24
1756350352101 0.18039929024551227 25
1756350352221 0.19983989389046378 26
1756350352340 0.26918454662613245 27
1756350352460 0.33591496361338574 28
1756350352579 0.25465865238853125 29
1756350352699 0.16955189374477966 30
1756350352818 0.19399046152830124 31
1756350352938 0.21447110500024713 32
1756350353058 0.23029577699692352 33
1756350353177 0.2559174467688021 34
1756350353297 0.30686225515344867 35
1756350353416 0.2397747924146445 36
1756350353535 0.14879289593385614 37
1756350353655 0.12692277230646298 38
1756350354467 0.13477007850356723 39
1756350354589 0.16382511446009512 40
1756350354709 0.15952033258002737 41
1756350354831 0.12663632274969763 42
1756350354951 0.16847317147514093 43
1756350355071 0.14329459421012714 44
1756350355193 0.16176927186872647 45
1756350355313 0.12761098956284317 46
1756350355433 0.13020292977276055 47
1756350355554 0.09160301963920178 48
1756350355679 0.11603882390519847 49
1756350355800 0.114666479923155 50
1756350355920 0.1215488466879596 51
1756350356040 0.1487548934376758 52
1756350356161 0.1316385014873484 53
1756350356282 0.1085820369746374 54
1756350356401 0.09737147504220837 55
1756350356530 0.15194019383710364 56
1756350356652 0.13896320436311804 57
1756350356773 0.12385132746851962 58
1756350356895 0.13425511996383252 59
1756350357015 0.1393453511207 60
1756350357136 0.09870086545529573 61
1756350357256 0.09289027264584666 62
1756350357376 0.0888761039013448 63
1756350357496 0.13138582557439804 64
1756350357615 0.07396462964622871 65
1756350357735 0.08262800959789235 66
1756350357855 0.06475117915998334 67
1756350357975 0.0733431371981683 68
1756350358095 0.13442080079213434 69
1756350358216 0.11549660433893619 70
1756350358336 0.09689091129795364 71
1756350358457 0.09709198845793372 72
1756350358577 0.05973658710718155 73
1756350358697 0.059185536983220474 74
1756350358818 0.07767432045353495 75
1756350358938 0.09791495586219041 76
1756350504495 2.3044976073762644 1
1756350504631 1.824766957241556 2
1756350504762 2.8690281899079033 3
1756350504894 2.4201472116553266 4
1756350505027 1.2246192538219949 5
1756350505161 1.1482856688292131 6
1756350505292 1.024234211963156 7
1756350505424 0.7079626593900763 8
1756350505556 0.6438045074110446 9
1756350505687 1.0581985375155574 10
1756350505820 0.854436034741609 11
1756350505951 0.5025919468506522 12
1756350506082 0.5146388113498688 13
1756350506214 0.4831058402424273 14
1756350506346 0.49239696497502533 15
1756350506479 0.4995148117127626 16
1756350506613 0.35314766479575116 17
1756350506746 0.3577774335508761 18
1756350506879 0.3499558211668678 19
1756350507011 0.3511691223020139 20
1756350507143 0.3499078426672065 21
1756350507276 0.4246959776982017 22
1756350507408 0.3603904312071593 23
1756350507540 0.37984407077664917 24
1756350507672 0.4479786747175714 25
1756350507805 0.3122894077197365 26
1756350507937 0.3152954944449922 27
1756350508069 0.3168551248052846 28
1756350508202 0.3596592487200447 29
1756350508335 0.268515737808269 30
1756350508470 0.25602203801922174 31
1756350508602 0.29477613192537555 32
1756350508734 0.3121177431034005 33
1756350508868 0.2540468136253564 34
1756350509000 0.23537755854751752 35
1756350509133 0.4496712801249131 36
1756350509266 0.30439944111782574 37
1756350509401 0.284900470920231 38
1756350509535 0.2547677036212838 39
1756350509669 0.3126902100832566 40
1756350509803 0.26251318824032077 41
1756350509936 0.24109663263611172 42
1756350510070 0.2158833262713059 43
1756350510202 0.17949306219816208 44
1756350510335 0.253495782289816 45
1756350510467 0.16888285331104114 46
1756350510600 0.1925289274557777 47
1756350510734 0.21089818263831345 48
1756350510867 0.26979542264471884 49
1756350511000 0.22027045617932858 50
1756350511132 0.19777340927849646 51
1756350511264 0.22925175305293954 52
1756350511397 0.20819135722906693 53
1756350511532 0.1505512420250022 54
1756350511666 0.16467389755922815 55
1756350511800 0.13679473620394003 56
1756350511935 0.14520245401755624 57
1756350512070 0.1888902407625447 58
1756350512204 0.24724183879468753 59
1756350512338 0.19436192609693692 60
1756350512473 0.17316700129405313 61
1756350512606 0.20644357573726904 62
1756350512740 0.27416233200093976 63
1756350512874 0.14608205984468045 64
1756350513007 0.18221441526775775 65
1756350513418 0.17336716956418494 66
1756350648149 2.6860131699105967 1
1756350648297 1.7846574005873308 2
1756350648441 1.622576583986697 3
1756350648586 1.6387350222338801 4
1756350648732 1.5032557028791178 5
1756350648878 1.0064420479795206 6
1756350649023 1.1463729881721993 7
1756350649169 0.763599781886391 8
1756350649314 0.60475253281386 9
1756350649459 0.5094856827155404 10
1756350649604 0.7407840263584385 11
1756350649749 0.5710473462291386 12
1756350649894 0.6090029154134833 13
1756350650040 0.7860765392365663 14
1756350650186 0.516663266264874 15
1756350650331 0.541402324386265 16
1756350650476 0.4361385430978692 17
1756350650622 0.38165170731751813 18
1756350650767 0.5639730452195458 19
1756350650913 0.4614807781965836 20
1756350651316 0.32851869904476666 21
1756350651462 0.33976008257140283 22
1756350651609 0.3313403660836427 23
1756350651755 0.5072358710610348 24
1756350651901 0.3896062827628592 25
1756350652047 0.36067130319450214 26
1756350652194 0.4059963155051936 27
1756350652339 0.263387742249862 28
1756350652485 0.2726018503308296 29
1756350652631 0.2869266258633655 30
1756350652776 0.2847322070080301 31
1756350652922 0.34412979690924933 32
1756350653067 0.2754915589871614 33
1756350653212 0.2742312395054361 34
1756350653357 0.226842416693335 35
1756350653503 0.31594680379266327 36
1756350653648 0.34809633376805676 37
1756350653793 0.34043215506750607 38
1756350653938 0.19882177755884503 39
1756350654084 0.19417035612075226 40
1756350654230 0.2502349138907764 41
1756350654376 0.20113339145546374 42
1756350654521 0.19326455340437268 43
1756350654667 0.26897993295089057 44
1756350654813 0.33304750077102496 45
1756350654959 0.2626707557102908 46
1756350655106 0.24426449057848557 47
1756350655251 0.2166450000975443 48
1756350655398 0.3633809352050657 49
1756350655544 0.35511060123858246 50
1756350655690 0.23036870749100394 51
1756350655836 0.2623142868928287 52
1756350655982 0.1874947220734928 53
1756350656128 0.191200887379439 54
1756350656448 0.19546307040297467 55
1756350656595 0.13201359853796338 56
1756350656741 0.15348132894090985 57
1756350656890 0.20462041218643603 58
1756350657036 0.13600766853145932 59
1756350657183 0.19001665598024492 60
1756350657330 0.26642292187265726 61
1756350657476 0.1653515715961871 62
1756350657622 0.1384461667874585 63
1756350657769 0.1309377486291139 64
1756350894544 4.20045632901399 1
1756350894713 2.0310240154680996 2
1756350894880 1.6644323157227559 3
1756350895047 1.2477761610694553 4
1756350895214 1.366584661214248 5
1756350895381 1.1463631352652675 6
1756350895549 0.9747298100720281 7
1756350895965 0.9550000740134198 8
1756350896134 0.7161727793838667 9
1756350896302 0.6866167330223581 10
1756350896470 0.6246578382409137 11
1756350896638 0.5108774369177611 12
1756350896806 0.5127591853556426 13
1756350896973 0.705839920303096 14
1756350897142 0.5708673648212267 15
1756350897310 0.6137610233348348 16
1756350897478 0.4345539302929588 17
1756350897646 0.38776267417099164 18
1756350897813 0.472978800535202 19
1756350897980 0.4290168946203978 20
1756350898147 0.4747577691855638 21
1756350898315 0.4959361468968184 22
1756350898637 0.30814938571142114 23
1756350898805 0.3182686917159868 24
1756350898974 0.31900570768377057 25
1756350899143 0.3697210563265759 26
1756350899312 0.30804610511531 27
1756350899480 0.36406561278778576 28
1756350899649 0.29595311180404993 29
1756350899817 0.40948009814905084 30
1756350899985 0.29948683990084607 31
1756350900154 0.2907718750445739 32
1756350900321 0.3031633094601009 33
1756350900489 0.29359999622987665 34
1756350900657 0.296543318292369 35
1756350900824 0.31182530781497125 36
1756350900991 0.2810977279492047 37
1756350901160 0.30826188170391583 38
1756350901488 0.27893043341843976 39
1756350901658 0.2421115918651871 40
1756350901826 0.2477482968698377 41
1756350901995 0.26970159035661945 42
1756350902164 0.20610822413278662 43
1756350902333 0.3755033975062163 44
1756350902502 0.3601777203705 45
1756350902671 0.25080073268517206 46
1756350902840 0.1967277371365091 47
1756350903009 0.21947396935328192 48
1756350903178 0.23075541303209637 49
1756350903347 0.1991609224806661 50
1756350903515 0.20428701490163803 51
1756350903684 0.27150691462599713 52
1756350903853 0.24840714393750482 53
1756350904180 0.24845165629749713 54
1756350904349 0.2804818950269533 55
1756351127311 2.6102818665297134 1
1756351127498 2.353321435658828 2
1756351127684 1.9809469114179197 3
1756351127869 1.5645865927571836 4
1756351128054 1.0031669269437375 5
1756351128238 1.1359133849973264 6
1756351128423 0.9072999513667562 7
1756351128607 0.7244196002898009 8
1756351128792 0.7132547420004139 9
1756351128976 0.5066927490027054 10
1756351129421 0.37814206986323645 11
1756351129606 0.5146319231261378 12
1756351129790 0.5442091142353804 13
1756351129975 0.5710417693075927 14
1756351130159 0.42649728254131647 15
1756351130343 0.5649465983328612 16
1756351130528 0.4142834213764771 17
1756351130712 0.3756241604037907 18
1756351130896 0.39679619929064874 19
1756351131081 0.3725801583217538 20
1756351131267 0.42021815997102985 21
1756351131454 0.34958723446597223 22
1756351131638 0.4330768727737924 23
1756351131823 0.4393813402756401 24
1756351132007 0.3905866482983465 25
1756351132192 0.32591419310673425 26
1756351132548 0.30006644129753113 27
1756351132736 0.5906185604955839 28
1756351132922 0.3773513870394748 29
1756351133109 0.4658593386411667 30
1756351133295 0.3731978755930196 31
1756351133480 0.4316415054642636 32
1756351133665 0.3913390733625578 33
1756351133850 0.3337975630293722 34
1756351134037 0.26250810759223026 35
1756351134223 0.26269511230613873 36
1756351134410 0.30530818519384967 37
1756351134595 0.28222262762163 38
1756351134780 0.22370197397211325 39
1756351134966 0.2637647202481394 40
1756351135153 0.3066095891206161 41
1756351135338 0.2269778332632521 42
1756351135701 0.1882656064370404 43
1756351135887 0.2734519550981729 44
1756351136073 0.21140083055133405 45
1756351136259 0.25299005599125574 46
1756351136445 0.24622405190830646 47
1756351136632 0.21268355004165485 48
1756351136818 0.19361886414496796 49
1756351137004 0.174932148469531 50
1756351137189 0.1678201416912286 51
1756351137375 0.1727045897556388 52
1756351137561 0.266158961083578 53
1756351137747 0.21147425375554874 54
1756351137933 0.20007031832052313 55
1756351138117 0.18739987326704938 56
1756351138302 0.17486240066911862 57
1756351138658 0.19947849440833795 58
1756351138845 0.1752454939743747 59
1756351139032 0.12665407262418582 60
1756351139218 0.1536697431103043 61
1756351139405 0.26414815077315207 62
1756351139591 0.1993305644263392 63
1756351139777 0.20820123896650647 64
1756351139964 0.14588777623746707 65
1756351140151 0.1066364027235819 66
1756351140337 0.1225343215400758 67
1756351140525 0.11187301997257315 68
1756351140711 0.11248921230435371 69
1756351140896 0.12852370884755385 70
1756351141082 0.14027227121202843 71
1756351141268 0.105847944546005 72
1756351141455 0.1695291237986606 73
1756351141826 0.13801651771949686 74
1756351142014 0.1266859157577805 75
1756351142202 0.12882985109868256 76
1756351142389 0.1500191409950671 77
1756351142576 0.10938573839223903 78
1756351142764 0.12422155750834424 79
1756351142951 0.11754876942090366 80
1756351143138 0.12340394520889157 81
1756351143324 0.13341295719146729 82
1756351143511 0.13150677263088847 83
1756351143699 0.14564179013604703 84
1756351143887 0.16511473545561667 85
1756351144074 0.10974391485038011 86
1756351144261 0.11363872837113298 87
1756351144449 0.1524627820953079 88
1756351144637 0.12915432210201802 89
1756351145002 0.10437773815963579 90
1756351145190 0.12397899770218393 91
1756351145376 0.09976676689541858 92
1756351317910 2.6565860561702563 1
1756351318112 1.8150220331938371 2
1756351318311 2.160660821458568 3
1756351318510 1.6989939083223757 4
1756351318709 1.2398260728172634 5
1756351318907 1.1634848014168118 6
1756351319105 0.8562025324158047 7
1756351319562 0.6028053358845089 8
1756351319761 0.8344600887402244 9
1756351319960 0.679232287666072 10
1756351320160 0.63705280682315 11
1756351320359 0.6762494807657988 12
1756351320557 0.5794528962477393 13
1756351320756 0.44931385957676434 14
1756351320954 0.49463580095249676 15
1756351321154 0.3919064046248146 16
1756351321353 0.42584677299727564 17
1756351321552 0.3733305697855742 18
1756351321752 0.4395418037538943 19
1756351321951 0.7090280911196833 20
1756351322151 0.5156011160301126 21
1756351322351 0.5061974719814633 22
1756351322717 0.5617593384307363 23
1756351322917 0.6480451070744059 24
1756351323116 0.6335144949995953 25
1756351323314 0.5210714988086534 26
1756351323513 0.513662365467652 27
1756351323712 0.34871993181498157 28
1756351323911 0.3778574946133987 29
1756351324111 0.38114005197649414 30
1756351324310 0.3916130649006885 31
1756351324509 0.43270839750766754 32
1756351324708 0.6066280875516974 33
1756351324909 0.39192187721314636 34
1756351325108 0.33544720255810284 35
1756351325306 0.30290897903235064 36
1756351325506 0.34975165647009143 37
1756351325705 0.3999739600264508 38
1756351326070 0.42478380773378455 39
1756351326270 0.40356662286364514 40
1756351326470 0.3882463872432709 41
1756351326669 0.29483258724212646 42
1756351326867 0.24582584720590842 43
1756351327066 0.21825034592462622 44
1756351327265 0.17899392415647922 45
1756351327464 0.2713206206326899 46
1756351327663 0.2784686496724253 47
1756351327865 0.2597618919351827 48
1756351328065 0.21522309728290723 49
1756351328267 0.2692056696700013 50
1756351328466 0.29195776808521023 51
1756351328665 0.2055922186245089 52
1756351328865 0.21573807363924774 53
1756351498932 2.59683256563933 1
1756351499147 2.9457993870196133 2
1756351499642 1.9389579633007878 3
1756351499852 1.0306513361308887 4
1756351500064 1.459319425665814 5
1756351500273 1.0533623060454493 6
1756351500484 0.7965633985788926 7
1756351500694 0.8149446598861528 8
1756351500905 0.6711374339850052 9
1756351501115 0.7193561306466227 10
1756351501325 0.4355208290659863 11
1756351501535 0.4384584264910739 12
1756351501745 0.4872380508028943 13
1756351501957 0.3963659690774005 14
1756351502168 0.4604353768670041 15
1756351502378 0.473148828615313 16
1756351502588 0.4076882989510246 17
1756351502799 0.41518039742241736 18
1756351503186 0.3416497376949891 19
1756351503396 0.31668296650699945 20
1756351503609 0.3291999807824259 21
1756351503821 0.4100159290044204 22
1756351504032 0.369281279652015 23
1756351504242 0.3067106896120569 24
1756351504455 0.4064740221137586 25
1756351504666 0.34458488873813464 26
1756351504876 0.3636840160774148 27
1756351505087 0.4611329144757727 28
1756351505297 0.39197545919729315 29
1756351505507 0.4047310993723247 30
1756351505717 0.36692485666793323 31
1756351505927 0.4181084710618724 32
1756351506138 0.36721859418827557 33
1756351506348 0.29714166016682336 34
1756351506728 0.28891092992347217 35
1756351506940 0.34347730162351026 36
1756351507151 0.3942346760760183 37
1756351507364 0.3196118658651476 38
1756351507576 0.2670783309832863 39
1756351507788 0.2484526452810868 40
1756351507999 0.21273457194152084 41
1756351508210 0.21550722323034122 42
1756351508421 0.17429223462291385 43
1756351508633 0.2721184122821559 44
1756351508844 0.2571315593693567 45
1756351509055 0.24575335953546606 46
1756351509267 0.1660015265578809 47
1756351509477 0.23758985393721124 48
1756351509687 0.20186471517967142 49
1756351510063 0.29108098376056424 50
1756351510275 0.254908944601598 51
1756351510487 0.36262942332288495 52
1756351510698 0.15416910855666452 53
1756351510909 0.15130825405535492 54
1756351511120 0.16855147869690604 55
1756351511331 0.15059786451899487 56
1756351511542 0.15467867060847904 57
1756351511754 0.16579695045948029 58
1756351511966 0.13844767212867737 59
1756351512176 0.16668167353972144 60
1756351512388 0.13190192389099495 61
1756351512598 0.13454835699952167 62
1756351512810 0.12598981222380762 63
1756351513023 0.1876393297444219 64
1756351513235 0.1433970649605212 65
1756351513613 0.12547229036040927 66
1756351513825 0.1306011407919552 67
1756351514037 0.12302088867063107 68
1756351514249 0.145562210160753 69
1756351514465 0.16715927130502203 70
1756351514678 0.11022780738447023 71
1756351514891 0.14779552250452663 72
1756351515102 0.13795080651407657 73
1756351515314 0.1460307904559633 74
1756351515525 0.12911847233772278 75
1756351515737 0.10368526678370393 76
1756351515947 0.12401706952115764 77
1756351516160 0.11130592453738918 78
1756351516372 0.10527355142909547 79
1756351516584 0.09651466847761818 80
1756351516966 0.11599953731764918 81
1756351517178 0.11796809117431226 82
1756351517389 0.10132208045410074 83
1756351517600 0.10122765373924504 84
1756351517812 0.10849519867611968 85
1756351518024 0.0964285072101199 86
1756351518235 0.09288793680784495 87
1756351518448 0.08356733393409978 88
1756351518660 0.1120813320512357 89
1756351518871 0.1013278104364872 90
1756351519084 0.08923870276497758 91
1756351519296 0.08629122587001842 92
1756351519509 0.108271440734034 93
1756351519721 0.07989970724219861 94
1756351519934 0.07483033042239107 95
1756351520146 0.07277319272575171 96
1756351520526 0.07560522967706555 97
1756351690713 2.5367205350295357 1
1756351690939 2.727648815383082 2
1756351691162 3.2871683317682017 3
1756351691384 1.5527025746262593 4
1756351691606 1.1896412035693293 5
1756351691828 0.8563923848711926 6
1756351692051 0.723010536769162 7
1756351692526 0.8407042700311412 8
1756351692748 0.7208262319150178 9
1756351692971 0.6660012758296469 10
1756351693192 0.7487815825835519 11
1756351693414 0.7129372449024863 12
1756351693637 0.4798930987067845 13
1756351693858 0.5116448940142341 14
1756351694080 0.47130882221719494 15
1756351694301 0.39271558302900067 16
1756351694522 0.4487893412942472 17
1756351694744 0.42486683894758637 18
1756351694967 0.4970766454935074 19
1756351695190 0.4234024674996086 20
1756351695413 0.3535621334677157 21
1756351695636 0.39036180273346277 22
1756351695859 0.33316125947496167 23
1756351696246 0.4300577426734178 24
1756351696470 0.3209161266036656 25
1756351696693 0.367335425770801 26
1756351696916 0.31337584814299707 27
1756351697139 0.3483780739100083 28
1756351697362 0.32557503619919653 29
1756351697584 0.28377251715763757 30
1756351697807 0.25655480506627454 31
1756351698030 0.2100857884987541 32
1756351698253 0.23486017532970593 33
1756351698477 0.20299314739911453 34
1756351698699 0.2730470571828925 35
1756351698922 0.23961034676303034 36
1756351699146 0.1997499142004096 37
1756351699369 0.24441685495169266 38
1756351699750 0.30695364624261856 39
1756351699973 0.2816549938010133 40
1756351700197 0.22206000821745914 41
1756351700420 0.4542609148699304 42
1756351700646 0.2686763966213102 43
1756351700871 0.27158634235029633 44
1756351701093 0.2612746332002723 45
1756351701317 0.2414792011613431 46
1756351701542 0.26593930565792584 47
1756351701764 0.17750305973965189 48
1756351701988 0.18405399730672006 49
1756351702212 0.20059197590402936 50
1756351702435 0.1817971095442772 51
1756351702659 0.1761600964743158 52
1756351702885 0.21849087787711102 53
1756351703109 0.16459236180652742 54
1756351703488 0.17683974653482437 55
1756351703712 0.1959746356891549 56
1756351703937 0.15950872716696365 57
1756351704161 0.14985467072414316 58
1756351704385 0.1569174105382484 59
1756351704608 0.15859760246846988 60
1756351704831 0.13901322270217148 61
1756351705054 0.12612449458759764 62
1756351705278 0.13140600304240765 63
1756351705503 0.15092156892237457 64
1756351705727 0.18970576803321423 65
1756351705949 0.15049592178800833 66
1756351706173 0.1509825195307317 67
1756351706397 0.1326437216737996 68
1756351706621 0.13720505652220352 69
1756351706845 0.11800372049860332 70
1756351707226 0.11052175416894582 71
1756351707449 0.17313475518122964 72
1756351707672 0.120057364196881 73
1756351707895 0.11865402239820232 74
1756351708119 0.11782732848887859 75
1756351708343 0.10423304918019669 76
1756351708566 0.14605651099396788 77
1756351708791 0.11933116517637087 78
1756351709016 0.12454353256717972 79
1756351709240 0.1088822691336922 80
1756351915165 3.450585681459178 1
1756351915411 1.7570433279742366 2
1756351915651 1.8385063565295676 3
1756351915890 1.3250367693279101 4
1756351916129 1.9533994327420774 5
1756351916368 1.5191446931465813 6
1756351916608 1.0855668316716733 7
1756351916848 0.8120980483034382 8
1756351917088 0.6675506545149762 9
1756351917328 0.6924100194288336 10
1756351917823 0.6195812458577363 11
1756351918064 0.47522081240363745 12
1756351918306 0.5327007809410924 13
1756351918547 0.4502698662488357 14
1756351918788 0.37059337548587634 15
1756351919029 0.4719064054281815 16
1756351919270 0.41546160047468933 17
1756351919511 0.4075501677782639 18
1756351919752 0.5613738829674928 19
1756351920155 0.4498186953689741 20
1756351920397 0.3790868410597677 21
1756351920638 0.33676509429579193 22
1756351920880 0.4108170241765354 23
1756351921123 0.4701356596272925 24
1756351921364 0.3941719123850698 25
1756351921604 0.33210353099781537 26
1756351921845 0.3489009841628697 27
1756351922087 0.30994490955186926 28
1756351922327 0.4123724400997162 29
1756351922727 0.4077196438675341 30
1756351922968 0.3224420495655226 31
1756351923211 0.2950032508891562 32
1756351923452 0.2527521602485491 33
1756351923694 0.2889691753231961 34
1756351923937 0.27747998872528906 35
1756351924178 0.27048065189434134 36
1756351924420 0.228430424047553 37
1756351924662 0.1830342713257541 38
1756351924904 0.18961201899725458 39
1756351925304 0.23390572291353476 40
1756351925546 0.19162290251773337 41
1756351925788 0.21121046400588492 42
1756351926029 0.20122020983177683 43
1756351926272 0.17721749744985416 44
1756351926513 0.2054790005735729 45
1756351926755 0.25547007892442786 46
1756351926997 0.3577475035968034 47
1756351927238 0.40111045668954437 48
1756351927479 0.23664654013903244 49
1756351927878 0.19988847912653632 50
1756351928123 0.17916291109893634 51
1756351928368 0.19643405792505844 52
1756351928610 0.2079129410178765 53
1756351928851 0.17392066736584125 54
1756351929091 0.15920283904542093 55
1756351929333 0.24080668357403381 56
1756351929574 0.24429588181817014 57
1756351929815 0.18136719031178433 58
1756351930056 0.18312228147102438 59
1756351930450 0.15710855048635733 60
1756351930691 0.16972182982641718 61
1756351930934 0.1688431319983109 62
1756351931175 0.17802262630151666 63
1756351931417 0.13723030006108078 64
1756351931661 0.15429709527803503 65
1756351931903 0.13982352549615112 66
1756351932144 0.1375018795547278 67
1756351932384 0.21943767368793488 68
1756351932808 0.13368400315875592 69
1756351933051 0.15658471004470534 70
1756351933293 0.126500998178254 71
1756351933535 0.11648155846025633 72
1756351933776 0.13366073402373688 73
1756351934019 0.12980929940291072 74
1756351934261 0.12114510976749918 75
1756351934505 0.157355435192585 76
1756351934747 0.12110057440788849 77
1756351934990 0.12403941850947298 78
1756351935407 0.10913643532473108 79
1756351935650 0.09779090337131334 80
1756352078935 2.5730253587598386 1
1756352079188 2.5541881944822227 2
1756352079439 2.2215969432955203 3
1756352079687 1.7656601589658987 4
1756352079938 1.0465268725934236 5
1756352080429 0.9540253644404204 6
1756352080681 0.9003715022750522 7
1756352080933 0.6698630102302717 8
1756352081185 0.6187682566435441 9
1756352081437 0.5259965334249579 10
1756352081687 0.461095436759617 11
1756352081938 0.47556711927704187 12
1756352082189 0.6063048062117203 13
1756352082591 0.47004595269327576 14
1756352082842 0.37197278699149255 15
1756352083095 0.33074663903402246 16
1756352083347 0.361303924218468 17
1756352083602 0.43867661901142285 18
1756352083855 0.4624377722325532 19
1756352084107 0.33343565204869147 20
1756352084357 0.2781729141007299 21
1756352084609 0.27648353576660156 22
1756352084860 0.29027097121528955 23
1756352085292 0.2841588414233664 24
1756352085545 0.34613064320191095 25
1756352085795 0.26159854103689606 26
1756352086046 0.9579673474249633 27
1756352086297 0.5975703597068787 28
1756352086548 0.40988578679768933 29
1756352086798 0.2672231197357178 30
1756352087050 0.3310821023972138 31
1756352087302 0.2990252790243729 32
1756352087723 0.32818802025007165 33
1756352087976 0.3214873133794121 34
1756352088230 0.26227725394394086 35
1756352088482 0.2347917738168136 36
1756352088735 0.2649718335141306 37
1756352088987 0.2704704047545143 38
1756352089239 0.24563201192928397 39
1756352089492 0.3124734681585561 40
1756352089908 0.22120696662560754 41
1756352090160 0.2366718053817749 42
1756352090413 0.2852325050727181 43
1756352090664 0.20671241179756497 44
1756352090916 0.20141775322997052 45
1756352091169 0.23215317207833994 46
1756352091420 0.41974516212940216 47
1756352091672 0.2423554526075073 48
1756352091924 0.2491520665909933 49
1756352092177 0.3971915815187537 50
1756352092430 0.24564737988554913 51
1756352092682 0.21174467695148094 52
1756352093099 0.19954709708690643 53
1756352093350 0.15594954497140387 54
1756352093601 0.14571325707694757 55
1756352093853 0.15712918697491937 56
1756352094108 0.13499844171430753 57
1756352094361 0.15462336754021438 58
1756352094613 0.1535134901819022 59
1756352094865 0.1560935105966485 60
1756352095118 0.20574547965889392 61
1756352095371 0.19300546237955923 62
1756352095623 0.14009355235358942 63
1756352096041 0.13631960652444675 64
1756352096293 0.16124328452607858 65
1756352096546 0.14220713775442995 66
1756352096799 0.10915532432820486 67
1756352097050 0.12755859610827072 68
1756352097304 0.15069435796012048 69
1756352097558 0.11391822102925052 70
1756352097811 0.11102651205399762 71
1756352098065 0.12955822552675786 72
1756352098318 0.09657253810892934 73
1756352098571 0.09603951547456824 74
1756352099004 0.09477817931252977 75
1756352284751 3.246111724687659 1
1756352285014 2.555909864280535 2
1756352285275 1.4278231600056523 3
1756352285536 1.331443146519039 4
1756352285798 1.186233603436014 5
1756352286058 1.1741248602452485 6
1756352286560 0.8373921772708064 7
1756352286821 0.7131003659704457 8
1756352287084 0.6816076273503511 9
1756352287346 0.5003933880640112 10
1756352287607 0.5974973653969557 11
1756352287870 0.46808358702970587 12
1756352288132 0.5429635546777559 13
1756352288394 0.49138009872125543 14
1756352288655 0.49074546020963916 15
1756352289095 0.5580867846374926 16
1756352289356 0.6746975183486938 17
1756352289616 0.5117199161778325 18
1756352289877 0.4634797462950582 19
1756352290139 0.47173786681631336 20
1756352290401 0.4220566594082376 21
1756352290666 0.31321459814258246 22
1756352290926 0.36579477689836337 23
1756352291361 0.32508849708930304 24
1756352291623 0.2916023005609927 25
1756352291884 0.3150759397641472 26
1756352292145 0.412055091365524 27
1756352292405 0.2535519207949224 28
1756352292665 0.274162125652251 29
1756352292926 0.20976151687943417 30
1756352293187 0.40719733452019485 31
1756352293447 0.2708293944597244 32
1756352293883 0.28713484302811 33
1756352294146 0.2217073459988055 34
1756352294408 0.2125788859051207 35
1756352294669 0.3207131332677344 36
1756352294931 0.23663756963999374 37
1756352295193 0.27883358753245807 38
1756352295455 0.22374661461166714 39
1756352295715 0.19935382837834564 40
1756352295976 0.23274189104204593 41
1756352296409 0.3581367319692736 42
1756352296672 0.33012381131234375 43
1756352296934 0.29307671377192374 44
1756352297196 0.24973818530207095 45
1756352297457 0.28567310260689777 46
1756352297719 0.20884524804094565 47
1756352297980 0.18852957078944083 48
1756352298245 0.27538079347299493 49
1756352298507 0.2037405753913133 50
1756352298960 0.35567603940549103 51
1756352299223 0.27651116575883783 52
1756352299488 0.2366175722816716 53
1756352299752 0.16765680973944458 54
1756352300017 0.17131071310976279 55
1756352300279 0.15795183991608414 56
1756352300542 0.19684492213570554 57
1756352300804 0.13631749881998353 58
1756352301245 0.166879805209844 59
1756352301508 0.13321823464787524 60
1756352301771 0.14209993199809737 61
1756352302034 0.14468298334142435 62
1756352302298 0.1387826521759448 63
1756352302560 0.1397525888422261 64
1756352302822 0.16922192372705624 65
1756352303085 0.1329667590882467 66
1756352303347 0.10877105869028879 67
1756352303775 0.12511999856518663 68
1756352304038 0.12243632227182388 69
1756352304301 0.1268844325905261 70
1756352304563 0.10971682291963826 71
1756352304825 0.10715539623861728 72
1756352305086 0.19875807363701903 73
1756352305348 0.19615862259398337 74
1756352305612 0.22240498661994934 75
1756352305874 0.22955984946178354 76
1756352306299 0.11937789521787477 77
1756352306562 0.11179086452592975 78
1756352306825 0.11168997410846793 79
1756352307087 0.09251707646509875 80
1756352307351 0.12134358027706975 81
1756352307614 0.10025624687904897 82
1756352307878 0.12097883661803992 83
1756352308140 0.10612296005306036 84
1756352308404 0.08096183026614397 85
1756352308830 0.08790673785235571 86
1756352309093 0.09928311877276587 87
1756352309356 0.09586883239124132 88
1756352309620 0.10345269026963608 89
1756352309884 0.09334208184610242 90
1756352310147 0.07817377441603204 91
1756352310411 0.084686027434857 92
1756352310674 0.08168974016671596 93
1756352311101 0.0961730216184388 94
1756352311364 0.07791520104460094 95
1756352311626 0.07178206515053044 96
1756352311891 0.07980745561096979 97
1756352312154 0.08686834517056527 98
1756352312417 0.10299351195926251 99
1756352312681 0.09566619554939478 100
1756352312943 0.07029480001200801 101
1756352313210 0.06472442704050438 102
1756352313641 0.09085739468750746 103
1756352313905 0.06939323197888292 104
1756352314169 0.0674718044212331 105
1756352314432 0.08363937489364458 106
1756352314696 0.07628267582343973 107
1756352314962 0.06964664817180323 108
1756352315225 0.06804089410149533 109
1756352315487 0.06291992128219294 110
1756352315914 0.0654388863755309 111
1756352316178 0.0549714100425658 112
1756352316441 0.07305959029042203 113
1756352316711 0.07934911500500597 114
1756352316974 0.06316358855237132 115
1756352317237 0.08547196925982185 116
1756352317501 0.09523539844414462 117
1756352317764 0.06329321885562461 118
1756352318028 0.06028909171405046 119
1756352318489 0.07269464457488578 120
1756352318753 0.05745989877892577 121
1756352319016 0.05585158664895141 122
1756352319279 0.04868152510860692 123
1756352319544 0.056105590546908585 124
1756352319808 0.05642373803193155 125
1756352320089 0.05564415017547815 126
1756352521593 2.5676269064778867 1
1756352521872 3.266122895738353 2
1756352522395 1.923150132531705 3
1756352522670 1.7088584718496904 4
1756352522945 1.782533744107122 5
1756352523220 1.1477573902710625 6
1756352523494 0.7728971100371816 7
1756352523769 1.1973311175470767 8
1756352524043 0.7529770608829416 9
1756352524317 0.6078493575686994 10
1756352524591 0.5734316732572473 11
1756352525023 0.7248138590999271 12
1756352525300 0.6678674739340077 13
1756352525574 0.6235861933749655 14
1756352525849 0.5932409594888273 15
1756352526123 0.49461358008177386 16
1756352526398 0.5386899178442748 17
1756352526673 0.6755229811305585 18
1756352526950 0.4758246476235597 19
1756352527226 0.4118223060732302 20
1756352527657 0.3859661584315093 21
1756352527932 0.34910689423913543 22
1756352528207 0.3502752042335013 23
1756352528483 0.36967268003069836 24
1756352528761 0.3029333262339882 25
1756352529037 0.29399674515361374 26
1756352529315 0.33349281290303107 27
1756352529592 0.30589238845783734 28
1756352529867 0.30884125699167664 29
1756352530305 0.28068060330722644 30
1756352530581 0.26234482811844867 31
1756352530859 0.3055489957332611 32
1756352531135 0.3772588469412016 33
1756352531412 0.4056308301894561 34
1756352531687 0.3140883912210879 35
1756352531964 0.31632075102432916 36
1756352532240 0.49579301929992176 37
1756352532672 0.26838271902955096 38
1756352532948 0.26055233957974805 39
1756352533224 0.22823700827101004 40
1756352533500 0.27358227903428284 41
1756352533777 0.22926963865756989 42
1756352534053 0.2311762713867685 43
1756352534331 0.19845688310654266 44
1756352534609 0.21787048552347266 45
1756352534886 0.4767712957185248 46
1756352535324 0.28773549976556195 47
1756352535603 0.20826160519019418 48
1756352535881 0.283825414336246 49
1756352536160 0.22739408586336218 50
1756352536438 0.23177791484024213 51
1756352536716 0.18190332275369894 52
1756352536993 0.19760352535092313 53
1756352537272 0.2361082975631175 54
1756352537710 0.19760680231063263 55
1756352537988 0.17780640591745792 56
1756352538265 0.20650621535985367 57
1756352538543 0.16115658892237622 58
1756352538822 0.16010073313246603 59
1756352539099 0.23200173481650974 60
1756352539378 0.21495524793863297 61
1756352539657 0.15442704214997913 62
1756352540103 0.16212558616762576 63
1756352801855 3.3714075969613115 1
1756352802151 2.7235066372415293 2
1756352802441 2.3194206071936567 3
1756352802733 3.3779927155245906 4
1756352803023 1.4541112936061362 5
1756352803315 0.8423634624999502 6
1756352803606 0.7031336802503337 7
1756352803897 0.7734839462715647 8
1756352804188 0.5435186132140781 9
1756352804731 0.5395163770603097 10
1756352805024 0.6756307994541915 11
1756352805317 0.5528202393780584 12
1756352805609 0.48493991856989654 13
1756352805904 0.5138855680175449 14
1756352806199 0.4029149899016256 15
1756352806655 0.6556049818577974 16
1756352806948 0.4345426857471466 17
1756352807241 0.5078041857999304 18
1756352807534 0.459360241242077 19
1756352807827 0.5739617723485698 20
1756352808118 0.43056412494700885 21
1756352808409 0.3493531080691711 22
1756352808701 0.3713321212841117 23
1756352808993 0.3993924726610598 24
1756352809286 0.3519957370084265 25
1756352809745 0.370943673926851 26
1756352810039 0.3256242456643478 27
1756352810333 0.3425056850132735 28
1756352810630 0.37221144074979035 29
1756352810926 0.3670105208521304 30
1756352811219 0.29850722752187564 31
1756352811512 0.2783636988505073 32
1756352811971 0.279596741432729 33
1756352812265 0.23327798428742783 34
1756352812561 0.2378755464502003 35
1756352812855 0.2194224586305411 36
1756352813151 0.2589164518791696 37
1756352813446 0.2958911398182745 38
1756352813903 0.30667589151340985 39
1756352814196 0.25781792207904486 40
1756352814489 0.21699487839056097 41
1756352814784 0.26789229460384534 42
1756352815077 0.2143279333477435 43
1756352815371 0.15914191661969476 44
1756352815666 0.20160480815431345 45
1756352815959 0.22316141620926236 46
1756352816252 0.2410470137129659 47
1756352816546 0.21086493458436883 48
1756352817005 0.18633121349241422 49
1756352817301 0.28920781580002414 50
1756352817596 0.2602642713033635 51
1756352817891 0.1911437456374583 52
1756352818186 0.18978228581988293 53
1756352818481 0.16401222704545312 54
1756352818934 0.17359462121258612 55
1756352819227 0.15900007408598196 56
1756352819521 0.21786123578963074 57
1756352819816 0.1837419349214305 58
1756352820110 0.1280215551023898 59
1756352820405 0.1728558009085448 60
1756353040905 2.7491296063298765 1
1756353041213 2.708405422127765 2
1756353041518 1.7041724609292073 3
1756353041822 1.7559072971343994 4
1756353042390 1.251447522121927 5
1756353042694 0.9202896615733271 6
1756353042999 0.8366546203260836 7
1756353043303 0.6975385015425475 8
1756353043608 0.5651695261830869 9
1756353043913 0.46155485381250794 10
1756353044218 0.579264513824297 11
1756353044701 0.3992305242496988 12
1756353045007 0.4123498849246813 13
1756353045312 0.4031921210496322 14
1756353045618 0.4343185243399247 15
1756353045923 0.3917986368355544 16
1756353046228 0.3814274701087371 17
1756353046556 0.38636002527630847 18
1756353047029 0.4489727117445158 19
1756353047334 0.5529886173165363 20
1756353047639 0.7356145628120588 21
1756353047943 0.7036945171978163 22
1756353048259 0.3187802770863409 23
1756353048565 0.3485033842532531 24
1756353048870 0.5076039245595103 25
1756353049334 0.32489046584004944 26
1756353049644 0.34490227958430414 27
1756353049950 0.31244190879490064 28
1756353050254 0.30812890503717505 29
1756353050559 0.2514338486868402 30
1756353050864 0.23399507092392963 31
1756353051169 0.25067347223344055 32
1756353051640 0.2770283274028612 33
1756353051945 0.25543679685696313 34
1756353052249 0.1960240142500919 35
1756353052555 0.2009056395162707 36
1756353052861 0.21735896429289941 37
1756353053165 0.18229018022184787 38
1756353053471 0.19383304987264716 39
1756353053939 0.19336161827263626 40
1756353054244 0.18163228553274405 41
1756353054549 0.20673311760892038 42
1756353054853 0.2307211037563241 43
1756353055157 0.2193245706350907 44
1756353055464 0.22896909065868543 45
1756353055769 0.1794170701633329 46
1756353056234 0.17229330863641656 47
1756353056540 0.1436596208292505 48
1756353056845 0.17009080039418262 49
1756353057149 0.19705211112032767 50
1756353057456 0.1597245050513226 51
1756353057762 0.13651445475609406 52
1756353058069 0.14931811975396198 53
1756353058536 0.12917172601041588 54
1756353058842 0.15709446143844855 55
1756353059148 0.170901694699474 56
1756353059455 0.18279285955688226 57
1756353059761 0.13058081317854964 58
1756353060067 0.1252791462061198 59
1756353060383 0.13344682283375575 60
1756353060858 0.20254868204179016 61
1756353061165 0.15044770389795303 62
1756353061474 0.14240312543900116 63
1756353061780 0.12879422193636064 64
1756353062092 0.12942285851939864 65
1756353062399 0.1279983616069607 66
1756353062706 0.19984561496454736 67
1756353063179 0.14822734471248544 68
1756353063485 0.1556375075293624 69
1756353063799 0.146283691506023 70
1756353064103 0.12183733462639477 71
1756353064408 0.13188681362763696 72
1756353064712 0.10937502040811208 73
1756353065018 0.09761928378239922 74
1756353065519 0.0920198849685814 75
1756353065825 0.07937020111991011 76
1756353066133 0.1140946083418701 77
1756353066439 0.0928979137831408 78
1756353066745 0.11572603006725726 79
1756353067050 0.1056859805856062 80
1756353067373 0.13540460493253625 81
1756353067853 0.13414442085701486 82
1756353327153 2.890616976696512 1
1756353327766 3.5305820237035337 2
1756353328085 1.732169254966404 3
1756353328405 1.5848769467809927 4
1756353328725 1.1588755340679833 5
1756353329045 1.0014827510584956 6
1756353329363 0.8858743465465048 7
1756353329863 0.8077424544355144 8
1756353330186 0.6776211430197177 9
1756353330510 0.7104441510594409 10
1756353330832 0.8386477789153224 11
1756353331154 0.7645329845988232 12
1756353331476 0.5021875073080477 13
1756353331973 0.43687497144160065 14
1756353332295 0.5187286170928375 15
1756353332617 0.40180554597274115 16
1756353332936 0.4221271470836971 17
1756353333254 0.3958883985229161 18
1756353333574 0.5588381659725438 19
1756353334068 0.434671920278798 20
1756353334389 0.8355521520842677 21
1756353334710 0.6340110833230226 22
1756353335030 0.5575355751358945 23
1756353335351 0.40191997846831445 24
1756353335672 0.3907256042179854 25
1756353336170 0.3032281314549239 26
1756353336491 0.2589320407613464 27
1756353336812 0.3129575259011725 28
1756353337132 0.28002488224402716 29
1756353337451 0.25863430033559387 30
1756353337948 0.21680385003919186 31
1756353338267 0.2666562400434328 32
1756353338587 0.2267759902321774 33
1756353338906 0.25741042779839557 34
1756353339226 0.2459561896065007 35
1756353339547 0.2816025481923767 36
1756353339868 0.2766358509011891 37
1756353340367 0.24177884213302447 38
1756353340692 0.23058636648499448 39
1756353341013 0.22675647780947064 40
1756353341335 0.3090742486326591 41
1756353341656 0.28172434866428375 42
1756353342149 0.1807311766821405 43
1756353342468 0.17304532521444818 44
1756353342790 0.2333173029448675 45
1756353343113 0.23433420936698499 46
1756353343433 0.20123464128245477 47
1756353343754 0.19266975897809732 48
1756353344252 0.2168078192550203 49
1756353344574 0.26932035904863605 50
1756353344895 0.1876150794003321 51
1756353345218 0.26375758259192755 52
1756353345539 0.23293126212513965 53
1756353345861 0.19216538998095886 54
1756353346356 0.3199022483566533 55
1756353346679 0.4157125292264897 56
1756353347002 0.30445843222348584 57
1756353347325 0.2187077736724978 58
1756353347644 0.256157420899557 59
1756353347966 0.1984564250578051 60
1756353348461 0.1838561827721803 61
1756353348782 0.15298123366158942 62
1756353651727 2.61867080045783 1
1756353652069 2.321245260860609 2
1756353652663 1.842812955379486 3
1756353653001 1.509152019801347 4
1756353653342 1.0754694847956947 5
1756353653682 1.2116664414820464 6
1756353654021 0.9475608662418697 7
1756353654529 0.6351019701232081 8
1756353654868 0.5851462846216948 9
1756353655206 0.648287832736969 10
1756353655545 0.7995668714461119 11
1756353655883 0.6240816582804141 12
1756353656389 0.8317016700039739 13
1756353656728 1.059940966575042 14
1756353657068 0.6805078711198724 15
1756353657406 0.6018642251906188 16
1756353657745 0.5153728723526001 17
1756353658085 0.6765043398608332 18
1756353658614 0.5859985973524011 19
1756353658953 0.6533196568489075 20
1756353659293 0.5696217871230581 21
1756353659631 0.5056683362826057 22
1756353659972 0.542617705853089 23
1756353660482 0.5109429851822231 24
1756353660821 0.44223652002604114 25
1756353661160 0.41492373658263165 26
1756353661499 0.35259920812171436 27
1756353661841 0.3163190756155097 28
1756353662346 0.3424485092577727 29
1756353662686 0.3671743202468623 30
1756353663024 0.2878365607365318 31
1756353663364 0.3432304736064828 32
1756353663707 0.30554584381373034 33
1756353664044 0.2697480767965317 34
1756353664562 0.2591722588176313 35
1756353664901 0.2728556893441988 36
1756353665240 0.29361723104248877 37
1756353665580 0.3594513483669447 38
1756353665917 0.39968825293623883 39
1756353666425 0.31384028170419775 40
1756353666764 0.3277994203178779 41
1756353667103 0.37277688409971155 42
1756353667442 0.2581411204908205 43
1756353667782 0.26273751582788385 44
1756353668287 0.21287419161070947 45
1756353668626 0.21932062895401663 46
1756353668965 0.2666506255450456 47
1756353669304 0.1954152111126029 48
1756353669643 0.18219889603231265 49
1756353669979 0.18438381539738696 50
1756353670475 0.2339272955837457 51
1756353670814 0.16454958526984506 52
1756353671153 0.2019910239007162 53
1756353671493 0.2693626472483511 54
1756353671834 0.242694277478301 55
1756353672340 0.1819748314826385 56
1756353672679 0.18582448428091797 57
1756353673019 0.17102946729763693 58
1756353673360 0.19628303692392682 59
1756353673699 0.17474204593378564 60
1756353674206 0.18575120944043863 61
1756353674546 0.15316990924918134 62
1756353674888 0.15574529572673465 63
1756353675227 0.13291128854388776 64
1756353675566 0.17522688371979672 65
1756353676072 0.17524997889995575 66
1756353676412 0.15072874336139017 67
1756353676754 0.16175261010294376 68
1756353677092 0.15526319084608037 69
1756353677431 0.156712272244951 70
1756353677769 0.13344156482945319 71
1756353678278 0.1462705067318419 72
1756353942626 4.206590833871261 1
1756353942981 5.703484452289084 2
1756353943331 3.5737389015114824 3
1756353943956 2.0600506170936255 4
1756353944310 1.3340631308762922 5
1756353944664 1.1423887040304102 6
1756353945014 0.8220845305401346 7
1756353945551 0.5421647040740304 8
1756353945904 0.6366556941167169 9
1756353946256 0.5086664725904879 10
1756353946606 0.6396664536517599 11
1756353946961 0.5873353973678921 12
1756353947311 0.4080318555883739 13
1756353947836 0.5517674878887509 14
1756353948190 0.5257980693941531 15
1756353948541 0.41698242335215857 16
1756353948892 0.6572309810182323 17
1756353949245 0.5277425750442173 18
1756353949774 0.4537768286207448 19
1756353950128 0.3591632564430651 20
1756353950481 0.26922960320244665 21
1756353950832 0.32036424914131995 22
1756353951184 0.3442139949487603 23
1756353951706 0.35155912261942157 24
1756353952058 0.35583951227042987 25
1756353952410 0.3408645443294359 26
1756353952765 0.3384698532197786 27
1756353953292 0.4276642533748046 28
1756353953645 0.49836192895536835 29
1756353953998 0.36223204757856287 30
1756353954354 0.368044494934704 31
1756353954708 0.26149926496588666 32
1756353955236 0.3863364931034005 33
1756353955588 0.33023754215758777 34
1756353955945 0.28510802660299384 35
1756353956298 0.20189434711052023 36
1756353956652 0.22658145913611288 37
1756353957200 0.2068286525166553 38
1756353957552 0.19365910213926565 39
1756353957905 0.270204928258191 40
1756353958258 0.278415370894515 41
1756353958616 0.23183283015437747 42
1756353958972 0.2677866615678953 43
1756353959518 0.20728229018657104 44
1756353959875 0.21761296203602915 45
1756353960227 0.19348366072644357 46
1756353960579 0.19294157267912573 47
1756353961109 0.24280582012041754 48
1756353961462 0.44229541006295575 49
1756353961814 0.2523542318655097 50
1756353962167 0.1900118819397429 51
1756353962519 0.1723076571588931 52
1756353962873 0.19046980563713156 53
1756353963389 0.17313335576783057 54
1756353963742 0.2833922068062036 55
1756353964095 0.20282277788804925 56
1756353964447 0.20723638780738995 57
1756353964801 0.1898553429738335 58
1756353965324 0.14748766338047775 59
1756353965675 0.14547572673662848 60
1756353966029 0.13568138687506967 61
1756353966382 0.1469623433507007 62
1756353966735 0.13137903501806053 63
1756353967248 0.1122307411354521 64
1756353967601 0.11436140278111333 65
1756353967954 0.10883532594079556 66
1756353968308 0.10921348323640616 67
1756353968663 0.12591396126410234 68
1756353969176 0.10963815871788107 69
1756353969530 0.1515844569582006 70
1756354222300 2.114025864912116 1
1756354222935 1.9489689883978472 2
1756354223302 1.5084085619967917 3
1756354223668 2.081904709339142 4
1756354224036 1.7381699448046477 5
1756354224404 0.9863982939201853 6
1756354224948 1.0499427111252495 7
1756354225315 1.2065310633700828 8
1756354225681 0.9874545892943507 9
1756354226047 0.6432310187298319 10
1756354226411 0.6657498401144276 11
1756354226958 0.5736112218836079 12
1756354227326 0.5249943597161252 13
1756354227692 0.6971517749454664 14
1756354228060 0.5308298559292502 15
1756354228606 0.6738265752792358 16
1756354228972 0.529207346232041 17
1756354229338 0.37976885878521466 18
1756354229705 0.4323691175035808 19
1756354230249 0.37932860397774243 20
1756354230616 0.3287732665953429 21
1756354230982 0.35152490372243134 22
1756354231348 0.4733159742925478 23
1756354231712 0.5098658625198447 24
1756354232257 0.4767880109341248 25
1756354232624 0.29856765140657837 26
1756354232991 0.3191694429387217 27
1756354233357 0.31154253236625506 28
1756354233906 0.40122221669425134 29
1756354234274 0.299444032104119 30
1756354234644 0.2649006221605384 31
1756354235010 0.32543068735495856 32
1756354235378 0.3023915925751562 33
1756354235928 0.26004302307315497 34
1756354236295 0.3496064977801364 35
1756354236660 0.28383436442717264 36
1756354237028 0.3180900105963583 37
1756354237395 0.37263768393060437 38
1756354237949 0.34720319574293884 39
1756354238317 0.38654123376245086 40
1756354238683 0.3908478786116061 41
1756354239053 0.3535849963841231 42
1756354239595 0.255562013582043 43
1756354239962 0.2359682250282039 44
1756354240328 0.22086951978828595 45
1756354240696 0.24028439431086832 46
1756354241242 0.20827939879635107 47
1756354241609 0.261598395264667 48
1756354241977 0.22689552184032358 49
1756354242348 0.1577404769866363 50
1756354242715 0.15878867876270544 51
1756354243252 0.14402418583631516 52
1756354243620 0.2096571721460508 53
1756354243987 0.1814648502546808 54
1756354244354 0.19028172544811084 55
1756354244899 0.1883335622108501 56
1756354245270 0.1374858073566271 57
1756354245637 0.17027695379827334 58
1756354246003 0.18671265957148178 59
1756354246370 0.20905989181736243 60
1756354246906 0.14201805416656577 61
1756354247274 0.19244577541299487 62
1756354247642 0.18941867837439413 63
1756354248009 0.15322600693806357 64
1756354248376 0.3220337383125139 65
1756354248919 0.20834134097980417 66
1756354249286 0.16923761756523795 67
1756354249653 0.16611574946538263 68
1756354250020 0.18029286939164865 69
1756354250556 0.13887697393479553 70
1756354250924 0.13781406082536862 71
1756354251290 0.15110611073348834 72
1756354251658 0.11785861461058907 73
1756354252198 0.12554804332878278 74
1756354252566 0.10262514164914256 75
1756354252931 0.08685735548320024 76
1756354253298 0.10064214257442433 77
1756354253665 0.11239545678962833 78
1756354254196 0.12314801436403523 79
1756354254564 0.1539701895545358 80
1756354254931 0.10132418734871823 81
1756354255300 0.10464682964527089 82
1756354255836 0.09866208161996759 83
1756354256204 0.0861709851609624 84
1756354256572 0.08995960102133128 85
1756354256940 0.11333182972410451 86
1756354473826 2.4937963071076767 1
1756354474207 2.658384812914807 2
1756354474583 3.376429749571759 3
1756354474962 1.7925235603166663 4
1756354475602 1.1632568862127222 5
1756354475979 0.9854973373205765 6
1756354476358 0.8630756087925123 7
1756354476735 0.7067517029202502 8
1756354477283 0.675679871569509 9
1756354477662 0.6055754086245662 10
1756354478040 0.5396197826965995 11
1756354478423 0.4208149378714354 12
1756354478993 0.48348199543745624 13
1756354479371 0.8288240989913112 14
1756354479749 0.4571725739085156 15
1756354480124 0.49282876693684124 16
1756354480679 0.5206746627455172 17
1756354481057 0.37391685532486957 18
1756354481433 0.3513680651136067 19
1756354481809 0.4150650708571724 20
1756354482358 0.3211103217757266 21
1756354482735 0.3310354384391204 22
1756354483113 0.5506429957306903 23
1756354483491 0.4293006587287654 24
1756354483872 0.3574043713186098 25
1756354484420 0.44364159586636914 26
1756354484799 0.3308088209318078 27
1756354485179 0.30650692271149677 28
1756354485560 0.2836533486843109 29
1756354486112 0.2671346230351407 30
1756354486488 0.2516301604716674 31
1756354486868 0.23463344897912897 32
1756354487247 0.197165888612685 33
1756354487801 0.20307928939228473 34
1756354488181 0.1932652310832687 35
1756354488560 0.2024212939583737 36
1756354488939 0.2736884423572084 37
1756354489494 0.32776463841614517 38
1756354489873 0.4055122571147006 39
1756354490252 0.42437113432780554 40
1756354490630 0.43634560380292975 41
1756354491180 0.23850041757459225 42
1756354491561 0.2383476492503415 43
1756354491941 0.2324666831156482 44
1756354492319 0.28645681751810986 45
1756354492868 0.27470605010571686 46
1756354493248 0.27640015534732654 47
1756354493629 0.20421670830768088 48
1756354494008 0.24884800612926483 49
1756354494557 0.2145646619408027 50
1756354494935 0.22978337109088898 51
1756354495314 0.17603909791163777 52
1756354495693 0.1560169711061146 53
1756354496241 0.18551888284475906 54
1756354496621 0.14785769193068796 55
1756354497001 0.12228246357129968 56
1756354497382 0.14270320826250574 57
1756354497928 0.17598287210516309 58
1756354498306 0.1639648475076841 59
1756354498685 0.19176483445841333 60
1756354499065 0.21993285935858023 61
1756354499444 0.16476566636044046 62
1756354499993 0.14164819989515387 63
1756354500373 0.17830728966256845 64
1756354500753 0.14354420129371726 65
1756354501309 0.12367016627736714 66
1756354501689 0.13387507426997888 67
1756354502069 0.11320061657739722 68
1756354502449 0.13965825785113417 69
1756354502829 0.18305583686932272 70
1756354503379 0.1368218125856441 71
1756354503759 0.163208920346654 72
1756354504139 0.10760861084513042 73
1756354504520 0.16418106141297714 74
1756354849303 2.3652239882427715 1
1756354849698 2.822342089984728 2
1756354850342 1.9692609232404958 3
1756354850740 1.4333681004202885 4
1756354851136 1.1664658655291018 5
1756354851530 0.7134014691995538 6
1756354852094 0.8367032965888148 7
1756354852492 0.5235835858013319 8
1756354852887 0.5319116193315258 9
1756354853281 0.670275013083997 10
1756354853875 0.864293881084608 11
1756354854270 0.5036500070406043 12
1756354854664 0.44925957918167114 13
1756354855059 0.555930948127871 14
1756354855681 0.4442401910605638 15
1756354856076 0.3698631272367809 16
1756354856469 0.4096869035907414 17
1756354856864 0.43952695960583893 18
1756354857482 0.42109738743823505 19
1756354857879 0.3232455972744071 20
1756354858277 0.3731636988080066 21
1756354858674 0.4608988373175911 22
1756354859069 0.3796034546002098 23
1756354859648 0.3059804115606391 24
1756354860043 0.32220790891543677 25
1756354860438 0.31089518251626386 26
1756354861008 0.3388914070699526 27
1756354861404 0.3183836878641792 28
1756354861797 0.2916696201200071 29
1756354862193 0.42488877604837005 30
1756354862588 0.293100844906724 31
1756354863148 0.28019041600434674 32
1756354863543 0.39413333263086237 33
1756354863937 0.5002556436735651 34
1756354864333 0.3916170548485673 35
1756354864891 0.3039347769125648 36
1756354865287 0.2728256686874058 37
1756354865683 0.2843951913325683 38
1756354866078 0.29058659368235135 39
1756354866634 0.24491661236337994 40
1756354867029 0.26092748441126035 41
1756354867424 0.2563064519477927 42
1756354867980 0.24152478348949682 43
1756354868372 0.33313770721787994 44
1756354868766 0.22959102819795194 45
1756354869158 0.23986604874548706 46
1756354869550 0.21453352887993274 47
1756354870104 0.22075219387593475 48
1756354870499 0.23021584004163742 49
1756354870895 0.19532532568859018 50
1756354871288 0.1829916439626528 51
1756354871846 0.1608375612160434 52
1756354872242 0.21942545927089194 53
1756354872638 0.2196164937770885 54
1756354873034 0.1718953274514364 55
1756354873590 0.17591243690770605 56
1756354873984 0.15935875443012817 57
1756354874378 0.2253566423188085 58
1756354874773 0.155361981495567 59
1756354875326 0.13822489199431046 60
1756354875722 0.16726097108229346 61
1756354876119 0.19095122878966125 62
1756354876518 0.18278665160355362 63
1756354877072 0.19531764154848846 64
1756354877467 0.15927088001500006 65
1756354877863 0.17227315773134647 66
1756354878258 0.1619366745909919 67
1756354878812 0.12264050575702087 68
1756354879209 0.12309214893890463 69
1756354879608 0.11421688338336737 70
1756354880003 0.12011349395565364 71
1756354880558 0.1326600225723308 72
1756354880955 0.13101834577062857 73
1756354881351 0.13087554211201874 74
1756354881747 0.1310117147538973 75
1756354882314 0.16052074374064154 76
1756354882707 0.18856799116601114 77
1756354883103 0.25667132210472354 78
1756354883497 0.1410673503642497 79
1756354884055 0.12363249128279478 80
1756354884453 0.14818562453855638 81
1756354884850 0.1383422538638115 82
1756354885246 0.1503347916447598 83
1756354885800 0.14992937024520792 84
1756354886197 0.14104238395457683 85
1756354886592 0.1467688712088958 86
1756354886988 0.11941913418147874 87
1756354887543 0.1103507379150909 88
1756354887940 0.15508046584284824 89
1756354888338 0.11320570127471634 90
1756354888732 0.1139417697230111 91
1756354889285 0.12261718446793764 92
1756354889681 0.15906692733583244 93
1756354890079 0.1267067035255225 94
1756355141007 2.3945100514785103 1
1756355141663 2.2895289089368736 2
1756355142070 1.7380184790362483 3
1756355142477 1.4098910559778628 4
1756355142882 1.0944552758465642 5
1756355143448 0.929497506307519 6
1756355143856 0.8177356098009192 7
1756355144265 0.7737095900203871 8
1756355144674 0.6960083155528359 9
1756355145082 0.5770312897537065 10
1756355145645 0.4705835516038148 11
1756355146053 0.538134066954903 12
1756355146460 0.6292702795370765 13
1756355146866 0.484050197445828 14
1756355147427 0.3658044960187829 15
1756355147835 0.40140089522237365 16
1756355148244 0.4746280409719633 17
1756355148652 0.39311618908591894 18
1756355149216 0.3623947429916133 19
1756355149622 0.319892639051313 20
1756355150031 0.27754984018595324 21
1756355150438 0.30866049035735754 22
1756355151004 0.27064172534838965 23
1756355151411 0.34230734407901764 24
1756355151820 0.3869659939537878 25
1756355152227 0.4809953298257745 26
1756355152789 0.40034228757671686 27
1756355153197 0.3679170031910357 28
1756355153608 0.3370407515245935 29
1756355154018 0.3065310049316157 30
1756355154583 0.24144522845745087 31
1756355154992 0.22509467860926752 32
1756355155401 0.20228009120277737 33
1756355155813 0.21494804743839346 34
1756355156378 0.24903190783832385 35
1756355156787 0.21627102533112402 36
1756355157196 0.2088855576256047 37
1756355157603 0.272406166014464 38
1756355158166 0.2474296300307564 39
1756355158575 0.33059374340202496 40
1756355158980 0.24159385199132172 41
1756355159388 0.20147603102352307 42
1756355159983 0.20786762237548828 43
1756355160391 0.17463076470986658 44
1756355160798 0.21846462915772977 45
1756355161206 0.16153124817039655 46
1756355161613 0.21508509115032529 47
1756355162186 0.15266152762848398 48
1756355162598 0.1794423295751862 49
1756355163006 0.18650865490021912 50
1756355163415 0.15578267577549684 51
1756355163989 0.17670474039471668 52
1756355164398 0.15139114986295285 53
1756355164805 0.14291300073913907 54
1756355165215 0.15266109808631564 55
1756355165803 0.16838469809812048 56
1756355166210 0.1174517766289089 57
1756355166617 0.13268913863145787 58
1756355167026 0.15172495757756027 59
1756355167619 0.13906513608020285 60
1756355168026 0.15606749543677206 61
1756355168437 0.14598181519819342 62
1756355168851 0.12438527786213419 63
1756355169700 0.10055414133745691 64
1756355170113 0.12300574358390726 65
1756355403919 2.9226294341294663 1
1756355404345 2.1109429546024487 2
1756355404765 2.2723290894342507 3
1756355405184 1.7950931865236033 4
1756355405866 1.163367078356121 5
1756355406286 1.1447121008582737 6
1756355406708 1.2125354486963023 7
1756355407303 0.9505033233891362 8
1756355407723 0.7809324134951052 9
1756355408142 0.5957091178583063 10
1756355408560 0.6677964420422263 11
1756355409150 0.5475936143294625 12
1756355409568 0.5468823819056802 13
1756355409987 0.3311673396307489 14
1756355410577 0.45758938918942993 15
1756355410998 0.5573123382485431 16
1756355411419 0.43943242275196576 17
1756355411841 0.36998727010644 18
1756355412433 0.3868437649115272 19
1756355412857 0.31534691673258075 20
1756355413277 0.2957263624538546 21
1756355413871 0.39622738179953204 22
1756355414291 0.4475790236307227 23
1756355414711 0.4579936913822008 24
1756355415309 0.35475764391214953 25
1756355415729 0.34661873138469196 26
1756355416155 0.3196407647236534 27
1756355416577 0.34720218246397766 28
1756355417202 0.3316119047610656 29
1756355417626 0.2643387602723163 30
1756355418054 0.3167150208483572 31
1756355418695 0.282193036183067 32
1756355419118 0.24686441926852518 33
1756355419543 0.29700026240037836 34
1756355420170 0.33972158963265625 35
1756355420592 0.24321231472751367 36
1756355421016 0.2727675308351931 37
1756355421441 0.19416162857542868 38
1756355422055 0.1737731393912564 39
1756355422479 0.19149857403143591 40
1756355422902 0.17115547734758127 41
1756355423511 0.26643177154271497 42
1756355423934 0.2275543407253597 43
1756355424355 0.25396111672339233 44
1756355424777 0.22595815781665884 45
1756355425383 0.18948004006043725 46
1756355425804 0.20388168906388077 47
1756355426231 0.16126586302467014 48
1756355426831 0.1339926580372064 49
1756355427253 0.15057241203992264 50
1756355427672 0.1583389176622681 51
1756355428091 0.17708890463994897 52
1756355428684 0.17331884461252586 53
1756355429105 0.17736756801605225 54
1756355429531 0.14712760354513707 55
1756355430123 0.15176253539064657 56
1756355430545 0.1213389401850493 57
1756355430965 0.1424836963415146 58
1756355431387 0.12817285258484923 59
1756355431979 0.17157973932183307 60
1756355432400 0.11615237755619962 61
1756355432826 0.11070883824773457 62
1756355433416 0.12055809828250305 63
1756355433841 0.11696970025482385 64
1756355434265 0.11114207477025363 65
1756355434685 0.12047254051203313 66
1756355435277 0.16826993907275406 67
1756355435704 0.1003009122998818 68
1756355436129 0.10374181442286658 69
1756355436736 0.10134762217817099 70
1756355437161 0.09550384658834209 71
1756355437583 0.09708414518314859 72
1756355438005 0.09613066522971443 73
1756355438602 0.09562480838402458 74
1756355439024 0.09751502586447675 75
1756355439448 0.09079391671263654 76
1756355440040 0.08917329735730005 77
1756355440466 0.09748734323226887 78
1756355440886 0.10586056825907333 79
1756355441308 0.10471187110828317 80
1756355441906 0.11127527900364088 81
1756355442331 0.0705215077361335 82
1756355442752 0.10378628661451132 83
1756355443346 0.09305243129315584 84
1756355443770 0.09733563029895657 85
1756355444193 0.1396012225228807 86
1756355444617 0.12188836656834769 87
1756355445212 0.10735517335326775 88
1756355445632 0.10390474874040355 89
1756355446054 0.07982058191429013 90
1756355446640 0.07953224347337433 91
1756355447065 0.07737083692589532 92
1756355714937 2.5634647685548533 1
1756355715372 2.4355475384256113 2
1756355716072 2.4333135459734048 3
1756355716507 1.272984989311384 4
1756355716941 0.775554552026417 5
1756355717547 0.7701067749572836 6
1756355717984 0.649202410293662 7
1756355718419 0.7536410469075908 8
1756355719068 0.7757249966911648 9
1756355719503 0.8317253822865693 10
1756355719937 0.6310032852317976 11
1756355720563 0.5526929705039315 12
1756355720997 0.4697500169277191 13
1756355721437 0.5035944244135981 14
1756355722051 0.5892937442530757 15
1756355722486 0.4646898009206938 16
1756355722920 0.3352755975464116 17
1756355723539 0.2970558340134828 18
1756355723977 0.31712168390336243 19
1756355724415 0.27968851574089215 20
1756355725028 0.2594401680904886 21
1756355725461 0.28639118049455725 22
1756355725897 0.2534195372591848 23
1756355726512 0.2034324572786041 24
1756355726947 0.29740580365709635 25
1756355727382 0.2659313633390095 26
1756355727989 0.1657460652615713 27
1756355728427 0.24546153227920117 28
1756355728863 0.25877008457546646 29
1756355729472 0.21680520215760107 30
1756355729910 0.18343908922827762 31
1756355730363 0.26562478004590323 32
1756355730993 0.5006094970132994 33
1756355731427 0.31307038276091864 34
1756355731862 0.27773874479791394 35
1756355732469 0.1897473121466844 36
1756355732906 0.20604587346315384 37
1756355733340 0.1998966171041779 38
1756355733946 0.1996825139807618 39
1756355734384 0.2156993358031563 40
1756355734821 0.18477230454268662 41
1756355735428 0.15358223021030426 42
1756355735865 0.15034982302914496 43
1756355736314 0.11906583299455435 44
1756355736919 0.1742992035072783 45
1756355737361 0.1807768399948659 46
1756355737799 0.13612070307135582 47
1756355738425 0.14627158155907755 48
1756355738886 0.14933184858249582 49
1756355739322 0.13142883907193723 50
1756355739961 0.11641378635945528 51
1756355740396 0.14182882820782455 52
1756355740834 0.19900948943003363 53
1756355741441 0.16122135519981384 54
1756355741879 0.18148402869701385 55
1756355742317 0.1698422545324201 56
1756355742923 0.17207511870757394 57
1756355743365 0.12903755563108818 58
1756355743800 0.12562526438547217 59
1756355744407 0.10765650512083717 60
1756355744844 0.12952605278595633 61
1756355745282 0.09803313567586568 62
1756355745717 0.08800329770083012 63
1756355746318 0.12275857899499976 64
1756355746757 0.13238466563432114 65
1756355747194 0.10181278654414674 66
1756356056026 2.7347895321638687 1
1756356056741 3.038207600946012 2
1756356057188 1.3285559985948645 3
1756356057633 1.5621541349784187 4
1756356058257 1.6632788932841758 5
1756356058706 0.8129418181336444 6
1756356059330 1.0142227774081023 7
1756356059782 0.6444429314654806 8
1756356060229 0.5261563010837721 9
1756356060862 0.44713595379953797 10
1756356061307 0.6492410114277964 11
1756356061761 0.5182027777899867 12
1756356062386 0.4362411188042682 13
1756356062834 0.6265099955641705 14
1756356063279 0.5069027970666471 15
1756356063906 0.46301086246967316 16
1756356064355 0.40404631003089575 17
1756356064804 0.4034435457509497 18
1756356065431 0.30839499960774963 19
1756356065877 0.4431913682947988 20
1756356066325 0.5882426221733508 21
1756356066955 0.4835313390130582 22
1756356067403 0.30612310831961426 23
1756356068033 0.29845209160576697 24
1756356068482 0.24193305878535562 25
1756356068929 0.3214857105327689 26
1756356069554 0.2834551120581834 27
1756356070007 0.3659934621790181 28
1756356070453 0.2807091863259025 29
1756356071083 0.5636648283056591 30
1756356071532 0.30297977056192316 31
1756356071983 0.3435096967479457 32
1756356072610 0.2655289438755616 33
1756356073056 0.23475562586732532 34
1756356073502 0.25918307770853455 35
1756356074126 0.33871614220349683 36
1756356074573 0.32613834673943726 37
1756356075021 0.3517856688603111 38
1756356075647 0.22496854157551474 39
1756356076096 0.21245261022578116 40
1756356076546 0.22384767363900723 41
1756356077172 0.19486174311326898 42
1756356077619 0.1854198215448338 43
1756356078064 0.1654460792956145 44
1756356078686 0.1317675541276517 45
1756356079135 0.14396854230891104 46
1756356079757 0.1404599259081094 47
1756356080204 0.1567189586551293 48
1756356080653 0.13938686883319978 49
1756356081276 0.1300557054903196 50
1756356081724 0.17481786126027937 51
1756356082172 0.1817662928091443 52
1756356082799 0.16054523444694022 53
1756356083247 0.1455880897524564 54
1756356083698 0.11281105001335559 55
1756356084322 0.1351179807730343 56
1756356084769 0.14946627179565636 57
1756356085218 0.15251616453347 58
1756356085843 0.19293225508021272 59
1756356086293 0.16011003631612528 60
1756356086742 0.14749460473008777 61
1756356087369 0.14344263449311256 62
1756356087818 0.11949069312085277 63
1756356088267 0.12961263987033264 64
1756356088892 0.10154474899172783 65
1756356089340 0.1016239418607691 66
1756356089788 0.08578234603223593 67
1756356090411 0.0933660006393557 68
1756356090859 0.09439303142868954 69
1756356091483 0.1116061523232771 70
1756356091933 0.10664109918086426 71
1756356092384 0.09147600084543228 72
1756356093010 0.0951007149465706 73
1756356093460 0.1344696670446707 74
1756356093909 0.10461113650513731 75
1756356094533 0.11889513889732568 76
1756356094981 0.11304087467167688 77
1756356349814 2.89488685131073 1
1756356350277 2.399740281312362 2
1756356350991 1.612663367520208 3
1756356351452 1.6673122799914817 4
1756356352087 1.4769912673079448 5
1756356352545 0.9779360916303552 6
1756356353005 0.9028831357541292 7
1756356353637 1.0197622179985046 8
1756356354097 0.6766436100006104 9
1756356354555 0.4899287489445313 10
1756356355174 0.5493773286757262 11
1756356355631 0.389252795473389 12
1756356356089 0.4227839617625527 13
1756356356717 0.47003900616065314 14
1756356357176 0.4588879618955695 15
1756356357637 0.380280627504639 16
1756356358283 0.3595869262581286 17
1756356358743 0.331726619730825 18
1756356359376 0.2685894706974859 19
1756356359836 0.4151348711355873 20
1756356360294 0.3853731544121452 21
1756356360927 0.3067290705183278 22
1756356361387 0.3263168561717738 23
1756356361846 0.40286964696386585 24
1756356362479 0.28371109457119653 25
1756356362938 0.25413491414940875 26
1756356363397 0.25368009831594385 27
1756356364025 0.2719979104788407 28
1756356364486 0.3159474626831386 29
1756356364945 0.22804267056610272 30
1756356365569 0.3106693793898043 31
1756356366026 0.3324638443148654 32
1756356366485 0.2725729236136312 33
1756356367114 0.2869624029035154 34
1756356367575 0.2849732715150584 35
1756356368034 0.45500971830409503 36
1756356368664 0.33563945215681323 37
1756356369123 0.2340190579061923 38
1756356369580 0.23209054120208905 39
1756356370204 0.23177889086630032 40
1756356370664 0.2334970653704975 41
1756356371286 0.2138842509492584 42
1756356371748 0.1843824503214463 43
1756356372206 0.273458413131859 44
1756356372826 0.17452582360609717 45
1756356373287 0.1639963543933371 46
1756356373745 0.19464041325061218 47
1756356374384 0.19865542715010437 48
1756356374842 0.17283214401939642 49
1756356375301 0.17384479178682619 50
1756356375922 0.22979617507561392 51
1756356376379 0.17533429906420087 52
1756356376841 0.13327151439760043 53
1756356377489 0.16073211282491684 54
1756356377951 0.14655211211546607 55
1756356788673 2.9507157698921533 1
1756356789149 3.8109247218007627 2
1756356789624 1.8856621721516484 3
1756356790345 1.3583586539911188 4
1756356790818 0.969814684080041 5
1756356791292 0.7801408495592035 6
1756356791927 0.8115314011988433 7
1756356792405 0.7181748359099679 8
1756356792880 0.7205438354740972 9
1756356793512 0.5615821713986604 10
1756356793989 0.5886103109173153 11
1756356794621 0.48242693556391675 12
1756356795095 0.48450492128081946 13
1756356795569 0.37508201599121094 14
1756356796202 0.38488155149895215 15
1756356796677 0.3754814027444176 16
1756356797154 0.342878942904265 17
1756356797783 0.35231249487918354 18
1756356798257 0.38482925490192743 19
1756356798735 0.5181579214075337 20
1756356799369 0.35172812316728674 21
1756356799845 0.3533790247595828 22
1756356800320 0.572110687908919 23
1756356800952 0.4589359267898228 24
1756356801428 0.3648649097784706 25
1756356801903 0.48425807641900104 26
1756356802535 0.349274517401405 27
1756356803013 0.3196683564911718 28
1756356803647 0.36637507314267365 29
1756356804124 0.2843105579199998 30
1756356804602 0.2660087975470916 31
1756356805231 0.2500495353470678 32
1756356805705 0.22718037729677948 33
1756356806181 0.21505520136460013 34
1756356806812 0.21369803210963373 35
1756356807290 0.1906651971132859 36
1756356807767 0.2711062321196432 37
1756356808444 0.2216372250214867 38
1756356808922 0.2690095208261324 39
1756356809398 0.2095531957304996 40
1756356810068 0.1716820688351341 41
1756356810542 0.19269543043945148 42
1756356811215 0.21724184051803921 43
1756356811692 0.2825125896412393 44
1756356812169 0.16451755068872287 45
1756356812833 0.1816293040047521 46
1756356813311 0.17266259925520938 47
1756356813788 0.18675939123267712 48
1756356814446 0.18966031398462213 49
1756356814923 0.15493107781462048 50
1756356815399 0.15320904099422952 51
1756356816060 0.2019623378696649 52
1756356816537 0.1581655821722487 53
1756356817014 0.15156645230624988 54
1756356817672 0.18597854933013086 55
1756356818149 0.16349505082420682 56
1756356818809 0.18799999680208124 57
1756356819287 0.20578918476467548 58
1756356819765 0.15943805322698926 59
1756356820418 0.14479724285395248 60
1756356820892 0.1239022868482963 61
1756356821368 0.11856850204260452 62
1756356822019 0.15453419445649438 63
1756356822499 0.17090142453494278 64
1756356822974 0.1014778724183207 65
1756356823629 0.15759365228207214 66
1756356824106 0.18816363617129947 67
1756356824583 0.15787310299018156 68
1756356825236 0.14350358591131543 69
1756356825715 0.1277666359168032 70
1756356826194 0.10557281841402469 71
1756356826870 0.11686433074267014 72
1756356827347 0.10848768994860027 73
1756356827823 0.09446997794768085 74
1756356828504 0.10179207700750102 75
1756356828982 0.11534630523427673 76
1756356829458 0.09702942828121393 77
1756356830133 0.11404718393864839 78
1756356830608 0.11283401302669359 79
1756356831085 0.08259411998417067 80
1756356831745 0.07882508700308592 81
1756356832224 0.08392543086539143 82
1756356832887 0.10125410807845385 83
1756356833365 0.07789516011657922 84
1756356833841 0.08325287100413571 85
1756356834496 0.0870455297762933 86
1756356834974 0.10023250819548317 87
1756356835452 0.10502352354967076 88
1756356836105 0.1244447184321673 89
1756356836584 0.09153721011851144 90
1756356837063 0.0925724025329818 91
1756356837713 0.09017775531696237 92
1756356838189 0.0781954782002646 93
1756356838665 0.05724401933991391 94
1756356839317 0.0777958691444086 95
1756356839796 0.07157117905824081 96
1756356840277 0.08505119958325573 97
1756356840931 0.07168284900810408 98
1756356841411 0.0667073059341182 99
1756356841887 0.06724400089486786 100
1756356842531 0.07173724245765935 101
1756356843011 0.06449465032504953 102
1756357185987 2.8011886296064956 1
1756357186482 3.6151632614757703 2
1756357187223 1.879489955694779 3
1756357187716 1.298088402851768 4
1756357188361 1.4360303490058235 5
1756357188852 1.0931315707123799 6
1756357189496 0.8852791410425435 7
1756357189988 0.6530518454054127 8
1756357190480 0.664586317927941 9
1756357191122 0.6619373676569565 10
1756357191614 0.6961700035178143 11
1756357192262 0.5782362559567327 12
1756357192756 0.39255700487157574 13
1756357193401 0.4592943794053534 14
1756357193894 0.4631784493508546 15
1756357194386 0.4309685372787973 16
1756357195035 0.36940082972464355 17
1756357195529 0.46897153750709863 18
1756357196174 0.5798866593319437 19
1756357196666 0.4327266669791678 20
1756357197313 0.4049699461978415 21
1756357197807 0.3831357159044432 22
1756357198300 0.2979881070230318 23
1756357198943 0.45052147624285327 24
1756357199436 0.3476448370062787 25
1756357200079 0.3068816460992979 26
1756357200574 0.3386219247527745 27
1756357201219 0.26058903336524963 28
1756357201711 0.2933441037717073 29
1756357202204 0.2545919275802115 30
1756357202854 0.27315084895362024 31
1756357203347 0.3081825880900673 32
1756357203998 0.28126945184624713 33
1756357204491 0.2507166324750237 34
1756357205140 0.25227515107911563 35
1756357205632 0.1965154739825622 36
1756357206123 0.18000641659550046 37
1756357206772 0.2837239834277526 38
1756357207266 0.3213009335424589 39
1756357207910 0.3315310186665991 40
1756357208403 0.3025136181841726 41
1756357209047 0.22107543018849 42
1756357209539 0.2710648966224297 43
1756357210032 0.2622970579111058 44
1756357210678 0.23035151446643082 45
1756357211171 0.18707940014808075 46
1756357211817 0.17021191508873648 47
1756357212311 0.21545235683088718 48
1756357212954 0.33497655845206714 49
1756357213447 0.23813386714976767 50
1756357213940 0.20523562833018924 51
1756357214587 0.28797176415505615 52
1756357215080 0.19932200370923334 53
1756357215727 0.2245850423755853 54
1756357216220 0.3277474732502647 55
1756357216884 0.26037822728571686 56
1756357217378 0.2600356502377469 57
1756357217872 0.2575751189952311 58
1756357218528 0.24172886687776315 59
1756357219024 0.20990761013134665 60
1756357219683 0.2106577329661535 61
1756357220180 0.21830698685801547 62
1756357220836 0.20815019665852838 63
1756357221332 0.16867197888052982 64
1756357221826 0.23402515442475028 65
1756357222480 0.16209050689054572 66
1756357222973 0.16781747211580691 67
1756357223645 0.14951434051213058 68
1756357224140 0.14541119920170825 69
1756357224635 0.11453182136882907 70
1756357225300 0.19250504769708798 71
1756357225791 0.13180193386000136 72
1756357226446 0.12971823921670084 73
1756357226945 0.13995559432584306 74
1756357227622 0.11728629048751749 75
1756357228117 0.129734483588001 76
1756357228612 0.11671331330485966 77
1756357229277 0.13332572028688763 78
1756357229773 0.12646220689234527 79
1756357230432 0.10482809967968774 80
1756357230927 0.12591832098753555 81
1756357231585 0.2398846496058547 82
1756357232080 0.1781910793936771 83
