1756349483654 1.330485261004904 1
1756349483677 1.2211650195329085 2
1756349483699 1.0646165324294048 3
1756349483720 0.9821939701619355 4
1756349483742 0.7070741744145103 5
1756349483764 0.5404255092144012 6
1756349483785 0.5283696716246398 7
1756349483807 0.4636455774307251 8
1756349483828 0.5072305137696473 9
1756349483850 0.4273354657318281 10
1756349483872 0.3991295170524846 11
1756349483893 0.39184185214664624 12
1756349483915 0.40565376372441003 13
1756349483937 0.3554178113522737 14
1756349483959 0.35549718465494073 15
1756349483981 0.27382365322631336 16
1756349484003 0.24958826212779336 17
1756349484024 0.24774626610071762 18
1756349484046 0.28400417384894 19
1756349484068 0.26872186492318695 20
1756349484090 0.2243622376219086 21
1756349484112 0.23221996750520624 22
1756349484134 0.23109213230402573 23
1756349484156 0.23990577005821725 24
1756349484179 0.21496312449807706 25
1756349484201 0.189060867804548 26
1756349484223 0.18612263643223306 27
1756349484245 0.2259764606538026 28
1756349484267 0.19846969778123108 29
1756349484289 0.17386308636354364 30
1756349484311 0.2044881426769754 31
1756349484334 0.18146917094355045 32
1756349484356 0.36531432102555816 33
1756349484379 0.39503456976102747 34
1756349484401 0.3229808956384659 35
1756349484424 0.2356490926898044 36
1756349484446 0.2049116673676864 37
1756349484469 0.18000259736309882 38
1756349484491 0.20178566160409347 39
1756349484513 0.185296136399974 40
1756349484536 0.1617290678879489 41
1756349484561 0.17852404519267703 42
1756349484584 0.15511406666558722 43
1756349484606 0.14834154526824536 44
1756349484629 0.12253877779711848 45
1756349484652 0.16446698068276697 46
1756349484675 0.12703242217716965 47
1756349484698 0.1290869197767714 48
1756349484721 0.13184065566114758 49
1756349484744 0.15347615856191385 50
1756349484767 0.12446059189412904 51
1756349484790 0.10930591951245847 52
1756349484813 0.10095228044235188 53
1756349484836 0.10124996660844139 54
1756349572896 1.80468496809835 1
1756349572933 1.1581851814104163 2
1756349572967 1.1766975651616636 3
1756349573001 1.2888976361440576 4
1756349573035 0.9355132761208907 5
1756349573068 0.7045926218447478 6
1756349573102 0.5610377399817758 7
1756349573136 0.4939721589503081 8
1756349573169 0.5253178334754446 9
1756349573203 0.40822241876436316 10
1756349573237 0.4142880672993867 11
1756349573270 0.470381625968477 12
1756349573304 0.3650478986294373 13
1756349573338 0.31238108225490735 14
1756349573372 0.307616356274356 15
1756349573406 0.2989236485698949 16
1756349573440 0.3228847105865893 17
1756349573474 0.3456229282462079 18
1756349573507 0.38567478890004364 19
1756349573541 0.30580110329648724 20
1756349573575 0.31444584545881854 21
1756349573609 0.27110710545726446 22
1756349573643 0.25458039796870685 23
1756349573677 0.23023839165335117 24
1756349573711 0.22756029665470123 25
1756349573745 0.2736031322375588 26
1756349573779 0.24273650801700095 27
1756349573813 0.20424728613832724 28
1756349573848 0.22770722858283832 29
1756349573882 0.181677656977073 30
1756349573916 0.17487588233273962 31
1756349573950 0.16856795678968015 32
1756349573984 0.18183714831652847 33
1756349574019 0.16842129081487656 34
1756349574053 0.17078840829755948 35
1756349574087 0.186012991744539 36
1756349574121 0.1741154022190882 37
1756349574156 0.16933995355730472 38
1756349574190 0.20698517658140347 39
1756349574225 0.1669012168827264 40
1756349574259 0.15466267356406088 41
1756349574294 0.12853071611860525 42
1756349574329 0.1314532235264778 43
1756349574364 0.11947103573576263 44
1756349574399 0.10801407808194989 45
1756349574433 0.10839132867429567 46
1756349574468 0.14697097339059995 47
1756349574503 0.12542272974615512 48
1756349574538 0.11029187492702318 49
1756349574573 0.11821952397408693 50
1756349574608 0.1228845827281475 51
1756349574643 0.10628673774392708 52
1756349574678 0.10683946117110875 53
1756349574713 0.12468848312678545 54
1756349574748 0.09450190206584723 55
1756349574782 0.11341018440282863 56
1756349574817 0.11113014768647111 57
1756349574853 0.09877650342557741 58
1756349574888 0.0880882960298787 59
1756349574923 0.09903521123139755 60
1756349574958 0.11213903372054515 61
1756349574995 0.11625627314914828 62
1756349575031 0.0987632388006086 63
1756349575066 0.0783864839569382 64
1756349575101 0.08129350776257722 65
1756349575137 0.07657821492656418 66
1756349575172 0.07768023273219234 67
1756349575208 0.07963142122911371 68
1756349682175 1.697556972503662 1
1756349682224 1.190699393334596 2
1756349682271 1.425714117029439 3
1756349682317 0.9299942345722861 4
1756349682364 0.7874484152897544 5
1756349682411 0.7389408000137495 6
1756349682458 0.6594946786113407 7
1756349682504 0.5556828107522882 8
1756349682551 0.5805791512779568 9
1756349682598 0.48792391885881836 10
1756349682644 0.4884167935537255 11
1756349682691 0.4593752220920894 12
1756349682738 0.45125462827475177 13
1756349682785 0.38196472758832184 14
1756349682832 0.37539502395235974 15
1756349682879 0.3941672813633214 16
1756349682926 0.37929016740425775 17
1756349682973 0.3979473334291707 18
1756349683020 0.325005186640698 19
1756349683067 0.30286985765332763 20
1756349683114 0.23694970167201498 21
1756349683161 0.2501486015060674 22
1756349683209 0.2273010332947192 23
1756349683256 0.24202777056590372 24
1756349683303 0.2788902793241584 25
1756349683351 0.29444792024467303 26
1756349683398 0.2517882391162541 27
1756349683446 0.23679291813269907 28
1756349683494 0.21930717385333517 29
1756349683541 0.20053636833377506 30
1756349683589 0.19594621140023935 31
1756349683636 0.1929122630668723 32
1756349683684 0.19577738513117252 33
1756349683732 0.20826408072658206 34
1756349683779 0.19651783419691998 35
1756349683827 0.18169523257276285 36
1756349683875 0.18859817346800928 37
1756349683922 0.20775775287462317 38
1756349683970 0.2500501663788505 39
1756349684018 0.19832095309444095 40
1756349684066 0.17268822374551193 41
1756349684114 0.16534249678902005 42
1756349684162 0.1497113565387933 43
1756349684210 0.13891301692827887 44
1756349684258 0.17832353646340576 45
1756349684306 0.1791593153839526 46
1756349684354 0.19149503824503525 47
1756349684402 0.13252453603174374 48
1756349684450 0.12887743666120197 49
1756349684498 0.12441117219302965 50
1756349684545 0.1550540224365566 51
1756349684593 0.143149782134139 52
1756349684641 0.12584221913762714 53
1756349684689 0.13419189822414648 54
1756349684737 0.11413796181264131 55
1756349684785 0.12750419488419656 56
1756349684833 0.11744184792041779 57
1756349684881 0.11434852655815042 58
1756349684929 0.13241644074087558 59
1756349684977 0.1298102331550225 60
1756349685026 0.12964159088290256 61
1756349685074 0.1050789466370707 62
1756349685123 0.13005208321239636 63
1756349685171 0.09521588229614755 64
1756349685220 0.08638102917567543 65
1756349685268 0.10017352891357048 66
1756349685317 0.0967576973464178 67
1756349685365 0.1019737534224987 68
1756349685414 0.09774596049733784 69
1756349685462 0.16079461347797644 70
1756349685511 0.11643724888563156 71
1756349685559 0.0910963597504989 72
1756349685607 0.08095698852253996 73
1756349685656 0.10120388897864716 74
1756349685704 0.089516446966192 75
1756349685753 0.08563784736654033 76
1756349685801 0.08604072585054066 77
1756349685850 0.08035095651512561 78
1756349685898 0.073977280408144 79
1756349685947 0.08172776598645293 80
1756349685995 0.09041356441119443 81
1756349686044 0.08722991172386252 82
1756349686092 0.07579664383893428 83
1756349686141 0.07502229252587193 84
1756349686190 0.09389330381932466 85
1756349686239 0.09037734001227048 86
1756349686288 0.07667776456345683 87
1756349686337 0.07867350510281065 88
1756349844110 1.5891213002412214 1
1756349844179 1.705304150996001 2
1756349844244 1.7264116458270862 3
1756349844310 1.4504850454952405 4
1756349844375 1.3300275854442432 5
1756349844440 0.9372994679471721 6
1756349844505 0.863538955864699 7
1756349844570 0.7703580726747927 8
1756349844635 0.5879609014676965 9
1756349844700 0.5368686953316564 10
1756349844765 0.6033966437630032 11
1756349844831 0.43721824884414673 12
1756349844896 0.431526278672011 13
1756349844961 0.6853911215844362 14
1756349845027 0.48645665982495184 15
1756349845092 0.389339091985122 16
1756349845158 0.4505121228487595 17
1756349845223 0.46101371943950653 18
1756349845288 0.39858631595321325 19
1756349845354 0.361879649369613 20
1756349845419 0.36547466464664624 21
1756349845485 0.36796110026214435 22
1756349845550 0.34182409229485883 23
1756349845615 0.3227484614952751 24
1756349845681 0.26429223819919256 25
1756349845746 0.3822493423586306 26
1756349845812 0.3183868637551432 27
1756349845878 0.27764369288216467 28
1756349845943 0.27778887100841687 29
1756349846009 0.25948244009328925 30
1756349846075 0.2973736867956493 31
1756349846140 0.28965251471685327 32
1756349846206 0.254402088082355 33
1756349846279 0.2569698296163393 34
1756349846345 0.20774444225041763 35
1756349846411 0.24072896818751874 36
1756349846477 0.2504729343497235 37
1756349846544 0.27071893927843677 38
1756349846609 0.27924853368945746 39
1756349846675 0.2176508407877839 40
1756349846741 0.21053684340870898 41
1756349846808 0.21245782919552014 42
1756349846874 0.25908519878335623 43
1756349846940 0.228684195033882 44
1756349847006 0.20962873878686325 45
1756349847071 0.1663865657604259 46
1756349847138 0.19258992697881616 47
1756349847204 0.21929842104082523 48
1756349847271 0.21442781162002814 49
1756349847337 0.24826985079309213 50
1756349847402 0.23103531741577646 51
1756349847469 0.2394863282856734 52
1756349847535 0.23159283529157224 53
1756349847602 0.22050637071547302 54
1756349847669 0.20103340174840845 55
1756349847735 0.17921148272960083 56
1756349847802 0.17056637192549912 57
1756349847868 0.16690729493680206 58
1756349847935 0.153467182231986 59
1756349848003 0.1644752398133278 60
1756349848070 0.13527147147966467 61
1756349848137 0.15066637649484302 62
1756349848203 0.1459921828430632 63
1756349848270 0.1624940355186877 64
1756349848336 0.13289003657258075 65
1756349848403 0.12362873003534648 66
1756349848470 0.12020700441106506 67
1756349848536 0.1301299715819566 68
1756349848603 0.12322226490663446 69
1756349848670 0.12672706207503442 70
1756349848737 0.11203039988227513 71
1756349848804 0.11524967217574948 72
1756349848870 0.10400855541229248 73
1756349848937 0.1068009709858376 74
1756349849004 0.11531117671857709 75
1756349849071 0.10368879268998685 76
1756349849138 0.13129676489726358 77
1756349849205 0.10711901537750078 78
1756349849272 0.10561907194230867 79
1756349849339 0.10534678367169006 80
1756349849405 0.09359553197155827 81
1756349849473 0.0921033499357493 82
1756349849540 0.09181913377150246 83
1756349849607 0.10218428091510483 84
1756349849674 0.09439673436724622 85
1756349849743 0.09625368128004282 86
1756349849811 0.09159757634219916 87
1756349849878 0.08519125794586928 88
1756349849946 0.07816596118652303 89
1756349850013 0.07980691479599994 90
1756349850080 0.0699576194519582 91
1756349850148 0.07816783435966658 92
1756349850215 0.07389040275112442 93
1756349850282 0.066174675103115 94
1756349850350 0.0838299234924109 95
1756349850417 0.07544920755469281 96
1756349948702 1.7746319667152737 1
1756349948782 1.7791488377944282 2
1756349948859 1.567979123281396 3
1756349948936 1.143879138905069 4
1756349949013 0.8263919949531555 5
1756349949090 0.6764087275318478 6
1756349949167 0.5618764971909316 7
1756349949244 0.6904311879821445 8
1756349949321 0.4970320903736612 9
1756349949398 0.45772801274838654 10
1756349949475 0.43822229167689447 11
1756349949551 0.3839487258506858 12
1756349949628 0.4075429037861202 13
1756349949706 0.5245182287433873 14
1756349949783 0.4250473807687345 15
1756349949860 0.35824595197387366 16
1756349949937 0.3061727304821429 17
1756349950014 0.29268848377725354 18
1756349950091 0.274217299145201 19
1756349950168 0.28567565912785736 20
1756349950245 0.2861398555662321 21
1756349950322 0.2859367443167645 22
1756349950399 0.2198005752718967 23
1756349950476 0.2171264251937037 24
1756349950553 0.2220027453225592 25
1756349950630 0.22704829729121664 26
1756349950709 0.2052203611187313 27
1756349950786 0.19035257107537726 28
1756349950863 0.17137530931959982 29
1756349950941 0.25867275861294375 30
1756349951018 0.22966593601133511 31
1756349951095 0.2062730060323425 32
1756349951175 0.23406196612378824 33
1756349951252 0.2242000258487204 34
1756349951330 0.1819119868071183 35
1756349951407 0.1698911753685578 36
1756349951485 0.1632242005156434 37
1756349951562 0.17578800702872482 38
1756349951639 0.1735942606692729 39
1756349951717 0.1530519076015638 40
1756349951794 0.1608930226901303 41
1756349951872 0.1283610336806463 42
1756349951950 0.14732694787823636 43
1756349952028 0.172761934282987 44
1756349952106 0.17029373315365418 45
1756349952183 0.1177511730271837 46
1756349952261 0.12548265606164932 47
1756349952339 0.11074985984874808 48
1756349952417 0.1386449604254702 49
1756349952494 0.13683108434728955 50
1756349952573 0.12155683694974236 51
1756349952651 0.12678126537281534 52
1756349952729 0.10631997786138368 53
1756349952807 0.13014895890070044 54
1756349952885 0.12515199929475784 55
1756349952964 0.09493486971958824 56
1756349953042 0.09915125175662663 57
1756349953120 0.08391580552510593 58
1756349953198 0.08732902388209882 59
1756349953276 0.09283924637281377 60
1756349953354 0.09364556877509407 61
1756349953433 0.0814467317060284 62
1756349953511 0.08784560745824939 63
1756349953589 0.0701008141040802 64
1756349953667 0.07481579320586246 65
1756349953746 0.09783314395210017 66
1756349953825 0.09872522334689679 67
1756349953903 0.11681528923952061 68
1756349953981 0.13637538837349933 69
1756349954315 0.1182012272917706 70
1756349954394 0.09766752143269 71
1756349954473 0.09425570637635562 72
1756349954552 0.08256973682538322 73
1756349954631 0.08925462255011433 74
1756349954711 0.07831748769335124 75
1756349954790 0.09088385364283687 76
1756349954869 0.0712519775590171 77
1756349954947 0.07585970960233522 78
1756349955027 0.07945915651710136 79
1756349955105 0.061946918782980545 80
1756349955184 0.06541206169387569 81
1756349955263 0.06350928253453711 82
1756349955342 0.08293888118603955 83
1756349955420 0.091233822800543 84
1756349955499 0.06167841119610745 85
1756349955579 0.069978558903803 86
1756349955661 0.06286681986049465 87
1756349955740 0.051380227198419365 88
1756349955819 0.05558751110473405 89
1756349955898 0.050520857958042106 90
1756349955976 0.0512807732043059 91
1756349956057 0.053359499282163124 92
1756349956136 0.05263414768421132 93
1756349956215 0.06420832159726517 94
1756350159699 1.6345599604689556 1
1756350159803 1.6477214719938196 2
1756350159904 1.5372229244398035 3
1756350160004 0.9602048293403957 4
1756350160105 0.6917475461959839 5
1756350160206 0.7061955358671106 6
1756350160307 0.5509026413378508 7
1756350160408 0.4348988377529642 8
1756350160509 0.40349548148072284 9
1756350160611 0.4064160922299261 10
1756350160712 0.3667065274456273 11
1756350160813 0.3391228383002074 12
1756350160915 0.3392683792373408 13
1756350161016 0.3003800401221151 14
1756350161118 0.24565929498361505 15
1756350161220 0.2331259645845579 16
1756350161322 0.2722277926362079 17
1756350161423 0.28126057788081793 18
1756350161526 0.25781235617140064 19
1756350161628 0.22747874097979587 20
1756350161730 0.21204710525015127 21
1756350161832 0.22503289969071097 22
1756350161934 0.16816056876078897 23
1756350162036 0.18091260868570078 24
1756350162138 0.158183922910172 25
1756350162241 0.1527445769828299 26
1756350162342 0.1263014534893243 27
1756350162444 0.17199374508598578 28
1756350162545 0.19006666119979776 29
1756350162646 0.15362612611573676 30
1756350162748 0.13979518769875818 31
1756350162849 0.11629347859517387 32
1756350162951 0.10563118626242099 33
1756350163053 0.12635509378236273 34
1756350163154 0.09946336208478264 35
1756350163256 0.1106031013895636 36
1756350163358 0.11947101127842198 37
1756350163460 0.10168362149725789 38
1756350163562 0.10922311375970425 39
1756350163663 0.1818437116301578 40
1756350163764 0.146665606809699 41
1756350163866 0.12334090827599815 42
1756350163968 0.10327659531132034 43
1756350164070 0.09699895929383195 44
1756350164171 0.11936756514984628 45
1756350164273 0.1421780411316001 46
1756350164375 0.1189990749825602 47
1756350164477 0.11099475071482036 48
1756350164580 0.12663715753866278 49
1756350164681 0.11958216357490291 50
1756350164784 0.1133824369829634 51
1756350164886 0.0986858042685882 52
1756350164988 0.07795768717060918 53
1756350165091 0.08085918734255045 54
1756350165193 0.07624114385765532 55
1756350165295 0.07604998090992802 56
1756350165398 0.0571451619591402 57
1756350165500 0.0754859238539053 58
1756350295119 1.609581120636152 1
1756350295235 1.3638736216918281 2
1756350295350 1.0239148554594621 3
1756350295464 0.7174824281879093 4
1756350295578 0.624883877194446 5
1756350295691 0.4815639749817226 6
1756350295805 0.599195742736692 7
1756350295918 0.5236148056776627 8
1756350296032 0.39138172761253687 9
1756350296146 0.3211191931496496 10
1756350296259 0.2836956738129906 11
1756350296372 0.29288363327150757 12
1756350296488 0.2585438451041346 13
1756350296603 0.32128890927719034 14
1756350296717 0.3650121455607207 15
1756350297080 0.25810203215350275 16
1756350297196 0.20977600501931232 17
1756350297310 0.22479686983253644 18
1756350297425 0.1742339986174003 19
1756350297539 0.16888177654017572 20
1756350297654 0.1544222297227901 21
1756350297768 0.17756325573376988 22
1756350297883 0.15910821310851886 23
1756350297997 0.15159536023502765 24
1756350298111 0.13220944806285526 25
1756350298226 0.13649232037689374 26
1756350298341 0.1591180598606234 27
1756350298455 0.1055946946144104 28
1756350298569 0.12064828853244366 29
1756350298684 0.12549741987300955 30
1756350298799 0.13873823375805563 31
1756350298913 0.11579280314238174 32
1756350299029 0.08405337693250697 33
1756350299143 0.1100781900079354 34
1756350299259 0.14028221627940302 35
1756350299373 0.10189610752074615 36
1756350299489 0.11652151138886162 37
1756350299604 0.1164673155416613 38
1756350299719 0.11843932355227678 39
1756350299834 0.09156786213102548 40
1756350299950 0.08280916771163112 41
1756350300065 0.09342131990453471 42
1756350300181 0.10300369204386421 43
1756350300297 0.09003930538892746 44
1756350300412 0.07571030148993367 45
1756350300528 0.07075632395951645 46
1756350300643 0.08306730781560359 47
1756350300759 0.064890558304994 48
1756350300874 0.05978852623830671 49
1756350300990 0.05271484508462574 50
1756350301105 0.05673403058039105 51
1756350301221 0.05585850491795851 52
1756350301336 0.06689362373688947 53
1756350301453 0.06677790812176207 54
1756350301735 0.09153345097666202 55
1756350301851 0.07484336245966994 56
1756350301966 0.05914788676992706 57
1756350302082 0.06103338884270709 58
1756350302197 0.05482950223528821 59
1756350302312 0.04463834704264351 60
1756350302428 0.05453557116181954 61
1756350302543 0.0562915767988433 62
1756350302658 0.044573301773356354 63
1756350302775 0.04825438631941443 64
1756350423236 1.6701162742531819 1
1756350423368 1.339826189953348 2
1756350423493 0.9265506397122922 3
1756350423618 0.8920905836250471 4
1756350423743 0.8413682320843572 5
1756350423869 0.8025278319483218 6
1756350423995 0.5650203344614609 7
1756350424120 0.4758789370889249 8
1756350424246 0.42513661280922266 9
1756350424371 0.4079404862030693 10
1756350424497 0.4293334594239359 11
1756350424622 0.3955380203931228 12
1756350424748 0.2847513951685118 13
1756350424874 0.2581567699494569 14
1756350425000 0.29959622025489807 15
1756350425126 0.26649130103380786 16
1756350425251 0.32869642260281934 17
1756350425377 0.3636957199677177 18
1756350425502 0.3022749138915021 19
1756350425628 0.2653712312812391 20
1756350425754 0.26326396996560303 21
1756350425879 0.2297918420770894 22
1756350426004 0.16082095095644827 23
1756350426128 0.20736493591381155 24
1756350426253 0.20862537525270297 25
1756350426378 0.21965585843376492 26
1756350426503 0.17784742298333542 27
1756350427323 0.2629865200623222 28
1756350427449 0.24530091816964356 29
1756350427575 0.1775684016554252 30
1756350427701 0.15559590316337088 31
1756350427826 0.12408039038595946 32
1756350427951 0.1315244219225386 33
1756350428077 0.12201601833752963 34
1756350428203 0.13170804212922635 35
1756350428328 0.12741348860056503 36
1756350428453 0.1696071239269298 37
1756350428579 0.18206617333318875 38
1756350428704 0.14400078518235165 39
1756350428830 0.1527270292458327 40
1756350428955 0.12323082691949347 41
1756350429081 0.10946912707194038 42
1756350429208 0.0994942078123922 43
1756350429335 0.10603043048278145 44
1756350429462 0.11115473800379297 45
1756350429590 0.09046561562496683 46
1756350429716 0.09013490540825803 47
1756350429842 0.09741882137630296 48
1756350429968 0.10379948369834734 49
1756350430093 0.07906686417434526 50
1756350430219 0.07732825920633647 51
1756350430349 0.07483930529459663 52
1756350430477 0.07776400074362755 53
1756350430602 0.07573044866971347 54
1756350430729 0.07777314098632854 55
1756350430855 0.06588794598760812 56
1756350430981 0.07370992490778798 57
1756350431107 0.060599378917528236 58
1756350431233 0.07313167060846867 59
1756350431359 0.08156903250061948 60
1756350431485 0.07870601846472076 61
1756350431611 0.08485248441929402 62
1756350431738 0.1086028833752093 63
1756350431864 0.0795521256716355 64
1756350431990 0.07516994716032692 65
1756350432117 0.0665145132528699 66
1756350432243 0.06228261432893898 67
1756350432370 0.06221668746160424 68
1756350432496 0.057811748560356056 69
1756350432621 0.08082617106645004 70
1756350432748 0.07990912704364113 71
1756350432874 0.07475413608810176 72
1756350433001 0.07138288523191991 73
1756350433128 0.0680428038796653 74
1756350433531 0.06078003630366014 75
1756350433658 0.06580567845831746 76
1756350433785 0.0689946994509386 77
1756350433911 0.05825625052270682 78
1756350434038 0.05749985632365164 79
1756350434164 0.05454106523614863 80
1756350434291 0.04861755604329317 81
1756350434417 0.03961344670666301 82
1756350434542 0.044628124927049095 83
1756350434668 0.04580137238878271 84
1756350434794 0.04038065639526948 85
1756350434921 0.05386735118277695 86
1756350435048 0.04849430092650911 87
1756350592721 1.517880476039389 1
1756350592866 1.289584403452666 2
1756350593006 1.5386146281076514 3
1756350593146 1.2064153888951177 4
1756350593287 0.8294371211010477 5
1756350593427 0.8851145376329836 6
1756350593567 0.7193581539651622 7
1756350593706 0.6346568581850632 8
1756350594105 0.5478588498157003 9
1756350594247 0.4849130770434504 10
1756350594387 0.5397560674211254 11
1756350594528 0.5318820930045584 12
1756350594672 0.4343695446200993 13
1756350594814 0.4158612282379814 14
1756350594956 0.3181904023108275 15
1756350595096 0.3526539128759633 16
1756350595237 0.44750979672307556 17
1756350595378 0.3225945286128832 18
1756350595518 0.3576635880314786 19
1756350595659 0.3917233354371527 20
1756350595800 0.35435538641784503 21
1756350595940 0.3595441080953764 22
1756350596081 0.36562330372955487 23
1756350596222 0.3077575175658516 24
1756350596362 0.28296193998792896 25
1756350596503 0.28397690731546155 26
1756350596644 0.23458826023599375 27
1756350596785 0.23373878714830978 28
1756350596927 0.21013602031313855 29
1756350597068 0.20174483954906464 30
1756350597209 0.2665988414183907 31
1756350597350 0.2599180593438771 32
1756350597491 0.21061118659765823 33
1756350597632 0.1978617287848307 34
1756350597772 0.18862094082262204 35
1756350597914 0.20036703477735104 36
1756350598056 0.18465293296005414 37
1756350598198 0.17941015861604526 38
1756350598496 0.20706581291945084 39
1756350598637 0.1846056531952775 40
1756350598779 0.20025569070940433 41
1756350598920 0.2164284813663234 42
1756350599061 0.21887669032034668 43
1756350599203 0.22568326605402905 44
1756350599344 0.16073987568202225 45
1756350599485 0.22435921754526056 46
1756350599627 0.26846267412538116 47
1756350599769 0.2029841950406199 48
1756350599910 0.16669013966684756 49
1756350600052 0.15855827020562213 50
1756350600194 0.1663342746703521 51
1756350600335 0.15583496216846549 52
1756350600477 0.15429827700490537 53
1756350600619 0.13560845605705096 54
1756350600761 0.1266541808195736 55
1756350600903 0.13912247412878534 56
1756350601045 0.12071944967560146 57
1756350601187 0.12847007260374402 58
1756350601330 0.12513653674851294 59
1756350601473 0.10234290231829105 60
1756350601617 0.12530786382115405 61
1756350601759 0.10708833777386209 62
1756350601902 0.12715061073717865 63
1756350602044 0.15013322979211807 64
1756350602188 0.13674479755370514 65
1756350602331 0.12454883819041045 66
1756350602473 0.1190603929369346 67
1756350602615 0.10897945580275162 68
1756350602918 0.13099882622127948 69
1756350603061 0.11477458865746208 70
1756350603204 0.1154957682542179 71
1756350603346 0.12876719949038132 72
1756350603491 0.10343827987494676 73
1756350603634 0.09073850512504578 74
1756350603777 0.09290546826694322 75
1756350603920 0.08933139527621477 76
1756350753874 1.6146148806032927 1
1756350754031 1.7756826203802358 2
1756350754184 1.4993478837220564 3
1756350754338 1.1620682426120923 4
1756350754491 0.9356188670448635 5
1756350754645 0.682891309261322 6
1756350754799 0.6859825590382451 7
1756350754953 0.6162696493708569 8
1756350755107 0.6665188488752946 9
1756350755264 0.588156389153522 10
1756350755418 0.6507160365581512 11
1756350755572 0.4625615445168122 12
1756350755726 0.5120162756546683 13
1756350755880 0.4320277947446574 14
1756350756035 0.3797361241734546 15
1756350756188 0.3267856920542924 16
1756350756342 0.32072730556778284 17
1756350756746 0.3460112479717835 18
1756350756901 0.33051006690315576 19
1756350757057 0.3149897397860237 20
1756350757212 0.30704595083775726 21
1756350757367 0.29561410261237103 22
1756350757522 0.3031155499427215 23
1756350757677 0.2765058097632035 24
1756350757831 0.3001737011515576 25
1756350757985 0.2555043768623601 26
1756350758139 0.23932845922915832 27
1756350758293 0.25303852622923645 28
1756350758447 0.3163588001676228 29
1756350758600 0.2728816594766534 30
1756350758754 0.26264075351798016 31
1756350758907 0.3128149567738823 32
1756350759062 0.27897957874381024 33
1756350759218 0.25622276961803436 34
1756350759373 0.22660145098748413 35
1756350759530 0.19916460339141928 36
1756350759686 0.17764565769744955 37
1756350759842 0.1747496805113295 38
1756350759997 0.21361829793971518 39
1756350760153 0.19197540924600934 40
1756350760309 0.17656842262848563 41
1756350760622 0.17651764238658157 42
1756350760777 0.19514314020457474 43
1756350760933 0.22008258946563886 44
1756350761088 0.20035996514817941 45
1756350761244 0.2783460688331853 46
1756350761399 0.19884695274674374 47
1756350761554 0.2393103837966919 48
1756350761709 0.2298712484214617 49
1756350761864 0.18735873893551205 50
1756350762019 0.20320989515470422 51
1756350762175 0.1929271726504616 52
1756350762330 0.15508067219153696 53
1756350762485 0.159774261324302 54
1756350762640 0.1527795192340146 55
1756350762796 0.15505665897027307 56
1756350762951 0.1514889186491137 57
1756350763106 0.16313095747128778 58
1756350763259 0.14750316739082336 59
1756350763414 0.1602489089836245 60
1756350763569 0.15894492569824922 61
1756350763724 0.12981288880109787 62
1756350763879 0.12578120438948923 63
1756350764033 0.1360314847982448 64
1756350764190 0.1297621678399003 65
1756350764503 0.1405569039609121 66
1756350764659 0.12736745697000754 67
1756350764816 0.13304517061814017 68
1756350764972 0.13546057369398035 69
1756350765128 0.11947271843319354 70
1756350765284 0.1056793370972509 71
1756350765439 0.11448637169340382 72
1756350765595 0.12125869143916213 73
1756350765751 0.13117983095023944 74
1756350765906 0.10337381226860959 75
1756350766061 0.08952954962201741 76
1756350766217 0.10217525712821794 77
1756350766372 0.11021201166769733 78
1756350766527 0.1006229205623917 79
1756350766683 0.11131086815958438 80
1756350766839 0.10573823393686958 81
1756350766995 0.09113722569916559 82
1756350767151 0.09898028927652733 83
1756350767307 0.08945717225256174 84
1756350767463 0.09390908204343008 85
1756350767619 0.08174629784796549 86
1756350767775 0.08630555916739546 87
1756350767932 0.08084081809805788 88
1756350768089 0.09193938257901565 89
1756350768399 0.0871407833436261 90
1756350768555 0.08049025192208913 91
1756350768712 0.0747722921812016 92
1756350768869 0.07373997342327367 93
1756350769024 0.08239177128543025 94
1756350769181 0.0775925698487655 95
1756350769338 0.07457111678693605 96
1756350769494 0.07381845816321995 97
1756350769653 0.06998977340433908 98
1756350769811 0.06415174140230469 99
1756350769967 0.06908225332913191 100
1756350770124 0.07632038304987161 101
1756350770280 0.0733970531626888 102
1756350770436 0.05949758333356484 103
1756350770592 0.06392782213895218 104
1756350770748 0.06553040509638579 105
1756350770904 0.06903929230959518 106
1756350771060 0.0629842632814594 107
1756350771218 0.05575115557598031 108
1756350771373 0.05794282419526059 109
1756350771530 0.06580622413236162 110
1756350771687 0.05914977816459925 111
1756350995900 2.255890296853107 1
1756350996273 2.084277116734049 2
1756350996448 1.7764974080997964 3
1756350996622 1.0933831230453823 4
1756350996797 1.0201314713643945 5
1756350996972 0.9621853478576826 6
1756350997147 0.8022756058236827 7
1756350997324 0.7037786465624104 8
1756350997499 0.720492132332014 9
1756350997676 0.6414707795433376 10
1756350997852 0.65042793362037 11
1756350998028 0.5306816787823386 12
1756350998202 0.5815439042837723 13
1756350998377 0.5520252118939939 14
1756350998551 0.5400163932986881 15
1756350998725 0.4711310034212859 16
1756350999058 0.43178591132164 17
1756350999233 0.3962119804776233 18
1756350999408 0.333988342596137 19
1756350999582 0.39820981608784717 20
1756350999757 0.5293221344118533 21
1756350999933 0.40594693500062695 22
1756351000108 0.35300630719765375 23
1756351000282 0.40272991812747455 24
1756351000457 0.3243842273950577 25
1756351000630 0.2825642629810002 26
1756351000804 0.29169748010842694 27
1756351000984 0.35888534071652783 28
1756351001160 0.31583090191302093 29
1756351001336 0.3763162111458571 30
1756351001512 0.36973969379196997 31
1756351001686 0.3416290710801664 32
1756351002020 0.2839835124171298 33
1756351002195 0.2671896387701449 34
1756351002372 0.24001365381738413 35
1756351002548 0.23883334126161493 36
1756351002723 0.27347083324971405 37
1756351002898 0.2345396610705749 38
1756351003073 0.23384618046491043 39
1756351003247 0.2209283852058908 40
1756351003421 0.21416022239819818 41
1756351003596 0.2048479671711507 42
1756351003771 0.2054073110870693 43
1756351003946 0.25567227148491406 44
1756351004121 0.22706465423107147 45
1756351004296 0.22228642002395962 46
1756351004472 0.18111285372920657 47
1756351004810 0.19251670688390732 48
1756351004986 0.19812105401702548 49
1756351005163 0.17083442437907922 50
1756351005339 0.17803166482759558 51
1756351005514 0.21520300695429678 52
1756351005690 0.18864798707806546 53
1756351005867 0.1954403127665105 54
1756351006044 0.15535875636598337 55
1756351006221 0.1626307747286299 56
1756351006397 0.14209852821153143 57
1756351006573 0.15053151645090268 58
1756351006750 0.14768557768800986 59
1756351006928 0.1251079197163167 60
1756351007104 0.11444399149521538 61
1756351007281 0.11477179015460222 62
1756351007458 0.14456968754529953 63
1756351007821 0.1571754667422046 64
1756351007998 0.11715597141048183 65
1756351008177 0.1213966901211635 66
1756351008354 0.10800121789393217 67
1756351008531 0.10349390364211539 68
1756351008709 0.1188343899405521 69
1756351008887 0.1270060108407684 70
1756351009065 0.11975478380918503 71
1756351009242 0.09223882044139116 72
1756351009419 0.11266090850467267 73
1756351009596 0.10762913168772408 74
1756351009773 0.0939424961157467 75
1756351009951 0.11696976876777151 76
1756351010128 0.1058223508298397 77
1756351010304 0.10210316450051639 78
1756351010482 0.09908361635778261 79
1756351236912 1.6939710845117983 1
1756351237108 1.6760284719259844 2
1756351237568 1.8492513117582903 3
1756351237760 1.2459415819333948 4
1756351237952 1.0085889852565268 5
1756351238144 0.9052920600642329 6
1756351238336 0.7905809037063433 7
1756351238529 0.6124749067037002 8
1756351238721 0.5371364497620127 9
1756351238913 0.5514696201552516 10
1756351239105 0.5243992183519446 11
1756351239296 0.4544035662775454 12
1756351239487 0.5010209511155668 13
1756351239680 0.40354963748351386 14
1756351239873 0.32157185932864313 15
1756351240066 0.3469664584035459 16
1756351240257 0.3842963511529176 17
1756351240449 0.3332801687976588 18
1756351240800 0.31628828852073004 19
1756351240994 0.2756781727075577 20
1756351241186 0.33731179522431415 21
1756351241381 0.31048787093680835 22
1756351241574 0.29887788192085596 23
1756351241767 0.326701357960701 24
1756351241959 0.307770434928977 25
1756351242151 0.44678333336892334 26
1756351242344 0.3514728844165802 27
1756351242537 0.29803187886010046 28
1756351242730 0.26719619852045307 29
1756351242922 0.27274544083553814 30
1756351243118 0.26041402441004047 31
1756351243312 0.22072974236115164 32
1756351243506 0.1960603623934414 33
1756351243873 0.20388569909593332 34
1756351244066 0.20760084947814111 35
1756351244259 0.2056939734712891 36
1756351244453 0.2046615533206774 37
1756351244647 0.22241158977798794 38
1756351244840 0.2143953993268635 39
1756351245036 0.2489767068106195 40
1756351245232 0.20673900324365366 41
1756351245427 0.19859985942425934 42
1756351245621 0.1746201955753824 43
1756351245815 0.17578474464623825 44
1756351246011 0.1441657769939174 45
1756351246205 0.1609329118028931 46
1756351246399 0.1698759956204373 47
1756351246592 0.15430617170489352 48
1756351246789 0.15830201979564584 49
1756351247153 0.17112341490776642 50
1756351247347 0.15675800002139548 51
1756351247541 0.1543291891398637 52
1756351247736 0.19299120391192642 53
1756351247930 0.19316649566525998 54
1756351248123 0.14309165043675381 55
1756351248318 0.14965145387079404 56
1756351248512 0.1499146407713061 57
1756351248707 0.14655582444823306 58
1756351248900 0.1394295219493949 59
1756351249094 0.13212610230497693 60
1756351249289 0.14129875729913297 61
1756351249483 0.16060818116302075 62
1756351249677 0.12557622401610666 63
1756351249870 0.10266959861568782 64
1756351250234 0.1043363326917524 65
1756351250429 0.10449734945660052 66
1756351250624 0.10908968390330025 67
1756351250818 0.09749645772187607 68
1756351251013 0.1023743745425473 69
1756351251207 0.10597984395597292 70
1756351251401 0.10872180014848709 71
1756351251595 0.12330208135687787 72
1756351416247 1.7749388632567034 1
1756351416455 1.5419122835864192 2
1756351416659 1.544059587561566 3
1756351416865 1.2504150997037473 4
1756351417069 1.0488774102667104 5
1756351417274 0.7174680621727653 6
1756351417479 0.5540040070595948 7
1756351417683 0.5782752697882445 8
1756351417887 0.4784075475257376 9
1756351418092 0.44093186958976416 10
1756351418297 0.5014959677405979 11
1756351418502 0.42861706536749133 12
1756351418706 0.5260047018527985 13
1756351418911 0.5159373192683511 14
1756351419116 0.45530069651811017 15
1756351419321 0.4138999140780905 16
1756351419778 0.41141498477562616 17
1756351419983 0.36532776122507843 18
1756351420188 0.3499518762464109 19
1756351420394 0.33322771541450336 20
1756351420599 0.2667374708082365 21
1756351420804 0.29812748017518415 22
1756351421010 0.40334321623263153 23
1756351421215 0.27034186539442645 24
1756351421420 0.25459735549014545 25
1756351421625 0.2501537547163341 26
1756351421829 0.2509420034678086 27
1756351422034 0.26233802606230194 28
1756351422239 0.22430473630842956 29
1756351422443 0.2780845074549965 30
1756351422648 0.2774905115365982 31
1756351423012 0.3149666183668634 32
1756351423218 0.32547928392887115 33
1756351423425 0.412209487479666 34
1756351423631 0.2803594022989273 35
1756351423837 0.261523402903391 36
1756351424042 0.2573795124240544 37
1756351424248 0.25719120709792426 38
1756351424453 0.29411059423633246 39
1756351424658 0.2563589088942694 40
1756351424863 0.24566719648630722 41
1756351425070 0.20768518681111542 42
1756351425275 0.21352096420267355 43
1756351425480 0.18912632245084512 44
1756351425685 0.18252409314331802 45
1756351425890 0.19610987668452057 46
1756351426096 0.23262033449566882 47
1756351426458 0.20630168850007263 48
1756351426664 0.16226343616195346 49
1756351618355 1.7808967051298723 1
1756351618576 1.4952170019564421 2
1756351618794 1.0897135890048484 3
1756351619014 1.163831793743631 4
1756351619232 0.8553955373556718 5
1756351619449 0.9249859815058501 6
1756351619666 0.6243283632008926 7
1756351619884 0.7846070450285206 8
1756351620102 0.5799938531025596 9
1756351620320 0.5344716219798379 10
1756351620537 0.6278042534123296 11
1756351620755 0.5107363384702931 12
1756351620972 0.4981786854889082 13
1756351621190 0.41982672266338183 14
1756351621408 0.4306342627691186 15
1756351621876 0.49235521062560705 16
1756351622095 0.4474383152049521 17
1756351622313 0.4101571518441905 18
1756351622532 0.34351618069669476 19
1756351622751 0.36066378069960553 20
1756351622970 0.40463330693866895 21
1756351623188 0.33580009639263153 22
1756351623407 0.3627001118400823 23
1756351623627 0.34765367274699005 24
1756351623845 0.36921831706295843 25
1756351624062 0.36140622133794037 26
1756351624280 0.2925896132769792 27
1756351624499 0.2586228724407113 28
1756351624716 0.24036774168843808 29
1756351624935 0.25812906674716785 30
1756351625329 0.24685851905656897 31
1756351625549 0.24952018131380496 32
1756351625767 0.25012291514355206 33
1756351625986 0.21640825012455817 34
1756351626212 0.20241837916166885 35
1756351626431 0.2133621994567954 36
1756351626649 0.18732233410296234 37
1756351626868 0.17970365285873413 38
1756351627101 0.17717947519343832 39
1756351627320 0.1645691009319347 40
1756351627538 0.1894419737484144 41
1756351627757 0.2165228685607081 42
1756351627989 0.18471174849116284 43
1756351628208 0.18502595405215802 44
1756351628430 0.14078323899403863 45
1756351628659 0.1514844573710276 46
1756351629076 0.15882593749657922 47
1756351629294 0.15763108432292938 48
1756351629523 0.17677674312954364 49
1756351629742 0.14428113757268243 50
1756351629961 0.15897521376609802 51
1756351630179 0.16618060676947885 52
1756351630413 0.15546337774266367 53
1756351630632 0.15875098692334216 54
1756351630851 0.12397238838931789 55
1756351631080 0.11815405766601147 56
1756351631301 0.11245438974836598 57
1756351631519 0.12876548326533774 58
1756351631738 0.13499254895293195 59
1756351631971 0.11788791612438533 60
1756351632190 0.1211375794980837 61
1756351632631 0.11013026276360387 62
1756351632871 0.11613149843786073 63
1756351824491 1.522041732850282 1
1756351824984 1.5050212870473447 2
1756351825219 1.316985565683116 3
1756351825454 1.2448212996773098 4
1756351825689 1.0591925745425017 5
1756351825925 0.9880392888317937 6
1756351826160 0.8685236689837083 7
1756351826395 0.6992156039113584 8
1756351826630 0.7642233617927717 9
1756351826865 0.6282141649204752 10
1756351827099 0.5808119501756586 11
1756351827334 0.5482223681781603 12
1756351827570 0.43889279857925745 13
1756351827971 0.5136912361435269 14
1756351828205 0.6060706104921258 15
1756351828440 0.4496694997600887 16
1756351828675 0.3556210295013759 17
1756351828911 0.36446470475715137 18
1756351829146 0.37605092512524646 19
1756351829382 0.3551799272713454 20
1756351829616 0.32114316328712134 21
1756351829850 0.3248400707607684 22
1756351830086 0.3102682297644408 23
1756351830321 0.29068642789902893 24
1756351830718 0.26936150115469226 25
1756351830953 0.2412501793840657 26
1756351831189 0.3061180626568587 27
1756351831424 0.2945750822191653 28
1756351831658 0.3347119002238564 29
1756351831893 0.26326758770839026 30
1756351832127 0.29382281264533167 31
1756351832362 0.24930824080239172 32
1756351832597 0.21092084050178528 33
1756351832832 0.2207156594680703 34
1756351833066 0.19300253430138464 35
1756351833300 0.23416069409121637 36
1756351833535 0.21997794930053793 37
1756351833770 0.2532657721768255 38
1756351834171 0.24395367146834082 39
1756351834406 0.19283056259155273 40
1756351834641 0.18438642245271933 41
1756351834879 0.1807121177730353 42
1756351835117 0.17914021306711694 43
1756351835354 0.18660606087549872 44
1756351835590 0.20785496027573294 45
1756351835826 0.15245516177104868 46
1756351836061 0.17177821404260138 47
1756351836298 0.15175178485072177 48
1756351836533 0.1499526824640191 49
1756351836770 0.14505570349485977 50
1756351837006 0.14681799385858618 51
1756351837243 0.1671363257843515 52
1756351837643 0.13878266351378482 53
1756351837880 0.1692177876830101 54
1756351838117 0.18857161765513214 55
1756351838353 0.16482163965702057 56
1756351838589 0.15032386553028357 57
1756351838825 0.14409063205770825 58
1756351839060 0.12188589734875638 59
1756351839296 0.1097074014985043 60
1756351839531 0.1201267404400784 61
1756351839766 0.12471258769864621 62
1756351840002 0.1366257022904313 63
1756351840238 0.13082970873169278 64
1756351840473 0.15447536531997763 65
1756351840709 0.1329357847571373 66
1756351840945 0.11237287780512935 67
1756351841181 0.10883682447931041 68
1756351841581 0.11829898992310399 69
1756351841816 0.10669510390447534 70
1756351842053 0.10676580651298813 71
1756351842290 0.14017229462447373 72
1756351842525 0.09930641819601474 73
1756351842761 0.15041831977989362 74
1756351842997 0.12946012778126675 75
1756351843233 0.1033891986893571 76
1756351843470 0.10124081243639407 77
1756351843706 0.10190770208187726 78
1756351843942 0.10337294152249461 79
1756351844180 0.11687089146479317 80
1756351844581 0.091017613430386 81
1756351844817 0.09022855904439221 82
1756351845054 0.08391679629035619 83
1756351845291 0.07587070941277173 84
1756351845531 0.08596045540078827 85
1756351845769 0.08101543460203253 86
1756352013602 1.7074134764464006 1
1756352013850 1.7451862407767254 2
1756352014095 1.497507445190264 3
1756352014339 1.2071699059527854 4
1756352014585 1.0377849651419597 5
1756352014830 0.9953755632690762 6
1756352015076 0.8774440133053324 7
1756352015321 0.6923291657281958 8
1756352015817 0.5807363092899323 9
1756352016064 0.5519710934680441 10
1756352016309 0.563277059275171 11
1756352016555 0.49001284008440765 12
1756352016800 0.408071835403857 13
1756352017047 0.3595748491909193 14
1756352017292 0.37193394484727277 15
1756352017538 0.3992661185886549 16
1756352017782 0.35620687383672467 17
1756352018028 0.3699432067249132 18
1756352018272 0.29424460167470184 19
1756352018681 0.35504385440245917 20
1756352018927 0.4054271390904551 21
1756352019175 0.36393363773822784 22
1756352019421 0.351739882774975 23
1756352019667 0.35376023857489874 24
1756352019913 0.44941342524860217 25
1756352020159 0.34494543075561523 26
1756352020405 0.3413665113241776 27
1756352020818 0.3633182398650957 28
1756352021065 0.30120747827965283 29
1756352021311 0.24484814120375592 30
1756352021558 0.2703943887482519 31
1756352021803 0.2581101111743761 32
1756352022050 0.2909510219874589 33
1756352022296 0.2522500759881476 34
1756352022541 0.24050179901330368 35
1756352022787 0.24473140939422275 36
1756352023197 0.24976413146309231 37
1756352023443 0.21591101133305093 38
1756352023689 0.21449800353983176 39
1756352023934 0.23307531067858572 40
1756352024181 0.22998250308244125 41
1756352024426 0.17253521635480548 42
1756352024673 0.1926223000754481 43
1756352024920 0.17204458266496658 44
1756352025167 0.15400768265776013 45
1756352025411 0.1571178977256236 46
1756352025657 0.15572455104278482 47
1756352025903 0.15611574280521143 48
1756352026312 0.14657997080813284 49
1756352196602 1.907550293466319 1
1756352196861 1.4658172389735347 2
1756352197118 1.2568764557009158 3
1756352197623 1.170469395492388 4
1756352197882 0.7937954223674276 5
1756352198140 0.6230228569196619 6
1756352198399 0.6160642893418021 7
1756352198657 0.6348568162192469 8
1756352198914 0.5315836227458456 9
1756352199171 0.47901253207870154 10
1756352199426 0.43597053444903827 11
1756352199843 0.4354904177396194 12
1756352200100 0.41346486884614697 13
1756352200358 0.36263739609200024 14
1756352200616 0.3730499783287878 15
1756352200873 0.4731058037799338 16
1756352201130 0.49983901951624 17
1756352201389 0.3933496565922447 18
1756352201645 0.35901120888150256 19
1756352201901 0.3986884161182072 20
1756352202330 0.3387529357619908 21
1756352202588 0.28540463292080426 22
1756352202845 0.3555035746615866 23
1756352203102 0.2731475674587747 24
1756352203358 0.2548894746148068 25
1756352203615 0.21837205731350443 26
1756352203873 0.21215144382870715 27
1756352204129 0.2152457217807355 28
1756352204387 0.20114243095335754 29
1756352204810 0.17835086195365243 30
1756352205068 0.16076411047707434 31
1756352205324 0.21496035741723102 32
1756352205583 0.1858139371742373 33
1756352205841 0.18426639619080917 34
1756352206097 0.19404215430435928 35
1756352206355 0.17303874214058337 36
1756352206612 0.2269425952564115 37
1756352206872 0.2142246099917785 38
1756352207294 0.1959584303524183 39
1756352207552 0.16911011221616165 40
1756352207809 0.18989267783320468 41
1756352208069 0.1746639116950657 42
1756352208328 0.1521449231583139 43
1756352208588 0.1410578414797783 44
1756352208846 0.13454879075288773 45
1756352209104 0.13398272803296213 46
1756352209526 0.1324962348393772 47
1756352209783 0.13747672218343485 48
1756352210041 0.1541196791374165 49
1756352210299 0.10827215210251186 50
1756352210557 0.1244471876517586 51
1756352210815 0.1223681650083998 52
1756352211071 0.11947483925715736 53
1756352211327 0.1271909915882608 54
1756352211583 0.12188962004754854 55
1756352212002 0.1132938243124796 56
1756352212259 0.11881557366122371 57
1756352212518 0.10221193844209546 58
1756352212777 0.10153030960456184 59
1756352213036 0.1005881966456123 60
1756352213294 0.10142652722804443 61
1756352213551 0.13577660367540692 62
1756352213808 0.09327601058327634 63
1756352214069 0.10035018882025844 64
1756352214493 0.09615739515942076 65
1756352440781 1.9311437606811523 1
1756352441054 1.9643866704857869 2
1756352441324 1.437471275744231 3
1756352441840 0.9322164564029031 4
1756352442111 0.8906866052876348 5
1756352442381 0.6077704313008682 6
1756352442651 0.5972944044548533 7
1756352442923 0.7474437977956689 8
1756352443193 0.541130349687908 9
1756352443463 0.45280124311861786 10
1756352443735 0.4877986499796743 11
1756352444005 0.41828997497973236 12
1756352444436 0.47498326197914453 13
1756352444706 0.45156242018160614 14
1756352444977 0.4599827398424563 15
1756352445247 0.5120236834754115 16
1756352445516 0.3953286370505457 17
1756352445788 0.3712801492732504 18
1756352446060 0.361539196708928 19
1756352446330 0.3322090655565262 20
1756352446600 0.3118993588115858 21
1756352447030 0.3255383935959443 22
1756352447300 0.30619877252889716 23
1756352447570 0.28216547810513043 24
1756352447842 0.23422770590885825 25
1756352448115 0.23022855040819748 26
1756352448387 0.20745283008917517 27
1756352448660 0.22418800644252612 28
1756352448934 0.24565487063449362 29
1756352449205 0.20548430214757504 30
1756352449635 0.1870790298866189 31
1756352449906 0.20012276068977689 32
1756352450177 0.2141266504059667 33
1756352450449 0.22827882384476456 34
1756352450718 0.21020355496717535 35
1756352450989 0.1804734617471695 36
1756352451261 0.19155688162731088 37
1756352451532 0.26140472746413684 38
1756352451803 0.23182413111562314 39
1756352452230 0.17985677621934726 40
1756352452502 0.16437421415163123 41
1756352452773 0.14865282761014026 42
1756352453044 0.16248124319574106 43
1756352453315 0.1764526927600736 44
1756352453586 0.1366123884268429 45
1756352453857 0.12606946800066077 46
1756352454129 0.1679088949509289 47
1756352454557 0.15979087320358856 48
1756352454828 0.15103538237188174 49
1756352455100 0.14018285306899445 50
1756352455372 0.14002926744844602 51
1756352455645 0.12342329841593037 52
1756352455917 0.16353979609582736 53
1756352456192 0.14046032370432562 54
1756352456464 0.13198267053002896 55
1756352456737 0.1303651323137076 56
1756352457168 0.12809810819833176 57
1756352457442 0.13366180075251538 58
1756352457714 0.12039052970383478 59
1756352457985 0.10824768957884415 60
1756352458257 0.1330563895728277 61
1756352458529 0.12659939896801245 62
1756352458800 0.11748761489339497 63
1756352459071 0.09827006187127985 64
1756352459342 0.18961048774097278 65
1756352459774 0.13247938583726468 66
1756352460047 0.1253905231538026 67
1756352460320 0.11202505295691283 68
1756352460591 0.0989445959744246 69
1756352460864 0.10152319786341293 70
1756352461136 0.09976879993210667 71
1756352461408 0.09380234324413797 72
1756352461681 0.10196639403052953 73
1756352461954 0.10342780646422635 74
1756352462389 0.10082126149664754 75
1756352462661 0.09647709082650102 76
1756352462934 0.09618665844849918 77
1756352463206 0.09722701686879863 78
1756352463479 0.11618047693501347 79
1756352463754 0.09528336900731792 80
1756352464027 0.0925564061364402 81
1756352464300 0.08819941625646922 82
1756352464572 0.08554775138264117 83
1756352465032 0.06442763381030249 84
1756352465306 0.07016865309813748 85
1756352465580 0.07789569186127704 86
1756352643680 2.0031913415245386 1
1756352643966 1.3053117524022642 2
1756352644251 1.331676449464715 3
1756352644536 0.9598184798074805 4
1756352645072 0.8217380940914154 5
1756352645355 0.809243241082067 6
1756352645637 0.6473259744436844 7
1756352645922 0.7056758015052133 8
1756352646205 0.5648013910521632 9
1756352646490 0.5098212788934293 10
1756352646772 0.5258947312831879 11
1756352647220 0.551788998686749 12
1756352647502 0.5338697861070218 13
1756352647785 0.37399256294188293 14
1756352648068 0.4491661320561948 15
1756352648350 0.4312459729287935 16
1756352648633 0.39413201290628186 17
1756352648916 0.4608642005402109 18
1756352649198 0.3250317139470059 19
1756352649480 0.4224382282599159 20
1756352649926 0.4540939978931261 21
1756352650210 0.3129760389742644 22
1756352650493 0.2644763511160146 23
1756352650777 0.27001197247401526 24
1756352651061 0.24510358824678088 25
1756352651346 0.31153310187484906 26
1756352651632 0.32176743836506555 27
1756352652091 0.25187432442022406 28
1756352652375 0.21209373940592227 29
1756352652658 0.22857706183972565 30
1756352652942 0.26500093483406567 31
1756352653225 0.31107347361419513 32
1756352653508 0.2903394822193229 33
1756352653792 0.23335040263507678 34
1756352654076 0.2313789718824884 35
1756352654523 0.19883223201917566 36
1756352654809 0.1836737977421802 37
1756352655094 0.17917304583217786 38
1756352655377 0.18454436407141064 39
1756352655661 0.18533829534831253 40
1756352655945 0.18654107205245807 41
1756352656229 0.178133067553458 42
1756352656513 0.19994829983814902 43
1756352656798 0.16527685231488684 44
1756352657254 0.17026577857525452 45
1756352657539 0.15185752834962762 46
1756352657823 0.196507985825124 47
1756352658107 0.16019041188385175 48
1756352658390 0.14460244677636935 49
1756352658674 0.19153463970059934 50
1756352658958 0.167516834386017 51
1756352659241 0.12190277258987012 52
1756352659525 0.16709913475357968 53
1756352659974 0.16639870696741602 54
1756352660258 0.15578804683426153 55
1756352660542 0.15190122373726056 56
1756352660828 0.1713802195761515 57
1756352661115 0.1448129789660806 58
1756352661402 0.11853598382162012 59
1756352661688 0.11365562418232793 60
1756352662167 0.1141664317768553 61
1756352662451 0.12493016700381818 62
1756352662736 0.11527883666365044 63
1756352663020 0.10537958015566287 64
1756352663304 0.11240303224843481 65
1756352663589 0.09306733132056567 66
1756352663873 0.11397461107243663 67
1756352664157 0.14440087617739386 68
1756352664460 0.11424662043219028 69
1756352664745 0.10166337794583777 70
1756352665223 0.12197538027944772 71
1756352665511 0.1094027100049931 72
1756352665801 0.09298746692745583 73
1756352666089 0.09585738182067871 74
1756352666376 0.11503194596456445 75
1756352666663 0.1317330469255862 76
1756352929008 1.620322875354601 1
1756352929310 2.09111996318983 2
1756352929609 1.2345116345778755 3
1756352929908 1.1556894079498623 4
1756352930451 1.0596841729205588 5
1756352930750 0.8354897252891375 6
1756352931050 0.6647852944291156 7
1756352931351 0.5375277646209883 8
1756352931651 0.5576666463976321 9
1756352931951 0.4836057981719141 10
1756352932412 0.4740331574626591 11
1756352932712 0.41126242668732355 12
1756352933013 0.38564010936280957 13
1756352933313 0.3972781585610431 14
1756352933615 0.39590416654296545 15
1756352934077 0.34511473515759344 16
1756352934377 0.3348083502572516 17
1756352934675 0.4408476190722507 18
1756352934978 0.5887995491857114 19
1756352935279 0.42853564801423444 20
1756352935581 0.399068441727887 21
1756352935881 0.36267418900261755 22
1756352936180 0.3687185308207636 23
1756352936479 0.3411617745523867 24
1756352936779 0.2847045193547788 25
1756352937079 0.4225119352340698 26
1756352937379 0.27434428424938867 27
1756352937679 0.27099469368872436 28
1756352938158 0.23523407980151798 29
1756352938458 0.22589548256086267 30
1756352938757 0.2807885868393857 31
1756352939057 0.2958471839842589 32
1756352939354 0.28128751982813294 33
1756352939655 0.31917085984478827 34
1756352940131 0.2536428389341935 35
1756352940431 0.19151112502035889 36
1756352940730 0.20503157506818356 37
1756352941030 0.2205903692089993 38
1756352941330 0.19428371476090472 39
1756352941630 0.18482407700756323 40
1756352941930 0.2508684924763182 41
1756352942230 0.4127525499333506 42
1756352942530 0.2638959580141565 43
1756352942829 0.25798624753952026 44
1756352943128 0.23695525591788086 45
1756352943604 0.2740307268889054 46
1756352943904 0.22234143122382785 47
1756352944206 0.19512934140537097 48
1756352944506 0.17394736506368802 49
1756352944807 0.175955967410751 50
1756352945282 0.1696266013643016 51
1756352945583 0.1748563465864762 52
1756352945882 0.16684548103291055 53
1756352946182 0.20660529318063156 54
1756352946484 0.1768166503828505 55
1756352946784 0.15317467567713364 56
1756352947086 0.13896970904391745 57
1756352947385 0.1324255654345388 58
1756352947684 0.16964624530595282 59
1756352947984 0.1488742956324764 60
1756352948284 0.13785097229739893 61
1756352948760 0.14225372088992078 62
1756352949061 0.12312675656183907 63
1756352949362 0.1385563760995865 64
1756352949663 0.1237912208813688 65
1756352949964 0.10682020336389542 66
1756352950437 0.10586693056899568 67
1756352950738 0.09837988699259965 68
1756352951040 0.09747805268220279 69
1756352951340 0.11923521319809167 70
1756352951641 0.1174631488064061 71
1756352951942 0.09803804739013962 72
1756352952243 0.10199792083838712 73
1756352952544 0.11092673468848933 74
1756352952844 0.09065307223278543 75
1756352953144 0.10728406258251356 76
1756352953617 0.10674615657847861 77
1756352953919 0.08943154241727747 78
1756352954220 0.08179693895837535 79
1756352954521 0.07844196972639664 80
1756352954822 0.08354318433481714 81
1756352955123 0.08831072128985239 82
1756352955596 0.0783989635174689 83
1756352955896 0.06960884530259215 84
1756352956196 0.08840085306893224 85
1756352956496 0.09653556168727252 86
1756352956798 0.07635200428573982 87
1756352957100 0.08107678235872932 88
1756352957400 0.07375939287569212 89
1756352957699 0.08208674581154533 90
1756352958000 0.06579483705370323 91
1756352958300 0.07685008207740991 92
1756352958600 0.07368002653769824 93
1756352958903 0.0798419799817645 94
1756352959204 0.06819429086602252 95
1756352959699 0.07056838549349619 96
1756352960001 0.05869197877852813 97
1756352960300 0.057114676450905594 98
1756352960601 0.06183405819794406 99
1756352960903 0.06728633460791214 100
1756352961204 0.07635074448974236 101
1756353174794 1.73003409738126 1
1756353175109 1.6384792405626047 2
1756353175421 1.4366693989090298 3
1756353175732 1.0888461211453313 4
1756353176046 0.9398316766904748 5
1756353176605 0.7547536816286005 6
1756353176917 0.7283938306829204 7
1756353177229 0.6311956708845885 8
1756353177541 0.5385169322076051 9
1756353177854 0.5779887243457462 10
1756353178167 0.5482467801674552 11
1756353178480 0.44149668838666833 12
1756353178950 0.3710831669361695 13
1756353179263 0.3998047398484271 14
1756353179576 0.35154180682223773 15
1756353179888 0.41457292696704034 16
1756353180203 0.3619739063408064 17
1756353180516 0.35485340849212976 18
1756353180831 0.42577516708685004 19
1756353181330 0.36618424563304236 20
1756353181643 0.34373435183711676 21
1756353181957 0.3021767249573832 22
1756353182270 0.3088250477676806 23
1756353182584 0.35713379020276276 24
1756353182896 0.32365887190984644 25
1756353183210 0.32078867761985114 26
1756353183701 0.2721655161484428 27
1756353184014 0.25785550410332886 28
1756353184327 0.2610342211049536 29
1756353184641 0.2611777769482654 30
1756353184953 0.28018437844255695 31
1756353185269 0.22719553307346677 32
1756353185581 0.21006213711655658 33
1756353186067 0.22472936498082202 34
1756353186380 0.26009848778662475 35
1756353186693 0.21503522765377295 36
1756353187006 0.20801711859910385 37
1756353187319 0.20492527374754782 38
1756353187631 0.179999693904234 39
1756353187943 0.1836002695819606 40
1756353188426 0.24832397990900537 41
1756353188740 0.20240649127441904 42
1756353189055 0.18365767986878104 43
1756353189368 0.3280055237853009 44
1756353189683 0.26102948577507684 45
1756353189996 0.20376989763715994 46
1756353190479 0.20128014942874078 47
1756353190793 0.17003681283930075 48
1756353191109 0.16363301273921263 49
1756353191421 0.1586774875936301 50
1756353191734 0.19081622491712155 51
1756353192046 0.17523185649643774 52
1756353192361 0.15310803800821304 53
1756353192840 0.13817879039308298 54
1756353193152 0.18543726238219635 55
1756353193466 0.15955101180335748 56
1756353193780 0.14442836720010507 57
1756353194094 0.22462451619946439 58
1756353194408 0.15877326772264813 59
1756353194720 0.1331424453984136 60
1756353195204 0.11613830600095831 61
1756353195519 0.11884432545174724 62
1756353195833 0.14758315941561823 63
1756353196145 0.13154635837544565 64
1756353196461 0.11132822704056035 65
1756353196774 0.11133926685737527 66
1756353197088 0.12369960773250331 67
1756353197567 0.10870068779458171 68
1756353197879 0.09264982799473016 69
1756353198192 0.09253216065142465 70
1756353198507 0.10192779888925345 71
1756353198822 0.09612742212155591 72
1756353199135 0.08745918277165164 73
1756353199447 0.10269768536090851 74
1756353199923 0.08570681350386661 75
1756353200237 0.08152150443714598 76
1756353465537 2.048028888909713 1
1756353466123 1.611253629560056 2
1756353466457 1.3186357902443928 3
1756353466788 0.903897788213647 4
1756353467119 0.8027495301288107 5
1756353467449 0.912360896234927 6
1756353467780 0.7412354285302369 7
1756353468279 0.6084053231322247 8
1756353468610 0.6015365007130996 9
1756353468940 0.4432643690834875 10
1756353469292 0.4559736783089845 11
1756353469623 0.5191542830156244 12
1756353470136 0.42175105343694275 13
1756353470465 0.4302767942781034 14
1756353470794 0.4098422021969505 15
1756353471123 0.3672296968491181 16
1756353471453 0.3602156094882799 17
1756353471962 0.43129637837409973 18
1756353472291 0.48948468267917633 19
1756353472619 0.49402138461237366 20
1756353472948 0.3997175512106522 21
1756353473276 0.39723863290703815 22
1756353473779 0.3063429030387298 23
1756353474107 0.2831721720488175 24
1756353474437 0.2686421152042306 25
1756353474765 0.24762418023917987 26
1756353475093 0.3263902690099633 27
1756353475423 0.35559364699799084 28
1756353475930 0.2670950811842214 29
1756353476259 0.27112239145714306 30
1756353476588 0.22818734140499777 31
1756353476918 0.20358628358529962 32
1756353477249 0.21376823925453683 33
1756353477753 0.23464095138985178 34
1756353478084 0.2139979254292405 35
1756353478411 0.2740205208892408 36
1756353478740 0.2692539938118147 37
1756353479067 0.21822266734164694 38
1756353479572 0.18009447533151376 39
1756353479902 0.20248389503230219 40
1756353480232 0.1917331082665402 41
1756353480561 0.2121848658375118 42
1756353480891 0.22034934422244196 43
1756353481399 0.21629057824611664 44
1756353481729 0.18041483895934146 45
1756353482059 0.2254235657012981 46
1756353482389 0.19644707700480585 47
1756353482718 0.1675439052607702 48
1756353483047 0.18317832085101501 49
1756353483551 0.17813431763130685 50
1756353483880 0.18703501898309458 51
1756353484210 0.17807152964498685 52
1756353484539 0.17544871244741522 53
1756353484869 0.1854163064904835 54
1756353485373 0.1606739694657533 55
1756353485703 0.15485154157099518 56
1756353486034 0.14086101171763046 57
1756353778307 2.1487932438435764 1
1756353778653 1.1941302522369053 2
1756353779260 1.0550732301629109 3
1756353779602 1.1245639712914177 4
1756353779946 0.9499028247335682 5
1756353780292 0.7751239291999651 6
1756353780636 0.8482304228388745 7
1756353781144 0.8559834024180537 8
1756353781488 0.6538615239703137 9
1756353781831 0.5822942179182301 10
1756353782173 0.5228175909622855 11
1756353782514 0.5191469283207603 12
1756353783027 0.450493565072184 13
1756353783372 0.4242729706608731 14
1756353783717 0.41264856444752734 15
1756353784060 0.39032440859338513 16
1756353784403 0.4227189790943395 17
1756353784747 0.4567500132581462 18
1756353785255 0.5851478771023129 19
1756353785600 0.4382853579262029 20
1756353785945 0.4890021046866541 21
1756353786289 0.44449839902960736 22
1756353786634 0.35534282352613367 23
1756353787141 0.3088076134090838 24
1756353787487 0.32667379081249237 25
1756353787832 0.27453385228696076 26
1756353788176 0.27070874234904413 27
1756353788520 0.3789567409650139 28
1756353789030 0.39951383743597113 29
1756353789376 0.43248261316962866 30
1756353789719 0.46993692024894385 31
1756353790062 0.3532118512236554 32
1756353790406 0.33961071981036145 33
1756353790912 0.29809047476105066 34
1756353791256 0.25172440189382306 35
1756353791602 0.2837323552888373 36
1756353791946 0.24097368898599045 37
1756353792290 0.2535707827495492 38
1756353792796 0.2593157968443373 39
1756353793140 0.21559261627819226 40
1756353793486 0.2305002782655799 41
1756353793831 0.20759302053762518 42
1756353794176 0.2006169978691184 43
1756353794520 0.20781932058541672 44
1756353795024 0.1813147080981213 45
1756353795369 0.18374853937522226 46
1756353795712 0.17406553807465927 47
1756353796058 0.18708468001821768 48
1756353796404 0.19475872458323187 49
1756353796911 0.2215422327103822 50
1756353797257 0.18988698073055432 51
1756353797603 0.1923474811989328 52
1756353797947 0.14795343059560526 53
1756353798295 0.2088162481136944 54
1756353798803 0.21072559836118118 55
1756353799149 0.17405452352503073 56
1756353799496 0.22191579769486966 57
1756353799841 0.18300558788620908 58
1756353800186 0.16751742006643958 59
1756353800532 0.16844739926897961 60
1756353801038 0.1436087608985279 61
1756353801383 0.13989880130342816 62
1756353801728 0.16149071992739386 63
1756353802073 0.16234292089939117 64
1756353802419 0.14994619624770206 65
1756353802924 0.1374980645335239 66
1756353803270 0.14073714905458948 67
1756353803616 0.15785545110702515 68
1756353803961 0.1215336834606917 69
1756353804306 0.12457110311674036 70
1756353804653 0.13717605594707571 71
1756353805158 0.1196254278006761 72
1756353805502 0.11507606441559999 73
1756353805847 0.10618559044340382 74
1756353806192 0.111947825745396 75
1756353806539 0.1446082151454428 76
1756353807339 0.1211318516212961 77
1756353807690 0.12570869598699652 78
1756354099172 2.7573093590529067 1
1756354099783 2.4050762757011084 2
1756354100142 1.320148027461508 3
1756354100502 1.1125791228335837 4
1756354100861 0.8396999835968018 5
1756354101219 0.6721540430317754 6
1756354101739 0.5924138932124429 7
1756354102098 0.6200642935607744 8
1756354102455 0.48720399841018347 9
1756354102814 0.5509672022384146 10
1756354103174 0.5428625137909598 11
1756354103690 0.4228531951489656 12
1756354104051 0.46559052234110626 13
1756354104408 0.3858610002890877 14
1756354104765 0.3702097120492355 15
1756354105121 0.3098234644402628 16
1756354105637 0.311404213309288 17
1756354105995 0.3529050544552181 18
1756354106353 0.43554549372714496 19
1756354106712 0.3361758855373963 20
1756354107069 0.3828494885693426 21
1756354107589 0.3371880896713423 22
1756354107950 0.2729354481334272 23
1756354108309 0.3237352824729422 24
1756354108669 0.24655369507229846 25
1756354109029 0.2496023936116177 26
1756354109555 0.20843161739732907 27
1756354109914 0.23532080261603647 28
1756354110274 0.25026381534078845 29
1756354110635 0.27584623642589734 30
1756354110995 0.2917981717897498 31
1756354111515 0.22244008922058603 32
1756354111878 0.2541890306317288 33
1756354112239 0.22200299929017606 34
1756354112598 0.21581180037363715 35
1756354112959 0.1922896941718848 36
1756354113504 0.18490255721237348 37
1756354113866 0.15710448182147482 38
1756354114228 0.1758546654296958 39
1756354114588 0.161005316545134 40
1756354114948 0.1572991418449775 41
1756354115503 0.17612330712701962 42
1756354115865 0.18568720506585162 43
1756354116224 0.18326497952575269 44
1756354116584 0.16952909593996796 45
1756354116945 0.1693953301595605 46
1756354117486 0.22089249349158743 47
1756354117845 0.14477450756923013 48
1756354118205 0.13897328742820284 49
1756354118566 0.11431510390146919 50
1756354118925 0.12085498027179552 51
1756354119484 0.13022538728040198 52
1756354119845 0.10230253507261691 53
1756354120206 0.12024914003584695 54
1756354120567 0.13266859349349272 55
1756354120928 0.12828866198011066 56
1756354121471 0.12438164521818576 57
1756354121832 0.11206381670806718 58
1756354122193 0.09918357610054639 59
1756354122556 0.09743089601397514 60
1756354122916 0.09085555147865544 61
1756354123453 0.10053094832793526 62
1756354123816 0.1286813820833745 63
1756354124176 0.13038277885188226 64
1756354124535 0.13284034703088843 65
1756354124893 0.11160392686724663 66
1756354125427 0.1466100543089535 67
1756354125786 0.0996734315286512 68
1756354126145 0.09056737630263618 69
1756354126506 0.07801961056564165 70
1756354126868 0.09602951436587003 71
1756354127403 0.09591577137294023 72
1756354127763 0.09305917941357779 73
1756354128121 0.0801219974199067 74
1756354128481 0.08263672855885132 75
1756354128843 0.08218417899764102 76
1756354129375 0.08366522565484047 77
1756354129735 0.08255378416051036 78
1756354130095 0.07330835173311441 79
1756354130457 0.08165762654465178 80
1756354130818 0.08093728999728741 81
1756354131349 0.0813345672643703 82
1756354131710 0.07337185481320256 83
1756354132069 0.07698019820710887 84
1756354132428 0.056140895447005394 85
1756354132788 0.06088023746143217 86
1756354133150 0.06618934853569321 87
1756354133681 0.0678921957378802 88
1756354134041 0.060246130775498306 89
1756354134403 0.06676073793483817 90
1756354134763 0.057531970512607826 91
1756354135124 0.05971237595962441 92
1756354135656 0.05995454477227252 93
1756354136018 0.05608245276886484 94
1756354136379 0.06778007810530455 95
1756354136744 0.06262776830598064 96
1756354137109 0.054774710503609284 97
1756354137674 0.06365731974010883 98
1756354138035 0.05223814560019452 99
1756354138397 0.05016708325432694 100
1756354138759 0.05550065077841282 101
1756354139121 0.06289278262335321 102
1756354139673 0.05452435868589774 103
1756354140035 0.0444769031651642 104
1756354140397 0.0522120633850927 105
1756354140760 0.05742035644209903 106
1756354141124 0.05261503216689047 107
1756354383737 1.4050007281096086 1
1756354384364 1.1613930878431902 2
1756354384738 1.1522317243658977 3
1756354385112 1.1280766233153965 4
1756354385486 0.9065335211546525 5
1756354386022 0.8144653841205265 6
1756354386397 0.8665571756984877 7
1756354386769 0.568684010402016 8
1756354387141 0.6234247930671858 9
1756354387677 0.5906138808830924 10
1756354388050 0.6443600913752681 11
1756354388422 0.5834076456401659 12
1756354388794 0.46869087607964227 13
1756354389328 0.5015385150909424 14
1756354389699 0.4876106277756069 15
1756354390074 0.4436859851298125 16
1756354390455 0.39748332941013836 17
1756354390986 0.34498958678349206 18
1756354391366 0.3701992637437323 19
1756354391743 0.39665204675301263 20
1756354392116 0.3309509929107583 21
1756354392653 0.3479817218106726 22
1756354393027 0.2970107262549193 23
1756354393401 0.3858370508836663 24
1756354393774 0.32116445963797363 25
1756354394146 0.2588717412689458 26
1756354394681 0.24858686068783636 27
1756354395057 0.24797280262345853 28
1756354395431 0.234208094684974 29
1756354395805 0.23216249631798785 30
1756354396336 0.2844837742007297 31
1756354396711 0.2505257745151934 32
1756354397085 0.24352682155111563 33
1756354397459 0.21293095855609231 34
1756354397992 0.23284499152846957 35
1756354398368 0.19570099206074423 36
1756354398743 0.19734900541927503 37
1756354399115 0.18071945238372553 38
1756354399648 0.17762831792883252 39
1756354400023 0.22704098794771277 40
1756354400399 0.2447451502084732 41
1756354400773 0.19551292385744012 42
1756354401306 0.22193838008072064 43
1756354401683 0.20385106167067651 44
1756354402061 0.1842631872581399 45
1756354402436 0.15287423231031583 46
1756354402971 0.14731054364339166 47
1756354403345 0.14330037229734918 48
1756354403719 0.17787296162999194 49
1756354404092 0.17648120062506717 50
1756354404628 0.16770720643841702 51
1756354405003 0.1530776817513549 52
1756354405378 0.15123252732598264 53
1756354405752 0.13562429761109146 54
1756354406288 0.11711682282064272 55
1756354406664 0.1406281023569729 56
1756354407039 0.14424337219932806 57
1756354407415 0.14412087623191916 58
1756354407951 0.13179901307043823 59
1756354408327 0.13377296373895978 60
1756354408701 0.1578225182450336 61
1756354409076 0.14159590718538864 62
1756354620852 1.6810213690218718 1
1756354621506 1.5234764373820762 2
1756354621895 1.3864589877750562 3
1756354622284 1.3946681385454924 4
1756354622675 0.9949670667233674 5
1756354623240 0.9744021115095719 6
1756354623633 0.7046355034994043 7
1756354624023 0.5685285576011824 8
1756354624412 0.6460860786230668 9
1756354624964 0.5253017577140228 10
1756354625353 0.446604469548101 11
1756354625745 0.524813149286353 12
1756354626137 0.4746317785719167 13
1756354626527 0.3891265353430872 14
1756354627084 0.3286902651838634 15
1756354627474 0.47868351703104767 16
1756354627867 0.45731228590011597 17
1756354628257 0.3901558622069981 18
1756354628814 0.2902450749407644 19
1756354629203 0.2933285165092219 20
1756354629601 0.3611353804235873 21
1756354629994 0.3428889273301415 22
1756354630553 0.31188078419021936 23
1756354630943 0.336734929162523 24
1756354631335 0.281050162470859 25
1756354631729 0.26663724171078723 26
1756354632287 0.2653157665677693 27
1756354632678 0.24920622291772263 28
1756354633069 0.2639221361149912 29
1756354633459 0.27771711155124335 30
1756354634010 0.29052561003228894 31
1756354634400 0.3675339163645454 32
1756354634790 0.30320603951163916 33
1756354635177 0.27153568682463275 34
1756354635730 0.2896302808885989 35
1756354636121 0.2621168500703314 36
1756354636511 0.27292963149754895 37
1756354636902 0.22729136697624042 38
1756354637452 0.23081218613230664 39
1756354637842 0.2447792745154837 40
1756354638232 0.20607194110103275 41
1756354638621 0.20128750639117282 42
1756354639169 0.15014345717170965 43
1756354639558 0.17873442367367123 44
1756354639948 0.166959914824237 45
1756354640338 0.19708857490964557 46
1756354640887 0.17925629797189133 47
1756354641278 0.14876267767470816 48
1756354641667 0.15228295261445252 49
1756354642057 0.1400635838508606 50
1756354642446 0.15112817578989526 51
1756354642995 0.15034891891738641 52
1756354643386 0.13105451995911804 53
1756354643776 0.13218054175376892 54
1756354644326 0.12023815123931221 55
1756354644717 0.12378872477489969 56
1756354645105 0.1451552451952644 57
1756354645495 0.12176473957041035 58
1756354645886 0.15019461642140927 59
1756354646432 0.12347344211910082 60
1756354646822 0.13455362002486768 61
1756354647212 0.11473844945430756 62
1756354647601 0.12685937985129978 63
1756354648149 0.10807662845953651 64
1756354648539 0.1156958655818649 65
1756354648928 0.10975318078113638 66
1756354649317 0.10782141465207805 67
1756354649867 0.11608304326301036 68
1756354650259 0.10953933227321376 69
1756354650652 0.11441555343892264 70
1756354651202 0.09976014203351477 71
1756354651592 0.11263707377340483 72
1756354651982 0.1084876449211784 73
1756354652377 0.11481575586873552 74
1756354652770 0.12397768672393716 75
1756354653320 0.10770079088599785 76
1756354653710 0.10347001870041309 77
1756354654100 0.13559273824743603 78
1756354654491 0.10061295832628789 79
1756354655045 0.09769933735546858 80
1756354655437 0.09225143492221832 81
1756354655826 0.08670933074925256 82
1756355024676 2.054393408091172 1
1756355025085 2.082766424054685 2
1756355025487 1.6007233624872954 3
1756355025889 1.0215795791667441 4
1756355026289 0.921111550020135 5
1756355026956 0.6623468230599943 6
1756355027360 0.6202145361382029 7
1756355027763 0.6907382762950399 8
1756355028164 0.6230788943560227 9
1756355028744 0.4673606494198675 10
1756355029147 0.47735700529554614 11
1756355029552 0.47701482669166895 12
1756355029953 0.4827285849529764 13
1756355030523 0.47415854231170984 14
1756355030924 0.48952168226242065 15
1756355031326 0.4268088120481242 16
1756355031728 0.38709473674711975 17
1756355032298 0.450152193074641 18
1756355032698 0.3925724923610687 19
1756355033100 0.4046728144521299 20
1756355033500 0.4283347907273666 21
1756355034065 0.4266313366267992 22
1756355034468 0.30514161677464197 23
1756355034868 0.35058622126993927 24
1756355035269 0.3518588231957477 25
1756355035838 0.2790027636548747 26
1756355036241 0.285878730856854 27
1756355036644 0.30941673594972363 28
1756355037047 0.2693870832090792 29
1756355037449 0.23422718436821646 30
1756355038017 0.2443159770058549 31
1756355038422 0.2616196300672448 32
1756355038827 0.30653690903083136 33
1756355039395 0.24631569113420404 34
1756355039799 0.26758951726167096 35
1756355040202 0.23813737540141397 36
1756355040605 0.21921732114708942 37
1756355041007 0.2398125270138616 38
1756355041574 0.22389705349569736 39
1756355041980 0.19556468142115552 40
1756355042384 0.22976524123679037 41
1756355042792 0.21584010318569516 42
1756355043363 0.2005690631011258 43
1756355043770 0.17776216728531796 44
1756355044175 0.19819485363752945 45
1756355044580 0.24178904942844226 46
1756355045175 0.19941700282304184 47
1756355045582 0.200401002622169 48
1756355045987 0.16557839188886725 49
1756355046585 0.20325143440910007 50
1756355046989 0.18052339683408322 51
1756355047395 0.16658594556476758 52
1756355047801 0.1445317906530007 53
1756355048206 0.14507084696189218 54
1756355048796 0.13146108907202017 55
1756355049201 0.13930881412132926 56
1756355049607 0.16726812040028366 57
1756355050014 0.18048707395792007 58
1756355050594 0.1876772671290066 59
1756355050999 0.14796345842921216 60
1756355051402 0.1470091550246529 61
1756355051809 0.15013465900783954 62
1756355052389 0.140396265555983 63
1756355052792 0.1556964294741983 64
1756355291390 1.6128732743470564 1
1756355291808 1.5915041125339011 2
1756355292222 1.739464635434358 3
1756355292649 1.067415978597558 4
1756355293326 0.8402771625829779 5
1756355293739 0.7621945959070454 6
1756355294151 0.6417322651199673 7
1756355294563 0.5766999889975009 8
1756355295142 0.6085144125896952 9
1756355295562 0.6249918769235197 10
1756355295976 0.45747700463170593 11
1756355296389 0.45568122552788776 12
1756355296969 0.42572207943252893 13
1756355297385 0.4005086415487787 14
1756355297798 0.4629622892193172 15
1756355298216 0.44882465251114056 16
1756355298811 0.3947972797829172 17
1756355299225 0.3314241190319476 18
1756355299638 0.3811738555846007 19
1756355300051 0.3380522689093714 20
1756355300641 0.31144980373589887 21
1756355301055 0.3230760278909103 22
1756355301468 0.31934147425319837 23
1756355301881 0.2742519981187323 24
1756355302466 0.2665994718022969 25
1756355302880 0.23138216202673706 26
1756355303294 0.30712337921495025 27
1756355303707 0.2598905433779177 28
1756355304291 0.223524597675904 29
1756355304706 0.22067024655964063 30
1756355305118 0.20702728758687558 31
1756355305533 0.20743452822384628 32
1756355305948 0.20245410793501398 33
1756355306535 0.1958078000208606 34
1756355306949 0.22836469826490982 35
1756355307365 0.21097536320271698 36
1756355307779 0.18068353540223578 37
1756355308193 0.28203370033398917 38
1756355308780 0.1952046486346618 39
1756355309197 0.27570710752321326 40
1756355309613 0.2571590141109798 41
1756355310032 0.1937969929498175 42
1756355310635 0.18784898940635764 43
1756355311052 0.16523155472848727 44
1756355311468 0.17984617825435556 45
1756355311883 0.1832108763249024 46
1756355312470 0.19260628910168356 47
1756355312886 0.16796683714441632 48
1756355313301 0.1478732195885285 49
1756355313891 0.16621074760737625 50
1756355314305 0.15679229601569797 51
1756355314729 0.1485850357491037 52
1756355315143 0.17294894353203152 53
1756355315737 0.15790745680746826 54
1756355316151 0.17587392680023028 55
1756355316569 0.19563924164875693 56
1756355316982 0.1804850694278012 57
1756355317584 0.13419630410878555 58
1756355318000 0.14496632471032764 59
1756355318418 0.11525815466175908 60
1756355319018 0.12701061141231787 61
1756355319438 0.1497737321516742 62
1756355598557 1.7793930509816045 1
1756355599260 1.430115634980409 2
1756355599690 1.0890873541002688 3
1756355600119 1.2360588001168293 4
1756355600548 0.970035169435584 5
1756355601158 0.702475571114084 6
1756355601585 0.8424750903378362 7
1756355602012 0.8639390105786531 8
1756355602612 0.5704131268936655 9
1756355603041 0.5434987493183302 10
1756355603467 0.42696498658346094 11
1756355603896 0.533954460983691 12
1756355604498 0.41935981615729956 13
1756355604925 0.3999729091706483 14
1756355605352 0.3726292330285777 15
1756355605954 0.4075085909470268 16
1756355606381 0.3845570683479309 17
1756355606809 0.34212829690912494 18
1756355607236 0.30429755863936053 19
1756355607832 0.2702764771554781 20
1756355608261 0.27198269768901495 21
1756355608689 0.2494305618431257 22
1756355609279 0.25361776222353394 23
1756355609705 0.29662900256073993 24
1756355610132 0.264771880015083 25
1756355610560 0.2540754980367163 26
1756355611154 0.2646407193463782 27
1756355611586 0.2228881133639294 28
1756355612014 0.27811285399872326 29
1756355612612 0.2906925231218338 30
1756355613041 0.2447392772073331 31
1756355613467 0.21567708253860474 32
1756355613894 0.25477294688639435 33
1756355614486 0.20965818931227145 34
1756355614914 0.18212660110515097 35
1756355615340 0.22537686319454855 36
1756355615926 0.18933547903662143 37
1756355616354 0.18954047301541205 38
1756355616779 0.16529790474020917 39
1756355617369 0.1626885773047157 40
1756355617797 0.18763063459292703 41
1756355618226 0.17922132008749506 42
1756355618654 0.20689625325410263 43
1756355619239 0.2363973143308059 44
1756355619665 0.2079470581982447 45
1756355620095 0.20935701092948084 46
1756355620679 0.1682102359507395 47
1756355621106 0.1586468394683755 48
1756355621534 0.17734307083098785 49
1756355621962 0.1515507332008818 50
1756355622558 0.146698413659697 51
1756355622987 0.1299163339578587 52
1756355623416 0.12012139902166698 53
1756355624009 0.1243853782830031 54
1756355624437 0.15237967022087262 55
1756355624867 0.1378952012113903 56
1756355625292 0.11875032568755357 57
1756355625881 0.14330040145179498 58
1756355626312 0.13899203972971957 59
1756355626741 0.10532681320024573 60
1756355627327 0.11635978811460992 61
1756355627757 0.1103435583088709 62
1756355628186 0.12362335168797037 63
1756355628614 0.14693419959234155 64
1756355629203 0.10387808376032373 65
1756355629632 0.09312786453444025 66
1756355630059 0.11175778961699942 67
1756355630646 0.12113926689261975 68
1756355631079 0.10022392626041951 69
1756355631509 0.08448380474811015 70
1756355631936 0.08680814763774043 71
1756355632525 0.11474263473697331 72
1756355632960 0.1220637634396553 73
1756355633389 0.09313313047523084 74
1756355633986 0.07890980512551639 75
1756355634418 0.08611540917469107 76
1756355634847 0.07744950736346452 77
1756355635437 0.08837105900697086 78
1756355635868 0.09272504614099213 79
1756355636299 0.07807513034862021 80
1756355636727 0.08140653145054112 81
1756355637319 0.08069992211201917 82
1756355637749 0.08181239243434824 83
1756355638178 0.06820657055663026 84
1756355638789 0.08521818952715915 85
1756355639219 0.08336017491376918 86
1756355639647 0.07467041958285414 87
1756355640078 0.06495248412956363 88
1756355640679 0.06612847664433977 89
1756355641109 0.06810008232360301 90
1756355641539 0.06559460998877235 91
1756355642136 0.07310306361835936 92
1756355642565 0.0665796021728412 93
1756355642993 0.06586993088864762 94
1756355863367 1.8923626619836558 1
1756355863809 1.678497050119483 2
1756355864247 1.2322418508322344 3
1756355864952 0.9364179217297098 4
1756355865393 0.878442724113879 5
1756355865836 0.6867921779985013 6
1756355866456 0.6902963376563528 7
1756355866896 0.6325971691504769 8
1756355867513 0.6300776497177456 9
1756355867955 0.4774505923623624 10
1756355868397 0.3932928889989853 11
1756355869013 0.5620327721471372 12
1756355869453 0.49222739235214563 13
1756355869892 0.489610409607058 14
1756355870511 0.360139452892801 15
1756355870952 0.33722697846267535 16
1756355871391 0.354386431367501 17
1756355872008 0.27178121844063635 18
1756355872447 0.306586478067481 19
1756355872889 0.2594283488781556 20
1756355873508 0.22957806742709616 21
1756355873955 0.2422909043405367 22
1756355874396 0.3107081645208856 23
1756355875026 0.2330237037461737 24
1756355875466 0.24848270416259766 25
1756355875903 0.22511928042639856 26
1756355876533 0.2476686284593914 27
1756355876974 0.24215666690598364 28
1756355877414 0.21138731487419293 29
1756355878034 0.2099008910034014 30
1756355878474 0.22901912422283835 31
1756355878914 0.22808240418848785 32
1756355879534 0.18668828127176865 33
1756355879975 0.17870838745780612 34
1756355880600 0.17371969670057297 35
1756355881039 0.1551487986808238 36
1756355881479 0.16912529196428217 37
1756355882102 0.16794804872378058 38
1756355882543 0.16943116194528082 39
1756355882983 0.14570756904456927 40
1756355883601 0.1724063682815303 41
1756355884041 0.13919251638910043 42
1756355884482 0.18865807645994684 43
1756355885100 0.18404255483461462 44
1756355885541 0.1657267818632333 45
1756355885982 0.14312662475782892 46
1756355886589 0.12682964749958203 47
1756355887036 0.12836477678755057 48
1756355887478 0.15635905317638232 49
1756355888105 0.11333500885445139 50
1756355888550 0.1144720698180406 51
1756355888992 0.12547656278247418 52
1756355889614 0.11615001475033553 53
1756355890056 0.1481451343583024 54
1756355890500 0.11794050264617671 55
1756355891119 0.12933414137881735 56
1756355891561 0.1426866916210755 57
1756355892177 0.16381945623003918 58
1756355892619 0.12629123291243677 59
1756355893062 0.1038479847104653 60
1756355893675 0.08971257864133171 61
1756355894120 0.10242681739770848 62
1756355894563 0.09950379816734273 63
1756355895184 0.1288314111854719 64
1756355895624 0.10897344869116078 65
1756355896065 0.15639327401700226 66
1756355896688 0.11889414942782858 67
1756355897130 0.09767834874598877 68
1756355897569 0.08098754011418509 69
1756355898185 0.08775123921425446 70
1756355898626 0.08277709976486537 71
1756355899067 0.08444487514055293 72
1756355899678 0.07671941897791365 73
1756355900122 0.08075123588028162 74
1756355900567 0.08118021439598955 75
1756355901187 0.07590390515068303 76
1756355901629 0.07656722402443057 77
1756355902072 0.08679442933720091 78
1756355902682 0.08592975593131522 79
1756355903125 0.07411899417638779 80
1756355903733 0.08194585565639578 81
1756355904175 0.07144764373483865 82
1756355904616 0.07820749509593715 83
1756355905222 0.09592938487944395 84
1756355905665 0.08839624067363532 85
1756355906106 0.06075282475870589 86
1756355906709 0.06356110099865042 87
1756355907149 0.05929283230848934 88
1756355907588 0.06634898370374805 89
1756355908189 0.05461568895565427 90
1756355908628 0.058132189609434295 91
1756355909069 0.06481832711269027 92
1756355909668 0.07296543309222096 93
1756356205719 1.7454986416775247 1
1756356206172 1.5119229995686074 2
1756356206884 1.2913921760476155 3
1756356207336 1.2344149947166443 4
1756356207788 0.825363260248433 5
1756356208416 0.7383746802806854 6
1756356208869 0.6454334051712699 7
1756356209322 0.5704999034819396 8
1756356209975 0.5834064548430236 9
1756356210427 0.5068161358004031 10
1756356210882 0.4954431847385738 11
1756356211517 0.40390614776507666 12
1756356211973 0.416157647319462 13
1756356212618 0.43542739165865857 14
1756356213074 0.5152972211008486 15
1756356213528 0.3823438416356626 16
1756356214198 0.3373334051474281 17
1756356214652 0.3309093448130981 18
1756356215105 0.3216959004816802 19
1756356215743 0.2899156186891639 20
1756356216196 0.2791201533830684 21
1756356216651 0.25056287257567694 22
1756356217298 0.2585990662160127 23
1756356217758 0.25737025167631067 24
1756356218215 0.24556329068930252 25
1756356218869 0.20177360105773676 26
1756356219322 0.1839150281056114 27
1756356219778 0.17634071571671445 28
1756356220422 0.1782761442920436 29
1756356220876 0.17194273031276205 30
1756356221538 0.1798296651762465 31
1756356221994 0.23294018565312677 32
1756356222448 0.17596570920685065 33
1756356223102 0.25553697995517566 34
1756356223555 0.26964291087959125 35
1756356224006 0.2038914502962776 36
1756356224658 0.1801793163885241 37
1756356225110 0.16209383082130682 38
1756356225567 0.17764108012551846 39
1756356226211 0.1855309200675591 40
1756356226668 0.16288045988134717 41
1756356227125 0.17579379872135495 42
1756356227785 0.17519158124923706 43
1756356228242 0.14805207336726395 44
1756356228912 0.15587227046489716 45
1756356229367 0.13961693838886594 46
1756356229821 0.14642815194700076 47
1756356230275 0.15741005021592844 48
1756356230915 0.12909395182910172 49
1756356231369 0.14983254800672116 50
1756356231997 0.19822340296662372 51
1756356232452 0.16210003164799316 52
1756356232906 0.12094122365764949 53
1756356233562 0.14968030511037164 54
1756356234016 0.11832379517347916 55
1756356234468 0.12101618654054144 56
1756356235108 0.09799503567426102 57
1756356235562 0.12425498470016148 58
1756356236012 0.124849624607874 59
1756356236648 0.13951359980780145 60
1756356237104 0.1067661503734796 61
1756356237559 0.09584878951958987 62
1756356238193 0.10053436150369437 63
1756356238650 0.09117987104084181 64
1756356239104 0.09719683391892392 65
1756356239732 0.10089134003805078 66
1756356240186 0.12092274848533713 67
1756356240817 0.09417909286592317 68
1756356241272 0.07588770920815675 69
1756356241727 0.07824936719692271 70
1756356242182 0.08050375561351361 71
1756356242812 0.08702398949991101 72
1756356564403 1.8086825557377026 1
1756356564873 1.3393449886985447 2
1756356565598 1.357641981995624 3
1756356566066 1.0543711833331897 4
1756356566535 0.8089010404503864 5
1756356567172 0.6438651667988818 6
1756356567641 0.7207630652448406 7
1756356568278 0.6503939162129941 8
1756356568747 0.631240180005198 9
1756356569212 0.5529992321263189 10
1756356569849 0.5177668942057568 11
1756356570318 0.5480133593082428 12
1756356570784 0.44772341199543164 13
1756356571421 0.40428011054578034 14
1756356571885 0.37982162120549573 15
1756356572352 0.3071043718120326 16
1756356572990 0.3044010543304941 17
1756356573457 0.28049982954626496 18
1756356573924 0.34639802704686706 19
1756356574559 0.3154211491346359 20
1756356575025 0.27994586527347565 21
1756356575491 0.3650404998789663 22
1756356576128 0.26055102762968646 23
1756356576594 0.21555919297363446 24
1756356577061 0.25149191138537036 25
1756356577698 0.24971146849186523 26
1756356578165 0.23191721672597138 27
1756356578631 0.2450409278921459 28
1756356579269 0.21287637851808383 29
1756356579736 0.21316020385078763 30
1756356580203 0.21933248930651209 31
1756356580842 0.2095447736589805 32
1756356581310 0.19610362791496774 33
1756356581948 0.21898527054683023 34
1756356582419 0.21902067700157996 35
1756356582884 0.17652854582537775 36
1756356583547 0.1624107250700826 37
1756356584012 0.1590094465924346 38
1756356584479 0.1577506538318551 39
1756356585147 0.16860643417938895 40
1756356585616 0.17043165862560272 41
1756356586085 0.1407285812108413 42
1756356586754 0.13914277177789938 43
1756356587224 0.17291382538235706 44
1756356587692 0.1662050330120584 45
1756356588386 0.1476805764047996 46
1756356588852 0.13396033774251523 47
1756356589321 0.15211821962957797 48
1756356589988 0.1389977002273435 49
1756356590454 0.1338890716433525 50
1756356590927 0.13719218191893204 51
1756356591593 0.12344415291495946 52
1756356592062 0.15186625492313635 53
1756356592530 0.14922190878702246 54
1756356593193 0.15238624325265054 55
1756356593660 0.12037561736677004 56
1756356594129 0.11414763023671896 57
1756356594783 0.10844677735282027 58
1756356595251 0.1268696969617968 59
1756356595955 0.12680351993312006 60
1756356596424 0.1157662544561469 61
1756356596892 0.10983686149120331 62
1756356597540 0.10389156979711159 63
1756356598009 0.1021115559598674 64
1756356598478 0.12041072741798732 65
1756356599119 0.10783983313519022 66
1756356599586 0.10718757043714108 67
1756356600053 0.08912503022862517 68
1756356600693 0.0932107946794966 69
1756356601162 0.08487503635494606 70
1756356601628 0.08822299734405849 71
1756356602260 0.07989947530238525 72
1756356602726 0.08258710866389067 73
1756356603195 0.0808689542438673 74
1756356603823 0.07299440791425497 75
1756356604292 0.0965190601899572 76
1756356604760 0.07184205382414487 77
1756356605389 0.09698489794264668 78
1756356605855 0.09412708020080691 79
1756356606322 0.08706890338140985 80
1756356606950 0.08070591626607854 81
1756356607418 0.08761269809759181 82
1756356608042 0.07811460174296213 83
1756356608508 0.09714165475705396 84
1756356608975 0.08279549346669861 85
1756356609604 0.07335787817187932 86
1756357014593 1.7835969043814617 1
1756357015086 1.658378189024718 2
1756357015820 1.3145459812620413 3
1756357016307 0.9722452578337296 4
1756357016794 0.9033596748891084 5
1756357017438 0.9371951533400494 6
1756357017921 0.753948705351871 7
1756357018565 0.7350327061570209 8
1756357019051 0.6160692689211472 9
1756357019536 0.6015392321607341 10
1756357020178 0.6335736837076105 11
1756357020664 0.4738861335360486 12
1756357021150 0.43653810283412103 13
1756357021790 0.36354081138320593 14
1756357022276 0.3790307958488879 15
1756357022920 0.43275822763857635 16
1756357023404 0.3763496953508128 17
1756357023889 0.3344377259845319 18
1756357024528 0.3017794438030409 19
1756357025015 0.33221105000247125 20
1756357025658 0.3214282302752785 21
1756357026140 0.3300922992436782 22
1756357026624 0.31430436282054236 23
1756357027265 0.2873313627813173 24
1756357027755 0.31236788436122565 25
1756357028241 0.26864565714545874 26
1756357028914 0.3011678139800611 27
1756357029399 0.2524920300297115 28
1756357029886 0.23525905285192572 29
1756357030543 0.22291206860023996 30
1756357031030 0.2561459346957829 31
1756357031687 0.2702726527400639 32
1756357032173 0.27240979088389355 33
1756357032658 0.2606278910585072 34
1756357033310 0.2782592481893042 35
1756357033798 0.23642204896263455 36
1756357034286 0.22852245556271594 37
1756357034935 0.19036039126955945 38
1756357035421 0.15685296771319016 39
1756357036072 0.15962099640265756 40
1756357036560 0.14514690767163815 41
1756357037044 0.1551761866911598 42
1756357037698 0.14646503491246182 43
1756357038185 0.13804261256819186 44
1756357038836 0.16748699869798578 45
1756357039324 0.20240177602871604 46
1756357039811 0.16089024427144424 47
1756357040459 0.14393613681845044 48
1756357040946 0.15885147160809973 49
1756357041433 0.17440242385086807 50
1756357042081 0.13726393003826556 51
1756357042569 0.14721561126087024 52
1756357043215 0.14769836741945017 53
1756357043699 0.16075373408587082 54
1756357044187 0.13071856647729874 55
1756357044832 0.1425021306976028 56
1756357045320 0.13407741713783014 57
1756357045808 0.15336168751768445 58
1756357046452 0.23484095639508704 59
1756357046942 0.22334840764170108 60
1756357047429 0.14469179932190024 61
1756357048094 0.13692555479381396 62
1756357048581 0.1383262717205545 63
1756357049238 0.16457521073196246 64
1756357049725 0.12144867298395737 65
1756357050209 0.11606325403503749 66
1756357050864 0.10931229397006657 67
1756357051351 0.13625477578329004 68
1756357051838 0.15337086242178213 69
1756357052492 0.11510111294362856 70
1756357052979 0.10343269436903622 71
1756357053631 0.1063008444464725 72
1756357054118 0.12830775182532228 73
1756357054606 0.1396641319860583 74
1756357055258 0.107179864431205 75
1756357055744 0.0975797075940215 76
1756357056393 0.09488329291343689 77
1756357056883 0.10781571722548941 78
1756357057371 0.1002849333960077 79
1756357058016 0.09682273119688034 80
1756357058505 0.09516092260246692 81
1756357058995 0.10195314236309218 82
1756357059643 0.08136971570227457 83
1756357060134 0.07676770457107088 84
1756357060781 0.07428189836766409 85
1756357061269 0.07855870169789894 86
1756357061756 0.07480102145801419 87
1756357062399 0.09158279584801715 88
1756357062884 0.07004631027255369 89
1756357063375 0.08148191334760707 90
1756357064021 0.08887352600045827 91
1756357064509 0.09185567109481148 92
1756357064996 0.0730369865246441 93
1756357065642 0.07152081216159074 94
1756357066130 0.06372637123517368 95
1756357370492 1.6659603585367617 1
1756357371238 1.5522776064665422 2
1756357371736 1.124649835669476 3
1756357372391 0.7695208697215371 4
1756357372889 0.8614334243795146 5
1756357373388 0.7005548075489376 6
1756357374039 0.8144349948219631 7
1756357374537 0.810566968244055 8
1756357375193 0.7061258671076401 9
1756357375690 0.6258396622927292 10
1756357376344 0.5279918714709904 11
1756357376843 0.5202867531258127 12
1756357377341 0.40422745372938074 13
1756357377996 0.4331517025180485 14
1756357378496 0.40480499358280847 15
1756357379150 0.44961595405703003 16
1756357379650 0.41963868814965954 17
1756357380299 0.3455129984928214 18
1756357380797 0.3762842475072197 19
1756357381296 0.34539688087028003 20
1756357381963 0.3845110393088797 21
1756357382475 0.31680693250635394 22
1756357383169 0.2721657409616139 23
1756357383671 0.33158034345378046 24
1756357384180 0.3016385150992352 25
1756357384874 0.22620632920576178 26
1756357385377 0.2596670829731485 27
1756357386074 0.24860200609849847 28
1756357386576 0.2564253826504168 29
1756357387252 0.20925234128599582 30
1756357387752 0.20465247009111487 31
1756357388259 0.2586292423631834 32
1756357388929 0.29519969808018726 33
1756357389429 0.32789301224376843 34
1756357390096 0.2525820929719054 35
1756357390597 0.35929287386977155 36
