1756349452113 82.0 0
1756349539233 75.0 0
1756349640854 99.0 0
1756349798910 65.0 0
1756349914887 99.0 0
1756350119922 81.0 0
1756350262877 103.0 0
1756350383846 75.0 0
1756350533345 59.0 0
1756350692941 100.0 0
1756350938466 90.0 0
1756351183032 94.0 0
1756351364394 85.0 0
1756351569915 116.0 0
1756351753169 100.0 0
1756351965272 64.0 0
1756352134517 75.0 0
1756352359263 80.0 0
1756352591685 102.0 0
1756352873367 102.0 0
1756353100838 61.0 0
1756353400152 93.0 0
1756353722533 77.0 0
1756354022983 90.0 0
1756354320217 104.0 0
1756354553200 77.0 0
1756354941227 79.0 0
1756355225633 83.0 0
1756355506384 87.0 0
1756355779447 45.0 0
1756356142238 65.0 0
1756356464193 119.0 0
1756356928262 115.0 0
1756357301771 90.0 0
