1756349483654 1.9581332206726074 1
1756349483677 1.714216234891311 2
1756349483699 1.4304790937382241 3
1756349483720 1.4324764790742293 4
1756349483742 0.9551461675892705 5
1756349483764 0.6399784839671591 6
1756349483785 0.5891176514003588 7
1756349483807 0.7222643196582794 8
1756349483828 0.6018558410198792 9
1756349483850 0.5109465919111086 10
1756349483872 0.44988308523012244 11
1756349483893 0.49512499829997186 12
1756349483915 0.4350850381281065 13
1756349483937 0.4588412486988565 14
1756349483959 0.3630096653233404 15
1756349483981 0.28172491361265595 16
1756349484003 0.25243077783480933 17
1756349484024 0.2507858069046684 18
1756349484046 0.3177561821497005 19
1756349484068 0.3203452773716139 20
1756349484090 0.2510917449127073 21
1756349484112 0.2635383223709853 22
1756349484134 0.30287851911524066 23
1756349484156 0.27843843206115393 24
1756349484179 0.21261239051818848 25
1756349484201 0.18791738444048425 26
1756349484223 0.2100446949834409 27
1756349484245 0.2672679045278093 28
1756349484267 0.1983292977447095 29
1756349484289 0.2011992409825325 30
1756349484311 0.3074176224029582 31
1756349484334 0.24785919325507205 32
1756349484356 0.49370784344880475 33
1756349484379 0.5504236467506575 34
1756349484401 0.3908228738152463 35
1756349484424 0.2700118804755418 36
1756349484446 0.20655641737191574 37
1756349484469 0.25008445103531296 38
1756349484491 0.24941342129655505 39
1756349484513 0.20967972149019656 40
1756349484536 0.21142548322677612 41
1756349484561 0.20860716959704523 42
1756349484584 0.160490018842013 43
1756349484606 0.17384013209653937 44
1756349484629 0.15523920888486115 45
1756349484652 0.208939414633357 46
1756349484675 0.1534166025078815 47
1756349484698 0.1518267895216527 48
1756349484721 0.1703426335816798 49
1756349484744 0.2738705779547277 50
1756349484767 0.13097829825204352 51
1756349484790 0.11610768864984097 52
1756349484813 0.10763445124030113 53
1756349484836 0.14415980454372324 54
1756349572896 2.779918053875799 1
1756349572933 1.4738812913065371 2
1756349572967 1.8247766935307046 3
1756349573001 1.8378216416939446 4
1756349573035 1.1855852888978047 5
1756349573068 0.8213522408319556 6
1756349573102 0.6356789469718933 7
1756349573136 0.504395116282546 8
1756349573169 0.5731921941041946 9
1756349573203 0.43502093657203345 10
1756349573237 0.4877232844414918 11
1756349573270 0.5452599940092667 12
1756349573304 0.41040564943914826 13
1756349573338 0.30772945220055786 14
1756349573372 0.31928333186584973 15
1756349573406 0.3792980987092723 16
1756349573440 0.34392127459463867 17
1756349573474 0.42215133814708045 18
1756349573507 0.4552096290432889 19
1756349573541 0.35814522271570953 20
1756349573575 0.3390421261606009 21
1756349573609 0.266743914588638 22
1756349573643 0.29191848182159924 23
1756349573677 0.2744829275685808 24
1756349573711 0.2771271817062212 25
1756349573745 0.34899400563343713 26
1756349573779 0.3022916187410769 27
1756349573813 0.2250465452671051 28
1756349573848 0.20871362964744153 29
1756349573882 0.1905932368143745 30
1756349573916 0.20503876131513846 31
1756349573950 0.18206623812084613 32
1756349573984 0.2019373366366262 33
1756349574019 0.1801600180890249 34
1756349574053 0.1694787799016289 35
1756349574087 0.21008567771185999 36
1756349574121 0.2236154714356298 37
1756349574156 0.18922394643659177 38
1756349574190 0.24099377963853919 39
1756349574225 0.17095320250677026 40
1756349574259 0.1605083132567613 41
1756349574294 0.13859630700038827 42
1756349574329 0.13380097824594248 43
1756349574364 0.11264601301239885 44
1756349574399 0.10398276895284653 45
1756349574433 0.1197884178355984 46
1756349574468 0.17009602956797765 47
1756349574503 0.14699742197990417 48
1756349574538 0.11787311117286267 49
1756349574573 0.1385185274740924 50
1756349574608 0.13468254147016484 51
1756349574643 0.11372062547699265 52
1756349574678 0.10668162920552751 53
1756349574713 0.13549584117920502 54
1756349574748 0.11650571777768758 55
1756349574782 0.13745680402802385 56
1756349574817 0.12555924041763597 57
1756349574853 0.10932118105499641 58
1756349574888 0.09908188004856525 59
1756349574923 0.1051592018617236 60
1756349574958 0.13137746667084488 61
1756349574995 0.14700130680980888 62
1756349575031 0.1173569446672564 63
1756349575066 0.08735557354014853 64
1756349575101 0.0837734893936178 65
1756349575137 0.08460006846681885 66
1756349575172 0.08517476333224255 67
1756349575208 0.08448974545235219 68
1756349682175 2.542454693628394 1
1756349682224 1.450571244177611 2
1756349682271 1.8923591815907022 3
1756349682317 1.2997150628463081 4
1756349682364 0.9613022998623226 5
1756349682411 0.9744634809701339 6
1756349682458 0.7305416076079659 7
1756349682504 0.6570059203583262 8
1756349682551 0.8222614034362461 9
1756349682598 0.47535979747772217 10
1756349682644 0.6477385241052379 11
1756349682691 0.6289934911157774 12
1756349682738 0.5298360845317012 13
1756349682785 0.384125305906586 14
1756349682832 0.48567842206229334 15
1756349682879 0.5866793070150458 16
1756349682926 0.5090361898360045 17
1756349682973 0.549533486366272 18
1756349683020 0.35952620467414026 19
1756349683067 0.3274191870637562 20
1756349683114 0.25507200347340625 21
1756349683161 0.3020144480725993 22
1756349683209 0.2484705636034841 23
1756349683256 0.2916255664566289 24
1756349683303 0.3536281255276307 25
1756349683351 0.3970633486042852 26
1756349683398 0.3168142275965732 27
1756349683446 0.2627228686343069 28
1756349683494 0.2568497738760451 29
1756349683541 0.26554032544726913 30
1756349683589 0.2348718902339106 31
1756349683636 0.22430977030940677 32
1756349683684 0.22040895145872366 33
1756349683732 0.26588404988465103 34
1756349683779 0.21437169287515723 35
1756349683827 0.21517946085204248 36
1756349683875 0.2211585874142854 37
1756349683922 0.3077274969090586 38
1756349683970 0.3390877583752508 39
1756349684018 0.21562038329632385 40
1756349684066 0.18395744199338165 41
1756349684114 0.21856131728576578 42
1756349684162 0.15676088177639505 43
1756349684210 0.19622633589998537 44
1756349684258 0.23102831646152164 45
1756349684306 0.17998580407837164 46
1756349684354 0.22985509005577667 47
1756349684402 0.13320814235054929 48
1756349684450 0.15101881033700446 49
1756349684498 0.14588311606127283 50
1756349684545 0.17751283263382706 51
1756349684593 0.15704905889604404 52
1756349684641 0.14758684502347655 53
1756349684689 0.18515854458446088 54
1756349684737 0.13982846911834634 55
1756349684785 0.1536246181830116 56
1756349684833 0.15563156374770662 57
1756349684881 0.15500271385130676 58
1756349684929 0.15053419185721356 59
1756349684977 0.16823969101128372 60
1756349685026 0.16762059441079263 61
1756349685074 0.16118934426618658 62
1756349685123 0.13665562414604684 63
1756349685171 0.09757494537726692 64
1756349685220 0.10699157271048297 65
1756349685268 0.1302189043034678 66
1756349685317 0.11451816056733546 67
1756349685365 0.12104582414031029 68
1756349685414 0.1338306560140589 69
1756349685462 0.22787531497685806 70
1756349685511 0.13879909625519876 71
1756349685559 0.09456852078437805 72
1756349685607 0.09161356334453044 73
1756349685656 0.11876373414112174 74
1756349685704 0.10343522286933401 75
1756349685753 0.1165812159685985 76
1756349685801 0.104838900430047 77
1756349685850 0.11250414391574652 78
1756349685898 0.08344355711470479 79
1756349685947 0.10786755868922109 80
1756349685995 0.11106896611011546 81
1756349686044 0.09229546105084212 82
1756349686092 0.08932256876774457 83
1756349686141 0.08162200191746587 84
1756349686190 0.11397445639190466 85
1756349686239 0.10055357590317726 86
1756349686288 0.08553510288829388 87
1756349686337 0.10422344781134439 88
1756349844110 2.3193986675013667 1
1756349844179 2.672764327215112 2
1756349844244 2.8039534040119336 3
1756349844310 2.195831835269928 4
1756349844375 2.10835897145064 5
1756349844440 1.2132714546245078 6
1756349844505 1.0969795558763586 7
1756349844570 0.8622250932714214 8
1756349844635 0.6760148833627286 9
1756349844700 0.6676657160987025 10
1756349844765 0.6945222175639608 11
1756349844831 0.4341672704271648 12
1756349844896 0.5262007233889207 13
1756349844961 0.7589142918586731 14
1756349845027 0.5314560597357543 15
1756349845092 0.4262660780678625 16
1756349845158 0.48384517690409784 17
1756349845223 0.5725779235363007 18
1756349845288 0.47916949702345807 19
1756349845354 0.3769548749146254 20
1756349845419 0.40157302566196607 21
1756349845485 0.4024337556051171 22
1756349845550 0.3628135025501251 23
1756349845615 0.32749785677246424 24
1756349845681 0.35073573887348175 25
1756349845746 0.4510811476603798 26
1756349845812 0.3917934667804967 27
1756349845878 0.3494135481507882 28
1756349845943 0.3249655139187108 29
1756349846009 0.32722633947496826 30
1756349846075 0.31067062266494916 31
1756349846140 0.33097143989542255 32
1756349846206 0.31034265069857886 33
1756349846279 0.31551734779192053 34
1756349846345 0.25538917306972586 35
1756349846411 0.28681108549885126 36
1756349846477 0.314970588878445 37
1756349846544 0.39277304190656415 38
1756349846609 0.32295314838056977 39
1756349846675 0.23255028024963711 40
1756349846741 0.22898417387319647 41
1756349846808 0.2451614102591639 42
1756349846874 0.32431986927986145 43
1756349846940 0.2765031243148057 44
1756349847006 0.22370845111815826 45
1756349847071 0.19482302827679593 46
1756349847138 0.2673699794256169 47
1756349847204 0.27080220988263254 48
1756349847271 0.31373782261558203 49
1756349847337 0.441140156077302 50
1756349847402 0.2744989602462105 51
1756349847469 0.31832389727882715 52
1756349847535 0.30532241612672806 53
1756349847602 0.27960139642591064 54
1756349847669 0.29378899802332337 55
1756349847735 0.1901215496270553 56
1756349847802 0.2139702497617058 57
1756349847868 0.20701343274634817 58
1756349847935 0.19565395686937415 59
1756349848003 0.23649139022049698 60
1756349848070 0.1725494424286096 61
1756349848137 0.18107932546864386 62
1756349848203 0.18711854582247528 63
1756349848270 0.17735102351592935 64
1756349848336 0.1484292939953182 65
1756349848403 0.1658311133151469 66
1756349848470 0.12874243748576744 67
1756349848536 0.1881336981187696 68
1756349848603 0.18695799585269846 69
1756349848670 0.1280857538399489 70
1756349848737 0.1317604031899701 71
1756349848804 0.11992830912704053 72
1756349848870 0.11137096259904944 73
1756349848937 0.12890032614054886 74
1756349849004 0.1497767804109532 75
1756349849071 0.13536799132176067 76
1756349849138 0.17549430481765582 77
1756349849205 0.13979631095476772 78
1756349849272 0.13353203107481418 79
1756349849339 0.1507809475550185 80
1756349849405 0.10717852284079013 81
1756349849473 0.11365756376282028 82
1756349849540 0.1092549627241881 83
1756349849607 0.11349504295250644 84
1756349849674 0.12005075099675552 85
1756349849743 0.14220803797892903 86
1756349849811 0.12298018412421578 87
1756349849878 0.08731249525495198 88
1756349849946 0.09024286302535431 89
1756349850013 0.10011023266807846 90
1756349850080 0.07266011801750763 91
1756349850148 0.08621662693179172 92
1756349850215 0.09531043712859569 93
1756349850282 0.07593262373753216 94
1756349850350 0.09415746877050918 95
1756349850417 0.0813299814320129 96
1756349948702 2.6739647595778755 1
1756349948782 2.657879648001298 2
1756349948859 2.8532454034556514 3
1756349948936 1.5662909642509792 4
1756349949013 1.0902356025965318 5
1756349949090 0.7686698488567186 6
1756349949167 0.7158828196318253 7
1756349949244 0.9561772877755372 8
1756349949321 0.6458434125651484 9
1756349949398 0.5276845304862313 10
1756349949475 0.5202662510716397 11
1756349949551 0.46762730181217194 12
1756349949628 0.47425593306188996 13
1756349949706 0.6622071356877036 14
1756349949783 0.44236688575019006 15
1756349949860 0.3988199532032013 16
1756349949937 0.30873635087324225 17
1756349950014 0.32817106726376905 18
1756349950091 0.35173285007476807 19
1756349950168 0.30958582590455597 20
1756349950245 0.31616456936235016 21
1756349950322 0.30592845185943274 22
1756349950399 0.2532966182283733 23
1756349950476 0.28155596683854645 24
1756349950553 0.2815995352423709 25
1756349950630 0.28483810826488165 26
1756349950709 0.2335494180088458 27
1756349950786 0.1937184544361156 28
1756349950863 0.20073632669189703 29
1756349950941 0.3696200633826463 30
1756349951018 0.31583988536959107 31
1756349951095 0.26814804258553876 32
1756349951175 0.3349874657781228 33
1756349951252 0.25790688881407614 34
1756349951330 0.18892822414636612 35
1756349951407 0.19588596438584122 36
1756349951485 0.20903943025547525 37
1756349951562 0.20632770689933197 38
1756349951639 0.2054713996856109 39
1756349951717 0.1566074367450631 40
1756349951794 0.1723453062384025 41
1756349951872 0.13785040734902673 42
1756349951950 0.22483546805122626 43
1756349952028 0.26350628163503564 44
1756349952106 0.1885083858733592 45
1756349952183 0.12579409000666245 46
1756349952261 0.12970714271068573 47
1756349952339 0.14272813482776933 48
1756349952417 0.14877683831297833 49
1756349952494 0.17198122357544693 50
1756349952573 0.12783558974447456 51
1756349952651 0.1364028638471728 52
1756349952729 0.12844220079157664 53
1756349952807 0.1548068476435931 54
1756349952885 0.15953877859789392 55
1756349952964 0.10200649240742558 56
1756349953042 0.09869404882192612 57
1756349953120 0.09084176531304484 58
1756349953198 0.1259532614570597 59
1756349953276 0.09994453612876975 60
1756349953354 0.10003786453086397 61
1756349953433 0.08904945656009343 62
1756349953511 0.09541635134297868 63
1756349953589 0.08356619998812675 64
1756349953667 0.08665104242770569 65
1756349953746 0.10123816456483758 66
1756349953825 0.10133882288051688 67
1756349953903 0.1500654826345651 68
1756349953981 0.21120094702295636 69
1756349954315 0.17971044973186825 70
1756349954394 0.13004936277866364 71
1756349954473 0.1067161553579828 72
1756349954552 0.09037446003893147 73
1756349954631 0.10288447757130084 74
1756349954711 0.09503329755819362 75
1756349954790 0.0954578240280566 76
1756349954869 0.07057932553731877 77
1756349954947 0.08531596025694972 78
1756349955027 0.08811441663166751 79
1756349955105 0.07133797321306623 80
1756349955184 0.08175352474917537 81
1756349955263 0.06860504785309667 82
1756349955342 0.1449991777215315 83
1756349955420 0.11833558814681094 84
1756349955499 0.08302540267291277 85
1756349955579 0.07741016603034476 86
1756349955661 0.06304010279152704 87
1756349955740 0.051364745863753815 88
1756349955819 0.06743982523355795 89
1756349955898 0.06060755090868991 90
1756349955976 0.059723862163398575 91
1756349956057 0.06600592698415984 92
1756349956136 0.07019077759722005 93
1756349956215 0.06702586133842883 94
1756350159699 2.3724949152573296 1
1756350159803 2.6465834171875664 2
1756350159904 2.3307926343834917 3
1756350160004 1.2140802844710972 4
1756350160105 0.8166010833304861 5
1756350160206 0.8667272264542787 6
1756350160307 0.6770804446676503 7
1756350160408 0.5341944824094358 8
1756350160509 0.4420998135338659 9
1756350160611 0.4376118520031805 10
1756350160712 0.4539270737896795 11
1756350160813 0.4295726982147797 12
1756350160915 0.43344435614088306 13
1756350161016 0.33749552265457483 14
1756350161118 0.2501319750495579 15
1756350161220 0.2841246464978094 16
1756350161322 0.34166936122852826 17
1756350161423 0.34075516073600104 18
1756350161526 0.2722086822209151 19
1756350161628 0.23881556352843408 20
1756350161730 0.2377814909686213 21
1756350161832 0.2667557059422783 22
1756350161934 0.1722786659779756 23
1756350162036 0.2003277300492577 24
1756350162138 0.20007926387631375 25
1756350162241 0.15877481128858484 26
1756350162342 0.15346957645986392 27
1756350162444 0.2044781524202098 28
1756350162545 0.2794010117650032 29
1756350162646 0.18347411926673807 30
1756350162748 0.1414544005756793 31
1756350162849 0.1219311521753021 32
1756350162951 0.108061196849398 33
1756350163053 0.12859380342390225 34
1756350163154 0.105503983957612 35
1756350163256 0.13709697516068167 36
1756350163358 0.15567374229431152 37
1756350163460 0.11817638333077016 38
1756350163562 0.12460335570832957 39
1756350163663 0.2656675846032474 40
1756350163764 0.15654123639282974 41
1756350163866 0.13733443196700967 42
1756350163968 0.10630824206315953 43
1756350164070 0.1113797176791274 44
1756350164171 0.1700795931012734 45
1756350164273 0.1965038659779922 46
1756350164375 0.12959908013758453 47
1756350164477 0.15999110885288403 48
1756350164580 0.18776570795022923 49
1756350164681 0.14452335756757986 50
1756350164784 0.13206412027711453 51
1756350164886 0.10859163299850795 52
1756350164988 0.09014705973474876 53
1756350165091 0.08689583773198335 54
1756350165193 0.08138293740542038 55
1756350165295 0.07775493986580682 56
1756350165398 0.07115495188728622 57
1756350165500 0.08083154908988786 58
1756350295119 2.5176092956377114 1
1756350295235 2.1502528294273047 2
1756350295350 1.3934591904930447 3
1756350295464 1.141998292311378 4
1756350295578 0.9077939235645792 5
1756350295691 0.5477306233799976 6
1756350295805 0.7914782198874847 7
1756350295918 0.566814546999724 8
1756350296032 0.5005451725876849 9
1756350296146 0.3299070480077163 10
1756350296259 0.3326100713532904 11
1756350296372 0.2953330492195876 12
1756350296488 0.3532017838695775 13
1756350296603 0.4134682753811712 14
1756350296717 0.45479252869668213 15
1756350297080 0.29681730918262317 16
1756350297196 0.20230778209541156 17
1756350297310 0.2576539062935373 18
1756350297425 0.17754776743443115 19
1756350297539 0.18476920121389886 20
1756350297654 0.21444140860567923 21
1756350297768 0.18445186252179352 22
1756350297883 0.169516879255357 23
1756350297997 0.1600978724334551 24
1756350298111 0.12929819329925205 25
1756350298226 0.1610433021965234 26
1756350298341 0.17019179301417392 27
1756350298455 0.11682976361202158 28
1756350298569 0.13680109964764636 29
1756350298684 0.18003641230904538 30
1756350298799 0.17996741912287215 31
1756350298913 0.11531806121701779 32
1756350299029 0.09570466710821442 33
1756350299143 0.14133254956939947 34
1756350299259 0.18448700739637666 35
1756350299373 0.1210778838266497 36
1756350299489 0.1347572858566823 37
1756350299604 0.14653673379317575 38
1756350299719 0.12314489937346915 39
1756350299834 0.08655534166356792 40
1756350299950 0.09014157740318257 41
1756350300065 0.10324221590290898 42
1756350300181 0.12069833019505376 43
1756350300297 0.0992962342241536 44
1756350300412 0.0770061369985342 45
1756350300528 0.07381604466101398 46
1756350300643 0.09425370249411334 47
1756350300759 0.06920566733764566 48
1756350300874 0.06815258559325467 49
1756350300990 0.055901677712150245 50
1756350301105 0.06430522190487903 51
1756350301221 0.07030772110042365 52
1756350301336 0.06868192375354144 53
1756350301453 0.07280485315815262 54
1756350301735 0.10251433337512224 55
1756350301851 0.08189194924805475 56
1756350301966 0.06089863019145053 57
1756350302082 0.07375799572986105 58
1756350302197 0.06146824359893799 59
1756350302312 0.051049850557161415 60
1756350302428 0.055047612556296845 61
1756350302543 0.06486266106367111 62
1756350302658 0.06121396394851415 63
1756350302775 0.06262876943725607 64
1756350423236 2.4834707457086314 1
1756350423368 2.442474963872329 2
1756350423493 1.1708156233248503 3
1756350423618 1.3477561655251875 4
1756350423743 1.1495095491409302 5
1756350423869 1.0366519249003867 6
1756350423995 0.6359542070523553 7
1756350424120 0.5474874221760294 8
1756350424246 0.4265936405762382 9
1756350424371 0.43746992556945136 10
1756350424497 0.5679281561271005 11
1756350424622 0.3996882160072741 12
1756350424748 0.26569242581077246 13
1756350424874 0.28008688727150793 14
1756350425000 0.37173207557719684 15
1756350425126 0.3441858579931052 16
1756350425251 0.3663331846828046 17
1756350425377 0.5243453500063523 18
1756350425502 0.3179062352232311 19
1756350425628 0.2867876913236535 20
1756350425754 0.3121210602314576 21
1756350425879 0.20435999042314032 22
1756350426004 0.1629554891715879 23
1756350426128 0.2535743797602861 24
1756350426253 0.268120636758597 25
1756350426378 0.2369580252662949 26
1756350426503 0.196348632807317 27
1756350427323 0.3587579642948897 28
1756350427449 0.2740826775198397 29
1756350427575 0.19309949453758157 30
1756350427701 0.16258298864831094 31
1756350427826 0.12639886594336966 32
1756350427951 0.1289714986215467 33
1756350428077 0.1363804416488046 34
1756350428203 0.1584301655707152 35
1756350428328 0.13367890145467676 36
1756350428453 0.23483170763305997 37
1756350428579 0.1972431362323139 38
1756350428704 0.17377778239872144 39
1756350428830 0.1836470861149871 40
1756350428955 0.1404434238439021 41
1756350429081 0.1099220251907473 42
1756350429208 0.11412770657435707 43
1756350429335 0.12603943713981172 44
1756350429462 0.11221299126096394 45
1756350429590 0.10459122968756634 46
1756350429716 0.0926160104572773 47
1756350429842 0.1146601435282956 48
1756350429968 0.12064844175525334 49
1756350430093 0.08126302225434262 50
1756350430219 0.07554034564806067 51
1756350430349 0.08076805783354718 52
1756350430477 0.08484233494686044 53
1756350430602 0.07769877334003863 54
1756350430729 0.07817660741831946 55
1756350430855 0.06775496948672377 56
1756350430981 0.07310859000553256 57
1756350431107 0.06477022916078568 58
1756350431233 0.08575263619422913 59
1756350431359 0.09487978984480319 60
1756350431485 0.09297783737597258 61
1756350431611 0.10072525444885959 62
1756350431738 0.1315722742482372 63
1756350431864 0.08562620842586392 64
1756350431990 0.077117001718801 65
1756350432117 0.07635413741935855 66
1756350432243 0.06685607532120269 67
1756350432370 0.07011827081441879 68
1756350432496 0.07329449511092642 69
1756350432621 0.10159489723003429 70
1756350432748 0.12158271071055661 71
1756350432874 0.08852825637744821 72
1756350433001 0.10508674107815909 73
1756350433128 0.09080179894100064 74
1756350433531 0.0701544787734747 75
1756350433658 0.07038851236195667 76
1756350433785 0.07878839459432208 77
1756350433911 0.06797967365254527 78
1756350434038 0.07085769979850105 79
1756350434164 0.048919276617791344 80
1756350434291 0.04720612971679024 81
1756350434417 0.04705418176625086 82
1756350434542 0.05039244331419468 83
1756350434668 0.049970361282644066 84
1756350434794 0.04235454142579566 85
1756350434921 0.05254253907048184 86
1756350435048 0.049930578745577645 87
1756350592721 2.6304181866023852 1
1756350592866 1.841201997321585 2
1756350593006 3.1138589770897576 3
1756350593146 1.7445445967757183 4
1756350593287 1.0339199978372324 5
1756350593427 1.150148911320645 6
1756350593567 0.9260492247083912 7
1756350593706 0.7484605960223986 8
1756350594105 0.576153286125349 9
1756350594247 0.6108381942562435 10
1756350594387 0.6634436742119167 11
1756350594528 0.66986952268559 12
1756350594672 0.4612545759781547 13
1756350594814 0.5041708246521328 14
1756350594956 0.31701190575309424 15
1756350595096 0.47574942461822345 16
1756350595237 0.6262341025082961 17
1756350595378 0.345211205923039 18
1756350595518 0.5723727261242659 19
1756350595659 0.618541837386463 20
1756350595800 0.4605568854705147 21
1756350595940 0.43053661934707477 22
1756350596081 0.4506909316000731 23
1756350596222 0.3272271357152773 24
1756350596362 0.3005656761967618 25
1756350596503 0.32695258441178693 26
1756350596644 0.2668198334134143 27
1756350596785 0.26268737082896026 28
1756350596927 0.24554880157760953 29
1756350597068 0.22964409317659296 30
1756350597209 0.3664010244867076 31
1756350597350 0.3114461555429127 32
1756350597491 0.26449468861455505 33
1756350597632 0.2221204764817072 34
1756350597772 0.21697876699592755 35
1756350597914 0.26756063719158585 36
1756350598056 0.19054761852907098 37
1756350598198 0.19796113410721655 38
1756350598496 0.2453460324069728 39
1756350598637 0.23797830485779306 40
1756350598779 0.3712713381518488 41
1756350598920 0.2642821863941524 42
1756350599061 0.2814561047631761 43
1756350599203 0.29716036047624506 44
1756350599344 0.15255962247433869 45
1756350599485 0.3819280700839084 46
1756350599627 0.3457610775595126 47
1756350599769 0.27339740291885706 48
1756350599910 0.21087464495845462 49
1756350600052 0.22054686332526413 50
1756350600194 0.20154022619776105 51
1756350600335 0.2266799172629481 52
1756350600477 0.187150606966537 53
1756350600619 0.1648572476013847 54
1756350600761 0.14263940165224281 55
1756350600903 0.16045646337063416 56
1756350601045 0.1675192386559818 57
1756350601187 0.13262113864007202 58
1756350601330 0.1394456456536832 59
1756350601473 0.12303464649164159 60
1756350601617 0.16798110597807428 61
1756350601759 0.12764997067658798 62
1756350601902 0.20490406712760095 63
1756350602044 0.1911446627067483 64
1756350602188 0.20665461586221404 65
1756350602331 0.1607390363579211 66
1756350602473 0.1325730007627736 67
1756350602615 0.17530207514115 68
1756350602918 0.16388677854252898 69
1756350603061 0.14158821948196576 70
1756350603204 0.16663836590621783 71
1756350603346 0.1860804188510646 72
1756350603491 0.13915923399769742 73
1756350603634 0.11904972921247067 74
1756350603777 0.11848894976403403 75
1756350603920 0.11785363827062689 76
1756350753874 2.1414877124454663 1
1756350754031 3.1725982220276543 2
1756350754184 2.3738693050716235 3
1756350754338 1.8030662873516912 4
1756350754491 1.1463485386060632 5
1756350754645 0.8689763934715934 6
1756350754799 0.7806187012921209 7
1756350754953 0.7628964017266813 8
1756350755107 0.8514532718969428 9
1756350755264 0.7794716124949248 10
1756350755418 0.7557509450808816 11
1756350755572 0.5594472975834556 12
1756350755726 0.6855801965879358 13
1756350755880 0.5106572288533916 14
1756350756035 0.41180006835771643 15
1756350756188 0.35363833087941876 16
1756350756342 0.37090833679489466 17
1756350756746 0.4343664050102234 18
1756350756901 0.37933533347171283 19
1756350757057 0.3405271632515866 20
1756350757212 0.3339687378510185 21
1756350757367 0.3263217968785245 22
1756350757522 0.31233006910137506 23
1756350757677 0.3516340488972871 24
1756350757831 0.3589737642070521 25
1756350757985 0.2906010001897812 26
1756350758139 0.28027569534985913 27
1756350758293 0.3840063181908234 28
1756350758447 0.4025361363006675 29
1756350758600 0.3265589592249497 30
1756350758754 0.3153089673622795 31
1756350758907 0.4308086387489153 32
1756350759062 0.33509711014187854 33
1756350759218 0.2835057766541191 34
1756350759373 0.24541931826135385 35
1756350759530 0.21749125032321268 36
1756350759686 0.20040458311205325 37
1756350759842 0.1900390240809192 38
1756350759997 0.2697680197332216 39
1756350760153 0.23183254184930221 40
1756350760309 0.265711589028006 41
1756350760622 0.19939976477104684 42
1756350760777 0.23439851727174676 43
1756350760933 0.28800256226373755 44
1756350761088 0.2865604201088781 45
1756350761244 0.3314086798092593 46
1756350761399 0.23180448231489761 47
1756350761554 0.24734697458536728 48
1756350761709 0.26409636729437375 49
1756350761864 0.26673891784056375 50
1756350762019 0.2616659150175426 51
1756350762175 0.20840988891280215 52
1756350762330 0.1982718641343324 53
1756350762485 0.1776273862823196 54
1756350762640 0.20243728841128555 55
1756350762796 0.18927934506665106 56
1756350762951 0.16788861317479092 57
1756350763106 0.18649032582407413 58
1756350763259 0.1755217741365018 59
1756350763414 0.18349778846554135 60
1756350763569 0.19637066579383353 61
1756350763724 0.13608883191709933 62
1756350763879 0.15030985811482306 63
1756350764033 0.1589432883521785 64
1756350764190 0.21187694046808325 65
1756350764503 0.1821845283974772 66
1756350764659 0.13608050735100455 67
1756350764816 0.18676381039878595 68
1756350764972 0.1918647091673768 69
1756350765128 0.15578786866820377 70
1756350765284 0.13164505200541537 71
1756350765439 0.15312049100580422 72
1756350765595 0.17476215893807617 73
1756350765751 0.14399731871874435 74
1756350765906 0.11277149876822597 75
1756350766061 0.10842832113089769 76
1756350766217 0.14330589333954064 77
1756350766372 0.14557708556885304 78
1756350766527 0.11687798328373743 79
1756350766683 0.14158054603182751 80
1756350766839 0.13885480262663052 81
1756350766995 0.11705744444676068 82
1756350767151 0.12087761886093927 83
1756350767307 0.10801129156480664 84
1756350767463 0.09288437567327333 85
1756350767619 0.08922414854168892 86
1756350767775 0.11240399871831355 87
1756350767932 0.09605135979211848 88
1756350768089 0.11209881062740865 89
1756350768399 0.10392944482357605 90
1756350768555 0.0813381207054076 91
1756350768712 0.09177565461267596 92
1756350768869 0.08369825051530548 93
1756350769024 0.09786455268445222 94
1756350769181 0.08724565010355867 95
1756350769338 0.08942873306248499 96
1756350769494 0.07516059133669604 97
1756350769653 0.07792937366858772 98
1756350769811 0.07714112775157327 99
1756350769967 0.09127518097343652 100
1756350770124 0.08359880291897318 101
1756350770280 0.08694567644725675 102
1756350770436 0.06216010435119919 103
1756350770592 0.06751234019580095 104
1756350770748 0.08406240363483844 105
1756350770904 0.08510741154136865 106
1756350771060 0.07040193433994832 107
1756350771218 0.07519909285980722 108
1756350771373 0.09908956929069498 109
1756350771530 0.08285596383654553 110
1756350771687 0.0727703649064769 111
1756350995900 3.809737495754076 1
1756350996273 3.397332699402519 2
1756350996448 2.604443661544634 3
1756350996622 1.7373999460883762 4
1756350996797 1.3130129290663677 5
1756350996972 1.2296492651752804 6
1756350997147 0.9505668049273284 7
1756350997324 0.7555016486541085 8
1756350997499 0.7571450044279513 9
1756350997676 0.8270212062027144 10
1756350997852 0.690416737743046 11
1756350998028 0.6648616829644078 12
1756350998202 0.7920186130896859 13
1756350998377 0.7549212393553361 14
1756350998551 0.678205659855967 15
1756350998725 0.5194240160610365 16
1756350999058 0.4548913447753243 17
1756350999233 0.40515774618024414 18
1756350999408 0.37915867891000665 19
1756350999582 0.4635318893453349 20
1756350999757 0.7594359711460446 21
1756350999933 0.4348627179861069 22
1756351000108 0.4229278020236803 23
1756351000282 0.47764644545057544 24
1756351000457 0.35351876072261645 25
1756351000630 0.31157605803531147 26
1756351000804 0.3484963534966759 27
1756351000984 0.45939816599306854 28
1756351001160 0.34787983285344165 29
1756351001336 0.45320273611856543 30
1756351001512 0.45783330240975256 31
1756351001686 0.36694635774778284 32
1756351002020 0.3376285012649453 33
1756351002195 0.28507001114928204 34
1756351002372 0.2476692374633706 35
1756351002548 0.27061263569023297 36
1756351002723 0.283128436492837 37
1756351002898 0.24839487153550852 38
1756351003073 0.27223557039447455 39
1756351003247 0.243246221995872 40
1756351003421 0.2631795590986376 41
1756351003596 0.22978727065998575 42
1756351003771 0.24361268398554428 43
1756351003946 0.27282897868882056 44
1756351004121 0.3019595910673556 45
1756351004296 0.24040185141822565 46
1756351004472 0.20392696624216827 47
1756351004810 0.23080903971972672 48
1756351004986 0.25407388644373935 49
1756351005163 0.16676656415928964 50
1756351005339 0.20085536656172379 51
1756351005514 0.25553863787132763 52
1756351005690 0.23342135257047156 53
1756351005867 0.21425336145836374 54
1756351006044 0.17553388716086096 55
1756351006221 0.23974645429331323 56
1756351006397 0.14529330089040424 57
1756351006573 0.1751835317067478 58
1756351006750 0.1684816385740819 59
1756351006928 0.13380178323258524 60
1756351007104 0.11332255407519963 61
1756351007281 0.11281709308209627 62
1756351007458 0.1727256227446639 63
1756351007821 0.15420910456906195 64
1756351007998 0.1359397846719493 65
1756351008177 0.13022190915501636 66
1756351008354 0.1084767939603847 67
1756351008531 0.10910000425318013 68
1756351008709 0.12974713224431741 69
1756351008887 0.1320207050960997 70
1756351009065 0.14794305647196976 71
1756351009242 0.12433876680291217 72
1756351009419 0.11916724722022595 73
1756351009596 0.1353261020520459 74
1756351009773 0.10422356977410939 75
1756351009951 0.13321874970975128 76
1756351010128 0.12698204070329666 77
1756351010304 0.1282076398315637 78
1756351010482 0.12285904035620067 79
1756351236912 2.9489665912545244 1
1756351237108 2.9229214813398277 2
1756351237568 4.133666004823602 3
1756351237760 1.6708720430083897 4
1756351237952 1.3795478758604631 5
1756351238144 1.3390398181003074 6
1756351238336 1.0429778837639352 7
1756351238529 0.6524987168934034 8
1756351238721 0.6063632381998975 9
1756351238913 0.6569111269453297 10
1756351239105 0.6896011013051738 11
1756351239296 0.5794952589532604 12
1756351239487 0.5564103644827137 13
1756351239680 0.4183438608179922 14
1756351239873 0.3984133141196292 15
1756351240066 0.3719457433275554 16
1756351240257 0.4615764838197957 17
1756351240449 0.38322007526522095 18
1756351240800 0.3880529863678891 19
1756351240994 0.31592438855896826 20
1756351241186 0.41000175800012506 21
1756351241381 0.4511446291985719 22
1756351241574 0.35426057421642804 23
1756351241767 0.36798149800818897 24
1756351241959 0.45007072194762854 25
1756351242151 0.49923956847709156 26
1756351242344 0.44549967283787933 27
1756351242537 0.33939736692801764 28
1756351242730 0.31878253169681714 29
1756351242922 0.3200028422086135 30
1756351243118 0.2646851999604184 31
1756351243312 0.2186394813268081 32
1756351243506 0.20074627418880878 33
1756351243873 0.22189621562543121 34
1756351244066 0.2354116582352182 35
1756351244259 0.24805544835069906 36
1756351244453 0.22055361193159354 37
1756351244647 0.2705042893471925 38
1756351244840 0.35524621379116306 39
1756351245036 0.3484306620514911 40
1756351245232 0.2543618157505989 41
1756351245427 0.22575186516927637 42
1756351245621 0.22120060221008633 43
1756351245815 0.192643357683783 44
1756351246011 0.16658645803513733 45
1756351246205 0.23252672442923422 46
1756351246399 0.24418306901403095 47
1756351246592 0.19883211119019467 48
1756351246789 0.24522738968548569 49
1756351247153 0.19708987908518832 50
1756351247347 0.18539466644110886 51
1756351247541 0.18969547780959503 52
1756351247736 0.2374642744012501 53
1756351247930 0.24576998275259268 54
1756351248123 0.19607952787824298 55
1756351248318 0.19845752450435059 56
1756351248512 0.1792182805745498 57
1756351248707 0.18413513639698859 58
1756351248900 0.15628455611674683 59
1756351249094 0.17544796188240466 60
1756351249289 0.1953684885216796 61
1756351249483 0.20992240730835043 62
1756351249677 0.13896592350109763 63
1756351249870 0.11437677268100821 64
1756351250234 0.11424599830871043 65
1756351250429 0.09941327029272266 66
1756351250624 0.12686944639553194 67
1756351250818 0.11007354214139607 68
1756351251013 0.11962691176196803 69
1756351251207 0.14610013074201086 70
1756351251401 0.13154138025382292 71
1756351251595 0.1588225157364555 72
1756351416247 2.7100162039632383 1
1756351416455 1.7681181767712468 2
1756351416659 2.281589881233547 3
1756351416865 1.9003399014472961 4
1756351417069 1.3769363605457803 5
1756351417274 0.8890893109466719 6
1756351417479 0.6624081717885059 7
1756351417683 0.6604700529057047 8
1756351417887 0.5626371237246887 9
1756351418092 0.5531088470116906 10
1756351418297 0.6691061038038005 11
1756351418502 0.5955836747003638 12
1756351418706 0.6762934482615927 13
1756351418911 0.5629463312418564 14
1756351419116 0.49394171911737195 15
1756351419321 0.5419941278903381 16
1756351419778 0.5208178525385649 17
1756351419983 0.4684544231580651 18
1756351420188 0.4660637035318043 19
1756351420394 0.3485136207031167 20
1756351420599 0.3474727370168852 21
1756351420804 0.3804927082813304 22
1756351421010 0.6015514660140743 23
1756351421215 0.3016311785449152 24
1756351421420 0.27805399441200757 25
1756351421625 0.2878029430690019 26
1756351421829 0.3352852308231851 27
1756351422034 0.3108575544927431 28
1756351422239 0.2663126390265382 29
1756351422443 0.40429164793180383 30
1756351422648 0.43381677438383515 31
1756351423012 0.46220767627591675 32
1756351423218 0.4781328374924867 33
1756351423425 0.5165953662084497 34
1756351423631 0.3345575695452483 35
1756351423837 0.2952818345764409 36
1756351424042 0.31850520618583844 37
1756351424248 0.42620996418206586 38
1756351424453 0.4167362548734831 39
1756351424658 0.29627197624548623 40
1756351424863 0.3119419372600058 41
1756351425070 0.24169788865939432 42
1756351425275 0.2827808986539426 43
1756351425480 0.2554966451033302 44
1756351425685 0.2515654988262964 45
1756351425890 0.2353435829281807 46
1756351426096 0.2888403683900833 47
1756351426458 0.2748503613731135 48
1756351426664 0.1882994851988295 49
1756351618355 2.915663558503856 1
1756351618576 2.2205340007077092 2
1756351618794 1.8678318858146667 3
1756351619014 1.6499556743580361 4
1756351619232 1.2397276862807896 5
1756351619449 1.048548548117928 6
1756351619666 0.8801336249579554 7
1756351619884 0.9562177852444027 8
1756351620102 0.6092409543369127 9
1756351620320 0.7396041025286135 10
1756351620537 0.7206220575000929 11
1756351620755 0.5919471681118011 12
1756351620972 0.521098177070203 13
1756351621190 0.5012110121872114 14
1756351621408 0.4997049738531527 15
1756351621876 0.592779305966004 16
1756351622095 0.543397148018298 17
1756351622313 0.46217037024705304 18
1756351622532 0.3810085207223892 19
1756351622751 0.4270707096742547 20
1756351622970 0.48193921602290607 21
1756351623188 0.35314916916515515 22
1756351623407 0.4129141737585482 23
1756351623627 0.4186946153640747 24
1756351623845 0.4401977723059447 25
1756351624062 0.49370805141718493 26
1756351624280 0.31895878392717114 27
1756351624499 0.2866455199925796 28
1756351624716 0.25932045669659326 29
1756351624935 0.3049781588108643 30
1756351625329 0.2423820806586224 31
1756351625549 0.26759856680165167 32
1756351625767 0.28823864524779114 33
1756351625986 0.26408500839834625 34
1756351626212 0.2401470182382542 35
1756351626431 0.24041091294392294 36
1756351626649 0.18288908283347668 37
1756351626868 0.1971567013989324 38
1756351627101 0.179145953901436 39
1756351627320 0.17011867269225742 40
1756351627538 0.22023429786381515 41
1756351627757 0.21669098670067993 42
1756351627989 0.20734653395155203 43
1756351628208 0.19365325829257135 44
1756351628430 0.15355668087368426 45
1756351628659 0.17744260961594788 46
1756351629076 0.18061907621829407 47
1756351629294 0.16715262506319128 48
1756351629523 0.22002321384523227 49
1756351629742 0.17454838234445322 50
1756351629961 0.19933015237683835 51
1756351630179 0.22118339136890744 52
1756351630413 0.1775305977334147 53
1756351630632 0.17061774627022122 54
1756351630851 0.14373491218556528 55
1756351631080 0.12578541979841565 56
1756351631301 0.11982715939698012 57
1756351631519 0.15239026203103687 58
1756351631738 0.19401443782060043 59
1756351631971 0.1744083716817524 60
1756351632190 0.14938412412353183 61
1756351632631 0.13514205327500467 62
1756351632871 0.16752016414766727 63
1756351824491 2.6267707866171133 1
1756351824984 2.1899905152942822 2
1756351825219 1.7799723770307458 3
1756351825454 1.7484939357508784 4
1756351825689 1.33395916223526 5
1756351825925 1.636714712433193 6
1756351826160 1.0559780675431956 7
1756351826395 0.809563925732737 8
1756351826630 0.938635246909183 9
1756351826865 0.6483779096085093 10
1756351827099 0.6369580134101536 11
1756351827334 0.6688110906144847 12
1756351827570 0.5041835554268049 13
1756351827971 0.6312613603861436 14
1756351828205 0.8374172669389973 15
1756351828440 0.5249865055084229 16
1756351828675 0.3560222769561021 17
1756351828911 0.4121384614187738 18
1756351829146 0.41215915524441266 19
1756351829382 0.350970226785411 20
1756351829616 0.35866695188957715 21
1756351829850 0.3603313425960748 22
1756351830086 0.34445083011751587 23
1756351830321 0.30794483617596 24
1756351830718 0.32239300790040387 25
1756351830953 0.24736196385777515 26
1756351831189 0.38545913022497424 27
1756351831424 0.3780407957408739 28
1756351831658 0.4223565446293872 29
1756351831893 0.2768682267354882 30
1756351832127 0.332538032013437 31
1756351832362 0.24595510246961014 32
1756351832597 0.21717015653848648 33
1756351832832 0.22507704697225406 34
1756351833066 0.22149213371069534 35
1756351833300 0.25069935425468115 36
1756351833535 0.2758956687605899 37
1756351833770 0.3092663288116455 38
1756351834171 0.2709254353590634 39
1756351834406 0.20136058589686517 40
1756351834641 0.21010677905186362 41
1756351834879 0.20316319653521414 42
1756351835117 0.22366165693687357 43
1756351835354 0.19815751845421997 44
1756351835590 0.2392195855145869 45
1756351835826 0.17757026786389557 46
1756351836061 0.21859184555385425 47
1756351836298 0.16853085289830746 48
1756351836533 0.19538347747014917 49
1756351836770 0.1573689877986908 50
1756351837006 0.19886360706194586 51
1756351837243 0.22525953987370367 52
1756351837643 0.15420706667329953 53
1756351837880 0.21167107541923938 54
1756351838117 0.21274943908919458 55
1756351838353 0.18175430855025415 56
1756351838589 0.16406936425229776 57
1756351838825 0.1492951168962147 58
1756351839060 0.13541269269974335 59
1756351839296 0.11691320622744768 60
1756351839531 0.15223536786177885 61
1756351839766 0.14135738850935645 62
1756351840002 0.16732524626928827 63
1756351840238 0.1552851089964742 64
1756351840473 0.21138666116673013 65
1756351840709 0.1465453217210977 66
1756351840945 0.12490581818248915 67
1756351841181 0.11510812053861826 68
1756351841581 0.14926357210978217 69
1756351841816 0.1291723261060922 70
1756351842053 0.11604656133314838 71
1756351842290 0.19615127016668735 72
1756351842525 0.10415253674854404 73
1756351842761 0.1862148030296616 74
1756351842997 0.12304172340942465 75
1756351843233 0.11217530492855154 76
1756351843470 0.13155471501143082 77
1756351843706 0.12813519265340723 78
1756351843942 0.12716492233069046 79
1756351844180 0.1390600142919499 80
1756351844581 0.10714027803877126 81
1756351844817 0.10702502403570258 82
1756351845054 0.0919881435516088 83
1756351845291 0.08766253308757492 84
1756351845531 0.12378845558218333 85
1756351845769 0.09468044162444446 86
1756352013602 2.8404151538143987 1
1756352013850 3.3537096251612124 2
1756352014095 2.050611736981765 3
1756352014339 1.586130422094594 4
1756352014585 1.3416556197664011 5
1756352014830 1.300028383731842 6
1756352015076 1.171986310378365 7
1756352015321 0.7892991433972898 8
1756352015817 0.719878402741059 9
1756352016064 0.5822670524534972 10
1756352016309 0.683405990185945 11
1756352016555 0.528759285159733 12
1756352016800 0.3971196736978448 13
1756352017047 0.35932749121085455 14
1756352017292 0.42679649073144665 15
1756352017538 0.4915891101826792 16
1756352017782 0.391852758500887 17
1756352018028 0.40427378986192786 18
1756352018272 0.3096020506775897 19
1756352018681 0.44719331290410913 20
1756352018927 0.4823453717905542 21
1756352019175 0.41222501254600025 22
1756352019421 0.3908420904822972 23
1756352019667 0.5388051809176154 24
1756352019913 0.5187910678594009 25
1756352020159 0.43182895041030384 26
1756352020405 0.46170761986919073 27
1756352020818 0.43323561808337335 28
1756352021065 0.3255611994992132 29
1756352021311 0.251023460989413 30
1756352021558 0.2974628106407497 31
1756352021803 0.35890615375145624 32
1756352022050 0.3101974226858305 33
1756352022296 0.27422989904880524 34
1756352022541 0.28728090744951496 35
1756352022787 0.29680517801771994 36
1756352023197 0.2745577317217122 37
1756352023443 0.2739464167667472 38
1756352023689 0.2703512492387191 39
1756352023934 0.27050718405972357 40
1756352024181 0.25311050272506214 41
1756352024426 0.23382819994636203 42
1756352024673 0.22502282359029935 43
1756352024920 0.16621457591004993 44
1756352025167 0.1812460004635479 45
1756352025411 0.18277505169744077 46
1756352025657 0.18914066805787708 47
1756352025903 0.17518744164186975 48
1756352026312 0.16635628368543542 49
1756352196602 3.0473859050999517 1
1756352196861 1.7682848080344822 2
1756352197118 2.0172448728395547 3
1756352197623 1.5476148102594458 4
1756352197882 1.0371640661488408 5
1756352198140 0.792510475801385 6
1756352198399 0.7733534937319548 7
1756352198657 0.8422976045504861 8
1756352198914 0.6063399729521378 9
1756352199171 0.5194005681120831 10
1756352199426 0.49570074807042663 11
1756352199843 0.5352549708407858 12
1756352200100 0.46736889753652655 13
1756352200358 0.3719639227442119 14
1756352200616 0.4474666688753211 15
1756352200873 0.6246617034725521 16
1756352201130 0.5430997946987981 17
1756352201389 0.4805723169575567 18
1756352201645 0.43523788711299066 19
1756352201901 0.362234414919563 20
1756352202330 0.34446317151836725 21
1756352202588 0.3296601266964622 22
1756352202845 0.5337348036144091 23
1756352203102 0.2781245740859405 24
1756352203358 0.27012964564820996 25
1756352203615 0.22315503008987592 26
1756352203873 0.21771866925384686 27
1756352204129 0.21438807896945788 28
1756352204387 0.21927670324626175 29
1756352204810 0.18142861127853394 30
1756352205068 0.17837689201469006 31
1756352205324 0.235677653680677 32
1756352205583 0.21391299237375674 33
1756352205841 0.19470639494450195 34
1756352206097 0.21105836655782617 35
1756352206355 0.2197032208028047 36
1756352206612 0.3003345747356829 37
1756352206872 0.2309005710741748 38
1756352207294 0.2207929647487143 39
1756352207552 0.20131823744462884 40
1756352207809 0.21322566529978876 41
1756352208069 0.18558381238709326 42
1756352208328 0.20522738086140674 43
1756352208588 0.17995877823104028 44
1756352208846 0.13030515643565552 45
1756352209104 0.15090346109607947 46
1756352209526 0.15250356398198917 47
1756352209783 0.16672502846821494 48
1756352210041 0.16154422060303067 49
1756352210299 0.11616978972502377 50
1756352210557 0.15389997123376184 51
1756352210815 0.13428786105435828 52
1756352211071 0.12442584254819414 53
1756352211327 0.14067813235780466 54
1756352211583 0.13813184428474176 55
1756352212002 0.1266988658386728 56
1756352212259 0.13813097483437994 57
1756352212518 0.10992934538618378 58
1756352212777 0.11029302717550941 59
1756352213036 0.10660869563403337 60
1756352213294 0.12282623868921529 61
1756352213551 0.13687285521756049 62
1756352213808 0.10675025067251662 63
1756352214069 0.11093513570401979 64
1756352214493 0.09656388393562773 65
1756352440781 2.95198722248492 1
1756352441054 3.6707864896110864 2
1756352441324 1.8492235878239507 3
1756352441840 1.3606048109738722 4
1756352442111 0.9605947370114534 5
1756352442381 0.7353781332140383 6
1756352442651 0.9068740554477858 7
1756352442923 0.807878482600917 8
1756352443193 0.6081502631954525 9
1756352443463 0.4913716452277225 10
1756352443735 0.5410686096419459 11
1756352444005 0.5295913426772408 12
1756352444436 0.5055277891781019 13
1756352444706 0.5425955342209857 14
1756352444977 0.6683960440366165 15
1756352445247 0.5417637747267018 16
1756352445516 0.4153993097336396 17
1756352445788 0.35993041357268457 18
1756352446060 0.48319133014782617 19
1756352446330 0.32991280115169025 20
1756352446600 0.3335943435845168 21
1756352447030 0.39446286533189856 22
1756352447300 0.31738536513370014 23
1756352447570 0.304209696209949 24
1756352447842 0.2516933452823888 25
1756352448115 0.23644648945849875 26
1756352448387 0.2217878190719563 27
1756352448660 0.2855153958434644 28
1756352448934 0.26511147488718445 29
1756352449205 0.209339270449203 30
1756352449635 0.2129354036372641 31
1756352449906 0.1996046916946121 32
1756352450177 0.25898467716963397 33
1756352450449 0.26742665469646454 34
1756352450718 0.23627018215863602 35
1756352450989 0.19247598330611768 36
1756352451261 0.2215532731750737 37
1756352451532 0.34250011003535724 38
1756352451803 0.23472635933886404 39
1756352452230 0.1808357199896937 40
1756352452502 0.1818272461709769 41
1756352452773 0.1538104619021001 42
1756352453044 0.18399839103221893 43
1756352453315 0.21331884355648703 44
1756352453586 0.128202004439157 45
1756352453857 0.13902704774037652 46
1756352454129 0.1901434851081475 47
1756352454557 0.19744013249874115 48
1756352454828 0.20532918948194254 49
1756352455100 0.17277164303738138 50
1756352455372 0.13836598671648814 51
1756352455645 0.13784456576990045 52
1756352455917 0.18627376368512277 53
1756352456192 0.14713613138250684 54
1756352456464 0.13535510052157484 55
1756352456737 0.14879996329545975 56
1756352457168 0.14350998288263445 57
1756352457442 0.14783591258784998 58
1756352457714 0.13397267039703287 59
1756352457985 0.136347320092761 60
1756352458257 0.15407886842022772 61
1756352458529 0.15744342719731125 62
1756352458800 0.1764402444595876 63
1756352459071 0.1291078643306442 64
1756352459342 0.2454165051812711 65
1756352459774 0.18014013961605405 66
1756352460047 0.1586836736811244 67
1756352460320 0.12927158517034157 68
1756352460591 0.11329631345427554 69
1756352460864 0.11502243562237076 70
1756352461136 0.12613036904646002 71
1756352461408 0.1213057787845964 72
1756352461681 0.12176349937267926 73
1756352461954 0.11981193138205487 74
1756352462389 0.11178041541058084 75
1756352462661 0.12300799819438354 76
1756352462934 0.1301275948467462 77
1756352463206 0.11069365396447804 78
1756352463479 0.16542982763570288 79
1756352463754 0.11715101742226144 80
1756352464027 0.11094478015666423 81
1756352464300 0.10110098917199217 82
1756352464572 0.08951961913186571 83
1756352465032 0.07120762166121732 84
1756352465306 0.08384145715314409 85
1756352465580 0.10281568133960599 86
1756352643680 3.6081627814666084 1
1756352643966 2.297682280125825 2
1756352644251 1.6335711738337642 3
1756352644536 1.1919901863388394 4
1756352645072 0.9143121514631354 5
1756352645355 0.9961056825907334 6
1756352645637 0.8347883924194004 7
1756352645922 0.7671978849431743 8
1756352646205 0.690907552190449 9
1756352646490 0.5860650137714718 10
1756352646772 0.6282953917980194 11
1756352647220 0.6270985849525618 12
1756352647502 0.6097890307074008 13
1756352647785 0.40612879201121954 14
1756352648068 0.5319652570330579 15
1756352648350 0.45854079982508783 16
1756352648633 0.46002109154410986 17
1756352648916 0.530584058035975 18
1756352649198 0.36138205424599024 19
1756352649480 0.5229805694973987 20
1756352649926 0.626690676678782 21
1756352650210 0.3642736362374347 22
1756352650493 0.2919002421524214 23
1756352650777 0.30180090082728345 24
1756352651061 0.3015362562044807 25
1756352651346 0.32127999222796894 26
1756352651632 0.47928671020528546 27
1756352652091 0.2761966693012611 28
1756352652375 0.22848166525363922 29
1756352652658 0.27947259014067444 30
1756352652942 0.3102790253317874 31
1756352653225 0.3670496260342391 32
1756352653508 0.3351806156013323 33
1756352653792 0.22862170571866242 34
1756352654076 0.2594276556502218 35
1756352654523 0.24989769866932993 36
1756352654809 0.19484838001106097 37
1756352655094 0.1964382901787758 38
1756352655377 0.18896379710539526 39
1756352655661 0.20186091862294986 40
1756352655945 0.21620302258626276 41
1756352656229 0.2022622039784556 42
1756352656513 0.21382821578046549 43
1756352656798 0.1824432051052218 44
1756352657254 0.18313200480264166 45
1756352657539 0.1696756640854089 46
1756352657823 0.24865184918693875 47
1756352658107 0.18222136018068893 48
1756352658390 0.17128193248873172 49
1756352658674 0.23372445158336475 50
1756352658958 0.20625061995309332 51
1756352659241 0.13064970448613167 52
1756352659525 0.18306345605979796 53
1756352659974 0.1808596609727196 54
1756352660258 0.1713854774184849 55
1756352660542 0.18016293450542117 56
1756352660828 0.1874765086433162 57
1756352661115 0.17290253969638245 58
1756352661402 0.1316292985625889 59
1756352661688 0.13174218619647232 60
1756352662167 0.12382445694959682 61
1756352662451 0.13682730528323547 62
1756352662736 0.13154766562840212 63
1756352663020 0.11541622132062912 64
1756352663304 0.13210166715409444 65
1756352663589 0.10256200154190478 66
1756352663873 0.11955264000141103 67
1756352664157 0.1817117629815703 68
1756352664460 0.12975329419840936 69
1756352664745 0.1337905011099318 70
1756352665223 0.14157777247221573 71
1756352665511 0.11140400624793509 72
1756352665801 0.09432845060592113 73
1756352666089 0.1105281584288763 74
1756352666376 0.14288898816575174 75
1756352666663 0.13387467631179353 76
1756352929008 2.609437968419946 1
1756352929310 3.1206690876380256 2
1756352929609 2.00113336417986 3
1756352929908 2.0293823584266333 4
1756352930451 1.5742419051087422 5
1756352930750 1.0313591594281404 6
1756352931050 0.8523476810558982 7
1756352931351 0.62004598327305 8
1756352931651 0.6361522195131882 9
1756352931951 0.5821574187797048 10
1756352932412 0.4878073671589727 11
1756352932712 0.4473793396483297 12
1756352933013 0.4065605389035266 13
1756352933313 0.42297521233558655 14
1756352933615 0.41039231160412665 15
1756352934077 0.3739449563233749 16
1756352934377 0.3884798573411029 17
1756352934675 0.4685804034056871 18
1756352934978 0.9278689869072126 19
1756352935279 0.45242325637651526 20
1756352935581 0.4406570422908534 21
1756352935881 0.3855083487603975 22
1756352936180 0.414942697338436 23
1756352936479 0.3271090226328891 24
1756352936779 0.3122695185568022 25
1756352937079 0.42849584636480914 26
1756352937379 0.2741092061219008 27
1756352937679 0.3021356191324151 28
1756352938158 0.24180017541284146 29
1756352938458 0.2657399780076483 30
1756352938757 0.30050519173559936 31
1756352939057 0.3033932110537653 32
1756352939354 0.3119900563488836 33
1756352939655 0.4251326303119245 34
1756352940131 0.2513192538981852 35
1756352940431 0.21129979160816773 36
1756352940730 0.2306343148583951 37
1756352941030 0.27581997928412066 38
1756352941330 0.20290017095596893 39
1756352941630 0.19756251962288565 40
1756352941930 0.4680924836708152 41
1756352942230 0.4931958039169726 42
1756352942530 0.2683949684319289 43
1756352942829 0.2864214194857556 44
1756352943128 0.25180956105823105 45
1756352943604 0.29372353365887766 46
1756352943904 0.21970548804687418 47
1756352944206 0.22937022959408554 48
1756352944506 0.1967795319531275 49
1756352944807 0.19060335956189944 50
1756352945282 0.1673110509696214 51
1756352945583 0.19423575213421945 52
1756352945882 0.19627810140018878 53
1756352946182 0.2643380974945815 54
1756352946484 0.22180743936611258 55
1756352946784 0.1641211260272109 56
1756352947086 0.14569863838993985 57
1756352947385 0.1904489877431289 58
1756352947684 0.188869200322939 59
1756352947984 0.17304806216903354 60
1756352948284 0.15977459465679916 61
1756352948760 0.1654001286496287 62
1756352949061 0.14751116218774216 63
1756352949362 0.17225182898666547 64
1756352949663 0.12825025763848555 65
1756352949964 0.10871303761782854 66
1756352950437 0.11591259908416997 67
1756352950738 0.1091644890282465 68
1756352951040 0.11710310630176378 69
1756352951340 0.12968954800263696 70
1756352951641 0.14004751408229704 71
1756352951942 0.11890698240503021 72
1756352952243 0.14417142744945444 73
1756352952544 0.11689591521154279 74
1756352952844 0.10369656623705574 75
1756352953144 0.1291133463382721 76
1756352953617 0.11350280435188957 77
1756352953919 0.09525572298013646 78
1756352954220 0.10225323717231335 79
1756352954521 0.10110509395599365 80
1756352954822 0.08866789839837862 81
1756352955123 0.09377412012089854 82
1756352955596 0.0893720095248326 83
1756352955896 0.0870097141874873 84
1756352956196 0.11127088939690072 85
1756352956496 0.12155183858197668 86
1756352956798 0.09677788437060687 87
1756352957100 0.09132740598009981 88
1756352957400 0.08199273373769678 89
1756352957699 0.0824676706739094 90
1756352958000 0.08187781047561894 91
1756352958300 0.11077188943391261 92
1756352958600 0.09437791193309038 93
1756352958903 0.09380822223813637 94
1756352959204 0.07330872264245282 95
1756352959699 0.0865204758618189 96
1756352960001 0.06883047099994577 97
1756352960300 0.06366122173874275 98
1756352960601 0.08108090722690457 99
1756352960903 0.07334093344600304 100
1756352961204 0.08743324568090231 101
1756353174794 2.5234733172084973 1
1756353175109 3.2327439474022905 2
1756353175421 2.3924406119014905 3
1756353175732 1.7061570830967114 4
1756353176046 1.0987585718217103 5
1756353176605 0.9795359152814617 6
1756353176917 1.0251251355461453 7
1756353177229 0.6518169563749562 8
1756353177541 0.6074588713438615 9
1756353177854 0.6035325164380281 10
1756353178167 0.6005763502224631 11
1756353178480 0.4533125667468361 12
1756353178950 0.4625715768855551 13
1756353179263 0.4173868259657984 14
1756353179576 0.36810974711957184 15
1756353179888 0.40935340653295105 16
1756353180203 0.4154001675222231 17
1756353180516 0.3887476888687714 18
1756353180831 0.5136416735856429 19
1756353181330 0.45151831015296606 20
1756353181643 0.392394025688586 21
1756353181957 0.31444821992646094 22
1756353182270 0.35109023101951764 23
1756353182584 0.4637079996907193 24
1756353182896 0.3375570670418117 25
1756353183210 0.35752445200215216 26
1756353183701 0.31168180056240247 27
1756353184014 0.27980896474226663 28
1756353184327 0.29141201014104096 29
1756353184641 0.3098379814106485 30
1756353184953 0.3211845839801042 31
1756353185269 0.21566658402266708 32
1756353185581 0.23963690354772235 33
1756353186067 0.34624946117401123 34
1756353186380 0.2710199278333913 35
1756353186693 0.22715266340452692 36
1756353187006 0.23733532493529114 37
1756353187319 0.20785471958958585 38
1756353187631 0.1790101667461188 39
1756353187943 0.22066737970580225 40
1756353188426 0.3084078965627629 41
1756353188740 0.22629356060339056 42
1756353189055 0.22303585740535156 43
1756353189368 0.4031705169574074 44
1756353189683 0.26320414957792865 45
1756353189996 0.23884447890779245 46
1756353190479 0.20350661809029785 47
1756353190793 0.18028277191131012 48
1756353191109 0.1834455181075179 49
1756353191421 0.18908857003502225 50
1756353191734 0.23175156569999197 51
1756353192046 0.18389410136834436 52
1756353192361 0.1749505792622981 53
1756353192840 0.15168482551108237 54
1756353193152 0.22879576618256775 55
1756353193466 0.17341645742240158 56
1756353193780 0.15870845836141836 57
1756353194094 0.28663001144709793 58
1756353194408 0.21388019265040106 59
1756353194720 0.14843658584615457 60
1756353195204 0.13694329235864722 61
1756353195519 0.1364406797548999 62
1756353195833 0.17439804631082909 63
1756353196145 0.16411314710326816 64
1756353196461 0.12805991101524103 65
1756353196774 0.12209918009846107 66
1756353197088 0.12887166602456052 67
1756353197567 0.11740454302533813 68
1756353197879 0.10148241435704024 69
1756353198192 0.11484542067932046 70
1756353198507 0.11078657760568288 71
1756353198822 0.10675482403324998 72
1756353199135 0.09724932212544524 73
1756353199447 0.11792470563365065 74
1756353199923 0.09179240060241325 75
1756353200237 0.08348385196017183 76
1756353465537 3.105493250100509 1
1756353466123 2.37555149845455 2
1756353466457 1.8084648847579956 3
1756353466788 1.236788087564966 4
1756353467119 0.9216148335000743 5
1756353467449 1.1155017562534497 6
1756353467780 1.0150356344554736 7
1756353468279 0.6952083564322927 8
1756353468610 0.726646812065788 9
1756353468940 0.5345398122849672 10
1756353469292 0.5978733132714811 11
1756353469623 0.6099950036276942 12
1756353470136 0.4569820489572442 13
1756353470465 0.5188106732523959 14
1756353470794 0.41512712641902594 15
1756353471123 0.3673927686784578 16
1756353471453 0.38154152035713196 17
1756353471962 0.6773206423158231 18
1756353472291 0.7007636272388956 19
1756353472619 0.5686692841674971 20
1756353472948 0.4881048798561096 21
1756353473276 0.46159802442011627 22
1756353473779 0.29099718902422034 23
1756353474107 0.2756998027148454 24
1756353474437 0.2597599975440813 25
1756353474765 0.2876189004467881 26
1756353475093 0.3646247944106226 27
1756353475423 0.40766453872556274 28
1756353475930 0.2977739216192909 29
1756353476259 0.3207621438347775 30
1756353476588 0.2300121784210205 31
1756353476918 0.21510744580756064 32
1756353477249 0.2550575661918391 33
1756353477753 0.26866528586201044 34
1756353478084 0.28521601337453595 35
1756353478411 0.2850001979133357 36
1756353478740 0.32719540012919385 37
1756353479067 0.23157888456531192 38
1756353479572 0.20319428165321765 39
1756353479902 0.22731309675652048 40
1756353480232 0.27569504017415253 41
1756353480561 0.22125148967556332 42
1756353480891 0.27246167640323227 43
1756353481399 0.2416960548447526 44
1756353481729 0.23690910345834235 45
1756353482059 0.297249238776124 46
1756353482389 0.22106397346309994 47
1756353482718 0.1857172189199406 48
1756353483047 0.18627508017032043 49
1756353483551 0.21969416024892227 50
1756353483880 0.2504301194263541 51
1756353484210 0.21377257257699966 52
1756353484539 0.2151964135144068 53
1756353484869 0.19859086657347885 54
1756353485373 0.18255049702913864 55
1756353485703 0.1910251071271689 56
1756353486034 0.16500589348699735 57
1756353778307 3.3893088413321455 1
1756353778653 1.7834263340286587 2
1756353779260 1.3201323022013125 3
1756353779602 1.4485752867615742 4
1756353779946 1.0335100059923918 5
1756353780292 0.8973254094953123 6
1756353780636 1.031691446252491 7
1756353781144 0.9446655900582023 8
1756353781488 1.0140611620053002 9
1756353781831 0.6869242074696914 10
1756353782173 0.5884359077267025 11
1756353782514 0.5362499673729357 12
1756353783027 0.5221286675204402 13
1756353783372 0.48570118779721466 14
1756353783717 0.40462567365687824 15
1756353784060 0.42921346296434815 16
1756353784403 0.4531096420858217 17
1756353784747 0.5596247509769772 18
1756353785255 0.6606499863707501 19
1756353785600 0.6061330133158228 20
1756353785945 0.6311963433804719 21
1756353786289 0.4992716752964517 22
1756353786634 0.38394467726997705 23
1756353787141 0.30473131783630536 24
1756353787487 0.3187345881824908 25
1756353787832 0.27480198313360626 26
1756353788176 0.3241161924341451 27
1756353788520 0.44808602397856506 28
1756353789030 0.5154096445311671 29
1756353789376 0.48462081862532574 30
1756353789719 0.4835076241389565 31
1756353790062 0.41568775475025177 32
1756353790406 0.35011923637079156 33
1756353790912 0.2999509407774262 34
1756353791256 0.26976319888363715 35
1756353791602 0.30717192136723065 36
1756353791946 0.264514640621517 37
1756353792290 0.2770216490911401 38
1756353792796 0.25685708419136377 39
1756353793140 0.26593392277541367 40
1756353793486 0.22332434064668158 41
1756353793831 0.23382998355056928 42
1756353794176 0.2320269631302875 43
1756353794520 0.2014338730469994 44
1756353795024 0.19910431264535242 45
1756353795369 0.21186549605234808 46
1756353795712 0.18409438852382742 47
1756353796058 0.20220846877149914 48
1756353796404 0.22759562147700269 49
1756353796911 0.2283563970223717 50
1756353797257 0.23155644276867743 51
1756353797603 0.22596872565538986 52
1756353797947 0.16258156817892325 53
1756353798295 0.2545428956332414 54
1756353798803 0.23729582195696625 55
1756353799149 0.20380628530098044 56
1756353799496 0.26422258887601935 57
1756353799841 0.2114263539728911 58
1756353800186 0.2150008020841557 59
1756353800532 0.19674063797878183 60
1756353801038 0.16917961706285892 61
1756353801383 0.15137218068475308 62
1756353801728 0.16274590660696445 63
1756353802073 0.17339601140955221 64
1756353802419 0.171212709468344 65
1756353802924 0.125848732240822 66
1756353803270 0.16977671598610672 67
1756353803616 0.16586446729691132 68
1756353803961 0.14151427959618362 69
1756353804306 0.12893185958914136 70
1756353804653 0.15990692571453427 71
1756353805158 0.12733038514852524 72
1756353805502 0.11259536509928496 73
1756353805847 0.11602696452451788 74
1756353806192 0.13159947599405827 75
1756353806539 0.1829029205052749 76
1756353807339 0.1258544392235901 77
1756353807690 0.14718614777793054 78
1756354099172 3.9374434274175893 1
1756354099783 4.0323940930159194 2
1756354100142 2.058965105077495 3
1756354100502 1.4361699145773184 4
1756354100861 0.976027444652889 5
1756354101219 0.741487250379894 6
1756354101739 0.6743724631226581 7
1756354102098 0.6874417144319286 8
1756354102455 0.46780484526053717 9
1756354102814 0.60497886719911 10
1756354103174 0.6102295155110566 11
1756354103690 0.4557975569496984 12
1756354104051 0.5095223473465961 13
1756354104408 0.42134936866552936 14
1756354104765 0.4431337493917216 15
1756354105121 0.34253981450329657 16
1756354105637 0.3069589235212492 17
1756354105995 0.4216529428958893 18
1756354106353 0.4685552716255188 19
1756354106712 0.4009076071822125 20
1756354107069 0.4300724711755048 21
1756354107589 0.336180976551512 22
1756354107950 0.369543361922969 23
1756354108309 0.36117625819600147 24
1756354108669 0.26327253035877063 25
1756354109029 0.2820174707018811 26
1756354109555 0.2059684499450352 27
1756354109914 0.252877051739589 28
1756354110274 0.2997113207112188 29
1756354110635 0.36253641157046607 30
1756354110995 0.35312151649723883 31
1756354111515 0.2249312899682833 32
1756354111878 0.346891585899436 33
1756354112239 0.21915984380504358 34
1756354112598 0.21696589109690292 35
1756354112959 0.19350814365822336 36
1756354113504 0.20361247658729553 37
1756354113866 0.16792613429867703 38
1756354114228 0.1801983484107515 39
1756354114588 0.16337970806204755 40
1756354114948 0.18117152057264163 41
1756354115503 0.20036455146644427 42
1756354115865 0.22604470181724298 43
1756354116224 0.24838176790786826 44
1756354116584 0.20442591121663217 45
1756354116945 0.20739870583233627 46
1756354117486 0.24124031999836798 47
1756354117845 0.16093696524267612 48
1756354118205 0.14608800589390422 49
1756354118566 0.11369326726897903 50
1756354118925 0.14033668682627057 51
1756354119484 0.14874221254949985 52
1756354119845 0.10502820202837819 53
1756354120206 0.14701835827335066 54
1756354120567 0.14805561044941778 55
1756354120928 0.13029187286029692 56
1756354121471 0.14072471306375836 57
1756354121832 0.137381574705891 58
1756354122193 0.11453402836037718 59
1756354122556 0.1001125953119734 60
1756354122916 0.09851090124119884 61
1756354123453 0.11126802829296692 62
1756354123816 0.16783601499122122 63
1756354124176 0.22922655810480533 64
1756354124535 0.14660026942906174 65
1756354124893 0.13569260906914007 66
1756354125427 0.20556038747663083 67
1756354125786 0.12035898183998854 68
1756354126145 0.10850526408656784 69
1756354126506 0.09148192081762396 70
1756354126868 0.10178960794987886 71
1756354127403 0.0941053868635841 72
1756354127763 0.09019125269159027 73
1756354128121 0.08839325185703195 74
1756354128481 0.10999267078612161 75
1756354128843 0.10524093797025473 76
1756354129375 0.11132805098010146 77
1756354129735 0.11298282460673996 78
1756354130095 0.06873121922430785 79
1756354130457 0.09500408869074739 80
1756354130818 0.08917951867308306 81
1756354131349 0.08632679380800413 82
1756354131710 0.07145182205283124 83
1756354132069 0.10134344564183899 84
1756354132428 0.07191141419436621 85
1756354132788 0.07462931570151578 86
1756354133150 0.07271123288766197 87
1756354133681 0.08522786613067855 88
1756354134041 0.06908580385472464 89
1756354134403 0.07493140669944494 90
1756354134763 0.06767926980619846 91
1756354135124 0.07283118237619815 92
1756354135656 0.06623171367075133 93
1756354136018 0.06056385762665583 94
1756354136379 0.08584833404292232 95
1756354136744 0.07452037800913272 96
1756354137109 0.06309174414238204 97
1756354137674 0.06473346103144728 98
1756354138035 0.061583785583143646 99
1756354138397 0.057525460324857544 100
1756354138759 0.07010159771079602 101
1756354139121 0.08004715941522432 102
1756354139673 0.060849152910320656 103
1756354140035 0.053911456676281014 104
1756354140397 0.07268263342911782 105
1756354140760 0.05635869098098382 106
1756354141124 0.05621438700219859 107
1756354383737 2.5564979366634204 1
1756354384364 1.9764520214951558 2
1756354384738 1.540575973365618 3
1756354385112 1.9501595885857292 4
1756354385486 1.1358086570449497 5
1756354386022 1.2133287735607312 6
1756354386397 1.076968270799388 7
1756354386769 0.5571231906828673 8
1756354387141 0.6838065917077272 9
1756354387677 0.7186610944893049 10
1756354388050 0.7322748303413391 11
1756354388422 0.6709541393362958 12
1756354388794 0.6273996726326321 13
1756354389328 0.5735499534917914 14
1756354389699 0.502944898346196 15
1756354390074 0.45947992283365 16
1756354390455 0.4448069709798564 17
1756354390986 0.402883310680804 18
1756354391366 0.5016553712927777 19
1756354391743 0.44772496560345526 20
1756354392116 0.3678122389575709 21
1756354392653 0.38133512955644855 22
1756354393027 0.3163869024618812 23
1756354393401 0.5720590994409893 24
1756354393774 0.3294507738040841 25
1756354394146 0.32066367437010224 26
1756354394681 0.2802194499451181 27
1756354395057 0.2936456553314043 28
1756354395431 0.29980276492626773 29
1756354395805 0.32381846399410913 30
1756354396336 0.3566641833471215 31
1756354396711 0.307995213114697 32
1756354397085 0.27145819333584414 33
1756354397459 0.23087250020193018 34
1756354397992 0.2680151183968005 35
1756354398368 0.22102515529031339 36
1756354398743 0.2240590702580369 37
1756354399115 0.2090850579349891 38
1756354399648 0.18183221246885217 39
1756354400023 0.2411862955145214 40
1756354400399 0.2782790278610976 41
1756354400773 0.23290887410226074 42
1756354401306 0.2605633191440416 43
1756354401683 0.2592367769583412 44
1756354402061 0.20822408957325894 45
1756354402436 0.16346093915078952 46
1756354402971 0.1701578173948371 47
1756354403345 0.16106507506059564 48
1756354403719 0.23323987910281058 49
1756354404092 0.1885703423100969 50
1756354404628 0.19027436621811078 51
1756354405003 0.15711684233468512 52
1756354405378 0.15763421227102695 53
1756354405752 0.1466776385255482 54
1756354406288 0.12389136397320291 55
1756354406664 0.197691907701285 56
1756354407039 0.19227579786725665 57
1756354407415 0.1865405420894208 58
1756354407951 0.14357861099035843 59
1756354408327 0.16731355436470197 60
1756354408701 0.1830821095601372 61
1756354409076 0.18674667341553647 62
1756354620852 2.5325569717780403 1
1756354621506 2.975276029628256 2
1756354621895 1.8665060167727263 3
1756354622284 1.758626217427461 4
1756354622675 1.4934599321821462 5
1756354623240 1.082371623619743 6
1756354623633 0.9020942890125773 7
1756354624023 0.6175714614598647 8
1756354624412 0.7824906719767529 9
1756354624964 0.62289367162663 10
1756354625353 0.48962210701859515 11
1756354625745 0.5379707294961681 12
1756354626137 0.5857098743967388 13
1756354626527 0.41290402023688605 14
1756354627084 0.4565882430128429 15
1756354627474 0.7008200009231982 16
1756354627867 0.5029659485039504 17
1756354628257 0.3926925723967345 18
1756354628814 0.29697930812835693 19
1756354629203 0.39045856569124304 20
1756354629601 0.3796969697527263 21
1756354629994 0.4468177323756011 22
1756354630553 0.350785700523335 23
1756354630943 0.39439700479092804 24
1756354631335 0.31461724315000617 25
1756354631729 0.28173192039779993 26
1756354632287 0.2949818016394325 27
1756354632678 0.32898926540561346 28
1756354633069 0.31921518172906793 29
1756354633459 0.3470695057640905 30
1756354634010 0.41395802471948706 31
1756354634400 0.42154184048590454 32
1756354634790 0.3811043857232384 33
1756354635177 0.33049945079762005 34
1756354635730 0.41357715557450836 35
1756354636121 0.3430273863284484 36
1756354636511 0.3688531317140745 37
1756354636902 0.24477458259333734 38
1756354637452 0.27276072942692303 39
1756354637842 0.2929159746221874 40
1756354638232 0.2260248217245807 41
1756354638621 0.22067474444275317 42
1756354639169 0.18062094890553018 43
1756354639558 0.2144868166550346 44
1756354639948 0.1892823240031367 45
1756354640338 0.21998096710961798 46
1756354640887 0.20917482479758884 47
1756354641278 0.15352642665738644 48
1756354641667 0.16582693580700003 49
1756354642057 0.14977166089026825 50
1756354642446 0.16302839925755624 51
1756354642995 0.1785035635466161 52
1756354643386 0.1427594186819118 53
1756354643776 0.14162792913291766 54
1756354644326 0.14322837701310281 55
1756354644717 0.15699545812347662 56
1756354645105 0.15701387563477393 57
1756354645495 0.1721552607157956 58
1756354645886 0.17622023011031357 59
1756354646432 0.14065915540508603 60
1756354646822 0.17147112864515054 61
1756354647212 0.13747257998456125 62
1756354647601 0.14598485762658325 63
1756354648149 0.12752796547568362 64
1756354648539 0.14154005439385123 65
1756354648928 0.14603841952655627 66
1756354649317 0.12834907809029455 67
1756354649867 0.12397048185053079 68
1756354650259 0.12564449190445567 69
1756354650652 0.11384477709298549 70
1756354651202 0.13745577244654947 71
1756354651592 0.1509984767307406 72
1756354651982 0.12069259357193242 73
1756354652377 0.14369715507263722 74
1756354652770 0.1854291117709616 75
1756354653320 0.15161706588190535 76
1756354653710 0.16259857688261115 77
1756354654100 0.16150478176448657 78
1756354654491 0.10981803371206574 79
1756354655045 0.11747922748327255 80
1756354655437 0.11014819631110066 81
1756354655826 0.1172518270171207 82
1756355024676 3.2637527870095293 1
1756355025085 3.6147134044896 2
1756355025487 2.618065621541894 3
1756355025889 1.1668298659117327 4
1756355026289 1.0917918008306753 5
1756355026956 0.9022210603174956 6
1756355027360 0.6832116051860477 7
1756355027763 0.9611466915711112 8
1756355028164 0.7621297719685928 9
1756355028744 0.5155429205168849 10
1756355029147 0.6083743844343268 11
1756355029552 0.5106356001418569 12
1756355029953 0.6389170431572458 13
1756355030523 0.60581023602382 14
1756355030924 0.5411455067603484 15
1756355031326 0.4569617224776227 16
1756355031728 0.4406065882548042 17
1756355032298 0.5903540985739749 18
1756355032698 0.43176483978395874 19
1756355033100 0.4814494109672049 20
1756355033500 0.5857446012289628 21
1756355034065 0.4910935966864876 22
1756355034468 0.34748888922774274 23
1756355034868 0.45904224009617517 24
1756355035269 0.3608663315358369 25
1756355035838 0.28863193094730377 26
1756355036241 0.3364194586225178 27
1756355036644 0.3833449709674586 28
1756355037047 0.285091458455376 29
1756355037449 0.23901447427013647 30
1756355038017 0.3044472887464192 31
1756355038422 0.29644669462805207 32
1756355038827 0.3850488999615545 33
1756355039395 0.28932375104531 34
1756355039799 0.31878526703171106 35
1756355040202 0.31428660646728845 36
1756355040605 0.23528858630553537 37
1756355041007 0.2641056228591048 38
1756355041574 0.23353666779787643 39
1756355041980 0.24840473739997201 40
1756355042384 0.2731608780829803 41
1756355042792 0.2185582531535107 42
1756355043363 0.23232652182164398 43
1756355043770 0.1832973872837813 44
1756355044175 0.28061247228280356 45
1756355044580 0.2608254163161568 46
1756355045175 0.22063837589129157 47
1756355045582 0.20372028389702673 48
1756355045987 0.1923919579257136 49
1756355046585 0.20641324928273325 50
1756355046989 0.17538157235021176 51
1756355047395 0.17854340925164844 52
1756355047801 0.16741362602814383 53
1756355048206 0.15596024854027707 54
1756355048796 0.15395584087009015 55
1756355049201 0.17801678990540298 56
1756355049607 0.1756997788729875 57
1756355050014 0.20971773726784665 58
1756355050594 0.21849545253359753 59
1756355050999 0.16328985049672748 60
1756355051402 0.1540479336095893 61
1756355051809 0.16587595868369806 62
1756355052389 0.16645941786144092 63
1756355052792 0.16945140096156494 64
1756355291390 2.732159702674202 1
1756355291808 2.064878500026205 2
1756355292222 2.668458420297374 3
1756355292649 1.6547468252803967 4
1756355293326 1.1136263945828313 5
1756355293739 0.7690921633139901 6
1756355294151 0.7173998433610668 7
1756355294563 0.6716874954493149 8
1756355295142 0.6849860976571622 9
1756355295562 0.8268009579699972 10
1756355295976 0.593501578854478 11
1756355296389 0.554537229563879 12
1756355296969 0.5117965457232102 13
1756355297385 0.4589193800221319 14
1756355297798 0.5673714863217395 15
1756355298216 0.5788194187309431 16
1756355298811 0.4475653093794118 17
1756355299225 0.38763838293759717 18
1756355299638 0.41284247649752576 19
1756355300051 0.38563918289930926 20
1756355300641 0.3606116914230844 21
1756355301055 0.33623856889164966 22
1756355301468 0.38407394419545715 23
1756355301881 0.2930093640866487 24
1756355302466 0.2759911013038262 25
1756355302880 0.22668618806030438 26
1756355303294 0.30568820108538086 27
1756355303707 0.28330227732658386 28
1756355304291 0.22826131530430005 29
1756355304706 0.23030158521040625 30
1756355305118 0.2396273029887158 31
1756355305533 0.23087199356244958 32
1756355305948 0.21667706026979114 33
1756355306535 0.22916869171287702 34
1756355306949 0.24578022956848145 35
1756355307365 0.20279507727726645 36
1756355307779 0.20612830960232278 37
1756355308193 0.313881773987542 38
1756355308780 0.2571414650782295 39
1756355309197 0.35210655888785486 40
1756355309613 0.25520238733809925 41
1756355310032 0.20855584967395532 42
1756355310635 0.21383289798446323 43
1756355311052 0.17333362850805986 44
1756355311468 0.2115687397511109 45
1756355311883 0.20068048815364423 46
1756355312470 0.20292397458916125 47
1756355312886 0.17690286882545636 48
1756355313301 0.16276993667301926 49
1756355313891 0.1873352896908055 50
1756355314305 0.21616474895373636 51
1756355314729 0.15583902824184168 52
1756355315143 0.18042469445777976 53
1756355315737 0.18587946211514267 54
1756355316151 0.2398580215547396 55
1756355316569 0.1903557016149811 56
1756355316982 0.2244991831805395 57
1756355317584 0.1369829556864241 58
1756355318000 0.18328242165886838 59
1756355318418 0.13518246473825496 60
1756355319018 0.14172236653773682 61
1756355319438 0.18277549192957257 62
1756355598557 2.865589924480604 1
1756355599260 2.1341349767602007 2
1756355599690 1.879553548667742 3
1756355600119 1.549781884836114 4
1756355600548 1.176913707152657 5
1756355601158 0.9385619228300841 6
1756355601585 1.3850325112757476 7
1756355602012 1.047076325053754 8
1756355602612 0.6581393558046092 9
1756355603041 0.5782875975836879 10
1756355603467 0.49443394723145856 11
1756355603896 0.621438961961995 12
1756355604498 0.5307052692641383 13
1756355604925 0.42720710842505744 14
1756355605352 0.3988796420719313 15
1756355605954 0.481613102166549 16
1756355606381 0.46416796614294464 17
1756355606809 0.3814609873553981 18
1756355607236 0.28679463008175726 19
1756355607832 0.25638296617114026 20
1756355608261 0.3213083387716957 21
1756355608689 0.2584319250739139 22
1756355609279 0.25625479415706964 23
1756355609705 0.3423491373010304 24
1756355610132 0.2720686356010644 25
1756355610560 0.3018370128196219 26
1756355611154 0.36614293443120044 27
1756355611586 0.23861876518830008 28
1756355612014 0.37965935922187305 29
1756355612612 0.3169986178045687 30
1756355613041 0.2499601063521012 31
1756355613467 0.25674976505663083 32
1756355613894 0.2761425706355468 33
1756355614486 0.2027679610511531 34
1756355614914 0.19420529124529465 35
1756355615340 0.2804806718359823 36
1756355615926 0.23076245707014334 37
1756355616354 0.19491520038117532 38
1756355616779 0.16088552481454352 39
1756355617369 0.1989754036716793 40
1756355617797 0.21513072887192602 41
1756355618226 0.2311213327490765 42
1756355618654 0.23418010382548624 43
1756355619239 0.2794186103603114 44
1756355619665 0.2774279033360274 45
1756355620095 0.24991848805676337 46
1756355620679 0.17302467058534207 47
1756355621106 0.17253720565982486 48
1756355621534 0.18335321739963864 49
1756355621962 0.17521071174870367 50
1756355622558 0.17509924231663995 51
1756355622987 0.14644037446250086 52
1756355623416 0.1278398895393247 53
1756355624009 0.143240535226853 54
1756355624437 0.20525706332662833 55
1756355624867 0.1556747115176657 56
1756355625292 0.1246893456124741 57
1756355625881 0.17376416792040286 58
1756355626312 0.2040638690409453 59
1756355626741 0.14829781165589456 60
1756355627327 0.1749965441615685 61
1756355627757 0.12266123748343924 62
1756355628186 0.15676945383134094 63
1756355628614 0.16217113901739535 64
1756355629203 0.1196993260603884 65
1756355629632 0.10777432358135348 66
1756355630059 0.14126483512961346 67
1756355630646 0.14839360830576523 68
1756355631079 0.11207281036869339 69
1756355631509 0.10266378084602563 70
1756355631936 0.09462496119996776 71
1756355632525 0.1406131189154542 72
1756355632960 0.14398438613051953 73
1756355633389 0.10084440688724103 74
1756355633986 0.08295652254120163 75
1756355634418 0.09495763950373816 76
1756355634847 0.07915511451985525 77
1756355635437 0.09991857312295747 78
1756355635868 0.11336295177107272 79
1756355636299 0.0924295321430849 80
1756355636727 0.09543857156582501 81
1756355637319 0.09416559014631354 82
1756355637749 0.09092781417395758 83
1756355638178 0.07130333716454713 84
1756355638789 0.1049106104866318 85
1756355639219 0.09899868897121886 86
1756355639647 0.07562446302693823 87
1756355640078 0.07755009003955385 88
1756355640679 0.07697543639527715 89
1756355641109 0.0863012809144414 90
1756355641539 0.08902076307846152 91
1756355642136 0.09136158065951389 92
1756355642565 0.08466303826350233 93
1756355642993 0.06909528317982735 94
1756355863367 2.7440135815869207 1
1756355863809 3.21347193095995 2
1756355864247 1.872072854767675 3
1756355864952 1.3195654257484104 4
1756355865393 1.1328414704488672 5
1756355865836 0.8508041695408199 6
1756355866456 0.8825655735057333 7
1756355866896 0.7229744338470957 8
1756355867513 0.7776656163775403 9
1756355867955 0.5014046501854191 10
1756355868397 0.4219368385232013 11
1756355869013 0.6640214440615281 12
1756355869453 0.5994972722685855 13
1756355869892 0.48513024008792377 14
1756355870511 0.4211007013269093 15
1756355870952 0.3508199693068214 16
1756355871391 0.37739885630814923 17
1756355872008 0.3080509577108466 18
1756355872447 0.3243990385014078 19
1756355872889 0.2281008155449577 20
1756355873508 0.2480191769807235 21
1756355873955 0.26275020578633185 22
1756355874396 0.33536751114803814 23
1756355875026 0.23763244663891586 24
1756355875466 0.2666488283354303 25
1756355875903 0.25858524247356085 26
1756355876533 0.2688456572916197 27
1756355876974 0.2926530079997104 28
1756355877414 0.2281061300764913 29
1756355878034 0.22867598481800244 30
1756355878474 0.28448196630115097 31
1756355878914 0.2238502946236859 32
1756355879534 0.1932924840113391 33
1756355879975 0.16901345615801605 34
1756355880600 0.16713658785042557 35
1756355881039 0.1792221276656441 36
1756355881479 0.21350819293571555 37
1756355882102 0.1869198634572651 38
1756355882543 0.18247812176528183 39
1756355882983 0.16253601047007935 40
1756355883601 0.21555758980305298 41
1756355884041 0.1308316232069679 42
1756355884482 0.20567227057788684 43
1756355885100 0.2094223936614783 44
1756355885541 0.18236408253078876 45
1756355885982 0.16322398671637411 46
1756355886589 0.1192965957781543 47
1756355887036 0.1441442057814287 48
1756355887478 0.16094872533627178 49
1756355888105 0.12194169264124788 50
1756355888550 0.12334852568481279 51
1756355888992 0.13208720411943353 52
1756355889614 0.11902190874452176 53
1756355890056 0.16668085348994835 54
1756355890500 0.12310664874056111 55
1756355891119 0.1445736237194227 56
1756355891561 0.17931064639402472 57
1756355892177 0.16849455723296042 58
1756355892619 0.14933879705874817 59
1756355893062 0.1122551596035128 60
1756355893675 0.09639070652749228 61
1756355894120 0.12722174888071808 62
1756355894563 0.12394697316314864 63
1756355895184 0.14395641673194326 64
1756355895624 0.10954173751499342 65
1756355896065 0.18982462309624837 66
1756355896688 0.12387410810460216 67
1756355897130 0.10712842789033185 68
1756355897569 0.07737667469874672 69
1756355898185 0.10840600534625676 70
1756355898626 0.11755026034686876 71
1756355899067 0.10289200913646947 72
1756355899678 0.07530595945275348 73
1756355900122 0.08749123192999674 74
1756355900567 0.0977606255075206 75
1756355901187 0.09342408018267673 76
1756355901629 0.0903890939510387 77
1756355902072 0.11463418991669365 78
1756355902682 0.09126321890431902 79
1756355903125 0.08903554503036581 80
1756355903733 0.08820784027161806 81
1756355904175 0.09423547302899153 82
1756355904616 0.09606731051336163 83
1756355905222 0.10885858325206715 84
1756355905665 0.08747778606155644 85
1756355906106 0.06240387852101222 86
1756355906709 0.06987013198111368 87
1756355907149 0.07149933780664983 88
1756355907588 0.06269191488947558 89
1756355908189 0.0626258530208598 90
1756355908628 0.06264488577194836 91
1756355909069 0.07502844654347586 92
1756355909668 0.07891841402844242 93
1756356205719 2.682446541993514 1
1756356206172 2.42946776099827 2
1756356206884 2.0060909649600154 3
1756356207336 1.6281734704971313 4
1756356207788 1.022398572901021 5
1756356208416 0.9033441750899606 6
1756356208869 0.7439815700054169 7
1756356209322 0.6150076376355212 8
1756356209975 0.6719713042611661 9
1756356210427 0.5506646944128949 10
1756356210882 0.5428739786148071 11
1756356211517 0.421175888699034 12
1756356211973 0.5065450849740402 13
1756356212618 0.6499232734027116 14
1756356213074 0.6387221890947093 15
1756356213528 0.4846271568018457 16
1756356214198 0.40525049359902093 17
1756356214652 0.33872164137985394 18
1756356215105 0.37317344805468683 19
1756356215743 0.3759083223083745 20
1756356216196 0.3009142010756161 21
1756356216651 0.2886743778767793 22
1756356217298 0.32576751514621405 23
1756356217758 0.29380674336267554 24
1756356218215 0.24396585446336996 25
1756356218869 0.2160291347814643 26
1756356219322 0.1793088721840278 27
1756356219778 0.18062797771847766 28
1756356220422 0.20410946497450705 29
1756356220876 0.1970682979925819 30
1756356221538 0.23339456400793532 31
1756356221994 0.259505864718686 32
1756356222448 0.18840648233890533 33
1756356223102 0.3745618767064551 34
1756356223555 0.2738523638766745 35
1756356224006 0.22077090908651767 36
1756356224658 0.20142478754986887 37
1756356225110 0.1846314801470093 38
1756356225567 0.19179562382076099 39
1756356226211 0.2334311183380044 40
1756356226668 0.1639829984177714 41
1756356227125 0.2179898266559062 42
1756356227785 0.2170328808867413 43
1756356228242 0.16449895339167636 44
1756356228912 0.17357050465500873 45
1756356229367 0.18091431924182436 46
1756356229821 0.18103777779185254 47
1756356230275 0.16004817284967587 48
1756356230915 0.14818122821009677 49
1756356231369 0.1816068453633267 50
1756356231997 0.2742437801283339 51
1756356232452 0.19320435433284097 52
1756356232906 0.15078390098136404 53
1756356233562 0.17086669478727423 54
1756356234016 0.13661490348370178 55
1756356234468 0.12533828243613243 56
1756356235108 0.11100470064126927 57
1756356235562 0.15048726097397183 58
1756356236012 0.16561404356490012 59
1756356236648 0.17392470460870993 60
1756356237104 0.11040144300331241 61
1756356237559 0.09132197369699893 62
1756356238193 0.1131035552724548 63
1756356238650 0.10367515553598819 64
1756356239104 0.10449153444041377 65
1756356239732 0.13324489250131274 66
1756356240186 0.18251201737186182 67
1756356240817 0.0887988098775563 68
1756356241272 0.07282847392818202 69
1756356241727 0.09373002969052481 70
1756356242182 0.09305061723874963 71
1756356242812 0.1050297396014566 72
1756356564403 2.4611534320789836 1
1756356564873 2.244954339835955 2
1756356565598 2.0266038127567456 3
1756356566066 1.650293176588805 4
1756356566535 0.9001578559046206 5
1756356567172 0.7025060718474181 6
1756356567641 0.8652971678453943 7
1756356568278 0.7708953165489695 8
1756356568747 0.945672649404277 9
1756356569212 0.6266362822574117 10
1756356569849 0.6807750722636348 11
1756356570318 0.5945463750673377 12
1756356570784 0.5083320438861847 13
1756356571421 0.43148382979890576 14
1756356571885 0.4238555178694103 15
1756356572352 0.33062532349773077 16
1756356572990 0.32953287207561993 17
1756356573457 0.3138610092194184 18
1756356573924 0.3951473806215369 19
1756356574559 0.33072086909542914 20
1756356575025 0.2874277570973272 21
1756356575491 0.45523915342662646 22
1756356576128 0.2785890581815139 23
1756356576594 0.2584485596288805 24
1756356577061 0.2709919191572977 25
1756356577698 0.2941545280425445 26
1756356578165 0.25304519773825357 27
1756356578631 0.24806529380705045 28
1756356579269 0.22027010017115137 29
1756356579736 0.2302318221848944 30
1756356580203 0.24168535743070685 31
1756356580842 0.22614853764357773 32
1756356581310 0.22517884781827097 33
1756356581948 0.3216208617972291 34
1756356582419 0.2062945751392323 35
1756356582884 0.17689788179553073 36
1756356583547 0.17862021210400955 37
1756356584012 0.1611961858428043 38
1756356584479 0.16016420074131177 39
1756356585147 0.23194544373647027 40
1756356585616 0.21709341653015302 41
1756356586085 0.1483472650465758 42
1756356586754 0.15615081608943318 43
1756356587224 0.23958883175383444 44
1756356587692 0.17911737914318623 45
1756356588386 0.1487768412284229 46
1756356588852 0.1377978830233864 47
1756356589321 0.15067674867484881 48
1756356589988 0.1602110606820687 49
1756356590454 0.16927061359519543 50
1756356590927 0.16032383558542831 51
1756356591593 0.16093844434489374 52
1756356592062 0.1915294340123301 53
1756356592530 0.20916917304629865 54
1756356593193 0.17769216260184412 55
1756356593660 0.12363796713559524 56
1756356594129 0.12664339869566585 57
1756356594783 0.11692854000822357 58
1756356595251 0.13259624203909998 59
1756356595955 0.13948334235212076 60
1756356596424 0.12833056080600488 61
1756356596892 0.12522490468362105 62
1756356597540 0.11520959064364433 63
1756356598009 0.11688064557054768 64
1756356598478 0.14225379183240558 65
1756356599119 0.12109859158163486 66
1756356599586 0.11914930606017941 67
1756356600053 0.09475513369492862 68
1756356600693 0.10987278300782909 69
1756356601162 0.09424696992272916 70
1756356601628 0.09682031575104465 71
1756356602260 0.09496891660534817 72
1756356602726 0.0966445691883564 73
1756356603195 0.09155087901846222 74
1756356603823 0.07474726568097653 75
1756356604292 0.09362859424689542 76
1756356604760 0.08908184310016425 77
1756356605389 0.12859765181074972 78
1756356605855 0.10531107611630273 79
1756356606322 0.11697985491027003 80
1756356606950 0.0907244564074537 81
1756356607418 0.09593597054481506 82
1756356608042 0.0984026277842729 83
1756356608508 0.10663568552421487 84
1756356608975 0.10344839047478593 85
1756356609604 0.08591077460542969 86
1756357014593 3.294151275054268 1
1756357015086 2.3142147090124046 2
1756357015820 1.6144693934399148 3
1756357016307 1.2622638020826422 4
1756357016794 1.261932064657626 5
1756357017438 1.183823269346486 6
1756357017921 0.7807913668777632 7
1756357018565 0.9121705552806025 8
1756357019051 0.8276181817054749 9
1756357019536 0.7532300210517385 10
1756357020178 0.6422442936378977 11
1756357020664 0.5344579297563304 12
1756357021150 0.43997717098049494 13
1756357021790 0.3892903425123381 14
1756357022276 0.4609727865975836 15
1756357022920 0.4972986727952957 16
1756357023404 0.46745084809220355 17
1756357023889 0.35409278454987897 18
1756357024528 0.2703623259844987 19
1756357025015 0.3194379340047422 20
1756357025658 0.3677594843118087 21
1756357026140 0.4524094242116679 22
1756357026624 0.37445630651453266 23
1756357027265 0.31712874381438544 24
1756357027755 0.34379004719464673 25
1756357028241 0.2979057068410127 26
1756357028914 0.2950192761162053 27
1756357029399 0.25467618716799695 28
1756357029886 0.27136013235734857 29
1756357030543 0.24818108587161355 30
1756357031030 0.2753487948490226 31
1756357031687 0.32486271728640015 32
1756357032173 0.2817477619518404 33
1756357032658 0.33909723033075745 34
1756357033310 0.31931316722994263 35
1756357033798 0.2744054859099181 36
1756357034286 0.24763415203146313 37
1756357034935 0.1800320167904315 38
1756357035421 0.16924181418574374 39
1756357036072 0.1841949221232663 40
1756357036560 0.1473487000102582 41
1756357037044 0.16150470013203827 42
1756357037698 0.1604923246347386 43
1756357038185 0.1448459944323353 44
1756357038836 0.1569048175993173 45
1756357039324 0.24154978893373324 46
1756357039811 0.16823917206214822 47
1756357040459 0.15840542543193567 48
1756357040946 0.1661159075472666 49
1756357041433 0.25053177709164826 50
1756357042081 0.14981192317993744 51
1756357042569 0.17555348315964575 52
1756357043215 0.15616351333649262 53
1756357043699 0.1701502505203952 54
1756357044187 0.1510142832994461 55
1756357044832 0.16077024165702902 56
1756357045320 0.15407615284556928 57
1756357045808 0.19610085824261542 58
1756357046452 0.29454316457976465 59
1756357046942 0.3156167080868845 60
1756357047429 0.14516007673481238 61
1756357048094 0.15680688490038333 62
1756357048581 0.14117931056281793 63
1756357049238 0.2434436546071716 64
1756357049725 0.1701412703032079 65
1756357050209 0.14929922232809273 66
1756357050864 0.11810547761295152 67
1756357051351 0.14637867750033087 68
1756357051838 0.15377236611169318 69
1756357052492 0.1237168039964593 70
1756357052979 0.12089891164847043 71
1756357053631 0.14167012031311574 72
1756357054118 0.16919524611338324 73
1756357054606 0.16068769230142885 74
1756357055258 0.09955595790044121 75
1756357055744 0.10155598722074342 76
1756357056393 0.10453861725071202 77
1756357056883 0.10434001927142558 78
1756357057371 0.10691914529256198 79
1756357058016 0.09779828835440718 80
1756357058505 0.11927575909573099 81
1756357058995 0.12485143428911334 82
1756357059643 0.10031526357583377 83
1756357060134 0.08592562328862108 84
1756357060781 0.07894201042211574 85
1756357061269 0.09011896586288577 86
1756357061756 0.10061093435987183 87
1756357062399 0.11142593606010727 88
1756357062884 0.08401056184716847 89
1756357063375 0.0807194317812505 90
1756357064021 0.08214412095106166 91
1756357064509 0.11141726763352104 92
1756357064996 0.08421837635662245 93
1756357065642 0.08542603497271953 94
1756357066130 0.0698259924740895 95
1756357370492 3.167565143626669 1
1756357371238 2.5622744119685628 2
1756357371736 1.433303019274836 3
1756357372391 0.9246839297854382 4
1756357372889 1.0357024229091147 5
1756357373388 0.83597422812296 6
1756357374039 0.974248696928439 7
1756357374537 1.3130473403827003 8
1756357375193 1.0268021316631981 9
1756357375690 0.7159709723099418 10
1756357376344 0.7119900467603103 11
1756357376843 0.5780020900394606 12
1756357377341 0.4533600541560546 13
1756357377996 0.4824679766012275 14
1756357378496 0.4560487263876459 15
1756357379150 0.6246251878531083 16
1756357379650 0.454942405871723 17
1756357380299 0.3581341783637586 18
1756357380797 0.4242173750763354 19
1756357381296 0.42854702602262085 20
1756357381963 0.42151143369467364 21
1756357382475 0.32776420336702594 22
1756357383169 0.29515939627004706 23
1756357383671 0.35487488236116327 24
1756357384180 0.32466376022152277 25
1756357384874 0.2243397838395575 26
1756357385377 0.24653455355893011 27
1756357386074 0.27448310541070026 28
1756357386576 0.248364122989385 29
1756357387252 0.22129132825395334 30
1756357387752 0.3109750993873762 31
1756357388259 0.31362433083679364 32
1756357388929 0.36534388428149017 33
1756357389429 0.3480772220570108 34
1756357390096 0.32059355825185776 35
1756357390597 0.4354551648316176 36
