1756349434075 0.0006771277250172403 1
1756349434090 0.0013542554500344806 2
1756349434103 0.002031383175051721 3
1756349434115 0.002708510900068961 4
1756349434128 0.0033856386250862014 5
1756349434141 0.0033856386250862014 6
1756349434153 0.00338524143439019 7
1756349434166 0.0033840500487450423 8
1756349434179 0.003382065027391902 9
1756349434191 0.0033792873021076587 10
1756349434204 0.003375718176767569 11
1756349434217 0.0033713593267332125 12
1756349434230 0.0033662127980660693 13
1756349434243 0.003360281006567091 14
1756349434256 0.0033535667366427157 15
1756349434269 0.0033460731399978555 16
1756349434282 0.003337803734156472 17
1756349434295 0.003328762400810439 18
1756349434308 0.00331895338399746 19
1756349434321 0.0033083812881089017 20
1756349434335 0.0032970510757284704 21
1756349434348 0.00328496806530276 22
1756349434361 0.0032721379286447493 23
1756349434374 0.003258566688271433 24
1756349434387 0.003244260714576824 25
1756349434400 0.003229226722841671 26
1756349434414 0.003213471770081274 27
1756349434427 0.0031970032517328953 28
1756349434441 0.0031798288981843142 29
1756349434454 0.0031619567711451482 30
1756349434467 0.0031433952598626577 31
1756349434481 0.0031241530771837986 32
1756349434494 0.003104239255465377 33
1756349434508 0.0030836631423342277 34
1756349434521 0.0030624343962993975 35
1756349434535 0.0030405629822184053 36
1756349434548 0.003018059166619698 37
1756349434562 0.0029949335128835013 38
1756349434576 0.0029711968762833264 39
1756349434589 0.0029468603988904623 40
1756349434603 0.0029219355043438437 41
1756349434617 0.002896433892487749 42
1756349434630 0.002870367533879847 43
1756349434644 0.0028437486641721696 44
1756349434658 0.00281658977836765 45
1756349434672 0.002788903624954915 46
1756349434686 0.0027607031999240996 47
1756349434699 0.0027320017406664704 48
1756349434713 0.002702812719760749 49
1756349434727 0.0026731498386490253 50
1756349434741 0.002643027021205248 51
1756349434755 0.0026124584071993023 52
1756349434769 0.0025814583456597482 53
1756349434783 0.0025500413881383256 54
1756349434797 0.0025182222818794023 55
1756349434811 0.0024860159628975554 56
1756349434825 0.0024534375489665508 57
1756349434840 0.0024205023325229954 58
1756349434854 0.002387225773488012 59
1756349434868 0.0023536234920102884 60
1756349520712 0.000518311125775726 1
1756349520741 0.001036622251551452 2
1756349520768 0.0015549333773271783 3
1756349520795 0.002073244503102904 4
1756349520822 0.0025915556288786303 5
1756349520850 0.0025915556288786303 6
1756349520877 0.002591251624608968 7
1756349520904 0.002590339754500789 8
1756349520931 0.0025888204465895374 9
1756349520958 0.002586694414044367 10
1756349520985 0.0025839626548333798 11
1756349521012 0.0025806264512551755 12
1756349521040 0.002576687369336936 13
1756349521067 0.002572147258099323 14
1756349521094 0.002567008248688545 15
1756349521121 0.0025612727533759856 16
1756349521149 0.002554943464425874 17
1756349521176 0.0025480233528315274 18
1756349521204 0.0025405156669207514 19
1756349521231 0.002532423930831067 20
1756349521258 0.0025237519428554615 21
1756349521286 0.002514503773659459 22
1756349521313 0.0025046837643703302 23
1756349521341 0.002494296524539353 24
1756349521368 0.002483346929978068 25
1756349521396 0.0024718401204695565 26
1756349521424 0.0024597814973558044 27
1756349521451 0.0024471767210022884 28
1756349521479 0.002434031708140983 29
1756349521507 0.0024203526290930196 30
1756349521534 0.0024061459048723135 31
1756349521562 0.002391418204171516 32
1756349521590 0.002376176440231701 33
1756349521618 0.002360427767597267 34
1756349521646 0.002344179578757561 35
1756349521674 0.0023274395006768157 36
1756349521702 0.002310215391214024 37
1756349521730 0.0022925153354344274 38
1756349521758 0.0022743476418143546 39
1756349521786 0.0022557208383411904 40
1756349521814 0.0022366436685103035 41
1756349521843 0.002217125087220816 42
1756349521871 0.0021971742565721378 43
1756349521899 0.0021768005415632413 44
1756349521927 0.0021560135056966933 45
1756349521956 0.002134822906489509 46
1756349521984 0.0021132386908929357 47
1756349522012 0.002091270990623313 48
1756349522040 0.002068930117406207 49
1756349522069 0.0020462265581360417 50
1756349522097 0.002023170969953515 51
1756349522125 0.0019997741752430893 52
1756349522153 0.0019760471565529237 53
1756349522181 0.0019520010514396222 54
1756349522210 0.0019276471472402213 55
1756349522238 0.0019029968757738667 56
1756349522266 0.0018780618079756752 57
1756349522295 0.0018528536484652886 58
1756349614302 0.000739631264756316 1
1756349614342 0.001479262529512632 2
1756349614381 0.002218893794268948 3
1756349614419 0.002958525059025264 4
1756349614457 0.00369815632378158 5
1756349614495 0.00369815632378158 6
1756349614534 0.003697722458823997 7
1756349614572 0.003696421067609179 8
1756349614611 0.0036942527610153205 9
1756349614649 0.003691218556854128 10
1756349614687 0.003687319879393061 11
1756349614726 0.0036825585586867694 12
1756349614764 0.0036769368297180625 13
1756349614803 0.0036704573313487963 14
1756349614842 0.0036631231050811845 15
1756349614880 0.003654937593630104 16
1756349614919 0.0036459046393070675 17
1756349614958 0.003636028482216633 18
1756349614996 0.003625313758266078 19
1756349615035 0.0036137654969892884 20
1756349615074 0.003601389119185873 21
1756349615112 0.003588190434376621 22
1756349615151 0.0035741756380764877 23
1756349615190 0.003559351308886399 24
1756349615229 0.003543724405405225 25
1756349615268 0.00352730226296339 26
1756349615307 0.003510092590179638 27
1756349615346 0.003492103465342575 28
1756349615386 0.0034733433326186924 29
1756349615425 0.0034538209980886367 30
1756349615464 0.003433545625613605 31
1756349615503 0.0034125267325337883 32
1756349615542 0.0033907741852008963 33
1756349615582 0.0033682981943468546 34
1756349615621 0.003345109310290842 35
1756349615660 0.0033212184179869327 36
1756349615700 0.003296636731914655 37
1756349615740 0.0032713757908148693 38
1756349615779 0.003245447452273437 39
1756349615818 0.003218863887155225 40
1756349615858 0.0031916375738910508 41
1756349615897 0.00316378129262026 42
1756349615936 0.003135308119191676 43
1756349615976 0.003106231419025746 44
1756349616015 0.0030765648408407602 45
1756349616055 0.0030463223102460885 46
1756349616094 0.0030155180232054437 47
1756349616134 0.0029841664393732404 48
1756349616173 0.002952282275307178 49
1756349616213 0.0029198804975602267 50
1756349616253 0.0028869763156552696 51
1756349616292 0.0028535851749456934 52
1756349616332 0.0028197227493652784 53
1756349616372 0.002785404934070788 54
1756349616411 0.0027506478379807258 55
1756349616451 0.002715467776213739 56
1756349616491 0.0026798812624302414 57
1756349616531 0.0026439050010808327 58
1756349616571 0.0026075558795651656 59
1756349616611 0.0025708509603049323 60
1756349616651 0.0025338074727346968 61
1756349616691 0.0024964428052143286 62
1756349616731 0.002458774496866839 63
1756349616771 0.002420820229345447 64
1756349616811 0.002382597818533742 65
1756349616851 0.0023441252061828345 66
1756349616891 0.0023054204514894303 67
1756349616931 0.0022665017226187714 68
1756349616971 0.002227387288176426 69
1756349617011 0.002188095508632932 70
1756349617051 0.002148644827705322 71
1756349617092 0.0021090537636995685 72
1756349617132 0.0020693409008180155 73
1756349617172 0.002029524880435884 74
1756349617212 0.0019896243923509323 75
1756349617252 0.0019496581660103946 76
1756349617293 0.0019096449617193034 77
1756349617333 0.0018696035618343257 78
1756349617374 0.0018295527619472541 79
1756349617414 0.0017895113620622766 80
1756349617454 0.0017494981577711852 81
1756349617494 0.001709531931430648 82
1756349617535 0.0016696314433456965 83
1756349617575 0.0016298154229635645 84
1756349617616 0.0015901025600820115 85
1756349617657 0.0015505114960762578 86
1756349776459 0.0008879532820172418 1
1756349776518 0.0017759065640344837 2
1756349776576 0.0026638598460517254 3
1756349776633 0.0035518131280689673 4
1756349776691 0.004439766410086209 5
1756349776749 0.004439766410086209 6
1756349776807 0.0044392455164502425 7
1756349776865 0.00443768308005188 8
1756349776923 0.004435079834304957 9
1756349776981 0.004431437001183347 10
1756349777039 0.004426756290647352 11
1756349777096 0.004421039899841048 12
1756349777155 0.004414290512060933 13
1756349777212 0.004406511295496379 14
1756349777270 0.0043977059017424715 15
1756349777328 0.004387878464085935 16
1756349777386 0.0043770335955649504 17
1756349777444 0.004365176386803781 18
1756349777502 0.00435231240362321 19
1756349777560 0.004338447684427923 20
1756349777618 0.004323588737372055 21
1756349777676 0.004307742537304241 22
1756349777734 0.004290916522493593 23
1756349777792 0.004273118591138145 24
1756349777850 0.004254357097657408 25
1756349777908 0.004234640848770775 26
1756349777966 0.004213979099363608 27
1756349778024 0.0041923815481429635 28
1756349778083 0.0041698583330849765 29
1756349778141 0.004146420026676054 30
1756349778199 0.0041220776309501125 31
1756349778257 0.004096842572324176 32
1756349778315 0.004070726696234768 33
1756349778374 0.004043742261577625 34
1756349778432 0.004015901934953315 35
1756349778490 0.003987218784721487 36
1756349778548 0.003957706274866533 37
1756349778606 0.003927378258677537 38
1756349778665 0.0038962489722454896 39
1756349778723 0.003864333027780808 40
1756349778782 0.003831645406754308 41
1756349778840 0.003798201452864842 42
1756349778898 0.003764016864836904 43
1756349778957 0.00372910768905159 44
1756349779015 0.003693490312014359 45
1756349779074 0.0036571814526631455 46
1756349779132 0.0036201981545204223 47
1756349779191 0.003582557777692903 48
1756349779250 0.003544277990722641 49
1756349779309 0.003505376762293344 50
1756349779368 0.0034658723527958035 51
1756349779427 0.003425783305756394 52
1756349779486 0.003385128439132672 53
1756349779544 0.0033439268364801452 54
1756349779603 0.0033021978379943833 55
1756349779662 0.003259961031432648 56
1756349779992 0.003217236242919326 57
1756349780052 0.003174043527639464 58
1756349780111 0.0031304031604247893 59
1756349780171 0.0030863356262366207 60
1756349780231 0.0030418616105501468 61
1756349780291 0.002997001989644583 62
1756349780351 0.002951777820803762 63
1756349780411 0.0029062103324317625 64
1756349780471 0.002860320914088213 65
1756349780531 0.002814131106447944 66
1756349780591 0.0027676625911897137 67
1756349780651 0.0027209371808187403 68
1756349780711 0.0026739768084278266 69
1756349780771 0.0026268035174018783 70
1756349780830 0.002579439451070653 71
1756349780890 0.0025319068423145896 72
1756349780950 0.0024842280031286135 73
1756349781010 0.0024364253141487915 74
1756349781070 0.002388521214146773 75
1756349781130 0.0023405381894969443 76
1756349781190 0.0022924987636212357 77
1756349781250 0.0022444254864165338 78
1756349781310 0.0021963409236696757 79
1756349781372 0.002148267646464974 80
1756349781432 0.002100228220589265 81
1756349781492 0.002052245195939437 82
1756349781552 0.002004341095937419 83
1756349781611 0.001956538406957596 84
1756349781671 0.0019088595677716196 85
1756349781731 0.001861326959015557 86
1756349781792 0.0018139628926843309 87
1756349781853 0.0017667896016583832 88
1756349781913 0.0017198292292674694 89
1756349781973 0.0016731038188964962 90
1756349782034 0.0016266353036382662 91
1756349782094 0.0015804454959979966 92
1756349782154 0.0015345560776544467 93
1756349782215 0.0014889885892824476 94
1756349782275 0.0014437644204416268 95
1756349782335 0.0013989047995360627 96
1756349884473 0.0010883831829749213 1
1756349884547 0.0021767663659498426 2
1756349884617 0.003265149548924764 3
1756349884689 0.004353532731899685 4
1756349884760 0.005441915914874606 5
1756349884831 0.005441915914874606 6
1756349884902 0.005441277418001365 7
1756349884973 0.005439362227094604 8
1756349885044 0.005436171241152525 9
1756349885115 0.005431705958036575 10
1756349885186 0.0054259684737683455 11
1756349885257 0.005418961481545689 12
1756349885328 0.0054106882704785236 13
1756349885399 0.005401152724044911 14
1756349885469 0.005390359318268137 15
1756349885540 0.005378313119615649 16
1756349885611 0.005365019782620833 17
1756349885681 0.0053504855472287565 18
1756349885753 0.0053347172358671115 19
1756349885824 0.005317722250243743 20
1756349885895 0.005299508567872252 21
1756349885966 0.005280084738327328 22
1756349886037 0.005259459879231533 23
1756349886109 0.005237643671975468 24
1756349886180 0.0052146463571732735 25
1756349886252 0.005190478729855658 26
1756349886323 0.005165152134402662 27
1756349886395 0.005138678459218561 28
1756349886466 0.005111070131151401 29
1756349886538 0.005082340109659791 30
1756349886609 0.005052501880729678 31
1756349886681 0.00502156945054397 32
1756349886752 0.004989557338907983 33
1756349886824 0.004956480572433784 34
1756349886895 0.004922354677486638 35
1756349886966 0.004887195672896879 36
1756349887038 0.004851020062440595 37
1756349887110 0.004813844827092702 38
1756349887181 0.0047756874170559955 39
1756349887253 0.0047365657435699685 40
1756349887324 0.0046964981705031935 41
1756349887395 0.004655503505733259 42
1756349887467 0.004613600992318271 43
1756349887539 0.004570810299464085 44
1756349887610 0.004527151513291511 45
1756349887682 0.004482645127407798 46
1756349887754 0.004437312033286861 47
1756349887826 0.0043911735104627345 48
1756349887898 0.004344251216540883 49
1756349887970 0.0042965671770320265 50
1756349888042 0.004248143775013285 51
1756349888114 0.0041990037406214676 52
1756349888186 0.004149170140383464 53
1756349888260 0.004098666366388716 54
1756349888332 0.004047516125308886 55
1756349888404 0.003995743427269847 56
1756349888476 0.003943372574581234 57
1756350089729 0.000789443184962195 1
1756350089826 0.00157888636992439 2
1756350089920 0.0023683295548865848 3
1756350090014 0.00315777273984878 4
1756350090108 0.003947215924810975 5
1756350090202 0.003947215924810975 6
1756350090296 0.0039467528324624536 7
1756350090390 0.003945363772794273 8
1756350090484 0.003943049397836547 9
1756350090578 0.003939810793966052 10
1756350090672 0.00393564948139628 11
1756350090766 0.0039305674134638416 12
1756350090861 0.003924566975711566 13
1756350090955 0.003917650984768714 14
1756350091049 0.00390982268702884 15
1756350091143 0.0039010857571259313 16
1756350091237 0.0038914442962095057 17
1756350091332 0.0038809028300195274 18
1756350091427 0.0038694663067620027 19
1756350091522 0.003857140094786272 20
1756350091617 0.0038439299800650853 21
1756350091712 0.003829842163478645 22
1756350091807 0.0038148832579038873 23
1756350091902 0.0037990602851103723 24
1756350091997 0.0037823806724642355 25
1756350092092 0.0037648522494417545 26
1756350092187 0.0037464832439541625 27
1756350092282 0.003727282278485432 28
1756350092376 0.003707258366044848 29
1756350092470 0.0036864209059362654 30
1756350092565 0.003664779679346039 31
1756350092660 0.0036423448447516957 32
1756350092756 0.0036191269331535022 33
1756350092851 0.003595136843131178 34
1756350092947 0.0035703858357280516 35
1756350093042 0.003544885529165088 36
1756350093137 0.003518647893387246 37
1756350093233 0.0034916852444447405 38
1756350093329 0.0034640102387118385 39
1756350093425 0.0034356358669459085 40
1756350093520 0.0034065754481895057 41
1756350093616 0.003376842623518362 42
1756350093711 0.0033464513496382093 43
1756350093807 0.0033154158923334493 44
1756350093903 0.0032837508197707354 45
1756350093998 0.003251470995660618 46
1756350094094 0.0032185915722804607 47
1756350094189 0.003185127983361899 48
1756350094285 0.0031510959368461905 49
1756350094380 0.0031165114075108386 50
1756350094476 0.003081390629470973 51
1756350094572 0.0030457500885589903 52
1756350094668 0.0030096065145860398 53
1756350094764 0.0029729768734889817 54
1756350094860 0.002935878359366512 55
1756350094956 0.002898328386408182 56
1756350095051 0.002860344580720111 57
1756350095147 0.002821944772051218 58
1756350095244 0.002783146985423874 59
1756350095340 0.0027439694326728773 60
1756350095436 0.002704430503896752 61
1756350095793 0.002664548758825359 62
1756350095890 0.002624342918107888 63
1756350095986 0.002583831854525308 64
1756350096083 0.0025430345841314125 65
1756350096179 0.002501970257326604 66
1756350096276 0.002460658149868625 67
1756350223780 0.0006173383074484143 1
1756350223890 0.0012346766148968286 2
1756350223999 0.001852014922345243 3
1756350224107 0.0024693532297936573 4
1756350224214 0.0030866915372420715 5
1756350224323 0.0030866915372420715 6
1756350224430 0.003086329428283003 7
1756350224537 0.0030852432713811767 8
1756350224645 0.0030834335763829483 9
1756350224753 0.0030809011927663207 10
1756350224861 0.0030776473092422 11
1756350224968 0.0030736734531964073 12
1756350225076 0.0030689814899727197 13
1756350225184 0.003063573621997268 14
1756350225292 0.0030574523877447113 15
1756350225400 0.0030506206605466673 16
1756350225508 0.0030430816472429567 17
1756350225616 0.0030348388866763016 18
1756350225725 0.003025896248031178 19
1756350225833 0.0030162579290176064 20
1756350225941 0.0030059284539007284 21
1756350226049 0.0029949126713771 22
1756350226157 0.002983215752298694 23
1756350226265 0.0029708431872456803 24
1756350226374 0.0029578007839491283 25
1756350226482 0.002944094664564833 26
1756350226590 0.0029297312627995504 27
1756350226697 0.002914717320890992 28
1756350226805 0.0028990598864429905 29
1756350226913 0.002882766309117327 30
1756350227020 0.0028658442371837702 31
1756350227130 0.0028483016139299482 32
1756350227239 0.0028301466739327377 33
1756350227347 0.002811387939192923 34
1756350227455 0.0027920342151349317 35
1756350227564 0.0027720945864735365 36
1756350227672 0.002751578412949452 37
1756350227780 0.0027304953249358372 38
1756350227888 0.002708855218917758 39
1756350227996 0.0026866682528467406 40
1756350228105 0.0026639448413725854 41
1756350228214 0.002640695650954693 42
1756350228322 0.002616931594855182 43
1756350228430 0.002592663828016163 44
1756350228539 0.002567903741823565 45
1756350228647 0.0025426629587599714 46
1756350228756 0.002516953326948983 47
1756350228864 0.0024907869145936582 48
1756350228975 0.0024641760043116563 49
1756350229084 0.0024371330873697236 50
1756350229192 0.002409670857820244 51
1756350229300 0.002381802206542602 52
1756350229409 0.002353540215192152 53
1756350229518 0.0023248981500596363 54
1756350229626 0.0022958894558439383 55
1756350229735 0.0022665277493410844 56
1756350229843 0.0022368268130524695 57
1756350229952 0.002206800588715292 58
1756350230061 0.0021764631707582513 59
1756350230169 0.0021458287996855645 60
1756350230278 0.0021149118553924185 61
1756350230387 0.0020837268504149886 62
1756350230495 0.002052288423118199 63
1756350230604 0.0020206113308244137 64
1756350230714 0.001988710442886294 65
1756350231106 0.0019566007337070606 66
1756350231217 0.0019242972757114545 67
1756350231326 0.0018918152322706789 68
1756350349239 0.0009038511400050941 1
1756350349365 0.0018077022800101882 2
1756350349484 0.0027115534200152823 3
1756350349602 0.0036154045600203764 4
1756350349720 0.0045192557000254705 5
1756350349839 0.0045192557000254705 6
1756350349958 0.004518725478242575 7
1756350350076 0.004517135061782094 8
1756350350195 0.004514485197191817 9
1756350350315 0.004510777128328685 10
1756350350434 0.004506012595774917 11
1756350350553 0.004500193836020975 12
1756350350673 0.004493323580415748 13
1756350350792 0.004485405053884445 14
1756350350911 0.004476441973414799 15
1756350351029 0.004466438546312306 16
1756350351149 0.004455399468225291 17
1756350351267 0.004443329920940754 18
1756350351386 0.004430235569952026 19
1756350351505 0.0044161225617993525 20
1756350351624 0.00440099752118469 21
1756350351744 0.004384867547862045 22
1756350351863 0.004367740213304819 23
1756350351982 0.00434962355715173 24
1756350352101 0.004330526083432971 25
1756350352221 0.004310456756578391 26
1756350352340 0.00428942499720955 27
1756350352460 0.004267440677717646 28
1756350352579 0.004244514117629372 29
1756350352699 0.0042206560787628935 30
1756350352818 0.004195877760176205 31
1756350352938 0.004170190792910247 32
1756350353058 0.004143607234529252 33
1756350353177 0.0041161395634608765 34
1756350353297 0.0040878006731387756 35
1756350353416 0.004058603865950373 36
1756350353535 0.0040285628469926725 37
1756350353655 0.003997691717639026 38
1756350354467 0.0039660049689198935 39
1756350354589 0.003933517474720702 40
1756350354709 0.003900244484799976 41
1756350354831 0.0038662016176310467 42
1756350354951 0.003831404853070676 43
1756350355071 0.0037958705248580487 44
1756350355193 0.0037596153129476526 45
1756350355313 0.003722656235679638 46
1756350355433 0.003685010641791345 47
1756350355554 0.0036466962022737356 48
1756350355679 0.0036077309020765605 49
1756350355800 0.0035681330316661526 50
1756350355920 0.003527921178439811 51
1756350356040 0.0034871142180007996 52
1756350356161 0.0034457313052980694 53
1756350356282 0.003403791865634844 54
1756350356401 0.003361315585550309 55
1756350356530 0.00331832240357867 56
1756350356652 0.0032748325008899294 57
1756350356773 0.0032308662918167598 58
1756350356895 0.0031864444142719398 59
1756350357015 0.003141587720060835 60
1756350357136 0.003096317265093476 61
1756350357256 0.0030506542995008333 62
1756350357376 0.003004620257659919 63
1756350357496 0.002958236748132408 64
1756350357615 0.0029115255435214924 65
1756350357735 0.002864508570251734 66
1756350357855 0.0028172078982767147 67
1756350357975 0.0027696457307193148 68
1756350358095 0.0027218443934494754 69
1756350358216 0.0026738263246043497 70
1756350358336 0.002625614064055751 71
1756350358457 0.0025772302428298463 72
1756350358577 0.0025286975724840666 73
1756350358697 0.002480038834446209 74
1756350358818 0.002431276869320744 75
1756350358938 0.0023824345661673458 76
1756350504495 0.0006733566495955247 1
1756350504631 0.0013467132991910494 2
1756350504762 0.002020069948786574 3
1756350504894 0.0026934265983820987 4
1756350505027 0.0033667832479776236 5
1756350505161 0.003366783247977623 6
1756350505292 0.0033663882699787964 7
1756350505424 0.0033652035213865544 8
1756350505556 0.0033632295583265817 9
1756350505687 0.003360467307384961 10
1756350505820 0.0033569180651732314 11
1756350505951 0.003352583497719753 12
1756350506082 0.0033474656396876665 13
1756350506214 0.0033415668934198145 14
1756350506346 0.003334890027811071 15
1756350506479 0.003327438177008615 16
1756350506613 0.003319214838940744 17
1756350506746 0.003310223873674937 18
1756350506879 0.0033004695016059207 19
1756350507011 0.0032899563014746015 20
1756350507143 0.003278689208218785 21
1756350507276 0.003266673510656698 22
1756350507408 0.0032539148490043934 23
1756350507540 0.0032404192122282155 24
1756350507672 0.003226192935233549 25
1756350507805 0.003211242695891196 26
1756350507937 0.0031955755119027506 27
1756350508069 0.003179198737506467 28
1756350508202 0.003162120060025149 29
1756350508335 0.0031443474962576886 30
1756350508470 0.003125889388715953 31
1756350508602 0.0031067544017087715 32
1756350508734 0.0030869515172748776 33
1756350508868 0.0030664900309667043 34
1756350509000 0.003045379547487014 35
1756350509133 0.003023629976180414 36
1756350509266 0.0030012515263818694 37
1756350509401 0.0029782547026244027 38
1756350509535 0.0029546502997082223 39
1756350509669 0.0029304493976336026 40
1756350509803 0.0029056633563998855 41
1756350509936 0.0028803038106730546 42
1756350510070 0.0028543826643243745 43
1756350510202 0.0028279120848426677 44
1756350510335 0.002800904497622847 45
1756350510467 0.002773372580133385 46
1756350510600 0.002745329255965461 47
1756350510734 0.002716787688766576 48
1756350510867 0.0026877612760614843 49
1756350511000 0.0026582636429633424 50
1756350511132 0.002628308635778027 51
1756350511264 0.0025979103155046226 52
1756350511397 0.002567082951235136 53
1756350511532 0.002535841013456524 54
1756350511666 0.002504199167258194 55
1756350511800 0.0024721722654481486 56
1756350511935 0.0024397753415810208 57
1756350512070 0.002407023602901264 58
1756350512204 0.0023739324232048106 59
1756350512338 0.0023405173356225517 60
1756350512473 0.0023067940253290236 61
1756350512606 0.002272778322179724 62
1756350512740 0.002238486193280517 63
1756350512874 0.0022039337354926086 64
1756350513007 0.002169137167876617 65
1756350513418 0.002134112824079281 66
1756350648149 0.001057190024256256 1
1756350648297 0.002114380048512512 2
1756350648441 0.003171570072768768 3
1756350648586 0.004228760097025024 4
1756350648732 0.00528595012128128 5
1756350648878 0.00528595012128128 6
1756350649023 0.005285329927148441 7
1756350649169 0.00528346963587151 8
1756350649314 0.005280370120678582 9
1756350649459 0.005276032836494373 10
1756350649604 0.005270459819257269 11
1756350649749 0.005263653684963646 12
1756350649894 0.0052556176284399144 13
1756350650040 0.005246355421842854 14
1756350650186 0.0052358714128889474 15
1756350650331 0.005224170522813547 16
1756350650476 0.005211258244060824 17
1756350650622 0.005197140637705598 18
1756350650767 0.005181824330608239 19
1756350650913 0.005165316512304 20
1756350651316 0.005147624931628211 21
1756350651462 0.005128757893078956 22
1756350651609 0.005108724252918898 23
1756350651755 0.005087533415018126 24
1756350651901 0.005065195326439926 25
1756350652047 0.005041720472771607 26
1756350652194 0.005017119873202511 27
1756350652339 0.004991405075351568 28
1756350652485 0.004964588149846798 29
1756350652631 0.00493668168465931 30
1756350652776 0.004907698779194458 31
1756350652922 0.004877653038142926 32
1756350653067 0.004846558565094636 33
1756350653212 0.004814429955918465 34
1756350653357 0.004781282291910888 35
1756350653503 0.004747131132716754 36
1756350653648 0.004711992509025533 37
1756350653793 0.004675882915046438 38
1756350653938 0.004638819300765989 39
1756350654084 0.004600819063991613 40
1756350654230 0.004561900042185047 41
1756350654376 0.004522080504089365 42
1756350654521 0.004481379141153556 43
1756350654667 0.00443981505875868 44
1756350654813 0.004397407767249737 45
1756350654959 0.004354177172777419 46
1756350655106 0.0043101435679540985 47
1756350655251 0.0042653276223283835 48
1756350655398 0.00421975037268276 49
1756350655544 0.004173433213158835 50
1756350655690 0.0041263978852148445 51
1756350655836 0.0040786664674201285 52
1756350655982 0.004030261365091362 53
1756350656128 0.0039812052997754074 54
1756350656448 0.003931521298583736 55
1756350656595 0.003881232683383406 56
1756350656741 0.003830363059849688 57
1756350656890 0.0037789363063854657 58
1756350657036 0.003726976562912622 59
1756350657183 0.003674508219540661 60
1756350657330 0.003621555905117896 61
1756350657476 0.003568144475670567 62
1756350657622 0.0035142990027353283 63
1756350657769 0.0034600447615905677 64
1756350894544 0.0019820099960459643 1
1756350894713 0.003964019992091929 2
1756350894880 0.005946029988137893 3
1756350895047 0.007928039984183857 4
1756350895214 0.009910049980229822 5
1756350895381 0.009910049980229822 6
1756350895549 0.009908887143397173 7
1756350895965 0.009905399178739439 8
1756350896134 0.009899587723521059 9
1756350896302 0.00989145550566214 10
1756350896470 0.009881006342457971 11
1756350896638 0.009868245138787176 12
1756350896806 0.009853177884809328 13
1756350896973 0.009835811653153156 14
1756350897142 0.009816154595596621 15
1756350897310 0.009794215939240446 16
1756350897478 0.009770005982176866 17
1756350897646 0.009743536088655668 18
1756350897813 0.009714818683749777 19
1756350897980 0.009683867247522862 20
1756350898147 0.009650696308701748 21
1756350898315 0.009615321437856577 22
1756350898637 0.009577759240091915 23
1756350898805 0.009538027347252252 24
1756350898974 0.009496144409645546 25
1756350899143 0.009452130087288695 26
1756350899312 0.009406005040679042 27
1756350899480 0.009357790921096258 28
1756350899649 0.009307510360439152 29
1756350899817 0.00925518696060216 30
1756350899985 0.009200845282396525 31
1756350900154 0.009144510834021355 32
1756350900321 0.00908621005908997 33
1756350900489 0.009025970324217172 34
1756350900657 0.008963819906173242 35
1756350900824 0.008899787978610714 36
1756350900991 0.008833904598370147 37
1756350901160 0.008766200691371323 38
1756350901488 0.0086967080380965 39
1756350901658 0.00862545925867253 40
1756350901826 0.00855248779755883 41
1756350901995 0.00847782790784844 42
1756350902164 0.008401514635189466 43
1756350902333 0.008323583801334529 44
1756350902502 0.00824407198732588 45
1756350902671 0.008163016516324124 46
1756350902840 0.008080455436088575 47
1756350903009 0.007996427501117488 48
1756350903178 0.007910972154456544 49
1756350903347 0.007824129509184125 50
1756350903515 0.007735940329582086 51
1756350903684 0.007646446012000824 52
1756350903853 0.007555688565427686 53
1756350904180 0.007463710591767763 54
1756350904349 0.007370555265846407 55
1756351127311 0.0010219450043279278 1
1756351127498 0.0020438900086558556 2
1756351127684 0.003065835012983783 3
1756351127869 0.004087780017311711 4
1756351128054 0.005109725021639639 5
1756351128238 0.005109725021639639 6
1756351128423 0.005109125507696839 7
1756351128607 0.005107327247282662 8
1756351128792 0.005104331084507672 9
1756351128976 0.0051001384257825496 10
1756351129421 0.0050947512391579155 11
1756351129606 0.005088172053400521 12
1756351129790 0.005080403956806236 13
1756351129975 0.005071450595750384 14
1756351130159 0.005061316172976128 15
1756351130343 0.005050005445621683 16
1756351130528 0.005037523722987294 17
1756351130712 0.005023876864043028 18
1756351130896 0.005009071274678559 19
1756351131081 0.004993113904696209 20
1756351131267 0.004976012244548687 21
1756351131454 0.00495777432182304 22
1756351131638 0.004938408697472475 23
1756351131823 0.004917924461797808 24
1756351132007 0.004896331230180443 25
1756351132192 0.004873639138568877 26
1756351132548 0.004849858838720841 27
1756351132736 0.004825001493203327 28
1756351132922 0.00479907877015283 29
1756351133109 0.004772102837798284 30
1756351133295 0.004744086358749243 31
1756351133480 0.004715042484052002 32
1756351133665 0.004684984847016443 33
1756351133850 0.004653927556816514 34
1756351134037 0.004621885191867314 35
1756351134223 0.004588872792981935 36
1756351134410 0.004554905856311243 37
1756351134595 0.004520000326069924 38
1756351134780 0.004484172587052205 39
1756351134966 0.0044474394569407666 40
1756351135153 0.004409818178412458 41
1756351135338 0.004371326411044514 42
1756351135701 0.0043319822230250835 43
1756351135887 0.004291804082671942 44
1756351136073 0.004250810849763401 45
1756351136259 0.004209021766685444 46
1756351136445 0.004166456449399279 47
1756351136632 0.004123134878233528 48
1756351136818 0.004079077388505383 49
1756351137004 0.004034304660975121 50
1756351137189 0.00398883771213848 51
1756351137375 0.003942697884361434 52
1756351137561 0.0038959068358619935 53
1756351137747 0.0038484865305437573 54
1756351137933 0.003800459227685972 55
1756351138117 0.0037518474714949316 56
1756351138302 0.003702674080521643 57
1756351138658 0.0036529621369507034 58
1756351138845 0.003602734975765436 59
1756351139032 0.003552016173794353 60
1756351139218 0.0035008295386441 61
1756351139405 0.0034491990975240696 62
1756351139591 0.0033971490859679375 63
1756351139777 0.0033447039364574043 64
1756351139964 0.0032918882669534916 65
1756351140151 0.003238726869340775 66
1756351140337 0.0031852446977899736 67
1756351140525 0.0031314668570443654 68
1756351140711 0.0030774185906355194 69
1756351140896 0.0030231252690338835 70
1756351141082 0.0029686123777397833 71
1756351141268 0.002913905505320428 72
1756351141455 0.002859030331398537 73
1756351141826 0.002804012614598222 74
1756351142014 0.0027488781804537845 75
1756351142202 0.0026936529092871113 76
1756351142389 0.0026383627240593494 77
1756351142576 0.0025830335782025594 78
1756351142764 0.00252769144343708 79
1756351142951 0.0024723622975802904 80
1756351143138 0.0024170721123525276 81
1756351143324 0.0023618468411858553 82
1756351143511 0.0023067124070414178 83
1756351143699 0.002251694690241102 84
1756351143887 0.002196819516319211 85
1756351144074 0.002142112643899856 86
1756351144261 0.0020875997526057554 87
1756351144449 0.00203330643100412 88
1756351144637 0.001979258164595274 89
1756351145002 0.0019254803238496654 90
1756351145190 0.0018719981522988646 91
1756351145376 0.0018188367546861474 92
1756351317910 0.0011730658690639266 1
1756351318112 0.002346131738127853 2
1756351318311 0.00351919760719178 3
1756351318510 0.004692263476255706 4
1756351318709 0.005865329345319633 5
1756351318907 0.005865329345319633 6
1756351319105 0.005864641160460829 7
1756351319562 0.005862576928921117 8
1756351319761 0.005859137619658962 9
1756351319960 0.005854324847099761 10
1756351320160 0.005848140870378028 11
1756351320359 0.005840588592276943 12
1756351320557 0.005831671557865776 13
1756351320756 0.005821393952835819 14
1756351320954 0.005809760601535602 15
1756351321154 0.0057967769647063305 16
1756351321353 0.005782449136918586 17
1756351321552 0.005766783843711514 18
1756351321752 0.005749788438435826 19
1756351321951 0.005731470898802115 20
1756351322151 0.005711839823136076 21
1756351322351 0.005690904426342425 22
1756351322717 0.005668674535579385 23
1756351322917 0.005645160585645779 24
1756351323116 0.00562037361408289 25
1756351323314 0.005594325255993404 26
1756351323513 0.0055670277385798375 27
1756351323712 0.005538493875405044 28
1756351323911 0.00550873706037748 29
1756351324111 0.005477771261464045 30
1756351324310 0.00544561101413347 31
1756351324509 0.005412271414533303 32
1756351324708 0.005377768112403721 33
1756351324909 0.005342117303731482 34
1756351325108 0.0053053357231474625 35
1756351325306 0.005267440636071355 36
1756351325506 0.005228449830607212 37
1756351325705 0.0051883816091936414 38
1756351326070 0.0051472547800125645 39
1756351326270 0.0051050886481605875 40
1756351326470 0.005061903006587106 41
1756351326669 0.005017718126803422 42
1756351326867 0.004972554749367211 43
1756351327066 0.004926434074146826 44
1756351327265 0.004879377750369993 45
1756351327464 0.004831407866461579 46
1756351327663 0.0047825469396751965 47
1756351327865 0.004732817905523516 48
1756351328065 0.004682244107012246 49
1756351328267 0.004630849283682834 50
1756351328466 0.0045786575604690296 51
1756351328665 0.0045256934363725465 52
1756351328865 0.004471981772963136 53
1756351498932 0.0010180517277634936 1
1756351499147 0.0020361034555269873 2
1756351499642 0.0030541551832904807 3
1756351499852 0.0040722069110539745 4
1756351500064 0.005090258638817468 5
1756351500273 0.005090258638817468 6
1756351500484 0.005089661409273979 7
1756351500694 0.005087870000985428 8
1756351500905 0.005084885254845964 9
1756351501115 0.005080708571907254 10
1756351501325 0.005075341912720821 11
1756351501535 0.005068787796417756 12
1756351501745 0.005061049299526227 13
1756351501957 0.005052130054527341 14
1756351502168 0.005042034248150047 15
1756351502378 0.005030766619405871 16
1756351502588 0.0050183324573643984 17
1756351502799 0.005004737598670568 18
1756351503186 0.004989988424804928 19
1756351503396 0.004974091859088143 20
1756351503609 0.004957055363431157 21
1756351503821 0.004938886934832549 22
1756351504032 0.004919595101624706 23
1756351504242 0.004899188919470589 24
1756351504455 0.004877677967112971 25
1756351504666 0.004855072341878138 26
1756351504876 0.004831382654936161 27
1756351505087 0.004806620026319975 28
1756351505297 0.004780796079705587 29
1756351505507 0.004753922936955878 30
1756351505717 0.004726013212430556 31
1756351505927 0.004697080007064919 32
1756351506138 0.004667136902220228 33
1756351506348 0.004636197953308563 34
1756351506728 0.004604277683195156 35
1756351506940 0.004571391075381299 36
1756351507151 0.00453755356697103 37
1756351507364 0.0045027810414248965 38
1756351507576 0.004467089821104194 39
1756351507788 0.004430496659609186 40
1756351507999 0.0043930187339149 41
1756351508210 0.004354673636308181 42
1756351508421 0.004315479366129809 43
1756351508633 0.004275454321325535 44
1756351508844 0.00423461728981001 45
1756351509055 0.004192987440647665 46
1756351509267 0.004150584315054678 47
1756351509477 0.004107427817226247 48
1756351509687 0.004063538204993484 49
1756351510063 0.004018936080314306 50
1756351510275 0.003973642379602798 51
1756351510487 0.003927678363901573 52
1756351510698 0.0038810656089017597 53
1756351510909 0.003833825994815281 54
1756351511120 0.0037859816961042024 55
1756351511331 0.0037375551710719475 56
1756351511542 0.003688569151321282 57
1756351511754 0.003639046631084009 58
1756351511966 0.0035890108564273888 59
1756351512176 0.0035384853143423374 60
1756351512388 0.003487493721718545 61
1756351512598 0.0034360600142116695 62
1756351512810 0.003384208335007848 63
1756351513023 0.003331963023490789 64
1756351513235 0.0032793486038167692 65
1756351513613 0.003226389773402895 66
1756351513825 0.0031731113913340404 67
1756351514037 0.003119538466693893 68
1756351514249 0.0030656961468255896 69
1756351514465 0.0030116097055274556 70
1756351514678 0.0029573045311893824 71
1756351514891 0.002902806114875417 72
1756351515102 0.0028481400383581564 73
1756351515314 0.0027933319621105627 74
1756351515525 0.00273840761326083 75
1756351515737 0.0026833927735159767 76
1756351515947 0.002628313267059805 77
1756351516160 0.0025731949484309262 78
1756351516372 0.0025180636903865423 79
1756351516584 0.0024629453717576635 80
1756351516966 0.0024078658653014914 81
1756351517178 0.0023528510255566384 82
1756351517389 0.0022979266767069063 83
1756351517600 0.0022431186004593117 84
1756351517812 0.0021884525239420512 85
1756351518024 0.002133954107628086 86
1756351518235 0.0020796489332900125 87
1756351518448 0.002025562491991879 88
1756351518660 0.0019717201721235755 89
1756351518871 0.0019181472474834279 90
1756351519084 0.0018648688654145738 91
1756351519296 0.001811910035000699 92
1756351519509 0.001759295615326679 93
1756351519721 0.0017070503038096201 94
1756351519934 0.0016551986246057988 95
1756351520146 0.001603764917098923 96
1756351520526 0.0015527733244751303 97
1756351690713 0.0010002789327297323 1
1756351690939 0.0020005578654594645 2
1756351691162 0.003000836798189197 3
1756351691384 0.004001115730918929 4
1756351691606 0.005001394663648661 5
1756351691828 0.005001394663648661 6
1756351692051 0.005000807862380702 7
1756351692526 0.0049990477340236626 8
1756351692748 0.004996115104788771 9
1756351692971 0.004992011351263811 10
1756351693192 0.004986738399766951 11
1756351693414 0.004980298725442521 12
1756351693637 0.00497269535109917 13
1756351693858 0.004963931845790945 14
1756351694080 0.004954012323141968 15
1756351694301 0.004942941439415484 16
1756351694522 0.004930724391328188 17
1756351694744 0.004917366913610867 18
1756351694967 0.0049028752763164984 19
1756351695190 0.00488725628187706 20
1756351695413 0.004870517261910439 21
1756351695636 0.004852666073778946 22
1756351695859 0.004833711096901033 23
1756351696246 0.004813661228817968 24
1756351696470 0.004792525881017286 25
1756351696693 0.004770314974515005 26
1756351696916 0.004747038935198659 27
1756351697139 0.004722708688933349 28
1756351697362 0.004697335656433091 29
1756351697584 0.004670931747899895 30
1756351697807 0.004643509357433067 31
1756351698030 0.004615081357211369 32
1756351698253 0.004585661091450764 33
1756351698477 0.004555262370140594 34
1756351698699 0.004523899462561114 35
1756351698922 0.004491587090585432 36
1756351699146 0.004458340421769011 37
1756351699369 0.00442417506222995 38
1756351699750 0.004389107049323414 39
1756351699973 0.004353152844113638 40
1756351700197 0.004316329323647035 41
1756351700420 0.004278653773030045 42
1756351700646 0.004240143877315436 43
1756351700871 0.004200817713200873 44
1756351701093 0.004160693740543643 45
1756351701317 0.004119790793695522 46
1756351701542 0.004078128072661863 47
1756351701764 0.004035725134089027 48
1756351701988 0.0039926018820844265 49
1756351702212 0.003948778558873449 50
1756351702435 0.0039042757352976856 51
1756351702659 0.0038591143011588868 52
1756351702885 0.003813315455413215 53
1756351703109 0.0037669006962203636 54
1756351703488 0.003719891810852243 55
1756351703712 0.0036723108654659413 56
1756351703937 0.003624180194745789 57
1756351704161 0.0035755223914193633 58
1756351704385 0.00352636029565238 59
1756351704608 0.0034767169843274224 60
1756351704831 0.0034266157602115647 61
1756351705054 0.003376080141017959 62
1756351705278 0.0033251338483665295 63
1756351705503 0.0032738007966489485 64
1756351705727 0.0032221050818031275 65
1756351705949 0.0031700709700024855 66
1756351706173 0.003117722886265315 67
1756351706397 0.0030650854029895796 68
1756351706621 0.003012183228418533 69
1756351706845 0.002959041195042572 70
1756351707226 0.0029056842479427665 71
1756351707449 0.0028521374330815405 72
1756351707672 0.002798425885545997 73
1756351707895 0.0027445748177494116 74
1756351708119 0.0026906095075964194 75
1756351708343 0.0026365552866174733 76
1756351708566 0.0025824375280781194 77
1756351708791 0.0025282816350686863 78
1756351709016 0.0024741130285799756 79
1756351709240 0.0024199571355705426 80
1756351915165 0.0010062910062092261 1
1756351915411 0.0020125820124184523 2
1756351915651 0.0030188730186276784 3
1756351915890 0.004025164024836905 4
1756351916129 0.005031455031046131 5
1756351916368 0.005031455031046131 6
1756351916608 0.005030864702164274 7
1756351916848 0.005029093992621421 8
1756351917088 0.005026143733595649 9
1756351917328 0.005022015309950235 10
1756351917823 0.005016710659583601 11
1756351918064 0.005010232272519651 12
1756351918306 0.0050025831897389465 13
1756351918547 0.004993767001751258 14
1756351918788 0.004983787846910166 15
1756351919029 0.004972650409470502 16
1756351919270 0.004960359917389537 17
1756351919511 0.004946922139872962 18
1756351919752 0.0049323433846667954 19
1756351920155 0.004916630495096511 20
1756351920397 0.004899790846854739 21
1756351920638 0.004881832344539105 22
1756351920880 0.004862763417941763 23
1756351921123 0.0048425930180924295 24
1756351921364 0.004821330613056729 25
1756351921604 0.00479898618349185 26
1756351921845 0.004775570217961582 27
1756351922087 0.004751093708012941 28
1756351922327 0.0047255681430167 29
1756351922727 0.004699005504774227 30
1756351922968 0.00467141826189318 31
1756351923211 0.004642819363934699 32
1756351923452 0.004613222235334821 33
1756351923694 0.004582640769103008 34
1756351923937 0.004551089320300702 35
1756351924178 0.004518582699303012 36
1756351924420 0.004485136164846659 37
1756351924662 0.004450765416867465 38
1756351924904 0.004415486589130746 39
1756351925304 0.004379316241658051 40
1756351925546 0.004342271352953828 41
1756351925788 0.004304369312035645 42
1756351926029 0.004265627910271717 43
1756351926272 0.004226065333029564 44
1756351926513 0.004185700151139732 45
1756351926755 0.004144551312178569 46
1756351926997 0.004102638131574157 47
1756351927238 0.004059980283539575 48
1756351927479 0.004016597791837745 49
1756351927878 0.003972511020382197 50
1756351928123 0.0039277406636781705 51
1756351928368 0.0038823077371085285 52
1756351928610 0.003836233567069056 53
1756351928851 0.0037895397809577605 54
1756351929091 0.003742248297022894 55
1756351929333 0.003694381314074432 56
1756351929574 0.0036459613010638692 57
1756351929815 0.003597010986537202 58
1756351930056 0.003547553347966062 59
1756351930450 0.003497611600961996 60
1756351930691 0.0034472091883789692 61
1756351930934 0.0033963697693091934 62
1756351931175 0.0033451172079774585 63
1756351931417 0.0032934755625391695 64
1756351931661 0.003241469073787353 65
1756351931903 0.003189122153773932 66
1756351932144 0.003136459374350612 67
1756351932384 0.0030835054556347607 68
1756351932808 0.00303028525440568 69
1756351933051 0.002976823752436741 70
1756351933293 0.0029231460447688377 71
1756351933535 0.0028692773279306743 72
1756351933776 0.0028152428881114194 73
1756351934019 0.002761068089291265 74
1756351934261 0.0027067783613354724 75
1756351934505 0.0026523991880574955 76
1756351934747 0.0025979560952567793 77
1756351934990 0.0025434746387368425 78
1756351935407 0.002488980392309289 79
1756351935650 0.002434498935789352 80
1756352078935 0.0010195341365100052 1
1756352079188 0.0020390682730200105 2
1756352079439 0.003058602409530016 3
1756352079687 0.004078136546040021 4
1756352079938 0.005097670682550026 5
1756352080429 0.005097670682550026 6
1756352080681 0.0050970725831958625 7
1756352080933 0.005095278565883577 8
1756352081185 0.005092289472732006 9
1756352081437 0.005088106706833321 10
1756352081687 0.0050827322315944124 11
1756352081938 0.005076168569815256 12
1756352082189 0.0050684188025047015 13
1756352082591 0.005059486567434238 14
1756352082842 0.0050493760574304054 15
1756352083095 0.0050380920184066695 16
1756352083347 0.005025639747135667 17
1756352083602 0.00501202508876288 18
1756352083855 0.004997254434062904 19
1756352084107 0.004981334716439593 20
1756352084357 0.004964273408671489 21
1756352084609 0.004946078519404072 22
1756352084860 0.004926758589390472 23
1756352085292 0.004906322687482404 24
1756352085545 0.004884780406373209 25
1756352085795 0.004862141858095015 26
1756352086046 0.0048384176692721 27
1756352086297 0.004813618976132717 28
1756352086548 0.004787757419281703 29
1756352086798 0.004760845138236335 30
1756352087050 0.00473289476572799 31
1756352087302 0.004703919421772293 32
1756352087723 0.004673932707510524 33
1756352087976 0.004642948698825197 34
1756352088230 0.00461098193973278 35
1756352088482 0.004578047435556677 36
1756352088735 0.004544160645883666 37
1756352088987 0.004509337477307117 38
1756352089239 0.004473594275960363 39
1756352089492 0.0044369478198437685 40
1756352089908 0.004399415310949066 41
1756352090160 0.004361014367184673 42
1756352090413 0.004321763014105776 43
1756352090664 0.0042816796764530655 44
1756352090916 0.004240783169504086 45
1756352091169 0.004199092690241275 46
1756352091420 0.004156627808340818 47
1756352091672 0.00411340845698657 48
1756352091924 0.0040694549235133345 49
1756352092177 0.004024787839883915 50
1756352092430 0.0039794281730043835 51
1756352092682 0.003933397214882134 52
1756352093099 0.003886716572631333 53
1756352093350 0.0038394081583304485 54
1756352093601 0.003791494178736639 55
1756352093853 0.0037429971248618098 56
1756352094108 0.003693939761415246 57
1756352094361 0.003644345116117764 58
1756352094613 0.0035942364688924125 59
1756352094865 0.003543637340936781 60
1756352095118 0.0034925714836820583 61
1756352095371 0.0034410628676440143 62
1756352095623 0.0033891356711711483 63
1756352096041 0.003336814269095274 64
1756352096293 0.003284123221289877 65
1756352096546 0.003231087261141613 66
1756352096799 0.003177731283940359 67
1756352097050 0.0031240803351932646 68
1756352097304 0.003070159598868293 69
1756352097558 0.0030159943855727635 70
1756352097811 0.0029616101206724563 71
1756352098065 0.0029070323323568416 72
1756352098318 0.0028522866396560485 73
1756352098571 0.002797398740415191 74
1756352099004 0.002742394399231693 75
1756352284751 0.0011470636455245327 1
1756352285014 0.0022941272910490655 2
1756352285275 0.003441190936573598 3
1756352285536 0.004588254582098131 4
1756352285798 0.0057353182276226634 5
1756352286058 0.0057353182276226634 6
1756352286560 0.00573464529969733 7
1756352286821 0.005732626831796367 8
1756352287084 0.005729263771396605 9
1756352287346 0.005724557697131923 10
1756352287607 0.005718510818052233 11
1756352287870 0.005711125972586537 12
1756352288132 0.005702406627210566 13
1756352288394 0.005692356874819591 14
1756352288655 0.005680981432807212 15
1756352289095 0.005668285640850994 16
1756352289356 0.005654275458405993 17
1756352289616 0.005638957461907372 18
1756352289877 0.0056223388416833915 19
1756352290139 0.005604427398580247 20
1756352290401 0.005585231540300314 21
1756352290666 0.005564760277455542 22
1756352290926 0.00554302321933784 23
1756352291361 0.005520030569408433 24
1756352291623 0.0054957931205083166 25
1756352291884 0.005470322249792061 26
1756352292145 0.00544362991338732 27
1756352292405 0.005415728640782585 28
1756352292665 0.005386631528945791 29
1756352292926 0.005356352236176547 30
1756352293187 0.0053249049756948766 31
1756352293447 0.005292304508969477 32
1756352293883 0.005258566138788624 33
1756352294146 0.005223705702076987 34
1756352294408 0.005187739562461713 35
1756352294669 0.005150684602591271 36
1756352294931 0.005112558216210676 37
1756352295193 0.005073378299996789 38
1756352295455 0.0050331632451575525 39
1756352295715 0.004991931928799082 40
1756352295976 0.004949703705064677 41
1756352296409 0.004906498396049911 42
1756352296672 0.004862336282498059 43
1756352296934 0.004817238094280238 44
1756352297196 0.004771225000664722 45
1756352297457 0.004724318600380007 46
1756352297719 0.004676540911476278 47
1756352297980 0.00462791436099005 48
1756352298245 0.004578461774416831 49
1756352298507 0.00452820636499674 50
1756352298960 0.0044771717228181225 51
1756352299223 0.004425381803744268 52
1756352299488 0.004372860918168437 53
1756352299752 0.00431963371960246 54
1756352300017 0.004265725193104284 55
1756352300279 0.00421116064354989 56
1756352300542 0.004155965683755079 57
1756352300804 0.004100166222452717 58
1756352301245 0.004043788452131076 59
1756352301508 0.003986858836738971 60
1756352301771 0.003929404099263482 61
1756352302034 0.003871451209186074 62
1756352302298 0.003813027369823018 63
1756352302560 0.0037541600055560473 64
1756352302822 0.003694876748959243 65
1756352303085 0.003635205427828191 66
1756352303347 0.003575174052117511 67
1756352303775 0.0035148108007928666 68
1756352304038 0.0034541440086036527 69
1756352304301 0.0033932021527825467 70
1756352304563 0.003332013839678185 71
1756352304825 0.0032706077913272303 72
1756352305086 0.0032090128319721325 73
1756352305348 0.0031472578745309174 74
1756352305612 0.003085371907025342 75
1756352305874 0.0030233839789738106 76
1756352306299 0.002961323187755411 77
1756352306562 0.0028992186649514896 78
1756352306825 0.0028370995626711745 79
1756352307087 0.0027749950398672533 80
1756352307351 0.0027129342486488534 81
1756352307614 0.002650946320597322 82
1756352307878 0.0025890603530917475 83
1756352308140 0.002527305395650531 84
1756352308404 0.0024657104362954337 85
1756352308830 0.002404304387944479 86
1756352309093 0.002343116074840117 87
1756352309356 0.0022821742190190114 88
1756352309620 0.002221507426829797 89
1756352309884 0.002161144175505153 90
1756352310147 0.0021011127997944737 91
1756352310411 0.0020414414786634216 92
1756352310674 0.0019821582220666163 93
1756352311101 0.0019232908577996456 94
1756352311364 0.0018648670184365898 95
1756352311626 0.0018069141283591815 96
1756352311891 0.001749459390883692 97
1756352312154 0.0016925297754915873 98
1756352312417 0.0016361520051699468 99
1756352312681 0.001580352543867586 100
1756352312943 0.001525157584072774 101
1756352313210 0.0014705930345183795 102
1756352313641 0.0014166845080202035 103
1756352313905 0.0013634573094542263 104
1756352314169 0.0013109364238783948 105
1756352314432 0.0012591465048045418 106
1756352314696 0.0012081118626259242 107
1756352314962 0.0011578564532058336 108
1756352315225 0.0011084038666326135 109
1756352315487 0.001059777316146386 110
1756352315914 0.0010119996272426564 111
1756352316178 0.000965093226957942 112
1756352316441 0.0009190801333424259 113
1756352316711 0.0008739819451246048 114
1756352316974 0.0008298198315727529 115
1756352317237 0.0007866145225579867 116
1756352317501 0.0007443862988235816 117
1756352317764 0.0007031549824651115 118
1756352318028 0.0006629399276258749 119
1756352318489 0.0006237600114119883 120
1756352318753 0.0005856336250313919 121
1756352319016 0.0005485786651609506 122
1756352319279 0.0005126125255456766 123
1756352319544 0.00047775208883404056 124
1756352319808 0.00044401371865318714 125
1756352320089 0.00041141325192778697 126
1756352521593 0.0013100244685017724 1
1756352521872 0.002620048937003545 2
1756352522395 0.003930073405505318 3
1756352522670 0.00524009787400709 4
1756352522945 0.006550122342508862 5
1756352523220 0.006550122342508862 6
1756352523494 0.006549353796513373 7
1756352523769 0.006547048519285444 8
1756352524043 0.006543207592931342 9
1756352524317 0.006537832820397116 10
1756352524591 0.006530926724622298 11
1756352525023 0.006522492547355612 12
1756352525300 0.006512534247633291 13
1756352525574 0.0065010564999206915 14
1756352525849 0.006488064691918074 15
1756352526123 0.006473564922031606 16
1756352526398 0.006457563996510731 17
1756352526673 0.006440069426253303 18
1756352526950 0.0064210894232799316 19
1756352527226 0.006400632896879231 20
1756352527657 0.006378709449425765 21
1756352527932 0.006355329371872648 22
1756352528207 0.0063305036389209425 23
1756352528483 0.006304243903868081 24
1756352528761 0.0062765624931377636 25
1756352529037 0.006247472400493892 26
1756352529315 0.006216987280941237 27
1756352529592 0.0061851214443157275 28
1756352529867 0.006151889848567365 29
1756352530305 0.00611730809273889 30
1756352530581 0.006081392409643536 31
1756352530859 0.006044159658245285 32
1756352531135 0.006005627315745196 33
1756352531412 0.005965813469377544 34
1756352531687 0.005924736807919598 35
1756352531964 0.005882416612919035 36
1756352532240 0.005838872749643102 37
1756352532672 0.00579412565775379 38
1756352532948 0.005748196341713362 39
1756352533224 0.005701106360924791 40
1756352533500 0.005652877819611675 41
1756352533777 0.00560353335644244 42
1756352534053 0.005553096133903648 43
1756352534331 0.005501589827427446 44
1756352534609 0.005449038614278214 45
1756352534886 0.005395467162203667 46
1756352535324 0.005340900617855714 47
1756352535603 0.005285364594986519 48
1756352535881 0.005228885162425311 49
1756352536160 0.005171488831841562 50
1756352536438 0.005113202545300311 51
1756352536716 0.005054053662615451 52
1756352536993 0.004994069948506926 53
1756352537272 0.004933279559567853 54
1756352537710 0.004871711031047715 55
1756352537988 0.004809393263457798 56
1756352538265 0.004746355509005175 57
1756352538543 0.004682627357861607 58
1756352538822 0.004618238724273797 59
1756352539099 0.004553219832521526 60
1756352539378 0.004487601202730256 61
1756352539657 0.004421413636544857 62
1756352540103 0.004354688202671201 63
1756352801855 0.001315679065564951 1
1756352802151 0.002631358131129902 2
1756352802441 0.003947037196694854 3
1756352802733 0.005262716262259804 4
1756352803023 0.006578395327824756 5
1756352803315 0.006578395327824755 6
1756352803606 0.006577623463966428 7
1756352803897 0.006575308234707401 8
1756352804188 0.006571450726825465 9
1756352804731 0.006566052751050105 10
1756352805024 0.0065591168412125435 11
1756352805317 0.006550646253056345 12
1756352805609 0.00654064496270916 13
1756352805904 0.006529117664816312 14
1756352806199 0.006516069770337115 15
1756352806655 0.006501507404004948 16
1756352806948 0.006485437401452277 17
1756352807241 0.006467867306001986 18
1756352807534 0.006448805365126512 19
1756352807827 0.006428260526576444 20
1756352808118 0.006406242434180417 21
1756352808409 0.00638276142331826 22
1756352808701 0.006357828516069527 23
1756352808993 0.006331455416039693 24
1756352809286 0.006303654502866427 25
1756352809745 0.0062744388264085495 26
1756352810039 0.006243822100620373 27
1756352810333 0.006211818697114316 28
1756352810630 0.006178443638414815 29
1756352810926 0.006143712590906691 30
1756352811219 0.006107641857481284 31
1756352811512 0.006070248369883815 32
1756352811971 0.0060315496807655505 33
1756352812265 0.005991563955444529 34
1756352812561 0.005950309963378681 35
1756352812855 0.0059078070693553714 36
1756352813151 0.005864075224401496 37
1756352813446 0.005819134956418387 38
1756352813903 0.005773007360545936 39
1756352814196 0.00572571408926045 40
1756352814489 0.005677277342210896 41
1756352814784 0.005627719855798293 42
1756352815077 0.005577064892503163 43
1756352815371 0.005525336229966024 44
1756352815666 0.005472558149826072 45
1756352815959 0.005418755426323287 46
1756352816252 0.005363953314669304 47
1756352816546 0.0053081775391925125 48
1756352817005 0.005251454281262966 49
1756352817301 0.005193810167002731 50
1756352817596 0.005135272254787488 51
1756352817891 0.005075868022545216 52
1756352818186 0.005015625354857953 53
1756352818481 0.004954572529872653 54
1756352818934 0.00489273820602732 55
1756352819227 0.004830151408598617 56
1756352819521 0.004766841516077292 57
1756352819816 0.004702838246377792 58
1756352820110 0.004638171642888562 59
1756352820405 0.004572872060369555 60
1756353040905 0.0011122403447424494 1
1756353041213 0.002224480689484899 2
1756353041518 0.0033367210342273483 3
1756353041822 0.004448961378969798 4
1756353042390 0.005561201723712247 5
1756353042694 0.005561201723712247 6
1756353042999 0.0055605492285311555 7
1756353043303 0.005558592049271704 8
1756353043608 0.005555331104641595 9
1756353043913 0.005550767925341159 10
1756353044218 0.005544904653344845 11
1756353044701 0.005537744040895764 12
1756353045007 0.005529289449213777 13
1756353045312 0.0055195448469177255 14
1756353045618 0.0055085148081625455 15
1756353045923 0.005496204510492142 16
1756353046228 0.005482619732409026 17
1756353046556 0.005467766850661868 18
1756353047029 0.005451652837252222 19
1756353047334 0.005434285256161842 20
1756353047639 0.0054156722598021215 21
1756353047943 0.005395822585187314 22
1756353048259 0.005374745549833351 23
1756353048565 0.005352451047384155 24
1756353048870 0.005328949542967529 25
1756353049334 0.0053042520682827846 26
1756353049644 0.005278370216422415 27
1756353049950 0.005251316136430254 28
1756353050254 0.0052231025275986664 29
1756353050559 0.005193742633507449 30
1756353050864 0.005163250235807243 31
1756353051169 0.005131639647750371 32
1756353051640 0.005098925707472139 33
1756353051945 0.005065123771025763 34
1756353052249 0.005030249705174166 35
1756353052555 0.004994319879942068 36
1756353052861 0.004957351160931822 37
1756353053165 0.004919360901406642 38
1756353053471 0.004880366934144904 39
1756353053939 0.0048403875630693765 40
1756353054244 0.00479944155465528 41
1756353054549 0.004757548129121236 42
1756353054853 0.004714726951407214 43
1756353055157 0.004670998121943735 44
1756353055464 0.004626382167216649 45
1756353055769 0.004580900030131917 46
1756353056234 0.004534573060184935 47
1756353056540 0.004487423003438992 48
1756353056845 0.004439471992317582 49
1756353057149 0.004390742535215355 50
1756353057456 0.004341257505932592 51
1756353057762 0.004291040132938149 52
1756353058069 0.004240113988465924 53
1756353058536 0.004188502977449951 54
1756353058842 0.004136231326303341 55
1756353059148 0.004083323571546294 56
1756353059455 0.004029804548288568 57
1756353059761 0.003975699378571778 58
1756353060067 0.00392103345957701 59
1756353060383 0.003865832451703283 60
1756353060858 0.003810122266522456 61
1756353061165 0.003753929054616234 62
1756353061474 0.003697279193300981 63
1756353061780 0.003640199274246104 64
1756353062092 0.0035827160909918175 65
1756353062399 0.003524856626372148 66
1756353062706 0.0034666480398490864 67
1756353063179 0.00340811765476383 68
1756353063485 0.003349292945511095 69
1756353063799 0.0032902015246425295 70
1756353064103 0.00323087112990527 71
1756353064408 0.003171329611221734 72
1756353064712 0.0031116049176167565 73
1756353065018 0.0030517250840982084 74
1756353065519 0.002991718218497246 75
1756353065825 0.002931612488274393 76
1756353066133 0.0028714361072976176 77
1756353066439 0.0028112173225986296 78
1756353066745 0.002750984401113618 79
1756353067050 0.0026907656164146306 80
1756353067373 0.0026305892354378546 81
1756353067853 0.002570483505215002 82
1756353327153 0.00147851018394496 1
1756353327766 0.00295702036788992 2
1756353328085 0.004435530551834879 3
1756353328405 0.00591404073577984 4
1756353328725 0.007392550919724799 5
1756353329045 0.007392550919724799 6
1756353329363 0.007391683513901132 7
1756353329863 0.007389081703593861 8
1756353330186 0.007384746710103055 9
1756353330510 0.007378680568291839 10
1756353330832 0.00737088612563122 11
1756353331154 0.007361367040863471 12
1756353331476 0.007350127782284708 13
1756353331973 0.0073371736256474486 14
1756353332295 0.0073225106516841545 15
1756353332617 0.0073061457432529175 16
1756353332936 0.007288086582106607 17
1756353333254 0.007268341645287036 18
1756353333574 0.007246920201145796 19
1756353334068 0.007223832304993661 20
1756353334389 0.007199088794380582 21
1756353334710 0.0071727012840085026 22
1756353335030 0.007144682160279364 23
1756353335351 0.007115044575480887 24
1756353335672 0.007083802441612829 25
1756353336170 0.007050970423856642 26
1756353336491 0.0070165639336915745 27
1756353336812 0.006980599121660464 28
1756353337132 0.006943092869788608 29
1756353337451 0.0069040627836592745 30
1756353337948 0.006863527184149568 31
1756353338267 0.006821505098830546 32
1756353338587 0.006778016253035587 33
1756353338906 0.0067330810606012585 34
1756353339226 0.006686720614284968 35
1756353339547 0.006638956675863943 36
1756353339868 0.006589811665920169 37
1756353340367 0.006539308653316078 38
1756353340692 0.00648747134436593 39
1756353341013 0.00643432407170798 40
1756353341335 0.006379891782882638 41
1756353341656 0.006324200028621995 42
1756353342149 0.006267274950856209 43
1756353342468 0.006209143270442378 44
1756353342790 0.006149832274621669 45
1756353343113 0.0060893698042105695 46
1756353343433 0.0060277842405323055 47
1756353343754 0.005965104492094533 48
1756353344252 0.005901359981019571 49
1756353344574 0.0058365806292335395 50
1756353344895 0.005770796844420889 51
1756353345218 0.005704039505750914 52
1756353345539 0.005636339949382949 53
1756353345861 0.005567729953757046 54
1756353346356 0.005498241724677057 55
1756353346679 0.005427907880193096 56
1756353347002 0.0053567614352905005 57
1756353347325 0.00528483578639246 58
1756353347644 0.005212164695683613 59
1756353347966 0.005138782275261936 60
1756353348461 0.005064722971126393 61
1756353348782 0.004990021547007842 62
1756353651727 0.0016521511528806356 1
1756353652069 0.003304302305761271 2
1756353652663 0.004956453458641907 3
1756353653001 0.006608604611522542 4
1756353653342 0.008260755764403178 5
1756353653682 0.008260755764403178 6
1756353654021 0.008259786473880806 7
1756353654529 0.008256879057302505 8
1756353654868 0.008252034879421138 9
1756353655206 0.008245256214113 10
1756353655545 0.008236546243310449 11
1756353655883 0.008225909055508301 12
1756353656389 0.008213349643844665 13
1756353656728 0.008198873903757148 14
1756353657068 0.008182488630215513 15
1756353657406 0.0081642015145321 16
1756353657745 0.008144021140751481 17
1756353658085 0.008121956981621086 18
1756353658614 0.008098019394144649 19
1756353658953 0.0080722196147206 20
1756353659293 0.008044569753867642 21
1756353659631 0.008015082790540038 22
1756353659972 0.007983772566035233 23
1756353660482 0.007950653777496694 24
1756353660821 0.007915741971015008 25
1756353661160 0.007879053534330499 26
1756353661499 0.007840605689140741 27
1756353661841 0.007800416483016636 28
1756353662346 0.007758504780930811 29
1756353662686 0.007714890256402321 30
1756353663024 0.007669593382261827 31
1756353663364 0.007622635421041563 32
1756353663707 0.00757403841499462 33
1756353664044 0.007523825175748231 34
1756353664562 0.007472019273595892 35
1756353664901 0.007418645026433384 36
1756353665240 0.007363727488343848 37
1756353665580 0.007307292437837303 38
1756353665917 0.00724936636575011 39
1756353666425 0.007189976462810071 40
1756353666764 0.00712915060687299 41
1756353667103 0.0070669173498366985 42
1756353667442 0.007003305904238681 43
1756353667782 0.006938346129543595 44
1756353668287 0.006872068518127121 45
1756353668626 0.006804504180962719 46
1756353668965 0.006735684833018013 47
1756353669304 0.006665642778367659 48
1756353669643 0.006594410895029692 49
1756353669979 0.006522022619532444 50
1756353670475 0.0064485119312193105 51
1756353670814 0.0063739133362987095 52
1756353671153 0.006298261851646736 53
1756353671493 0.006221592988370093 54
1756353671834 0.0061439427351370444 55
1756353672340 0.006065347541284187 56
1756353672679 0.005985844299706993 57
1756353673019 0.00590547032954213 58
1756353673360 0.00582426335864972 59
1756353673699 0.005742261505903724 60
1756353674206 0.005659503263298798 61
1756353674546 0.005576027477881994 62
1756353674888 0.005491873333517804 63
1756353675227 0.005407080332495098 64
1756353675566 0.005321688276984594 65
1756353676072 0.005235737250355559 66
1756353676412 0.005149267598360519 67
1756353676754 0.005062319910196803 68
1756353677092 0.0049749349994538125 69
1756353677431 0.004887153884954959 70
1756353677769 0.004799017771503267 71
1756353678278 0.004710568030539677 72
1756353942626 0.0013566811890661375 1
1756353942981 0.002713362378132275 2
1756353943331 0.004070043567198412 3
1756353943956 0.00542672475626455 4
1756353944310 0.006783405945330686 5
1756353944664 0.006783405945330687 6
1756353945014 0.00678261002327328 7
1756353945551 0.0067802226307100266 8
1756353945904 0.006776244888292458 9
1756353946256 0.006770678663188628 10
1756353946606 0.006763526568206659 11
1756353946961 0.0067547919605682825 12
1756353947311 0.0067444789403329364 13
1756353947836 0.006732592348473191 14
1756353948190 0.006719137764602371 15
1756353948541 0.006704121504355469 16
1756353948892 0.006687550616424553 17
1756353949245 0.006669432879250089 18
1756353949774 0.006649776797369708 19
1756353950128 0.006628591597426143 20
1756353950481 0.006605887223836203 21
1756353950832 0.006581674334122831 22
1756353951184 0.0065559642939124144 23
1756353951706 0.006528769171599719 24
1756353952058 0.006500101732682931 25
1756353952410 0.00646997543377149 26
1756353952765 0.0064384044162694954 27
1756353953292 0.00640540349973768 28
1756353953645 0.006370988174937048 29
1756353953998 0.006335174596557448 30
1756353954354 0.006297979575634504 31
1756353954708 0.006259420571658442 32
1756353955236 0.006219515684378537 33
1756353955588 0.0061782836453070245 34
1756353955945 0.006135743808926447 35
1756353956298 0.006091916143604589 36
1756353956652 0.006046821222221244 37
1756353957200 0.00600048021251122 38
1756353957552 0.005952914867128128 39
1756353957905 0.005904147513433592 40
1756353958258 0.005854201043016704 41
1756353958616 0.005803098900948616 42
1756353958972 0.0057508650747773345 43
1756353959518 0.005697524083267868 44
1756353959875 0.005643100964893026 45
1756353960227 0.00558762126608025 46
1756353960579 0.005531111029220034 47
1756353961109 0.00547359678044151 48
1756353961462 0.005415105517160987 49
1756353961814 0.00535566469540925 50
1756353962167 0.005295302216943596 51
1756353962519 0.005234046416150634 52
1756353962873 0.005171926046746017 53
1756353963389 0.0051089702682773274 54
1756353963742 0.0050452086324364745 55
1756353964095 0.00498067106918801 56
1756353964447 0.00491538787271989 57
1756353964801 0.004849389687223253 58
1756353965324 0.004782707492507925 59
1756353965675 0.00471537258946037 60
1756353966029 0.004647416585350929 61
1756353966382 0.004578871378997241 62
1756353966735 0.0045097691457908155 63
1756353967248 0.004440142322593775 64
1756353967601 0.004370023592512862 65
1756353967954 0.004299445869557859 66
1756353968308 0.00422844228319162 67
1756353968663 0.004157046162778978 68
1756353969176 0.0040852910219417995 69
1756353969530 0.00401321054282756 70
1756354222300 0.0008776056101704567 1
1756354222935 0.0017552112203409135 2
1756354223302 0.0026328168305113702 3
1756354223668 0.003510422440681827 4
1756354224036 0.004388028050852284 5
1756354224404 0.004388028050852284 6
1756354224948 0.004387513228764034 7
1756354225315 0.00438596900415881 8
1756354225681 0.004383396101901765 9
1756354226047 0.0043797957297234125 10
1756354226411 0.0043751695776527225 11
1756354226958 0.00436951981722381 12
1756354227326 0.004362849100456611 13
1756354227692 0.004355160558612011 14
1756354228060 0.004346457800722022 15
1756354228606 0.00433674491189569 16
1756354228972 0.004326026451401519 17
1756354229338 0.004314307450527344 18
1756354229705 0.004301593410218616 19
1756354230249 0.004287890298496246 20
1756354230616 0.00427320454765518 21
1756354230982 0.004257543051245062 22
1756354231348 0.004240913160834376 23
1756354231712 0.004223322682559584 24
1756354232257 0.004204779873460901 25
1756354232624 0.004185293437606403 26
1756354232991 0.004164872522006305 27
1756354233357 0.00414352671231932 28
1756354233906 0.004121266028353107 29
1756354234274 0.004098100919360941 30
1756354234644 0.0040740422591367875 31
1756354235010 0.0040491013409111 32
1756354235378 0.004023289872049735 33
1756354235928 0.003996619968558468 34
1756354236295 0.003969104149395691 35
1756354236660 0.003940755330595966 36
1756354237028 0.0039115868192071855 37
1756354237395 0.0038816123070441895 38
1756354237949 0.003850845864261778 39
1756354238317 0.0038193019327501213 40
1756354238683 0.003786995319355681 41
1756354239053 0.003753941188930816 42
1756354239595 0.0037201550572153424 43
1756354239962 0.003685652783553383 44
1756354240328 0.0036504505634489285 45
1756354240696 0.0036145649209636034 46
1756354241242 0.0035780127009602063 47
1756354241609 0.003540811061195664 48
1756354241977 0.003502977464267114 49
1756354242348 0.00346452966941489 50
1756354242715 0.003425485724186265 51
1756354243252 0.0033858639559638617 52
1756354243620 0.0033456829633627073 53
1756354243987 0.003304961607499965 54
1756354244354 0.0032637190031414597 55
1756354244899 0.0032219745097291207 56
1756354245270 0.0031797477222935923 57
1756354245637 0.003137058462256241 58
1756354246003 0.003093926768124908 59
1756354246370 0.0030503728860877513 60
1756354246906 0.0030064172605096047 61
1756354247274 0.0029620805243353106 62
1756354247642 0.0029173834894045386 63
1756354248009 0.0028723471366826204 64
1756354248376 0.0028269926064120048 65
1756354248919 0.002781341188188941 66
1756354249286 0.002735414310970062 67
1756354249653 0.0026892335330135435 68
1756354250020 0.0026428205317595745 69
1756354250556 0.0025961970936548796 70
1756354250924 0.0025493851039260756 71
1756354251290 0.002502406536306658 72
1756354251658 0.002455283442722445 73
1756354252198 0.002408037942940317 74
1756354252566 0.0023606922141851047 75
1756354252931 0.0023132684807295194 76
1756354253298 0.002265789003461987 77
1756354253665 0.0022182760694372996 78
1756354254196 0.0021707519814149847 79
1756354254564 0.0021232390473902973 80
1756354254931 0.002075759570122765 81
1756354255300 0.0020283358366671796 82
1756354255836 0.001980990107911968 83
1756354256204 0.0019337446081298388 84
1756354256572 0.001886621514545626 85
1756354256940 0.0018396429469262085 86
1756354473826 0.0009994175501580774 1
1756354474207 0.0019988351003161547 2
1756354474583 0.002998252650474232 3
1756354474962 0.003997670200632309 4
1756354475602 0.004997087750790386 5
1756354475979 0.004997087750790386 6
1756354476358 0.004996501454942917 7
1756354476735 0.004994742842610105 8
1756354477283 0.004991812739291548 9
1756354477662 0.004987712520389356 10
1756354478040 0.00498244411056253 11
1756354478423 0.004976009982823523 12
1756354478993 0.004968413157377395 13
1756354479371 0.004959657200204114 14
1756354479749 0.0049497462213846785 15
1756354480124 0.004938684873171825 16
1756354480679 0.004926478347806241 17
1756354481057 0.004913132375079307 18
1756354481433 0.004898653219643511 19
1756354481809 0.004883047678071798 20
1756354482358 0.004866323075667226 21
1756354482735 0.004848487263024443 22
1756354483113 0.004829548612344587 23
1756354483491 0.004809516013505344 24
1756354483872 0.004788398869887998 25
1756354484420 0.00476620709396345 26
1756354484799 0.0047429511026392665 27
1756354485179 0.004718641812369938 28
1756354485560 0.004693290634032657 29
1756354486112 0.004666909467571001 30
1756354486488 0.004639510696409059 31
1756354486868 0.004611107181638595 32
1756354487247 0.004581712255982006 33
1756354487801 0.004551339717533889 34
1756354488181 0.004520003823284158 35
1756354488560 0.004487719282425759 36
1756354488939 0.004454501249450117 37
1756354489494 0.004420365317033554 38
1756354489873 0.004385327508718027 39
1756354490252 0.004349404271389618 40
1756354490630 0.00431261246755829 41
1756354491180 0.004274969367442573 42
1756354491561 0.004236492640862838 43
1756354491941 0.004197200348947029 44
1756354492319 0.004157110935652686 45
1756354492868 0.004116243219109287 46
1756354493248 0.0040746163827849345 47
1756354493629 0.00403224996648157 48
1756354494008 0.003989163857162905 49
1756354494557 0.003945378279619406 50
1756354494935 0.003900913786974695 51
1756354495314 0.0038557912510378324 52
1756354495693 0.0038100318525060117 53
1756354496241 0.003763657071022247 54
1756354496621 0.0037166886750927535 55
1756354497001 0.0036691487118687164 56
1756354497382 0.003621059496797277 57
1756354497928 0.0035724436031465668 58
1756354498306 0.003523323851409733 59
1756354498685 0.0034737232985929045 60
1756354499065 0.0034236652273921414 61
1756354499444 0.003373173135264447 62
1756354499993 0.0033222707233979674 63
1756354500373 0.0032709818855865616 64
1756354500753 0.0032193306970139577 65
1756354501309 0.003167341402952766 66
1756354501689 0.003115038407383654 67
1756354502069 0.0030624462615400205 68
1756354502449 0.0030095896523835495 69
1756354502829 0.0029564933910160513 70
1756354503379 0.002903182401033034 71
1756354503759 0.0028496817068244676 72
1756354504139 0.0027960164218282396 73
1756354504520 0.002742211736741805 74
1756354849303 0.0011910705501020217 1
1756354849698 0.0023821411002040434 2
1756354850342 0.003573211650306065 3
1756354850740 0.004764282200408087 4
1756354851136 0.005955352750510109 5
1756354851530 0.005955352750510109 6
1756354852094 0.005954654001315514 7
1756354852492 0.0059525580817273716 8
1756354852887 0.005949065975578641 9
1756354853281 0.005944179322077789 10
1756354853875 0.005937900415039335 11
1756354854270 0.005930232201807125 12
1756354854664 0.005921178281870843 13
1756354855059 0.005910742905176383 14
1756354855681 0.005898930970130924 15
1756354856076 0.005885748021303587 16
1756354856469 0.005871200246822797 17
1756354856864 0.005855294475471546 18
1756354857482 0.005838038173481944 19
1756354857879 0.005819439441030532 20
1756354858277 0.005799507008436028 21
1756354858674 0.0057782502320612855 22
1756354859069 0.005755679089921377 23
1756354859648 0.005731804176999874 24
1756354860043 0.005706636700275516 25
1756354860438 0.005680188473461619 26
1756354861008 0.005652471911460665 27
1756354861404 0.005623500024536696 28
1756354861797 0.005593286412208253 29
1756354862193 0.005561845256864701 30
1756354862588 0.005529191317108959 31
1756354863148 0.005495339920829758 32
1756354863543 0.005460306958006664 33
1756354863937 0.005424108873251266 34
1756354864333 0.005386762658087999 35
1756354864891 0.0053482858429782665 36
1756354865287 0.005308696489091566 37
1756354865683 0.005268013179827505 38
1756354866078 0.005226255012092682 39
1756354866634 0.00518344158733652 40
1756354867029 0.0051395930023502715 41
1756354867424 0.0050947298398335015 42
1756354867980 0.0050488731587324896 43
1756354868372 0.005002044484355076 44
1756354868766 0.004954265798266597 45
1756354869158 0.004905559527971653 46
1756354869550 0.004855948536386542 47
1756354870104 0.004805456111107324 48
1756354870499 0.004754105953478531 49
1756354870895 0.004701922167467654 50
1756354871288 0.004648929248350654 51
1756354871846 0.004595152071213774 52
1756354872242 0.004540615879277087 53
1756354872638 0.004485346272045214 54
1756354873034 0.004429369193290825 55
1756354873590 0.004372710918876528 56
1756354873984 0.00431539804442087 57
1756354874378 0.004257457472814253 58
1756354874773 0.00419891640159061 59
1756354875326 0.004139802310160774 60
1756354875722 0.004080142946913534 61
1756354876119 0.004019966316190427 62
1756354876518 0.003959300665140399 63
1756354877072 0.0038981744704604717 64
1756354877467 0.0038366164250286743 65
1756354877863 0.003774655424435488 66
1756354878258 0.0037123205534201438 67
1756354878812 0.003649641072218132 68
1756354879209 0.00358664640282633 69
1756354879608 0.003523366115192201 70
1756354880003 0.003459829913333541 71
1756354880558 0.0033960676213952976 72
1756354880955 0.00333210916965 73
1756354881351 0.003267984580448368 74
1756354881747 0.0032037239541266977 75
1756354882314 0.0031393574548776526 76
1756354882707 0.003074915296591068 77
1756354883103 0.0030104277286714274 78
1756354883497 0.0029459250218386818 79
1756354884055 0.002881437453919042 80
1756354884453 0.0028169952956324565 81
1756354884850 0.0027526287963834115 82
1756354885246 0.002688368170061742 83
1756354885800 0.0026242435808601088 84
1756354886197 0.0025602851291148115 85
1756354886592 0.0024965228371765687 86
1756354886988 0.002432986635317908 87
1756354887543 0.002369706347683779 88
1756354887940 0.0023067116782919768 89
1756354888338 0.002244032197089966 90
1756354888732 0.0021816973260746224 91
1756354889285 0.002119736325481435 92
1756354889681 0.002058178280049637 93
1756354890079 0.00199705208536971 94
1756355141007 0.0009748522240410375 1
1756355141663 0.001949704448082075 2
1756355142070 0.0029245566721231124 3
1756355142477 0.00389940889616415 4
1756355142882 0.004874261120205187 5
1756355143448 0.004874261120205187 6
1756355143856 0.004873689238184509 7
1756355144265 0.004871973860566162 8
1756355144674 0.004869115792555196 9
1756355145082 0.004865116375740064 10
1756355145645 0.004859977487462869 11
1756355146053 0.0048537015399381335 12
1756355146460 0.004846291479120497 13
1756355146866 0.004837750783321873 14
1756355147427 0.0048280834615787175 15
1756355147835 0.004817294051770169 16
1756355148244 0.004805387618487949 17
1756355148652 0.004792369750659027 18
1756355149216 0.004778246558922151 19
1756355149622 0.004763024672759493 20
1756355150031 0.0047467112373847445 21
1756355150438 0.00472931391038912 22
1756355151004 0.004710840858146856 23
1756355151411 0.004691300751981885 24
1756355151820 0.00467070276409748 25
1756355152227 0.0046490565632707846 26
1756355152789 0.00462637231031425 27
1756355153197 0.004602660653306112 28
1756355153608 0.004577932722592142 29
1756355154018 0.004552200125561014 30
1756355154583 0.004525474941195753 31
1756355154992 0.004497769714403814 32
1756355155401 0.004469097450128449 33
1756355155813 0.004439471607244138 34
1756355156378 0.0044089060922389385 35
1756355156787 0.004377415252686727 36
1756355157196 0.004345013870512389 37
1756355157603 0.004311717155053123 38
1756355158166 0.004277540735919122 39
1756355158575 0.004242500655656972 40
1756355158980 0.00420661336221921 41
1756355159388 0.0041698957012436 42
1756355159983 0.004132364908145716 43
1756355160391 0.004094038600028575 44
1756355160798 0.004054934767413095 45
1756355161206 0.004015071765793275 46
1756355161613 0.003974468307020055 47
1756355162186 0.003933143450517895 48
1756355162598 0.0038911165943382093 49
1756355163006 0.0038484074660538417 50
1756355163415 0.0038050361134988665 51
1756355163989 0.0037610228953580556 52
1756355164398 0.00371638847161043 53
1756355164805 0.0036711537938313842 54
1756355165215 0.003625340095357935 55
1756355165803 0.003578968881321706 56
1756355166210 0.003532061918554337 57
1756355166617 0.003484641225370044 58
1756355167026 0.003436729061230138 59
1756355167619 0.003388347916294344 60
1756355168026 0.0033395205008638303 61
1756355168437 0.003290269734720905 62
1756355168851 0.0032406187363703772 63
1756355169700 0.003190590812187642 64
1756355170113 0.003140209445478573 65
1756355403919 0.0010993924490764176 1
1756355404345 0.002198784898152835 2
1756355404765 0.003298177347229253 3
1756355405184 0.00439756979630567 4
1756355405866 0.005496962245382088 5
1756355406286 0.005496962245382088 6
1756355406708 0.005496317288767425 7
1756355407303 0.005494382721668624 8
1756355407723 0.00549115945217915 9
1756355408142 0.005486648993314473 10
1756355408560 0.0054808534623018625 11
1756355409150 0.00547377557958654 12
1756355409568 0.0054654186675547065 13
1756355409987 0.005455786648973984 14
1756355410577 0.005444884045152067 15
1756355410998 0.005432715973814399 16
1756355411419 0.005419288146701888 17
1756355411841 0.005404606866889794 18
1756355412433 0.005388679025829043 19
1756355412857 0.005371512100111354 20
1756355413277 0.00535311414795969 21
1756355413871 0.005333493805445702 22
1756355414291 0.005312660282435924 23
1756355414711 0.00529062335826862 24
1756355415309 0.005267393377163326 25
1756355415729 0.005242981243365237 26
1756355416155 0.0052173984160267 27
1756355416577 0.005190656903828255 28
1756355417202 0.005162769259341706 29
1756355417626 0.005133748573137894 30
1756355418054 0.005103608467641934 31
1756355418695 0.0050723630907387905 32
1756355419118 0.005040027109132208 33
1756355419543 0.005006615701460103 34
1756355420170 0.004972144551169646 35
1756355420592 0.004936629839155394 36
1756355421016 0.004900088236163912 37
1756355421441 0.00486253689496846 38
1756355422055 0.004823993442317413 39
1756355422479 0.0047844759706601936 40
1756355422902 0.004744003029654606 41
1756355423511 0.004702593617459555 42
1756355423934 0.0046602671718172315 43
1756355424355 0.00461704356092896 44
1756355424777 0.00457294307412899 45
1756355425383 0.004527986412360595 46
1756355425804 0.004482194678458975 47
1756355426231 0.004435589367245496 48
1756355426831 0.004388192355437943 49
1756355427253 0.004340025891381492 50
1756355427672 0.004291112584605256 51
1756355428091 0.004241475395209282 52
1756355428684 0.004191137623086986 53
1756355429105 0.004140122896988091 54
1756355429531 0.004088455163427203 55
1756355430123 0.004036158675443215 56
1756355430545 0.00398325798121484 57
1756355430965 0.003929777912537595 58
1756355431387 0.0038757435731676605 59
1756355431979 0.003821180327038077 60
1756355432400 0.0037661137863528146 61
1756355432826 0.0037105697995642993 62
1756355433416 0.0036545744392400535 63
1756355433841 0.0035981539898241243 64
1756355434265 0.0035413349352990645 65
1756355434685 0.0034841439467542426 66
1756355435277 0.0034266078698663317 67
1756355435704 0.0033687537122978404 68
1756355436129 0.0033106086310196094 69
1756355436736 0.0032521999195632215 70
1756355437161 0.00319355499520931 71
1756355437583 0.003134701386117777 72
1756355438005 0.00307566671840597 73
1756355438602 0.0030164787031808703 74
1756355439024 0.0029571651235313864 75
1756355439448 0.0028977538214868676 76
1756355440040 0.002838272684947944 77
1756355440466 0.002778749634595831 78
1756355440886 0.0027192126107862574 79
1756355441308 0.0026596895604341446 80
1756355441906 0.0026002084238952207 81
1756355442331 0.0025407971218507023 82
1756355442752 0.002481483542201219 83
1756355443346 0.002422295526976118 84
1756355443770 0.0023632608592643115 85
1756355444193 0.0023044072501727793 86
1756355444617 0.002245762325818867 87
1756355445212 0.0021873536143624797 88
1756355445632 0.0021292085330842482 89
1756355446054 0.002071354375515757 90
1756355446640 0.0020138182986278465 91
1756355447065 0.0019566273100830246 92
1756355714937 0.000958022691757955 1
1756355715372 0.00191604538351591 2
1756355716072 0.002874068075273865 3
1756355716507 0.00383209076703182 4
1756355716941 0.004790113458789775 5
1756355717547 0.004790113458789775 6
1756355717984 0.004789551451580534 7
1756355718419 0.004787865693761222 8
1756355719068 0.004785056976633239 9
1756355719503 0.004781126618619538 10
1756355719937 0.004776076464645745 11
1756355720563 0.004769908885274151 12
1756355720997 0.004762626775590954 13
1756355721437 0.004754233553847298 14
1756355722051 0.004744733159854733 15
1756355722486 0.0047341300531358495 16
1756355722920 0.004722429210830962 17
1756355723539 0.004709636125361819 18
1756355723977 0.004695756801853438 19
1756355724415 0.00468079775531528 20
1756355725028 0.004664766007583072 21
1756355725461 0.004647669084022734 22
1756355725897 0.004629515009997941 23
1756355726512 0.0046103123071029855 24
1756355726947 0.004590069989162706 25
1756355727382 0.004568797558001367 26
1756355727989 0.004546504998982457 27
1756355728427 0.004523202776321527 28
1756355728863 0.00449890182817424 29
1756355729472 0.004473613561501962 30
1756355729910 0.004447349846717289 31
1756355730363 0.004420123012112023 32
1756355730993 0.004391945838070229 33
1756355731427 0.00436283155106907 34
1756355731862 0.004332793817470244 35
1756355732469 0.004301846737104943 36
1756355732906 0.004270004836655335 37
1756355733340 0.0042372830628356825 38
1756355733946 0.0042036967753762925 39
1756355734384 0.004169261739813602 40
1756355734821 0.004133994120089772 41
1756355735428 0.004097910470965267 42
1756355735865 0.004061027730247987 43
1756355736314 0.004023363210842593 44
1756355736919 0.003984934592623757 45
1756355737361 0.003945759914137168 46
1756355737799 0.003905857564132156 47
1756355738425 0.0038652462729299474 48
1756355738886 0.003823945103631578 49
1756355739322 0.003781973443169593 50
1756355739961 0.003739350993207749 51
1756355740396 0.003696097760892971 52
1756355740834 0.0036522340494639237 53
1756355741441 0.003607780448720583 54
1756355741879 0.0035627578253593097 55
1756355742317 0.003517187313177936 56
1756355742923 0.0034710903031554773 57
1756355743365 0.003424488433411121 58
1756355743800 0.0033774035790472105 59
1756355744407 0.003329857841880983 60
1756355744844 0.00328187354006989 61
1756355745282 0.003233473197635364 62
1756355745717 0.0031846795338899563 63
1756355746318 0.0031355154527728 64
1756355746757 0.0030860040320984106 65
1756355747194 0.0030361685127238674 66
1756356056026 0.0008541524344724824 1
1756356056741 0.0017083048689449647 2
1756356057188 0.002562457303417447 3
1756356057633 0.0034166097378899294 4
1756356058257 0.004270762172362412 5
1756356058706 0.004270762172362412 6
1756356059330 0.004270261111541184 7
1756356059782 0.004268758164277437 8
1756356060229 0.004266254036060572 9
1756356060862 0.0042627499023382975 10
1756356061307 0.00425824740796487 11
1756356061761 0.0042527486664289925 12
1756356062386 0.004246256258861734 13
1756356062834 0.004238773232824934 14
1756356063279 0.004230303100880671 15
1756356063906 0.004220849838942448 16
1756356064355 0.004210417884408882 17
1756356064804 0.004199012134080772 18
1756356065431 0.004186637941862524 19
1756356065877 0.004173301116249005 20
1756356066325 0.004159007917599012 21
1756356066955 0.004143765055196634 22
1756356067403 0.004127579684101893 23
1756356068033 0.004110459401792125 24
1756356068482 0.004092412244595691 25
1756356068929 0.004073446683919703 26
1756356069554 0.0040535716222735016 27
1756356070007 0.00403279638908979 28
1756356070453 0.004011130736345358 29
1756356071083 0.003988584833983465 30
1756356071532 0.003965169265140029 31
1756356071983 0.003940895021175864 32
1756356072610 0.003915773496517284 33
1756356073056 0.003889816483307523 34
1756356073502 0.0038630361658714483 35
1756356074126 0.003835445114996197 36
1756356074573 0.003807056282030393 37
1756356075021 0.003777882992804738 38
1756356075647 0.0037479389413768074 39
1756356076096 0.003717238183603012 40
1756356076546 0.0036857951305407184 41
1756356077172 0.003653624541683644 42
1756356077619 0.003620741518033691 43
1756356078064 0.003587161495012477 44
1756356078686 0.003552900235215888 45
1756356079135 0.0035179738210150495 46
1756356079757 0.0034823986470072033 47
1756356080204 0.0034461914123200127 48
1756356080653 0.003409369112772932 49
1756356081276 0.0033719490328992952 50
1756356081724 0.003333948737832892 51
1756356082172 0.0032953860650628236 52
1756356082799 0.0032562791160605136 53
1756356083247 0.0032166462477828048 54
1756356083698 0.003176506064055134 55
1756356084322 0.0031358774068388187 56
1756356084769 0.0030947793473865707 57
1756356085218 0.0030532311772903673 58
1756356085843 0.00301125239942591 59
1756356086293 0.0029688627187978915 60
1756356086742 0.0029260820332903904 61
1756356087369 0.0028829304243267245 62
1756356087818 0.002839428147443153 63
1756356088267 0.0027955956227808452 64
1756356088892 0.002751453425500589 65
1756356089340 0.002707022276124723 66
1756356089788 0.0026623230308108464 67
1756356090411 0.0026173766715618546 68
1756356090859 0.002572204296376903 69
1756356091483 0.002526827109347923 70
1756356091933 0.0024812664107063368 71
1756356092384 0.0024355435868246454 72
1756356093010 0.0023896801001775797 73
1756356093460 0.0023436974792675315 74
1756356093909 0.002297617308518985 75
1756356094533 0.002251461218146707 76
1756356094981 0.0022052508740024374 77
1756356349814 0.001124823491964725 1
1756356350277 0.00224964698392945 2
1756356350991 0.003374470475894175 3
1756356351452 0.0044992939678589 4
1756356352087 0.005624117459823625 5
1756356352545 0.005624117459823625 6
1756356353005 0.005623457581418566 7
1756356353637 0.005621478255952929 8
1756356354097 0.005618180412529931 9
1756356354555 0.005613565599170344 10
1756356355174 0.005607635982085847 11
1756356355631 0.005600394344662201 12
1756356356089 0.00559184408615271 13
1756356356717 0.005581989220082603 14
1756356357176 0.005570834372365068 15
1756356357637 0.005558384779129832 16
1756356358283 0.005544646284265297 17
1756356358743 0.0055296253366754 18
1756356359376 0.005513328987252466 19
1756356359836 0.005495764885567498 20
1756356360294 0.005476941276279434 21
1756356360927 0.005456866995265072 22
1756356361387 0.005435551465471476 23
1756356361846 0.005413004692492805 24
1756356362479 0.0053892372598736485 25
1756356362938 0.005364260324141069 26
1756356363397 0.005338085609567684 27
1756356364025 0.005310725402668245 28
1756356364486 0.005282192546432299 29
1756356364945 0.005252500434295642 30
1756356365569 0.005221663003853382 31
1756356366026 0.005189694730317576 32
1756356366485 0.0051566106197225145 33
1756356367114 0.005122426201880823 34
1756356367575 0.005087157523093712 35
1756356368034 0.005050821138618773 36
1756356368664 0.005013434104898883 37
1756356369123 0.004975013971555834 38
1756356369580 0.00493557877315248 39
1756356370204 0.004895147020727232 40
1756356370664 0.0048537376931049115 41
1756356371286 0.004811370227988012 42
1756356371748 0.004768064512832562 43
1756356372206 0.004723840875512877 44
1756356372826 0.004678720074779575 45
1756356373287 0.004632723290515335 46
1756356373745 0.004585872113792978 47
1756356374384 0.00453818853674053 48
1756356374842 0.004489694942218031 49
1756356375301 0.004440414093310932 50
1756356375922 0.00439036912264501 51
1756356376379 0.004339583521527826 52
1756356376841 0.004288081128921811 53
1756356377489 0.004235886120254158 54
1756356377951 0.004183022996068786 55
1756356788673 0.0013316401736807443 1
1756356789149 0.0026632803473614886 2
1756356789624 0.0039949205210422336 3
1756356790345 0.005326560694722977 4
1756356790818 0.006658200868403722 5
1756356791292 0.006658200868403722 6
1756356791927 0.00665741963928614 7
1756356792405 0.006655076318645438 8
1756356792880 0.006651172006445613 9
1756356793512 0.0066457085353862815 10
1756356793989 0.006638688470042413 11
1756356794621 0.0066301151056605 12
1756356795095 0.00661999246661176 13
1756356795569 0.006608325304503079 14
1756356796202 0.006595119095946587 15
1756356796677 0.006580380039988918 16
1756356797154 0.00656411505520135 17
1756356797783 0.0065463317764322005 18
1756356798257 0.006527038551222999 19
1756356798735 0.0065062444358901204 20
1756356799369 0.006483959191273708 21
1756356799845 0.0064601932781559014 22
1756356800320 0.006434957852350503 23
1756356800952 0.006408264759466398 24
1756356801428 0.0063801265293471675 25
1756356801903 0.006350556370189545 26
1756356802535 0.006319568162343425 27
1756356803013 0.006287176451796378 28
1756356803647 0.006253396443345704 29
1756356804124 0.006218243993461243 30
1756356804602 0.0061817356028422785 31
1756356805231 0.006143888408672053 32
1756356805705 0.006104720176573497 33
1756356806181 0.006064249292269985 34
1756356806812 0.006022494752954995 35
1756356807290 0.005979476158374757 36
1756356807767 0.005935213701628051 37
1756356808444 0.005889728159687487 38
1756356808922 0.005843040883646711 39
1756356809398 0.005795173788698122 40
1756356810068 0.005746149343845788 41
1756356810542 0.0056959905613584065 42
1756356811215 0.005644720985967258 43
1756356811692 0.005592364683814215 44
1756356812169 0.005538946231154997 45
1756356812833 0.005484490702822982 46
1756356813311 0.005429023660458978 47
1756356813788 0.005372571140512487 48
1756356814446 0.005315159642020097 49
1756356814923 0.005256816114166722 50
1756356815399 0.005197567943635555 51
1756356816060 0.005137442941752645 52
1756356816537 0.005076469331432154 53
1756356817014 0.005014675733928406 54
1756356817672 0.004952091155400959 55
1756356818149 0.004888744973298999 56
1756356818809 0.004824666922571448 57
1756356819287 0.00475988708170926 58
1756356819765 0.00469443585862646 59
1756356820418 0.00462834397638655 60
1756356820892 0.004561642458780976 61
1756356821368 0.004494362615766443 62
1756356822019 0.004426536028767894 63
1756356822499 0.004358194535854065 64
1756356822974 0.00428937021679257 65
1756356823629 0.004220095377991529 66
1756356824106 0.004150402537334812 67
1756356824583 0.00408032440891802 68
1756356825236 0.004009893887692353 69
1756356825715 0.003939144034023594 70
1756356826194 0.003868108058173438 71
1756356826870 0.0037968193047104664 72
1756356827347 0.0037253112368580746 73
1756356827823 0.003653617420786703 74
1756356828504 0.0035817715098577373 75
1756356828982 0.0035098072288264966 76
1756356829458 0.003437758358011695 77
1756356830133 0.0033656587174388224 78
1756356830608 0.0032935421509649 79
1756356831085 0.003221442510392028 80
1756356831745 0.0031493936395772253 81
1756356832224 0.003077429358545985 82
1756356832887 0.0030055834476170203 83
1756356833365 0.0029338896315456477 84
1756356833841 0.002862381563693256 85
1756356834496 0.0027910928102302846 86
1756356834974 0.0027200568343801277 87
1756356835452 0.002649306980711369 88
1756356836105 0.002578876459485702 89
1756356836584 0.0025087983310689106 90
1756356837063 0.002439105490412195 91
1756356837713 0.0023698306516111525 92
1756356838189 0.002301006332549657 93
1756356838665 0.002232664839635828 94
1756356839317 0.0021648382526372792 95
1756356839796 0.0020975584096227457 96
1756356840277 0.002030856892017172 97
1756356840931 0.0019647650097772617 98
1756356841411 0.0018993137866944625 99
1756356841887 0.001834533945832275 100
1756356842531 0.001770455895104723 101
1756356843011 0.0017071097130027634 102
1756357185987 0.0017751818819279476 1
1756357186482 0.003550363763855895 2
1756357187223 0.005325545645783842 3
1756357187716 0.00710072752771179 4
1756357188361 0.008875909409639738 5
1756357188852 0.008875909409639738 6
1756357189496 0.00887486793022763 7
1756357189988 0.008871743980865869 8
1756357190480 0.008866539027948666 9
1756357191122 0.008859255514701547 10
1756357191614 0.008849896860034496 11
1756357192262 0.008838467456937102 12
1756357192756 0.008824972670416473 13
1756357193401 0.008809418834978884 14
1756357193894 0.008791813251656327 15
1756357194386 0.008772164184579389 16
1756357195035 0.008750480857098022 17
1756357195529 0.008726773447452079 18
1756357196174 0.008701053083993602 19
1756357196666 0.008673331839963128 20
1756357197313 0.008643622727822466 21
1756357197807 0.00861193969314659 22
1756357198300 0.00857829760807754 23
1756357198943 0.008542712264343374 24
1756357199436 0.008505200365845463 25
1756357200079 0.008465779520817625 26
1756357200574 0.008424468233560741 27
1756357201219 0.008381285895756768 28
1756357201711 0.008336252777366205 29
1756357202204 0.008289390017113289 30
1756357202854 0.008240719612563405 31
1756357203347 0.00819026440979733 32
1756357203998 0.008138048092687197 33
1756357204491 0.008084095171779193 34
1756357205140 0.008028430972788209 35
1756357205632 0.007971081624709851 36
1756357206123 0.007912074047555383 37
1756357206772 0.007851435939715374 38
1756357207266 0.00778919576495795 39
1756357207910 0.007725382739067805 40
1756357208403 0.007660026816132182 41
1756357209047 0.007593158674480318 42
1756357209539 0.007524809702282902 43
1756357210032 0.0074550119828183554 44
1756357210678 0.007383798279412803 45
1756357211171 0.007311202020060847 46
1756357211817 0.007237257281734328 47
1756357212311 0.007161998774386461 48
1756357212954 0.007085461824658849 49
1756357213447 0.007007682359299011 50
1756357213940 0.00692869688829623 51
1756357214587 0.006848542487743615 52
1756357215080 0.006767256782434442 53
1756357215727 0.006684877928200919 54
1756357216220 0.006601444594003697 55
1756357216884 0.006516995943780492 56
1756357217378 0.006431571618062396 57
1756357217872 0.006345211715366437 58
1756357218528 0.006257956773373189 59
1756357219024 0.006169847749898217 60
1756357219683 0.006080926003666321 61
1756357220180 0.00599123327489758 62
1756357220836 0.005900811665714333 63
1756357221332 0.005809703620378275 64
1756357221826 0.005717951905366952 65
1756357222480 0.005625599589299005 66
1756357222973 0.005532690022717588 67
1756357223645 0.005439266817741462 68
1756357224140 0.00534537382759328 69
1756357224635 0.005251055126014719 70
1756357225300 0.0051563549865780885 71
1756357225791 0.0050613178619041375 72
1756357226446 0.004965988362795826 73
1756357226945 0.004870411237297829 74
1756357227622 0.004774631349691627 75
1756357228117 0.004678693659436043 76
1756357228612 0.00458264320006309 77
1756357229277 0.004486525058039045 78
1756357229773 0.004390384351600695 79
1756357230432 0.00429426620957665 80
1756357230927 0.004198215750203696 81
1756357231585 0.004102278059948113 82
1756357232080 0.004006498172341913 83
