1756349434075 0.9121067731276803 1
1756349434090 0.8531397840251094 2
1756349434103 0.7592178375824638 3
1756349434115 0.6508506018182506 4
1756349434128 0.6689285143561985 5
1756349434141 0.6711325956427533 6
1756349434153 0.6305272553278052 7
1756349434166 0.537923884132634 8
1756349434179 0.5335954064908235 9
1756349434191 0.5026810415413069 10
1756349434204 0.5012874421866044 11
1756349434217 0.48426022477771924 12
1756349434230 0.45191987441933673 13
1756349434243 0.43451913932095404 14
1756349434256 0.4355953698572905 15
1756349434269 0.4573813145575316 16
1756349434282 0.4103826439898947 17
1756349434295 0.39800745767095813 18
1756349434308 0.3848904461964317 19
1756349434321 0.4210697114467621 20
1756349434335 0.4269891381263733 21
1756349434348 0.3991481467433598 22
1756349434361 0.37816858291625977 23
1756349434374 0.3518320036971051 24
1756349434387 0.36735386304233386 25
1756349434400 0.37447050084238465 26
1756349434414 0.3580662621104199 27
1756349434427 0.3682365702546161 28
1756349434441 0.3821717591389366 29
1756349434454 0.3464172936004141 30
1756349434467 0.3996442478636037 31
1756349434481 0.37346028892890265 32
1756349434494 0.3714496609957322 33
1756349434508 0.36785983650580695 34
1756349434521 0.3322151290333789 35
1756349434535 0.33060036923574365 36
1756349434548 0.31728052509867627 37
1756349434562 0.30125661906988727 38
1756349434576 0.31206967714040174 39
1756349434589 0.3256284672281016 40
1756349434603 0.314552155525788 41
1756349434617 0.31169929193413776 42
1756349434630 0.2897790281668953 43
1756349434644 0.2988370682882226 44
1756349434658 0.29259116364561993 45
1756349434672 0.28246104328528693 46
1756349434686 0.2717131363308948 47
1756349434699 0.26303721640420996 48
1756349434713 0.2496602651865586 49
1756349434727 0.24798535134481348 50
1756349434741 0.24590579258358997 51
1756349434755 0.2590342228827269 52
1756349434769 0.23145693346210147 53
1756349434783 0.24484618850376294 54
1756349434797 0.25421053624671436 55
1756349434811 0.24912029958289603 56
1756349434825 0.24187994845535443 57
1756349434840 0.2620367148648138 58
1756349434854 0.24353000975173453 59
1756349434868 0.2307222744692927 60
1756349520712 0.8924032760703046 1
1756349520741 0.7851934899454531 2
1756349520768 0.8191930599834608 3
1756349520795 0.8085348943005437 4
1756349520822 0.7048042157421941 5
1756349520850 0.6759573739507924 6
1756349520877 0.5929680388906727 7
1756349520904 0.5123097792915676 8
1756349520931 0.5016780495643616 9
1756349520958 0.45550307372341986 10
1756349520985 0.4623674206111742 11
1756349521012 0.5181921616844509 12
1756349521040 0.5241793329301088 13
1756349521067 0.519469818343287 14
1756349521094 0.5040808721728947 15
1756349521121 0.4348547769629437 16
1756349521149 0.4152032175789709 17
1756349521176 0.4471010189989339 18
1756349521204 0.44141107668047364 19
1756349521231 0.4448965982250545 20
1756349521258 0.4134503952834917 21
1756349521286 0.40621477106343146 22
1756349521313 0.38274938386419544 23
1756349521341 0.33704346936681995 24
1756349521368 0.34596585838691046 25
1756349521396 0.3415028128934943 26
1756349521424 0.3229530136222425 27
1756349521451 0.3192243420559427 28
1756349521479 0.3302452680857285 29
1756349521507 0.33614927789439325 30
1756349521534 0.3264554518720378 31
1756349521562 0.3281612901583962 32
1756349521590 0.32326199956562207 33
1756349521618 0.3301817204641259 34
1756349521646 0.3185022110524385 35
1756349521674 0.300058500274368 36
1756349521702 0.30098870396614075 37
1756349521730 0.28979795652887097 38
1756349521758 0.31234118601550226 39
1756349521786 0.30858447823835455 40
1756349521814 0.31181257574454596 41
1756349521843 0.3176178556421529 42
1756349521871 0.30277761557827826 43
1756349521899 0.27380760856296704 44
1756349521927 0.27157482051331067 45
1756349521956 0.2504529486531797 46
1756349521984 0.25622837051101355 47
1756349522012 0.26989106574784155 48
1756349522040 0.24661253846209982 49
1756349522069 0.2554057642169621 50
1756349522097 0.2416971954314605 51
1756349522125 0.23572173261124155 52
1756349522153 0.2668147430471752 53
1756349522181 0.3067510983218317 54
1756349522210 0.28472124882366345 55
1756349522238 0.2941814816516379 56
1756349522266 0.2729231559711954 57
1756349522295 0.2791065962418266 58
1756349614302 0.937456418638644 1
1756349614342 0.8895916057669598 2
1756349614381 0.8232389714406885 3
1756349614419 0.762679486171059 4
1756349614457 0.6454912709153217 5
1756349614495 0.6707480277704156 6
1756349614534 0.6043449614358984 7
1756349614572 0.5273642073506895 8
1756349614611 0.5353518711483997 9
1756349614649 0.5104588568210602 10
1756349614687 0.46675160656804626 11
1756349614726 0.47547266016835754 12
1756349614764 0.44597010897553485 13
1756349614803 0.4505149475906206 14
1756349614842 0.45467758697012195 15
1756349614880 0.4893350134725156 16
1756349614919 0.5470735625080441 17
1756349614958 0.44498501394105994 18
1756349614996 0.43427218820737756 19
1756349615035 0.4482755492562833 20
1756349615074 0.4116784684036089 21
1756349615112 0.40015000104904175 22
1756349615151 0.4180793619674185 23
1756349615190 0.3845156172047491 24
1756349615229 0.3947208873603655 25
1756349615268 0.36885360531184985 26
1756349615307 0.3409176961235378 27
1756349615346 0.3592475536076919 28
1756349615386 0.3773515574310137 29
1756349615425 0.35398920204328455 30
1756349615464 0.3473404321981513 31
1756349615503 0.3651703971883525 32
1756349615542 0.34624494029128033 33
1756349615582 0.3065401458221933 34
1756349615621 0.32707458864087646 35
1756349615660 0.32226596837458404 36
1756349615700 0.35777298911758093 37
1756349615740 0.3244866456674493 38
1756349615779 0.323749726233275 39
1756349615818 0.31110386096912884 40
1756349615858 0.28875981659992883 41
1756349615897 0.32528495399848273 42
1756349615936 0.4061280501925427 43
1756349615976 0.3566409556762032 44
1756349616015 0.3360003181125807 45
1756349616055 0.3198745963366135 46
1756349616094 0.2925386986006861 47
1756349616134 0.30999843322712445 48
1756349616173 0.35166463255882263 49
1756349616213 0.34284517687299976 50
1756349616253 0.2935030356697414 51
1756349616292 0.2750098698812982 52
1756349616332 0.2949900555869807 53
1756349616372 0.28658626066601794 54
1756349616411 0.27061585239742114 55
1756349616451 0.25386213673197705 56
1756349616491 0.2695906330709872 57
1756349616531 0.26940686806388525 58
1756349616571 0.24655830730562625 59
1756349616611 0.26588656850483106 60
1756349616651 0.2596767829812091 61
1756349616691 0.2657140273114909 62
1756349616731 0.2852105057757834 63
1756349616771 0.2616749515999918 64
1756349616811 0.24452703219393027 65
1756349616851 0.23233060603556427 66
1756349616891 0.2105687351330467 67
1756349616931 0.22957556273626245 68
1756349616971 0.2478360812301221 69
1756349617011 0.23287949678690537 70
1756349617051 0.23719108687794727 71
1756349617092 0.23445492788501407 72
1756349617132 0.21895297195600427 73
1756349617172 0.22483244084793588 74
1756349617212 0.23568563746369403 75
1756349617252 0.2271191717489906 76
1756349617293 0.20240950778774594 77
1756349617333 0.2100413856299027 78
1756349617374 0.20921099833820178 79
1756349617414 0.22480258280816284 80
1756349617454 0.21303474579168402 81
1756349617494 0.21009514124497122 82
1756349617535 0.20571643178877624 83
1756349617575 0.20538904291132223 84
1756349617616 0.20034989973773126 85
1756349617657 0.19274604514889096 86
1756349776459 0.9601112189500228 1
1756349776518 0.8849440527998883 2
1756349776576 0.9011947719947152 3
1756349776633 0.8436760202698086 4
1756349776691 0.7375051793844803 5
1756349776749 0.6504195358442224 6
1756349776807 0.6198072200236113 7
1756349776865 0.594669257817061 8
1756349776923 0.5736512567685998 9
1756349776981 0.5341036241987477 10
1756349777039 0.5637313321880673 11
1756349777096 0.5506257933119069 12
1756349777155 0.5090585467608079 13
1756349777212 0.5026435385579648 14
1756349777270 0.4578907839629961 15
1756349777328 0.5168341657389766 16
1756349777386 0.5055165925751561 17
1756349777444 0.48199126901833905 18
1756349777502 0.4775386970976125 19
1756349777560 0.4763355332872142 20
1756349777618 0.46126000259233557 21
1756349777676 0.42799669115439704 22
1756349777734 0.44147015265796496 23
1756349777792 0.4245748468067335 24
1756349777850 0.426979001449502 25
1756349777908 0.42978431478790613 26
1756349777966 0.41053208449612494 27
1756349778024 0.3941424346488455 28
1756349778083 0.38374674449796264 29
1756349778141 0.3807973395223203 30
1756349778199 0.37940584058346954 31
1756349778257 0.389529877382776 32
1756349778315 0.35697396034779755 33
1756349778374 0.39017747407374176 34
1756349778432 0.3740327669226605 35
1756349778490 0.3841126003991003 36
1756349778548 0.35132159357485565 37
1756349778606 0.34780140545057214 38
1756349778665 0.33763643580934277 39
1756349778723 0.32739193931869837 40
1756349778782 0.34000034824661585 41
1756349778840 0.3178489169348841 42
1756349778898 0.30777476468811865 43
1756349778957 0.350424332463223 44
1756349779015 0.3252591555533202 45
1756349779074 0.3236754173817842 46
1756349779132 0.31630010578943335 47
1756349779191 0.3039643686750661 48
1756349779250 0.3179051461427108 49
1756349779309 0.29553852262704267 50
1756349779368 0.27589084596737573 51
1756349779427 0.31293292149253515 52
1756349779486 0.30027810710927716 53
1756349779544 0.3052363091188928 54
1756349779603 0.28346227692521136 55
1756349779662 0.2623125502596731 56
1756349779992 0.26838121854740643 57
1756349780052 0.2775541602269463 58
1756349780111 0.27043156390604767 59
1756349780171 0.2969701367875804 60
1756349780231 0.3074339394984038 61
1756349780291 0.2730224054792653 62
1756349780351 0.26105809276518616 63
1756349780411 0.2633681724900785 64
1756349780471 0.2543358025343522 65
1756349780531 0.24610518566940143 66
1756349780591 0.24597947169905124 67
1756349780651 0.2574176224677459 68
1756349780711 0.2536440336185953 69
1756349780771 0.25576103381488635 70
1756349780830 0.23739187808140463 71
1756349780890 0.22576831475548123 72
1756349780950 0.2445089279309563 73
1756349781010 0.23392331276250922 74
1756349781070 0.276805821320285 75
1756349781130 0.253234106561412 76
1756349781190 0.23840321600437164 77
1756349781250 0.24200613343197366 78
1756349781310 0.23040647416011148 79
1756349781372 0.22663760833118274 80
1756349781432 0.22004345642483752 81
1756349781492 0.22397433545278467 82
1756349781552 0.2147328847128412 83
1756349781611 0.21087318982767023 84
1756349781671 0.22433872715286587 85
1756349781731 0.21167622862950616 86
1756349781792 0.20191047826538916 87
1756349781853 0.21424765107424362 88
1756349781913 0.21542083893133246 89
1756349781973 0.22088608858378037 90
1756349782034 0.21717988732068436 91
1756349782094 0.20875644295111948 92
1756349782154 0.2093287855386734 93
1756349782215 0.20279370572256006 94
1756349782275 0.19132280673669733 95
1756349782335 0.19297074558942215 96
1756349884473 0.9048293388408163 1
1756349884547 0.8106263279914856 2
1756349884617 0.8529045763223068 3
1756349884689 0.6964220715605695 4
1756349884760 0.5975876256175663 5
1756349884831 0.5867457480534263 6
1756349884902 0.5623309223548226 7
1756349884973 0.5242603110230487 8
1756349885044 0.5202625678933185 9
1756349885115 0.517412288033444 10
1756349885186 0.4976013691528984 11
1756349885257 0.48681040691292804 12
1756349885328 0.5043929219245911 13
1756349885399 0.5126434149949447 14
1756349885469 0.4635342877844106 15
1756349885540 0.51410787390626 16
1756349885611 0.44344849560571753 17
1756349885681 0.4215995267681453 18
1756349885753 0.42172182902045874 19
1756349885824 0.404119777938594 20
1756349885895 0.4168336482151695 21
1756349885966 0.41080215184584906 22
1756349886037 0.3805822172890539 23
1756349886109 0.36454157336898474 24
1756349886180 0.32803619426229724 25
1756349886252 0.3581771915373595 26
1756349886323 0.3497392794360285 27
1756349886395 0.36157790085543756 28
1756349886466 0.33422985672950745 29
1756349886538 0.3309569345868152 30
1756349886609 0.32985369990701263 31
1756349886681 0.37563977682072186 32
1756349886752 0.3466096423242403 33
1756349886824 0.31191316570924676 34
1756349886895 0.30049534336380335 35
1756349886966 0.29338881632556085 36
1756349887038 0.3223229089508886 37
1756349887110 0.3047906056694362 38
1756349887181 0.3565708670927131 39
1756349887253 0.3408136380755383 40
1756349887324 0.310459589180739 41
1756349887395 0.2789065747157387 42
1756349887467 0.3371529520853706 43
1756349887539 0.3333397429922353 44
1756349887610 0.29979941637619684 45
1756349887682 0.33543159650719684 46
1756349887754 0.32326281135496887 47
1756349887826 0.2872707098722458 48
1756349887898 0.30298512979694037 49
1756349887970 0.29531106223230774 50
1756349888042 0.27006098951982416 51
1756349888114 0.27174852594085364 52
1756349888186 0.2645461053951927 53
1756349888260 0.24731996137162912 54
1756349888332 0.25924056120540784 55
1756349888404 0.25057239117829694 56
1756349888476 0.24085636242576267 57
1756350089729 0.9101422454999841 1
1756350089826 0.8919734021891719 2
1756350089920 0.8457707477652509 3
1756350090014 0.7764002006986866 4
1756350090108 0.7286363166311512 5
1756350090202 0.5987432339917058 6
1756350090296 0.49485835692156915 7
1756350090390 0.46623324829599133 8
1756350090484 0.4497422524120497 9
1756350090578 0.45047553725864575 10
1756350090672 0.4829640323701112 11
1756350090766 0.46682237671769183 12
1756350090861 0.4164920060530953 13
1756350090955 0.42550445121267566 14
1756350091049 0.41443432154862775 15
1756350091143 0.36996810203013214 16
1756350091237 0.37796039425808453 17
1756350091332 0.3800317061984021 18
1756350091427 0.4410253698411195 19
1756350091522 0.4015755899574446 20
1756350091617 0.39222388293432153 21
1756350091712 0.4157542715901914 22
1756350091807 0.35215526948804443 23
1756350091902 0.3393506239289823 24
1756350091997 0.3236709554558215 25
1756350092092 0.32640051193859265 26
1756350092187 0.319630679876908 27
1756350092282 0.31103250513906067 28
1756350092376 0.3244987842829331 29
1756350092470 0.31562051565750787 30
1756350092565 0.3003869179798209 31
1756350092660 0.30125146132448444 32
1756350092756 0.299138354866401 33
1756350092851 0.3096405002086059 34
1756350092947 0.28405884426573047 35
1756350093042 0.27748963819897693 36
1756350093137 0.282259090439133 37
1756350093233 0.3054605599330819 38
1756350093329 0.3015998239102571 39
1756350093425 0.28019297058167664 40
1756350093520 0.2540576736564222 41
1756350093616 0.26260536649952765 42
1756350093711 0.27762499581212585 43
1756350093807 0.27365513145923615 44
1756350093903 0.25837406775225763 45
1756350093998 0.2591249210679013 46
1756350094094 0.25013714056947955 47
1756350094189 0.2588011473417282 48
1756350094285 0.25728318354357843 49
1756350094380 0.24943543128345325 50
1756350094476 0.2335985594469568 51
1756350094572 0.25973180260347284 52
1756350094668 0.23068136171154355 53
1756350094764 0.21931656806365304 54
1756350094860 0.2040165267560793 55
1756350094956 0.21152683315069779 56
1756350095051 0.20870309808979864 57
1756350095147 0.21549476812715115 58
1756350095244 0.21185313165187836 59
1756350095340 0.22947502006655154 60
1756350095436 0.19560785591602325 61
1756350095793 0.19662475715512814 62
1756350095890 0.18780070089775583 63
1756350095986 0.20835419647071673 64
1756350096083 0.20782335815222366 65
1756350096179 0.19742410662381546 66
1756350096276 0.19485957272674725 67
1756350223780 0.8878481854563174 1
1756350223890 0.8315468326858853 2
1756350223999 0.7876638096311818 3
1756350224107 0.7294255158175593 4
1756350224214 0.6404632563176362 5
1756350224323 0.5579754114151001 6
1756350224430 0.5753472006839254 7
1756350224537 0.4754865545293559 8
1756350224645 0.4386156499385834 9
1756350224753 0.44090743816417194 10
1756350224861 0.4182723242303599 11
1756350224968 0.4093912490036177 12
1756350225076 0.4158656648967577 13
1756350225184 0.38578472578007245 14
1756350225292 0.36394282138865924 15
1756350225400 0.3496895238109257 16
1756350225508 0.3489329309567161 17
1756350225616 0.3369288191847179 18
1756350225725 0.3444204136081364 19
1756350225833 0.32905849166538403 20
1756350225941 0.31875820133997046 21
1756350226049 0.3465945759545202 22
1756350226157 0.3119003053592599 23
1756350226265 0.32823893686999445 24
1756350226374 0.29863964733870135 25
1756350226482 0.3303816603577655 26
1756350226590 0.30336246024007385 27
1756350226697 0.29762859642505646 28
1756350226805 0.3065475277278734 29
1756350226913 0.3107828562674315 30
1756350227020 0.27591238008893054 31
1756350227130 0.25279772799947986 32
1756350227239 0.25347961291022925 33
1756350227347 0.24259353137534598 34
1756350227455 0.26954204880672955 35
1756350227564 0.25136617279571033 36
1756350227672 0.23893146735170614 37
1756350227780 0.21952010432015295 38
1756350227888 0.2402149963638057 39
1756350227996 0.2436402731615564 40
1756350228105 0.2520744683949844 41
1756350228214 0.21363707988158517 42
1756350228322 0.2368338697630426 43
1756350228430 0.2262649594441704 44
1756350228539 0.2275340032318364 45
1756350228647 0.2006125702806141 46
1756350228756 0.22148545669472736 47
1756350228864 0.22384198463481406 48
1756350228975 0.2147506805865661 49
1756350229084 0.19895272475221884 50
1756350229192 0.19331377939037656 51
1756350229300 0.19750985956710318 52
1756350229409 0.19502086807852206 53
1756350229518 0.16950166808522266 54
1756350229626 0.18428963034049325 55
1756350229735 0.18974959915098938 56
1756350229843 0.2004113372253335 57
1756350229952 0.18895607085331625 58
1756350230061 0.1934252478506254 59
1756350230169 0.1811842652766601 60
1756350230278 0.1689224158940108 61
1756350230387 0.1798802027883737 62
1756350230495 0.2113153707721959 63
1756350230604 0.20056614862835925 64
1756350230714 0.18291300988715628 65
1756350231106 0.17769989565662717 66
1756350231217 0.18083576210167096 67
1756350231326 0.17343997955322266 68
1756350349239 0.8941575651583464 1
1756350349365 0.8244157666745393 2
1756350349484 0.8634381812551747 3
1756350349602 0.6672425762466763 4
1756350349720 0.6425199625284775 5
1756350349839 0.6303917791532434 6
1756350349958 0.554899548706801 7
1756350350076 0.5319975433142289 8
1756350350195 0.5027086009149966 9
1756350350315 0.5722699074641519 10
1756350350434 0.5361898735813473 11
1756350350553 0.4791713642037433 12
1756350350673 0.4611319160979727 13
1756350350792 0.4785917375398719 14
1756350350911 0.4033849096816519 15
1756350351029 0.39408291552377783 16
1756350351149 0.43333276847134466 17
1756350351267 0.45287226205286774 18
1756350351386 0.38348459679147473 19
1756350351505 0.36329905947913294 20
1756350351624 0.33667731544245844 21
1756350351744 0.33868930909944617 22
1756350351863 0.34257029320882715 23
1756350351982 0.3281439413195071 24
1756350352101 0.2994036182113316 25
1756350352221 0.3104399805483611 26
1756350352340 0.33441015689269354 27
1756350352460 0.3798880758492843 28
1756350352579 0.34054507315158844 29
1756350352699 0.3105827531088953 30
1756350352818 0.3150293678045273 31
1756350352938 0.30533806331779645 32
1756350353058 0.33932912479276245 33
1756350353177 0.3417675508105237 34
1756350353297 0.36575263220330945 35
1756350353416 0.3462928015252818 36
1756350353535 0.29204805389694544 37
1756350353655 0.2613250626170117 38
1756350354467 0.27190735741801886 39
1756350354589 0.2745467165242071 40
1756350354709 0.2798993548621302 41
1756350354831 0.26813236656396283 42
1756350354951 0.28042568072028784 43
1756350355071 0.27670979046303296 44
1756350355193 0.2838912839474885 45
1756350355313 0.27214176240174665 46
1756350355433 0.25754194674284564 47
1756350355554 0.2336512486571851 48
1756350355679 0.2566375926784847 49
1756350355800 0.23612809246001037 50
1756350355920 0.2371174984652063 51
1756350356040 0.2505292264015778 52
1756350356161 0.2429378576900648 53
1756350356282 0.23914083384949228 54
1756350356401 0.22154614847639334 55
1756350356530 0.2561286661935889 56
1756350356652 0.24274388279603876 57
1756350356773 0.23089101003563922 58
1756350356895 0.24993308860322702 59
1756350357015 0.25826837381590967 60
1756350357136 0.23382263857385385 61
1756350357256 0.2220160546510116 62
1756350357376 0.20941372604473776 63
1756350357496 0.2435032932654671 64
1756350357615 0.2055751383304596 65
1756350357735 0.20433559560257455 66
1756350357855 0.18591460715169492 67
1756350357975 0.20291898755923563 68
1756350358095 0.20162929594516754 69
1756350358216 0.21761801061422928 70
1756350358336 0.20542898838934692 71
1756350358457 0.20904887240865958 72
1756350358577 0.18168339651563895 73
1756350358697 0.17273611413395923 74
1756350358818 0.18915660906097162 75
1756350358938 0.20089031755924225 76
1756350504495 0.9215043938678243 1
1756350504631 0.8507308130678923 2
1756350504762 0.9466774204502935 3
1756350504894 0.9525190229001252 4
1756350505027 0.7548099756240845 5
1756350505161 0.6770957034567128 6
1756350505292 0.6668550812679789 7
1756350505424 0.6061958981596905 8
1756350505556 0.5680244357689567 9
1756350505687 0.5869314735350402 10
1756350505820 0.6061325500840726 11
1756350505951 0.524605709573497 12
1756350506082 0.5137053468953008 13
1756350506214 0.5007244892742323 14
1756350506346 0.49050279026446136 15
1756350506479 0.47456535826558655 16
1756350506613 0.4367931498133618 17
1756350506746 0.42745367340419604 18
1756350506879 0.4227029720078344 19
1756350507011 0.4102452786072441 20
1756350507143 0.4109253274357837 21
1756350507276 0.42953737922336743 22
1756350507408 0.41075318533441296 23
1756350507540 0.4208749636359837 24
1756350507672 0.4331646509792494 25
1756350507805 0.41608879618022754 26
1756350507937 0.40487111780954443 27
1756350508069 0.37928602747295215 28
1756350508202 0.39503849330155744 29
1756350508335 0.369605901448623 30
1756350508470 0.3630705903405729 31
1756350508602 0.3464252741440483 32
1756350508734 0.3696409489797509 33
1756350508868 0.3595078548659449 34
1756350509000 0.33677697052126343 35
1756350509133 0.38347360232601996 36
1756350509266 0.36416282601978467 37
1756350509401 0.370738095563391 38
1756350509535 0.34306343353312946 39
1756350509669 0.3374603507311448 40
1756350509803 0.34462975419085956 41
1756350509936 0.32832812485487567 42
1756350510070 0.3242633459360703 43
1756350510202 0.3070970780175665 44
1756350510335 0.3164654659188312 45
1756350510467 0.2953445704086967 46
1756350510600 0.29411490715068317 47
1756350510734 0.2948712881492532 48
1756350510867 0.32075197541195416 49
1756350511000 0.3172702478325885 50
1756350511132 0.3041539684585903 51
1756350511264 0.2980271869379541 52
1756350511397 0.31161564458971436 53
1756350511532 0.282147546177325 54
1756350511666 0.25194303691387177 55
1756350511800 0.2646670257267745 56
1756350511935 0.24992444787336432 57
1756350512070 0.2764166554679041 58
1756350512204 0.2943099918572799 59
1756350512338 0.29684828416160913 60
1756350512473 0.278058313805124 61
1756350512606 0.27968855850074603 62
1756350512740 0.30005907040575275 63
1756350512874 0.2582574739404347 64
1756350513007 0.257125572665878 65
1756350513418 0.2633139173621717 66
1756350648149 0.9594326693078746 1
1756350648297 0.821536572083183 2
1756350648441 0.8139517670092375 3
1756350648586 0.7631827800170236 4
1756350648732 0.7805815935134888 5
1756350648878 0.6392012471738069 6
1756350649023 0.663446167240972 7
1756350649169 0.5812871831914653 8
1756350649314 0.5280257593030515 9
1756350649459 0.5090299041374869 10
1756350649604 0.5354104974995488 11
1756350649749 0.5200378583825153 12
1756350649894 0.5006369119105132 13
1756350650040 0.5141150458999302 14
1756350650186 0.5003966624322145 15
1756350650331 0.4762711654538694 16
1756350650476 0.46449208648308465 17
1756350650622 0.4447495989177538 18
1756350650767 0.45230794989544415 19
1756350650913 0.43616655728091364 20
1756350651316 0.4064966660478841 21
1756350651462 0.41465969318928925 22
1756350651609 0.40190032901971234 23
1756350651755 0.4314707997052566 24
1756350651901 0.39165574053059454 25
1756350652047 0.39058367972788605 26
1756350652194 0.41248930666757666 27
1756350652339 0.3902224328206933 28
1756350652485 0.3572163944659026 29
1756350652631 0.35474141266035 30
1756350652776 0.3530899493590645 31
1756350652922 0.3768175905165465 32
1756350653067 0.3606357146864352 33
1756350653212 0.3396789885085562 34
1756350653357 0.3421765760235164 35
1756350653503 0.3351063741290051 36
1756350653648 0.36063553457674774 37
1756350653793 0.35793865698835126 38
1756350653938 0.3187111084875853 39
1756350654084 0.3030451069707456 40
1756350654230 0.3187784766373427 41
1756350654376 0.3270320516565572 42
1756350654521 0.30148798939974414 43
1756350654667 0.33622210829154303 44
1756350654813 0.34010385948678723 45
1756350654959 0.31320748121842096 46
1756350655106 0.32228143901928613 47
1756350655251 0.3158471817555635 48
1756350655398 0.34179898966913635 49
1756350655544 0.36774305416190106 50
1756350655690 0.32465501712716144 51
1756350655836 0.33023318777913635 52
1756350655982 0.30080240057862323 53
1756350656128 0.27545708741830743 54
1756350656448 0.2833783613598865 55
1756350656595 0.258699840825537 56
1756350656741 0.26933046333167865 57
1756350656890 0.265550557685935 58
1756350657036 0.2636995296115461 59
1756350657183 0.2590030269778293 60
1756350657330 0.30350032772706903 61
1756350657476 0.2626081549603006 62
1756350657622 0.2519768651412881 63
1756350657769 0.24892564830572708 64
1756350894544 1.189011900321297 1
1756350894713 0.9212161769037661 2
1756350894880 0.8167504460915275 3
1756350895047 0.7042546557343524 4
1756350895214 0.8000651960787566 5
1756350895381 0.7193111025768778 6
1756350895549 0.6551472855650861 7
1756350895965 0.6102455685967985 8
1756350896134 0.5793099584786788 9
1756350896302 0.5663376709689265 10
1756350896470 0.5263136353181757 11
1756350896638 0.5095988978510317 12
1756350896806 0.4958637279012929 13
1756350896973 0.5657147389391194 14
1756350897142 0.5089716691037883 15
1756350897310 0.5052108142686926 16
1756350897478 0.4676146325857743 17
1756350897646 0.44053391140440235 18
1756350897813 0.4667990311332371 19
1756350897980 0.4519967514535655 20
1756350898147 0.4556830175544905 21
1756350898315 0.47571908909341565 22
1756350898637 0.41253706683283264 23
1756350898805 0.4055164119471674 24
1756350898974 0.4070687941882921 25
1756350899143 0.41793816892997077 26
1756350899312 0.3941631537416707 27
1756350899480 0.4042638009009154 28
1756350899649 0.3955349669508312 29
1756350899817 0.40897660022196564 30
1756350899985 0.39477046546728717 31
1756350900154 0.39927928603213764 32
1756350900321 0.38882867667986 33
1756350900489 0.3955591152543607 34
1756350900657 0.3813449649707131 35
1756350900824 0.387338462083236 36
1756350900991 0.3632330622362054 37
1756350901160 0.36057447091392847 38
1756350901488 0.37558003741761914 39
1756350901658 0.33799842129582947 40
1756350901826 0.3470268068106278 41
1756350901995 0.34921411198118457 42
1756350902164 0.3165808864261793 43
1756350902333 0.3766447500042293 44
1756350902502 0.38557204344998236 45
1756350902671 0.35629676476768823 46
1756350902840 0.3286434943261354 47
1756350903009 0.33794494556344074 48
1756350903178 0.3383416663045469 49
1756350903347 0.31773524828579114 50
1756350903515 0.3177027695852777 51
1756350903684 0.32941229252711585 52
1756350903853 0.33988445349361585 53
1756350904180 0.3070249427919802 54
1756350904349 0.3369954954022947 55
1756351127311 0.9752837289934573 1
1756351127498 0.8869863826295604 2
1756351127684 0.8581032675245533 3
1756351127869 0.7545007622760275 4
1756351128054 0.6679485803065093 5
1756351128238 0.6384009770725084 6
1756351128423 0.652021410672561 7
1756351128607 0.581157017013301 8
1756351128792 0.5882946887741918 9
1756351128976 0.5230791905651921 10
1756351129421 0.46870705485343933 11
1756351129606 0.4803246946438499 12
1756351129790 0.4580101992772973 13
1756351129975 0.518342824085899 14
1756351130159 0.4582571918549745 15
1756351130343 0.4781616343104321 16
1756351130528 0.4245854447717252 17
1756351130712 0.441596050625262 18
1756351130896 0.4275998382464699 19
1756351131081 0.4153570960397306 20
1756351131267 0.40931859871615534 21
1756351131454 0.4063446599504222 22
1756351131638 0.4198087466799695 23
1756351131823 0.3991951631463092 24
1756351132007 0.41668021031047986 25
1756351132192 0.4035683870315552 26
1756351132548 0.3916714554247649 27
1756351132736 0.4675185304620992 28
1756351132922 0.4085322359333868 29
1756351133109 0.41092921339947247 30
1756351133295 0.40695757710415387 31
1756351133480 0.4066534495872 32
1756351133665 0.39424212860024493 33
1756351133850 0.38608936771102575 34
1756351134037 0.354510379874188 35
1756351134223 0.34547152985697205 36
1756351134410 0.34827956816424493 37
1756351134595 0.34355324441971985 38
1756351134780 0.3409738424031631 39
1756351134966 0.34850727993509045 40
1756351135153 0.3552607868028724 41
1756351135338 0.33272056605504907 42
1756351135701 0.30457836389541626 43
1756351135887 0.3248269557952881 44
1756351136073 0.3201867491006851 45
1756351136259 0.3197280667398287 46
1756351136445 0.33061310584130493 47
1756351136632 0.3159171452988749 48
1756351136818 0.2958028951416845 49
1756351137004 0.2855357961810153 50
1756351137189 0.2792017524657042 51
1756351137375 0.2947333493958349 52
1756351137561 0.29202119422995526 53
1756351137747 0.3105842730273371 54
1756351137933 0.2887419721354609 55
1756351138117 0.2772226359533227 56
1756351138302 0.27644064828105597 57
1756351138658 0.27562356966993085 58
1756351138845 0.28115807991960773 59
1756351139032 0.2588166840698408 60
1756351139218 0.2599458830512088 61
1756351139405 0.29540305941001227 62
1756351139591 0.2827812698872193 63
1756351139777 0.2806152085895124 64
1756351139964 0.2549003965180853 65
1756351140151 0.24980029139829718 66
1756351140337 0.2383394383865854 67
1756351140525 0.2225503157014432 68
1756351140711 0.22643167428348376 69
1756351140896 0.23685666400453317 70
1756351141082 0.24331908251928247 71
1756351141268 0.2275275451981503 72
1756351141455 0.24031965693701868 73
1756351141826 0.23112209400405054 74
1756351142014 0.23337695974370706 75
1756351142202 0.21317057829836142 76
1756351142389 0.2395135468762854 77
1756351142576 0.22076408241106116 78
1756351142764 0.23027230669622836 79
1756351142951 0.2333454262951146 80
1756351143138 0.22124081655688907 81
1756351143324 0.22986481306345566 82
1756351143511 0.22118290286997092 83
1756351143699 0.2214853329503018 84
1756351143887 0.21448730515397113 85
1756351144074 0.21668464658053024 86
1756351144261 0.2176902164583621 87
1756351144449 0.23351692505504773 88
1756351144637 0.22067868839139523 89
1756351145002 0.21662416276724442 90
1756351145190 0.21540264590926791 91
1756351145376 0.20159125846365225 92
1756351317910 0.9399598163107167 1
1756351318112 0.8508190408996914 2
1756351318311 0.8685522338618403 3
1756351318510 0.8450172388035319 4
1756351318709 0.7369236764700516 5
1756351318907 0.7146165034045344 6
1756351319105 0.6230943280717601 7
1756351319562 0.5726037245729695 8
1756351319761 0.5747203088325002 9
1756351319960 0.5181301145449929 10
1756351320160 0.5508515484955 11
1756351320359 0.530211469401484 12
1756351320557 0.507198313008184 13
1756351320756 0.5007835030555725 14
1756351320954 0.48567596077919006 15
1756351321154 0.43503785133361816 16
1756351321353 0.4643539255080016 17
1756351321552 0.42472638384155603 18
1756351321752 0.4426411740157915 19
1756351321951 0.47843334856240644 20
1756351322151 0.45738012116888294 21
1756351322351 0.44034594556559686 22
1756351322717 0.5004392849362415 23
1756351322917 0.5155093410740728 24
1756351323116 0.5013560341752094 25
1756351323314 0.47586777287980786 26
1756351323513 0.46836467670357745 27
1756351323712 0.4133416038492452 28
1756351323911 0.4111026097898898 29
1756351324111 0.40532388246577716 30
1756351324310 0.4323571298433387 31
1756351324509 0.4138801344062971 32
1756351324708 0.44317059672397113 33
1756351324909 0.4487588366736536 34
1756351325108 0.39934116990669916 35
1756351325306 0.3819184977075328 36
1756351325506 0.38740107546681946 37
1756351325705 0.39061140884523804 38
1756351326070 0.4335665029028188 39
1756351326270 0.39665968262630963 40
1756351326470 0.3934080522993337 41
1756351326669 0.373005369435186 42
1756351326867 0.354885036530702 43
1756351327066 0.34418660402297974 44
1756351327265 0.3203319129736527 45
1756351327464 0.3428756814935933 46
1756351327663 0.33416439657625946 47
1756351327865 0.3409044289070627 48
1756351328065 0.3256141245365143 49
1756351328267 0.331789159256479 50
1756351328466 0.36113796804262244 51
1756351328665 0.31100860367650573 52
1756351328865 0.315211978295575 53
1756351498932 0.8990662486656852 1
1756351499147 0.8864811710689379 2
1756351499642 0.8228794180828592 3
1756351499852 0.6833019774893055 4
1756351500064 0.6824010506920193 5
1756351500273 0.6686610994131669 6
1756351500484 0.5893117500388104 7
1756351500694 0.6074924080268197 8
1756351500905 0.5841257157533065 9
1756351501115 0.5602783560752869 10
1756351501325 0.4929731073586837 11
1756351501535 0.478410207706949 12
1756351501745 0.4907621197078539 13
1756351501957 0.46593659727469733 14
1756351502168 0.47249949626300647 15
1756351502378 0.4690226510814998 16
1756351502588 0.4448985872061356 17
1756351502799 0.42935705184936523 18
1756351503186 0.4249671477338542 19
1756351503396 0.4200651943683624 20
1756351503609 0.39833072475765063 21
1756351503821 0.4453717133273249 22
1756351504032 0.4210532877756202 23
1756351504242 0.41506720107534656 24
1756351504455 0.42952238347219385 25
1756351504666 0.42072559439617657 26
1756351504876 0.39612170017283893 27
1756351505087 0.4351332304270371 28
1756351505297 0.4194170690101126 29
1756351505507 0.40492548242859217 30
1756351505717 0.42535795077033667 31
1756351505927 0.41456505008365796 32
1756351506138 0.4098499896733657 33
1756351506348 0.38971062198929163 34
1756351506728 0.4005382540433303 35
1756351506940 0.4080651778241862 36
1756351507151 0.4084029910357102 37
1756351507364 0.3721989937450575 38
1756351507576 0.3721411759438722 39
1756351507788 0.368308891420779 40
1756351507999 0.3283614892026652 41
1756351508210 0.32597883887912915 42
1756351508421 0.30272234069264453 43
1756351508633 0.3411476871241694 44
1756351508844 0.33805733919143677 45
1756351509055 0.3282806925151659 46
1756351509267 0.29681074489717896 47
1756351509477 0.32219483930131665 48
1756351509687 0.32173589843770733 49
1756351510063 0.34358265607253363 50
1756351510275 0.306808484637219 51
1756351510487 0.36410512224487634 52
1756351510698 0.3059198091859403 53
1756351510909 0.28901074114053144 54
1756351511120 0.28137696113275446 55
1756351511331 0.288330064519592 56
1756351511542 0.2841833829879761 57
1756351511754 0.2982799644055574 58
1756351511966 0.2535514630701231 59
1756351512176 0.2797771128623382 60
1756351512388 0.2589698919783468 61
1756351512598 0.2628971772349399 62
1756351512810 0.2570125674423964 63
1756351513023 0.29205118378867273 64
1756351513235 0.26730654615422955 65
1756351513613 0.25488358865613525 66
1756351513825 0.2579161868147228 67
1756351514037 0.24913470317488132 68
1756351514249 0.2607376841099366 69
1756351514465 0.28297421984050586 70
1756351514678 0.2452922592992368 71
1756351514891 0.24853572832501453 72
1756351515102 0.24565566946630893 73
1756351515314 0.24335825443267822 74
1756351515525 0.24691325231738712 75
1756351515737 0.227605732238811 76
1756351515947 0.2444130512683288 77
1756351516160 0.23001415638819986 78
1756351516372 0.23018386312153027 79
1756351516584 0.2198692799910255 80
1756351516966 0.23049037676790488 81
1756351517178 0.21724176082922064 82
1756351517389 0.21820958347424216 83
1756351517600 0.21982855576535928 84
1756351517812 0.21320440652577774 85
1756351518024 0.21495529814906741 86
1756351518235 0.2154699207647987 87
1756351518448 0.2122187264587568 88
1756351518660 0.23831058196399524 89
1756351518871 0.21947200466757236 90
1756351519084 0.20591010282868924 91
1756351519296 0.203887688724891 92
1756351519509 0.20417038254115893 93
1756351519721 0.2013199024874231 94
1756351519934 0.20094214185424472 95
1756351520146 0.2035766788150953 96
1756351520526 0.19543389004209769 97
1756351690713 0.9513318357260331 1
1756351690939 0.9402650102325107 2
1756351691162 0.96248473810113 3
1756351691384 0.7790714087693588 4
1756351691606 0.7114093096359916 5
1756351691828 0.6297612345736959 6
1756351692051 0.6052385490873585 7
1756351692526 0.6159238063770792 8
1756351692748 0.6053727139597354 9
1756351692971 0.5346941986809606 10
1756351693192 0.5219853313072867 11
1756351693414 0.564142107963562 12
1756351693637 0.49565428754557733 13
1756351693858 0.48604180761005567 14
1756351694080 0.5039395858412203 15
1756351694301 0.4459798867287843 16
1756351694522 0.4728681522866954 17
1756351694744 0.4435962762521661 18
1756351694967 0.4848671114963034 19
1756351695190 0.4565479949764583 20
1756351695413 0.4164802639380745 21
1756351695636 0.43454196660414984 22
1756351695859 0.4109322169552679 23
1756351696246 0.4401738229005233 24
1756351696470 0.401500870352206 25
1756351696693 0.4152962293313897 26
1756351696916 0.39016620750012604 27
1756351697139 0.4179103478141453 28
1756351697362 0.3954889463341754 29
1756351697584 0.38553501212078595 30
1756351697807 0.3725512805192367 31
1756351698030 0.34940731007119885 32
1756351698253 0.36296501820502075 33
1756351698477 0.34478626950927405 34
1756351698699 0.3513228530469148 35
1756351698922 0.3461901713972506 36
1756351699146 0.32252679052560224 37
1756351699369 0.33996733116066974 38
1756351699750 0.3655701266682666 39
1756351699973 0.37366790227268054 40
1756351700197 0.33947791418303613 41
1756351700420 0.4309020003546839 42
1756351700646 0.36700675798499066 43
1756351700871 0.35689007199328876 44
1756351701093 0.3494845926761627 45
1756351701317 0.33424736105877423 46
1756351701542 0.33272551259268884 47
1756351701764 0.30689957802710327 48
1756351701988 0.30823660026425903 49
1756351702212 0.319766566157341 50
1756351702435 0.3161055678906648 51
1756351702659 0.29957355040570965 52
1756351702885 0.3049545359352361 53
1756351703109 0.29483236502046173 54
1756351703488 0.28293604176977405 55
1756351703712 0.28790272577949194 56
1756351703937 0.28896751481553784 57
1756351704161 0.26864219230154285 58
1756351704385 0.2735455573900886 59
1756351704608 0.29334814393002057 60
1756351704831 0.2738747713358506 61
1756351705054 0.2631520538226418 62
1756351705278 0.24898191249888876 63
1756351705503 0.2554948925971985 64
1756351705727 0.2722088396549225 65
1756351705949 0.2699632845495058 66
1756351706173 0.27929410403189453 67
1756351706397 0.2704674886620563 68
1756351706621 0.24843867058339325 69
1756351706845 0.24123372007971225 70
1756351707226 0.23654631428096606 71
1756351707449 0.2581148588139078 72
1756351707672 0.2481921444768491 73
1756351707895 0.23443818545859793 74
1756351708119 0.23336472718612009 75
1756351708343 0.22530051094034445 76
1756351708566 0.23855057747467703 77
1756351708791 0.24275345582029093 78
1756351709016 0.25189083361107373 79
1756351709240 0.2343180633109549 80
1756351915165 0.9909183823544047 1
1756351915411 0.866335252056951 2
1756351915651 0.816510550353838 3
1756351915890 0.7602107317551322 4
1756351916129 0.766320614711098 5
1756351916368 0.7689997294674749 6
1756351916608 0.674828563047492 7
1756351916848 0.6257191067156584 8
1756351917088 0.5760963533235632 9
1756351917328 0.5637003921944163 10
1756351917823 0.5604021238244098 11
1756351918064 0.5079881937607474 12
1756351918306 0.4975381376950637 13
1756351918547 0.48778740349023236 14
1756351918788 0.4635344121767127 15
1756351919029 0.46280476450920105 16
1756351919270 0.4568138368751692 17
1756351919511 0.4571169744367185 18
1756351919752 0.46926201167313947 19
1756351920155 0.49357060893722204 20
1756351920397 0.4488948479942653 21
1756351920638 0.42646773353866907 22
1756351920880 0.4184666068657585 23
1756351921123 0.44525559570478357 24
1756351921364 0.44105474586072174 25
1756351921604 0.4115270453950633 26
1756351921845 0.4187828846599745 27
1756351922087 0.3838168784328129 28
1756351922327 0.3999772732672484 29
1756351922727 0.41308673309243243 30
1756351922968 0.3879382908344269 31
1756351923211 0.38126356834950653 32
1756351923452 0.36173867401869403 33
1756351923694 0.37073498575583747 34
1756351923937 0.37836491932039673 35
1756351924178 0.3615701185620349 36
1756351924420 0.35523526046587073 37
1756351924662 0.3221148019251616 38
1756351924904 0.32365980096485303 39
1756351925304 0.32972296942835266 40
1756351925546 0.32476849789204804 41
1756351925788 0.32132399470909784 42
1756351926029 0.32641592816166254 43
1756351926272 0.3114871130041454 44
1756351926513 0.3139639095119808 45
1756351926755 0.33252554743186286 46
1756351926997 0.32984564032243646 47
1756351927238 0.4076682381007982 48
1756351927479 0.33514848610629205 49
1756351927878 0.3206876075786093 50
1756351928123 0.30890419820080633 51
1756351928368 0.3073976130589195 52
1756351928610 0.3097410428783168 53
1756351928851 0.3030648646147355 54
1756351929091 0.2950041527333467 55
1756351929333 0.3190755351730015 56
1756351929574 0.3378064813821212 57
1756351929815 0.2823708219372708 58
1756351930056 0.2867993887351907 59
1756351930450 0.2839388192995735 60
1756351930691 0.28662144878636237 61
1756351930934 0.27894741879857105 62
1756351931175 0.285554074074911 63
1756351931417 0.26951157981934754 64
1756351931661 0.2704842563556588 65
1756351931903 0.2698304912318354 66
1756351932144 0.26628655195236206 67
1756351932384 0.30406814554463263 68
1756351932808 0.25998370543770166 69
1756351933051 0.273805294347846 70
1756351933293 0.25829546866209613 71
1756351933535 0.24452516630939816 72
1756351933776 0.23934690589490143 73
1756351934019 0.24053393498710965 74
1756351934261 0.24228962543218033 75
1756351934505 0.26319132097389386 76
1756351934747 0.2332429069539775 77
1756351934990 0.2343617865572805 78
1756351935407 0.23060424107572305 79
1756351935650 0.22129941634509875 80
1756352078935 1.0033450256223264 1
1756352079188 0.9558600990668588 2
1756352079439 0.8423447375712187 3
1756352079687 0.779209782247958 4
1756352079938 0.6990427944971167 5
1756352080429 0.6703601660935775 6
1756352080681 0.6185291241044584 7
1756352080933 0.5698510252911112 8
1756352081185 0.5532248434813126 9
1756352081437 0.5335703725400178 10
1756352081687 0.49612543893897015 11
1756352081938 0.49477828456007916 12
1756352082189 0.5079059834065645 13
1756352082591 0.4932059477204862 14
1756352082842 0.4519788648771203 15
1756352083095 0.4410744089147319 16
1756352083347 0.42414030821427057 17
1756352083602 0.45569377619287244 18
1756352083855 0.46570743296457373 19
1756352084107 0.43515248143154645 20
1756352084357 0.39711010456085205 21
1756352084609 0.38175370252650714 22
1756352084860 0.3849450505298117 23
1756352085292 0.3878249098425326 24
1756352085545 0.4032676336557969 25
1756352085795 0.3816965066868326 26
1756352086046 0.5188655334970226 27
1756352086297 0.5167286162791045 28
1756352086548 0.46384079171263654 29
1756352086798 0.3901259963927062 30
1756352087050 0.4165081446585448 31
1756352087302 0.39182367013848346 32
1756352087723 0.40152782979218854 33
1756352087976 0.4104558579299761 34
1756352088230 0.39186172511266626 35
1756352088482 0.3601415740407031 36
1756352088735 0.3755914180175118 37
1756352088987 0.37575335735860077 38
1756352089239 0.3698506614436274 39
1756352089492 0.37668091447457025 40
1756352089908 0.340165156385173 41
1756352090160 0.34959554024364636 42
1756352090413 0.3607532304266225 43
1756352090664 0.323582934944526 44
1756352090916 0.322235736510028 45
1756352091169 0.32647019235984137 46
1756352091420 0.4301361532314964 47
1756352091672 0.33426188969093823 48
1756352091924 0.35039652236129926 49
1756352092177 0.3814588305742844 50
1756352092430 0.33391993719598523 51
1756352092682 0.32648055061050085 52
1756352093099 0.32146560821844183 53
1756352093350 0.29249925717063574 54
1756352093601 0.27962465843428735 55
1756352093853 0.2952183504467425 56
1756352094108 0.2662195712327957 57
1756352094361 0.28062284446280933 58
1756352094613 0.2813569372114928 59
1756352094865 0.2695317099923673 60
1756352095118 0.28797425005746924 61
1756352095371 0.2842696743166965 62
1756352095623 0.2855205801518067 63
1756352096041 0.25746137357276416 64
1756352096293 0.2820387657569802 65
1756352096546 0.263834355318028 66
1756352096799 0.2513432619364365 67
1756352097050 0.2519194069116012 68
1756352097304 0.27078985973544745 69
1756352097558 0.25603098130744434 70
1756352097811 0.24138360567714856 71
1756352098065 0.23863824554111646 72
1756352098318 0.23152901491393213 73
1756352098571 0.2224694153536921 74
1756352099004 0.22184115324331366 75
1756352284751 0.9438610569290493 1
1756352285014 0.8577457925547725 2
1756352285275 0.7543172732643459 3
1756352285536 0.7686445764873339 4
1756352285798 0.7245496926100358 5
1756352286058 0.691876478817152 6
1756352286560 0.6204188595647397 7
1756352286821 0.5841414280559706 8
1756352287084 0.5869184291881063 9
1756352287346 0.5228595617024795 10
1756352287607 0.4937689278436744 11
1756352287870 0.5033848791018777 12
1756352288132 0.47676314867061115 13
1756352288394 0.47705254736153974 14
1756352288655 0.4884551413681196 15
1756352289095 0.5018809606199679 16
1756352289356 0.5112977494364199 17
1756352289616 0.5060396103755288 18
1756352289877 0.4677027321380118 19
1756352290139 0.44582797392554907 20
1756352290401 0.439660730569259 21
1756352290666 0.4024404676064201 22
1756352290926 0.4029813395894092 23
1756352291361 0.39900129774342413 24
1756352291623 0.381285160779953 25
1756352291884 0.38659647884576215 26
1756352292145 0.42153590010560077 27
1756352292405 0.3719159053719562 28
1756352292665 0.35185420513153076 29
1756352292926 0.3282187399656876 30
1756352293187 0.3845245475354402 31
1756352293447 0.3842758277188177 32
1756352293883 0.37316699909127277 33
1756352294146 0.3370945272238358 34
1756352294408 0.33618922725967737 35
1756352294669 0.3841697353383769 36
1756352294931 0.35028742059417395 37
1756352295193 0.3472582840401193 38
1756352295455 0.3521783416685851 39
1756352295715 0.3312774494938228 40
1756352295976 0.32878933263861615 41
1756352296409 0.39168616092723346 42
1756352296672 0.3713559819304425 43
1756352296934 0.3331533327050831 44
1756352297196 0.33986732882002124 45
1756352297457 0.3640295305977697 46
1756352297719 0.3279556489509085 47
1756352297980 0.2969614176646523 48
1756352298245 0.35835313019545184 49
1756352298507 0.3342740976292154 50
1756352298960 0.3319136195856592 51
1756352299223 0.3749490432117296 52
1756352299488 0.3303137862164041 53
1756352299752 0.30329214619553607 54
1756352300017 0.27238814727119776 55
1756352300279 0.2691990681316542 56
1756352300542 0.2967125326395035 57
1756352300804 0.26374555411546124 58
1756352301245 0.27283473312854767 59
1756352301508 0.2611335859350536 60
1756352301771 0.2790419446385425 61
1756352302034 0.2722004120764525 62
1756352302298 0.25065370487130206 63
1756352302560 0.25788168803505274 64
1756352302822 0.2678533753623133 65
1756352303085 0.2730025519495425 66
1756352303347 0.23985506205455118 67
1756352303775 0.24691584058429883 68
1756352304038 0.2424478777076887 69
1756352304301 0.2444789759490801 70
1756352304563 0.23737532742645429 71
1756352304825 0.23913655656835306 72
1756352305086 0.2448623705169429 73
1756352305348 0.2864331752061844 74
1756352305612 0.2935495493204697 75
1756352305874 0.29728725682134216 76
1756352306299 0.26790522103724274 77
1756352306562 0.22883135598638785 78
1756352306825 0.237494769303695 79
1756352307087 0.2211425984683244 80
1756352307351 0.22626855580703073 81
1756352307614 0.21858295280000437 82
1756352307878 0.2311792853085891 83
1756352308140 0.22566244459670523 84
1756352308404 0.21376871026080588 85
1756352308830 0.20624758044014807 86
1756352309093 0.20393463256566421 87
1756352309356 0.21509159323961838 88
1756352309620 0.21327516954878104 89
1756352309884 0.20581689347391544 90
1756352310147 0.19813942326151807 91
1756352310411 0.2031315467927767 92
1756352310674 0.20563836071802222 93
1756352311101 0.2133849489948024 94
1756352311364 0.20594406257505002 95
1756352311626 0.19432411958342014 96
1756352311891 0.19635043584782144 97
1756352312154 0.19429400304089423 98
1756352312417 0.2190005124911018 99
1756352312681 0.20924443783967392 100
1756352312943 0.19338614266851675 101
1756352313210 0.18707297548003818 102
1756352313641 0.20087045819863028 103
1756352313905 0.1945575618225595 104
1756352314169 0.1833518756472546 105
1756352314432 0.19072373017020847 106
1756352314696 0.18763116909110028 107
1756352314962 0.19166594808516296 108
1756352315225 0.18161948543527853 109
1756352315487 0.18277115990286288 110
1756352315914 0.18061452067416647 111
1756352316178 0.17897758794867474 112
1756352316441 0.18715001318765723 113
1756352316711 0.16901703438033228 114
1756352316974 0.17898525362429413 115
1756352317237 0.1827614864577418 116
1756352317501 0.18316490915806397 117
1756352317764 0.17321125709492227 118
1756352318028 0.17371030313813168 119
1756352318489 0.17670362539913342 120
1756352318753 0.17163022316020468 121
1756352319016 0.17441007009019022 122
1756352319279 0.15252051502466202 123
1756352319544 0.1642764677172122 124
1756352319808 0.16293516042439835 125
1756352320089 0.15928078151267508 126
1756352521593 1.0111956544544385 1
1756352521872 0.9177703546441119 2
1756352522395 0.8331155491911847 3
1756352522670 0.8382398667542831 4
1756352522945 0.8472140327743862 5
1756352523220 0.6875884066457334 6
1756352523494 0.6180809425271075 7
1756352523769 0.6616593832555024 8
1756352524043 0.6305364240770754 9
1756352524317 0.5453691210435785 10
1756352524591 0.503240124039028 11
1756352525023 0.5656690234723298 12
1756352525300 0.527819452078446 13
1756352525574 0.5692446413247482 14
1756352525849 0.5164958147898965 15
1756352526123 0.4972624040168265 16
1756352526398 0.4774845514608466 17
1756352526673 0.5288183365179144 18
1756352526950 0.4932593223841294 19
1756352527226 0.46307010106418445 20
1756352527657 0.4381677391736404 21
1756352527932 0.42098843792210455 22
1756352528207 0.3984898056672967 23
1756352528483 0.44260234158972034 24
1756352528761 0.39518533711848053 25
1756352529037 0.3915502727031708 26
1756352529315 0.4063060944494994 27
1756352529592 0.39235173748887103 28
1756352529867 0.38257996414018713 29
1756352530305 0.3710071392681288 30
1756352530581 0.3810527531997017 31
1756352530859 0.392546604508939 32
1756352531135 0.3833136532617652 33
1756352531412 0.4120087364445562 34
1756352531687 0.372644305229187 35
1756352531964 0.3917140299859254 36
1756352532240 0.4204111824864927 37
1756352532672 0.3826252649659696 38
1756352532948 0.36739002751267474 39
1756352533224 0.3295658399229464 40
1756352533500 0.35588929057121277 41
1756352533777 0.3514219716839168 42
1756352534053 0.34957097535548004 43
1756352534331 0.32224139052888623 44
1756352534609 0.3190716945606729 45
1756352534886 0.4226173266120579 46
1756352535324 0.38928197907364886 47
1756352535603 0.35468149444331293 48
1756352535881 0.33983491814654804 49
1756352536160 0.33394240749918896 50
1756352536438 0.3285730895788773 51
1756352536716 0.3283096176126729 52
1756352536993 0.3226614698119786 53
1756352537272 0.32537440890851227 54
1756352537710 0.31960671557032544 55
1756352537988 0.30383895143218664 56
1756352538265 0.3056014549473058 57
1756352538543 0.29686620831489563 58
1756352538822 0.28504238374855206 59
1756352539099 0.3151463807924934 60
1756352539378 0.3064289980608484 61
1756352539657 0.2909909869017808 62
1756352540103 0.29327936924022174 63
1756352801855 1.0688030667926953 1
1756352802151 0.972032764683599 2
1756352802441 0.8740283613619597 3
1756352802733 0.9424658417701721 4
1756352803023 0.8227139737295068 5
1756352803315 0.6287489377934 6
1756352803606 0.5951867971731268 7
1756352803897 0.5796878065751947 8
1756352804188 0.5460752507914668 9
1756352804731 0.532034114651058 10
1756352805024 0.5594976712828097 11
1756352805317 0.5226222561753314 12
1756352805609 0.490068010661913 13
1756352805904 0.4996143333289934 14
1756352806199 0.47901156544685364 15
1756352806655 0.5357971411684285 16
1756352806948 0.46830759877743927 17
1756352807241 0.5016295974669249 18
1756352807534 0.48566556106442993 19
1756352807827 0.48700351818748144 20
1756352808118 0.4715713767901711 21
1756352808409 0.4461363761321358 22
1756352808701 0.425531734590945 23
1756352808993 0.43759684199872223 24
1756352809286 0.43537984982780786 25
1756352809745 0.40112024675244873 26
1756352810039 0.4077837946622268 27
1756352810333 0.4077775750471198 28
1756352810630 0.39997782784959546 29
1756352810926 0.41077446678410406 30
1756352811219 0.3914505152598671 31
1756352811512 0.3781736855921538 32
1756352811971 0.3703589270944181 33
1756352812265 0.35790787442870764 34
1756352812561 0.3673737502616385 35
1756352812855 0.34146094710930536 36
1756352813151 0.3541143510652625 37
1756352813446 0.35104991042095685 38
1756352813903 0.39639830459719116 39
1756352814196 0.36179883842882904 40
1756352814489 0.34636191311089887 41
1756352814784 0.35075544727885205 42
1756352815077 0.3460570534934168 43
1756352815371 0.2972854855267898 44
1756352815666 0.32874463692955347 45
1756352815959 0.31551107893819397 46
1756352816252 0.3419330223746922 47
1756352816546 0.31835409351017163 48
1756352817005 0.3039416722629381 49
1756352817301 0.35454345786053204 50
1756352817596 0.3364925598320754 51
1756352817891 0.32039106086544367 52
1756352818186 0.3073194137086039 53
1756352818481 0.2982550386501395 54
1756352818934 0.2822468190089516 55
1756352819227 0.28039512232593866 56
1756352819521 0.3076316027537636 57
1756352819816 0.3037819512512373 58
1756352820110 0.26361234810041345 59
1756352820405 0.27831499602483667 60
1756353040905 0.9337049385775691 1
1756353041213 0.9271937038587488 2
1756353041518 0.7914737877638444 3
1756353041822 0.8525960471319116 4
1756353042390 0.6881766785746035 5
1756353042694 0.6180688816568126 6
1756353042999 0.6098807117213374 7
1756353043303 0.5741198814433554 8
1756353043608 0.5203240461971449 9
1756353043913 0.5043581244738206 10
1756353044218 0.517249117726865 11
1756353044701 0.45892852803935175 12
1756353045007 0.4843355171058489 13
1756353045312 0.4621720508388851 14
1756353045618 0.4790204530176909 15
1756353045923 0.4546607590239981 16
1756353046228 0.43793666233187134 17
1756353046556 0.43575483430986817 18
1756353047029 0.44662645070449164 19
1756353047334 0.507353241028993 20
1756353047639 0.5266764487909235 21
1756353047943 0.5461758193762406 22
1756353048259 0.4206641355286474 23
1756353048565 0.4078090955381808 24
1756353048870 0.45426284489424335 25
1756353049334 0.4121679261974666 26
1756353049644 0.41989953362423443 27
1756353049950 0.39776494192040485 28
1756353050254 0.39339388194291486 29
1756353050559 0.3717995700628861 30
1756353050864 0.35999225533526874 31
1756353051169 0.3707004357939181 32
1756353051640 0.3620094916094904 33
1756353051945 0.3551348370054494 34
1756353052249 0.3169410125068996 35
1756353052555 0.3186483577541683 36
1756353052861 0.34027476543965546 37
1756353053165 0.3296893886897875 38
1756353053471 0.31196683386097784 39
1756353053939 0.3137062800967175 40
1756353054244 0.30712044627770135 41
1756353054549 0.30790286219638324 42
1756353054853 0.32944728628448816 43
1756353055157 0.3140155893305074 44
1756353055464 0.3495386489059614 45
1756353055769 0.31030397246713226 46
1756353056234 0.29875449447528174 47
1756353056540 0.28027558002782904 48
1756353056845 0.2867820087982261 49
1756353057149 0.2975814348977545 50
1756353057456 0.2916827810847241 51
1756353057762 0.2638721615076065 52
1756353058069 0.2632936634447264 53
1756353058536 0.2561819462672524 54
1756353058842 0.2688754596140074 55
1756353059148 0.2810700879148815 56
1756353059455 0.2878522555465284 57
1756353059761 0.2626379974510359 58
1756353060067 0.26978800283825916 59
1756353060383 0.25699572200360504 60
1756353060858 0.2844207772742147 61
1756353061165 0.2773524626441624 62
1756353061474 0.25335747068342956 63
1756353061780 0.2608513559984124 64
1756353062092 0.24459852602170862 65
1756353062399 0.2509257463009461 66
1756353062706 0.2750333275484002 67
1756353063179 0.27697158313315845 68
1756353063485 0.27081321762955707 69
1756353063799 0.24964518974656644 70
1756353064103 0.22988575826520505 71
1756353064408 0.2599751353263855 72
1756353064712 0.25171016027098114 73
1756353065018 0.23430752235910166 74
1756353065519 0.21464724255644757 75
1756353065825 0.20926651293816773 76
1756353066133 0.24533294853956802 77
1756353066439 0.2175627078699029 78
1756353066745 0.22420006536919138 79
1756353067050 0.2254025301207667 80
1756353067373 0.23799900192281473 81
1756353067853 0.24694201479787412 82
1756353327153 0.9979576390722523 1
1756353327766 0.9544721245765686 2
1756353328085 0.8741213342417842 3
1756353328405 0.7400908444238745 4
1756353328725 0.708271905131962 5
1756353329045 0.6588868395141934 6
1756353329363 0.632358889216962 7
1756353329863 0.6171468159426814 8
1756353330186 0.6148408910502559 9
1756353330510 0.5477965642576632 10
1756353330832 0.6285951966824739 11
1756353331154 0.5868519738964413 12
1756353331476 0.5092358355936797 13
1756353331973 0.49531929518865503 14
1756353332295 0.4954080309556878 15
1756353332617 0.4677563672480376 16
1756353332936 0.4754673449889473 17
1756353333254 0.46905388132385584 18
1756353333574 0.5364813688008682 19
1756353334068 0.47849195029424585 20
1756353334389 0.5633340646391329 21
1756353334710 0.549333781003952 22
1756353335030 0.5024213894553806 23
1756353335351 0.4391441319299781 24
1756353335672 0.4555421665958736 25
1756353336170 0.4120820734811866 26
1756353336491 0.38115130170531897 27
1756353336812 0.391948569080104 28
1756353337132 0.39483599818271137 29
1756353337451 0.3921891671159993 30
1756353337948 0.3627543799255205 31
1756353338267 0.3763979401277459 32
1756353338587 0.35634410899618396 33
1756353338906 0.37108301598092786 34
1756353339226 0.3659520252891209 35
1756353339547 0.3667560440042745 36
1756353339868 0.3638178777435552 37
1756353340367 0.37559190003768256 38
1756353340692 0.33148032945135364 39
1756353341013 0.3437132239341736 40
1756353341335 0.358391795469367 41
1756353341656 0.3562536200751429 42
1756353342149 0.3119740013195121 43
1756353342468 0.3170170654421267 44
1756353342790 0.3220224626686262 45
1756353343113 0.3307821180509484 46
1756353343433 0.3188106255686801 47
1756353343754 0.3194462579229604 48
1756353344252 0.3300728396229122 49
1756353344574 0.3319261242514071 50
1756353344895 0.3157586714495783 51
1756353345218 0.3595401968645013 52
1756353345539 0.3351110543893731 53
1756353345861 0.3074096421832624 54
1756353346356 0.3554710797641588 55
1756353346679 0.3614961841832037 56
1756353347002 0.3874719168828881 57
1756353347325 0.3031969711832378 58
1756353347644 0.3253293704727422 59
1756353347966 0.3206598434759223 60
1756353348461 0.3054845754219138 61
1756353348782 0.28822860899178876 62
1756353651727 1.0342670108961023 1
1756353652069 0.9406076384627301 2
1756353652663 0.9118552622587784 3
1756353653001 0.7422511448030886 4
1756353653342 0.6918772277624711 5
1756353653682 0.7000802172266919 6
1756353654021 0.6588320589583853 7
1756353654529 0.5968617408171945 8
1756353654868 0.540862456611965 9
1756353655206 0.570371150970459 10
1756353655545 0.5932196754476299 11
1756353655883 0.5602347604606462 12
1756353656389 0.5752840819566146 13
1756353656728 0.6640492522198221 14
1756353657068 0.5577684524266616 15
1756353657406 0.5108005585877792 16
1756353657745 0.5040656159753385 17
1756353658085 0.5632118815961091 18
1756353658614 0.5662469177142434 19
1756353658953 0.5012540454449861 20
1756353659293 0.5272427978722946 21
1756353659631 0.449492405290189 22
1756353659972 0.5135253084742505 23
1756353660482 0.4771470738493878 24
1756353660821 0.4665224409621695 25
1756353661160 0.4433791987274004 26
1756353661499 0.43376836828563525 27
1756353661841 0.4107726903065391 28
1756353662346 0.4278403067070505 29
1756353662686 0.41866197534229443 30
1756353663024 0.3883179180000139 31
1756353663364 0.40939056095869647 32
1756353663707 0.4053460735341777 33
1756353664044 0.3803155448125756 34
1756353664562 0.3725374107775481 35
1756353664901 0.3880000956680464 36
1756353665240 0.3931958688342053 37
1756353665580 0.4284616890160934 38
1756353665917 0.4571171364058619 39
1756353666425 0.40359521689622296 40
1756353666764 0.3947623074054718 41
1756353667103 0.40080631556718244 42
1756353667442 0.3704935053120489 43
1756353667782 0.37332671621571417 44
1756353668287 0.34674380914024683 45
1756353668626 0.3313902681288512 46
1756353668965 0.3578357942726301 47
1756353669304 0.3244426898334337 48
1756353669643 0.31560549010401184 49
1756353669979 0.2978477594645127 50
1756353670475 0.3264885622522105 51
1756353670814 0.3061469352763632 52
1756353671153 0.3057459398456242 53
1756353671493 0.317705142757167 54
1756353671834 0.337849119435186 55
1756353672340 0.309887716303701 56
1756353672679 0.30558006659798 57
1756353673019 0.3015809519135434 58
1756353673360 0.3025308614191802 59
1756353673699 0.30018516532752826 60
1756353674206 0.2978630726752074 61
1756353674546 0.2827787846326828 62
1756353674888 0.28622159815352893 63
1756353675227 0.267662873086722 64
1756353675566 0.27631063953689905 65
1756353676072 0.29008974264497345 66
1756353676412 0.27939455599888513 67
1756353676754 0.2830939098544743 68
1756353677092 0.2731747186702231 69
1756353677431 0.2635354257148245 70
1756353677769 0.2602890425402185 71
1756353678278 0.27428050209646637 72
1756353942626 1.1953559180964595 1
1756353942981 1.2200901534246362 2
1756353943331 1.0474669415017832 3
1756353943956 0.8571697421695875 4
1756353944310 0.796677379504494 5
1756353944664 0.7567540199860282 6
1756353945014 0.671502077061197 7
1756353945551 0.5852032239022462 8
1756353945904 0.5721498313157455 9
1756353946256 0.5453490757423899 10
1756353946606 0.5668404193028159 11
1756353946961 0.5044548952061197 12
1756353947311 0.4714331899000251 13
1756353947836 0.5145742556323176 14
1756353948190 0.5454254163348157 15
1756353948541 0.4506065689999124 16
1756353948892 0.5534887974676879 17
1756353949245 0.4878090956936712 18
1756353949774 0.5018774167351101 19
1756353950128 0.44867199659347534 20
1756353950481 0.4092612577521283 21
1756353950832 0.4312844613324041 22
1756353951184 0.4307426499283832 23
1756353951706 0.434507104365722 24
1756353952058 0.43945334527803503 25
1756353952410 0.4368045653985894 26
1756353952765 0.402152463145878 27
1756353953292 0.440001693756684 28
1756353953645 0.49959514063337573 29
1756353953998 0.4493233367152836 30
1756353954354 0.45099853303121484 31
1756353954708 0.36764982990596606 32
1756353955236 0.4084493828856427 33
1756353955588 0.4286217132340307 34
1756353955945 0.37247754957364954 35
1756353956298 0.3383958689544512 36
1756353956652 0.34178726893404254 37
1756353957200 0.3412378922752712 38
1756353957552 0.3268349701943605 39
1756353957905 0.3714898733989052 40
1756353958258 0.37445509822472284 41
1756353958616 0.3445677977541219 42
1756353958972 0.3598096824210623 43
1756353959518 0.33425262570381165 44
1756353959875 0.3291645775670591 45
1756353960227 0.31956739918045374 46
1756353960579 0.31848086351933685 47
1756353961109 0.32528052640997845 48
1756353961462 0.38694663021875464 49
1756353961814 0.37155069216437964 50
1756353962167 0.3110779303571452 51
1756353962519 0.30825088659058447 52
1756353962873 0.30270053251929907 53
1756353963389 0.2873877720988315 54
1756353963742 0.3345528692007065 55
1756353964095 0.32676263995792554 56
1756353964447 0.3188238480816717 57
1756353964801 0.31134373856627423 58
1756353965324 0.29582543411980505 59
1756353965675 0.26806698804316315 60
1756353966029 0.274809581430062 61
1756353966382 0.27511911936428235 62
1756353966735 0.2628911325465078 63
1756353967248 0.257027927948081 64
1756353967601 0.25413391382797906 65
1756353967954 0.2421068626901378 66
1756353968308 0.2526622874581296 67
1756353968663 0.2697882645803949 68
1756353969176 0.24155118478381116 69
1756353969530 0.25372449794541235 70
1756354222300 0.847277978192205 1
1756354222935 0.7940616866816645 2
1756354223302 0.7628215810526973 3
1756354223668 0.8593027954516204 4
1756354224036 0.7309476111246191 5
1756354224404 0.6571786403656006 6
1756354224948 0.6241466558497885 7
1756354225315 0.6983907585558684 8
1756354225681 0.6399728940880817 9
1756354226047 0.5761073374229929 10
1756354226411 0.5505826149297797 11
1756354226958 0.5268338931643445 12
1756354227326 0.5103243628273839 13
1756354227692 0.5152479811854984 14
1756354228060 0.5264966280564017 15
1756354228606 0.5315996758315874 16
1756354228972 0.4930214726406595 17
1756354229338 0.4606973580692125 18
1756354229705 0.45706136848615564 19
1756354230249 0.43676806273667707 20
1756354230616 0.4216457812682442 21
1756354230982 0.4177442218946374 22
1756354231348 0.47578830822654394 23
1756354231712 0.43122484373009723 24
1756354232257 0.45478935086208844 25
1756354232624 0.40976842719575635 26
1756354232991 0.41813712145971216 27
1756354233357 0.38063450352005335 28
1756354233906 0.4138678921305615 29
1756354234274 0.41362297923668573 30
1756354234644 0.39704606714455976 31
1756354235010 0.4107983267825583 32
1756354235378 0.38423286184020666 33
1756354235928 0.3784870025904282 34
1756354236295 0.38802779887033545 35
1756354236660 0.3732327598592509 36
1756354237028 0.3816632511823074 37
1756354237395 0.38734843938247016 38
1756354237949 0.39944450492444245 39
1756354238317 0.4169868088286856 40
1756354238683 0.40607286665750586 41
1756354239053 0.39995837729910144 42
1756354239595 0.37347359631372534 43
1756354239962 0.33147800616596057 44
1756354240328 0.3355638501436814 45
1756354240696 0.3283344390599624 46
1756354241242 0.3281822735848634 47
1756354241609 0.35248397485069605 48
1756354241977 0.34121082917503687 49
1756354242348 0.3070440817138423 50
1756354242715 0.29098184341969696 51
1756354243252 0.2812056418346322 52
1756354243620 0.30117714664210443 53
1756354243987 0.29902499525443366 54
1756354244354 0.31698711799538654 55
1756354244899 0.312783600843471 56
1756354245270 0.28622549124386 57
1756354245637 0.2901529585537703 58
1756354246003 0.2956558945386306 59
1756354246370 0.302500175393146 60
1756354246906 0.2769089056097943 61
1756354247274 0.27565962011399475 62
1756354247642 0.29084218649760535 63
1756354248009 0.28194219975367835 64
1756354248376 0.32384228511996893 65
1756354248919 0.30121660297331604 66
1756354249286 0.2717650545680005 67
1756354249653 0.2763509452342987 68
1756354250020 0.2920461789421413 69
1756354250556 0.259766210032546 70
1756354250924 0.2625157833099365 71
1756354251290 0.2734854376834372 72
1756354251658 0.2476561056530994 73
1756354252198 0.25592020801875903 74
1756354252566 0.2255067080259323 75
1756354252931 0.22454714191996533 76
1756354253298 0.2316888829936152 77
1756354253665 0.24641545635202658 78
1756354254196 0.23913992747016574 79
1756354254564 0.2551854926606883 80
1756354254931 0.2309194731971492 81
1756354255300 0.24151262770528378 82
1756354255836 0.22477448893629987 83
1756354256204 0.22320631470369257 84
1756354256572 0.21543691598850748 85
1756354256940 0.2199151988910592 86
1756354473826 0.9051497578620911 1
1756354474207 0.8600887422976287 2
1756354474583 0.9298350500023883 3
1756354474962 0.795977525089098 4
1756354475602 0.7077773835348047 5
1756354475979 0.6540028115977412 6
1756354476358 0.5944173012090765 7
1756354476735 0.5662312935227933 8
1756354477283 0.5544083260971567 9
1756354477662 0.5439384100229844 10
1756354478040 0.4970721796802852 11
1756354478423 0.4711227326289467 12
1756354478993 0.4739185584628064 13
1756354479371 0.5386787160583164 14
1756354479749 0.4946774633034416 15
1756354480124 0.48613727999770123 16
1756354480679 0.4546034232429836 17
1756354481057 0.4518638875173486 18
1756354481433 0.43333048276279285 19
1756354481809 0.43223349166953046 20
1756354482358 0.4148634775825169 21
1756354482735 0.4117455910081449 22
1756354483113 0.4692005385523257 23
1756354483491 0.43158505921778473 24
1756354483872 0.41203650961751526 25
1756354484420 0.45963256514590717 26
1756354484799 0.40033084542854974 27
1756354485179 0.3944202493066373 28
1756354485560 0.37687279089637427 29
1756354486112 0.3545990573323291 30
1756354486488 0.3636146097079567 31
1756354486868 0.3536395391692286 32
1756354487247 0.3335517657839734 33
1756354487801 0.32301714498063794 34
1756354488181 0.3153264263401861 35
1756354488560 0.32153705151184747 36
1756354488939 0.35405829030534497 37
1756354489494 0.3539827543756236 38
1756354489873 0.4122171790703483 39
1756354490252 0.41052254127419513 40
1756354490630 0.4186427372953166 41
1756354491180 0.3499549808709518 42
1756354491561 0.3374045594878819 43
1756354491941 0.3404221651346787 44
1756354492319 0.3468996675118156 45
1756354492868 0.3426383578259012 46
1756354493248 0.34590237036995264 47
1756354493629 0.3156968627286994 48
1756354494008 0.3381455177846162 49
1756354494557 0.31636582898057025 50
1756354494935 0.3184897135133329 51
1756354495314 0.2981668963380482 52
1756354495693 0.28337091077928955 53
1756354496241 0.295082270451214 54
1756354496621 0.2821385024682335 55
1756354497001 0.2571302153494047 56
1756354497382 0.2599535856557929 57
1756354497928 0.283372876436814 58
1756354498306 0.27869057849697443 59
1756354498685 0.29701880721942236 60
1756354499065 0.3183791980795238 61
1756354499444 0.27501991844695545 62
1756354499993 0.2666106288847716 63
1756354500373 0.29197034952433215 64
1756354500753 0.2644095887308535 65
1756354501309 0.25646478391211963 66
1756354501689 0.2538150348093199 67
1756354502069 0.24412576595078345 68
1756354502449 0.2547544940658238 69
1756354502829 0.2698322398507077 70
1756354503379 0.26304086654082587 71
1756354503759 0.27403533588285034 72
1756354504139 0.23203648043715436 73
1756354504520 0.25294893526512646 74
1756354849303 0.8887440225352412 1
1756354849698 0.937103667984838 2
1756354850342 0.8795934837797413 3
1756354850740 0.771377005006956 4
1756354851136 0.699030736218328 5
1756354851530 0.6408435028532277 6
1756354852094 0.5833347595256307 7
1756354852492 0.5442389262759167 8
1756354852887 0.5391053142754928 9
1756354853281 0.5016072055567866 10
1756354853875 0.5831703789856123 11
1756354854270 0.5179741032745527 12
1756354854664 0.4817120653131734 13
1756354855059 0.5126536073892013 14
1756354855681 0.48523172088291333 15
1756354856076 0.45743552498195483 16
1756354856469 0.4663578777209572 17
1756354856864 0.45762091615925665 18
1756354857482 0.48129718200020166 19
1756354857879 0.4214940783770188 20
1756354858277 0.4194326621034871 21
1756354858674 0.4467789997225222 22
1756354859069 0.4632120974685835 23
1756354859648 0.4097285542799079 24
1756354860043 0.39721971879834717 25
1756354860438 0.41228900525880896 26
1756354861008 0.41204413512478705 27
1756354861404 0.3935913119627082 28
1756354861797 0.3874038522658141 29
1756354862193 0.4173726296943167 30
1756354862588 0.3913183419600777 31
1756354863148 0.37836981208428094 32
1756354863543 0.38528179474498914 33
1756354863937 0.4619974481022876 34
1756354864333 0.42094315394111304 35
1756354864891 0.4089437295561251 36
1756354865287 0.3725587634936623 37
1756354865683 0.3531663767669512 38
1756354866078 0.3634392904198688 39
1756354866634 0.3616668646750243 40
1756354867029 0.3437024043953937 41
1756354867424 0.3487283354220183 42
1756354867980 0.3416937239792036 43
1756354868372 0.3772648741369662 44
1756354868766 0.3305075660995815 45
1756354869158 0.3458466892657073 46
1756354869550 0.33731310328711633 47
1756354870104 0.32450928960157477 48
1756354870499 0.32842399374298425 49
1756354870895 0.3135505208502645 50
1756354871288 0.29749761457028595 51
1756354871846 0.2811491968839065 52
1756354872242 0.3140065592268239 53
1756354872638 0.32908115697943646 54
1756354873034 0.3018481718457263 55
1756354873590 0.2794663776522097 56
1756354873984 0.2837421822807063 57
1756354874378 0.3244949501493703 58
1756354874773 0.28447119826855866 59
1756354875326 0.2632930699897849 60
1756354875722 0.2858723829621854 61
1756354876119 0.29868585324805713 62
1756354876518 0.2737520933151245 63
1756354877072 0.27754176829172217 64
1756354877467 0.27384156377419183 65
1756354877863 0.2895155037226884 66
1756354878258 0.2812166201031726 67
1756354878812 0.25358767613120703 68
1756354879209 0.24278832712899084 69
1756354879608 0.25044878604619397 70
1756354880003 0.24659061950186026 71
1756354880558 0.24930826930896097 72
1756354880955 0.25481753116068634 73
1756354881351 0.23788165139115375 74
1756354881747 0.25986720621585846 75
1756354882314 0.2620149747185085 76
1756354882707 0.2748439318459967 77
1756354883103 0.2665559280177821 78
1756354883497 0.2739932303843291 79
1756354884055 0.24723047860290692 80
1756354884453 0.2558563319237336 81
1756354884850 0.24461410745330478 82
1756354885246 0.2376287994177445 83
1756354885800 0.2306608013484789 84
1756354886197 0.2638317210518796 85
1756354886592 0.2756722770307375 86
1756354886988 0.2416312759337218 87
1756354887543 0.22218147762443707 88
1756354887940 0.23020644162012183 89
1756354888338 0.23312895971795786 90
1756354888732 0.23013967340407165 91
1756354889285 0.22703156847020853 92
1756354889681 0.24664666212123373 93
1756354890079 0.23718773411667865 94
1756355141007 0.8728819411733876 1
1756355141663 0.9145939609278804 2
1756355142070 0.7928818153298419 3
1756355142477 0.7245786060457644 4
1756355142882 0.6730921916339708 5
1756355143448 0.6460580048353776 6
1756355143856 0.5885936877001887 7
1756355144265 0.5954689150271208 8
1756355144674 0.5751224173151929 9
1756355145082 0.5468449177949325 10
1756355145645 0.4860326453395512 11
1756355146053 0.472013630296873 12
1756355146460 0.5185913288074991 13
1756355146866 0.4977951386700506 14
1756355147427 0.4481054220510566 15
1756355147835 0.4373058249121127 16
1756355148244 0.48746521706166474 17
1756355148652 0.46271553246871283 18
1756355149216 0.4378677178984103 19
1756355149622 0.4127521255741949 20
1756355150031 0.40015270917311957 21
1756355150438 0.3918543911498526 22
1756355151004 0.3808665482894234 23
1756355151411 0.40201453540636145 24
1756355151820 0.4231585601101751 25
1756355152227 0.47155119413914887 26
1756355152789 0.43755485311798425 27
1756355153197 0.4242890088454537 28
1756355153608 0.39454546052476636 29
1756355154018 0.3785273743712384 30
1756355154583 0.37930099342180335 31
1756355154992 0.3478143811225891 32
1756355155401 0.33919941601545917 33
1756355155813 0.3189356566771217 34
1756355156378 0.3455882668495178 35
1756355156787 0.3519807600456735 36
1756355157196 0.3234074808981108 37
1756355157603 0.3621515217034713 38
1756355158166 0.33826974293460016 39
1756355158575 0.3698574524858724 40
1756355158980 0.33461943139200623 41
1756355159388 0.3298164917075116 42
1756355159983 0.3247929992883102 43
1756355160391 0.30556787226511084 44
1756355160798 0.30485031462233997 45
1756355161206 0.27638055708097375 46
1756355161613 0.3290874297204225 47
1756355162186 0.284237226066382 48
1756355162598 0.2958156589580619 49
1756355163006 0.31999043148496875 50
1756355163415 0.2795318902834602 51
1756355163989 0.29185021571491077 52
1756355164398 0.27401620149612427 53
1756355164805 0.2764835688083068 54
1756355165215 0.2735985932142838 55
1756355165803 0.28719015678633814 56
1756355166210 0.2541342099075732 57
1756355166617 0.25507217516069824 58
1756355167026 0.2866682345452516 59
1756355167619 0.27174706433130347 60
1756355168026 0.2796863168478012 61
1756355168437 0.26027092596758966 62
1756355168851 0.26245043070419977 63
1756355169700 0.23957201449767404 64
1756355170113 0.24163682823595795 65
1756355403919 0.9449362677076588 1
1756355404345 0.8193518441656361 2
1756355404765 0.8609208568282749 3
1756355405184 0.7959955619729083 4
1756355405866 0.7096658323122107 5
1756355406286 0.660954871903295 6
1756355406708 0.6961481623027636 7
1756355407303 0.6469934543837672 8
1756355407723 0.5709589693857275 9
1756355408142 0.5406465167584626 10
1756355408560 0.5443532855614371 11
1756355409150 0.5076898867669313 12
1756355409568 0.50429323963497 13
1756355409987 0.4391541571720787 14
1756355410577 0.4560574798480324 15
1756355410998 0.511684810337813 16
1756355411419 0.46332262132478796 17
1756355411841 0.44184095833612524 18
1756355412433 0.4399367842985236 19
1756355412857 0.39950959578804346 20
1756355413277 0.3843840308811354 21
1756355413871 0.4024484559245732 22
1756355414291 0.4440497224745543 23
1756355414711 0.46199356343435205 24
1756355415309 0.4120745451554008 25
1756355415729 0.40954559911852295 26
1756355416155 0.3822732723277548 27
1756355416577 0.39780391040055646 28
1756355417202 0.38200429600218067 29
1756355417626 0.37317011667334515 30
1756355418054 0.40379060221754987 31
1756355418695 0.35318165369655774 32
1756355419118 0.3334510041319806 33
1756355419543 0.3545568429905435 34
1756355420170 0.35758321829464124 35
1756355420592 0.33865773029949353 36
1756355421016 0.3428294749363609 37
1756355421441 0.32445001472597534 38
1756355422055 0.3040831438873125 39
1756355422479 0.3215683944847273 40
1756355422902 0.2994629585224649 41
1756355423511 0.33751671081003937 42
1756355423934 0.3316424424233644 43
1756355424355 0.32757187019223755 44
1756355424777 0.3238029207872308 45
1756355425383 0.31541383007298346 46
1756355425804 0.28350312554317975 47
1756355426231 0.286053399676862 48
1756355426831 0.26680296465106634 49
1756355427253 0.2678186329810516 50
1756355427672 0.2799416054850039 51
1756355428091 0.28202107678289 52
1756355428684 0.2842095196247101 53
1756355429105 0.28840903354727704 54
1756355429531 0.2684056648741598 55
1756355430123 0.2626657330471536 56
1756355430545 0.25548032833182294 57
1756355430965 0.25251350713812787 58
1756355431387 0.2540373964154202 59
1756355431979 0.25864093523958454 60
1756355432400 0.24503654435924863 61
1756355432826 0.2325046198523563 62
1756355433416 0.241917433946029 63
1756355433841 0.2435556954663733 64
1756355434265 0.23007589189902597 65
1756355434685 0.2330248517834622 66
1756355435277 0.25424319959205127 67
1756355435704 0.22288918495178223 68
1756355436129 0.23481429465439008 69
1756355436736 0.22672428514646448 70
1756355437161 0.21445299620213715 71
1756355437583 0.22570478786592899 72
1756355438005 0.2123711154512737 73
1756355438602 0.22077325763909714 74
1756355439024 0.2177630630524262 75
1756355439448 0.20758898037931192 76
1756355440040 0.2060644147188767 77
1756355440466 0.21895568591097128 78
1756355440886 0.22937948289124863 79
1756355441308 0.20540450513362885 80
1756355441906 0.20256278696267502 81
1756355442331 0.18970175022664276 82
1756355442752 0.22187116677346436 83
1756355443346 0.2089374700318212 84
1756355443770 0.20237117033937704 85
1756355444193 0.22257494019425433 86
1756355444617 0.23164185687251712 87
1756355445212 0.20620502596316131 88
1756355445632 0.20593954881896143 89
1756355446054 0.20000872080740723 90
1756355446640 0.1909224183663078 91
1756355447065 0.19039128979910974 92
1756355714937 0.9434299572654392 1
1756355715372 0.8970201948414678 2
1756355716072 0.8768813817397408 3
1756355716507 0.7370440571204476 4
1756355716941 0.6415147055750308 5
1756355717547 0.5856116414070129 6
1756355717984 0.5812494417895442 7
1756355718419 0.5550902835700823 8
1756355719068 0.5700764111850573 9
1756355719503 0.5924006920793782 10
1756355719937 0.5425029526586118 11
1756355720563 0.49545919506446173 12
1756355720997 0.47806440876877826 13
1756355721437 0.47822707891464233 14
1756355722051 0.4919716728770215 15
1756355722486 0.5025334371172864 16
1756355722920 0.4254206807717033 17
1756355723539 0.4028550956560218 18
1756355723977 0.39049436087193695 19
1756355724415 0.3877291174038597 20
1756355725028 0.36851586207099585 21
1756355725461 0.38012370337610657 22
1756355725897 0.37633597462073615 23
1756355726512 0.3371353525182475 24
1756355726947 0.34785209272218787 25
1756355727382 0.38291046023368835 26
1756355727989 0.3212693346583325 27
1756355728427 0.3545289953117785 28
1756355728863 0.34957752668339276 29
1756355729472 0.3514687276404837 30
1756355729910 0.3254994069752486 31
1756355730363 0.34103758050047833 32
1756355730993 0.4612258335818415 33
1756355731427 0.3933230353438336 34
1756355731862 0.3450384567613187 35
1756355732469 0.3124798691791037 36
1756355732906 0.32007599136103754 37
1756355733340 0.31327306900335394 38
1756355733946 0.31623822774576105 39
1756355734384 0.3078755231007286 40
1756355734821 0.29197116714456806 41
1756355735428 0.2884195660767348 42
1756355735865 0.28165261836155603 43
1756355736314 0.25569181532963464 44
1756355736919 0.2971811838771986 45
1756355737361 0.2815850033708241 46
1756355737799 0.27380941743436066 47
1756355738425 0.26520045619943866 48
1756355738886 0.28692309947117517 49
1756355739322 0.25283015681349713 50
1756355739961 0.2605993721796119 51
1756355740396 0.24343342496001202 52
1756355740834 0.2609252981517626 53
1756355741441 0.2805861526209375 54
1756355741879 0.29767444924167963 55
1756355742317 0.28916512105775916 56
1756355742923 0.2843031585216522 57
1756355743365 0.24741619436637216 58
1756355743800 0.24401476525742075 59
1756355744407 0.24146945126678632 60
1756355744844 0.2544287145137787 61
1756355745282 0.22683442481186078 62
1756355745717 0.21550142117168591 63
1756355746318 0.23210128364355667 64
1756355746757 0.24632996191149173 65
1756355747194 0.23626851970734802 66
1756356056026 0.928380170594091 1
1756356056741 0.844212091487387 2
1756356057188 0.750452432943427 3
1756356057633 0.7491784432659978 4
1756356058257 0.7971286877341892 5
1756356058706 0.6078548716462177 6
1756356059330 0.6359734366769376 7
1756356059782 0.5409942515518354 8
1756356060229 0.5143474742122318 9
1756356060862 0.4925381295059038 10
1756356061307 0.49270918576613715 11
1756356061761 0.5188965603061344 12
1756356062386 0.4533544701078664 13
1756356062834 0.5336015548395074 14
1756356063279 0.5067965388298035 15
1756356063906 0.4750623508639958 16
1756356064355 0.47164784307065216 17
1756356064804 0.44496387243270874 18
1756356065431 0.4099302188209865 19
1756356065877 0.44741974835810455 20
1756356066325 0.4656452899393828 21
1756356066955 0.47410960041958355 22
1756356067403 0.4262462660022404 23
1756356068033 0.4008746782074804 24
1756356068482 0.36803895494212274 25
1756356068929 0.39962418183036474 26
1756356069554 0.3728944853596065 27
1756356070007 0.421807252842447 28
1756356070453 0.3731642598691194 29
1756356071083 0.4287850986356321 30
1756356071532 0.3860773197982622 31
1756356071983 0.4156141242255335 32
1756356072610 0.36833745111589844 33
1756356073056 0.34248602390289307 34
1756356073502 0.35226640493973443 35
1756356074126 0.36286976156027423 36
1756356074573 0.38424278990082117 37
1756356075021 0.40024768528730975 38
1756356075647 0.33540855477685516 39
1756356076096 0.33475671255070233 40
1756356076546 0.32339810806771985 41
1756356077172 0.3096653093462405 42
1756356077619 0.29780638736227283 43
1756356078064 0.30735648714977765 44
1756356078686 0.2711047808761182 45
1756356079135 0.2853877408348996 46
1756356079757 0.2529037465219912 47
1756356080204 0.27512460169584857 48
1756356080653 0.2666931566984757 49
1756356081276 0.2645639900280082 50
1756356081724 0.2887973973284597 51
1756356082172 0.2814234041649362 52
1756356082799 0.27570591283881146 53
1756356083247 0.275544796300971 54
1756356083698 0.24312353652456534 55
1756356084322 0.25479708741540497 56
1756356084769 0.25945135951042175 57
1756356085218 0.26247441379920294 58
1756356085843 0.280114911172701 59
1756356086293 0.271794221971346 60
1756356086742 0.25879483572814777 61
1756356087369 0.26410331091155176 62
1756356087818 0.2436168090156887 63
1756356088267 0.24467127932154614 64
1756356088892 0.22857791314954343 65
1756356089340 0.22219126315220541 66
1756356089788 0.219454239891923 67
1756356090411 0.21181844822738483 68
1756356090859 0.21955971614174222 69
1756356091483 0.23971195648545804 70
1756356091933 0.23405446371306543 71
1756356092384 0.21945087611675262 72
1756356093010 0.23135594634906106 73
1756356093460 0.2384716985018357 74
1756356093909 0.22808156259681867 75
1756356094533 0.2191554042308227 76
1756356094981 0.235213665858559 77
1756356349814 0.9606032008710115 1
1756356350277 0.9001608050387838 2
1756356350991 0.7525201439857483 3
1756356351452 0.7467556207076363 4
1756356352087 0.7402194271916929 5
1756356352545 0.6633311017699863 6
1756356353005 0.6291032407594763 7
1756356353637 0.6485154732413914 8
1756356354097 0.5675752629404482 9
1756356354555 0.5150764299475629 10
1756356355174 0.5228735040063444 11
1756356355631 0.468917622514393 12
1756356356089 0.4699025633542434 13
1756356356717 0.47875555831453076 14
1756356357176 0.5050339996814728 15
1756356357637 0.46027722177298175 16
1756356358283 0.4487316310405731 17
1756356358743 0.43228771893874457 18
1756356359376 0.40133978102518164 19
1756356359836 0.4264296293258667 20
1756356360294 0.43595629671345587 21
1756356360927 0.39653973734897113 22
1756356361387 0.4114732599776724 23
1756356361846 0.44355047526566876 24
1756356362479 0.3796373489110366 25
1756356362938 0.3633901489817578 26
1756356363397 0.3649016826049141 27
1756356364025 0.369654004988463 28
1756356364486 0.37573591392973194 29
1756356364945 0.35600944187330164 30
1756356365569 0.39199040635772375 31
1756356366026 0.39673204266506695 32
1756356366485 0.3608561663523964 33
1756356367114 0.37411513795023377 34
1756356367575 0.38336943413900293 35
1756356368034 0.4429679759170698 36
1756356368664 0.41109454761380737 37
1756356369123 0.3490719665651736 38
1756356369580 0.33847145023553266 39
1756356370204 0.3546645356261212 40
1756356370664 0.3314881259980409 41
1756356371286 0.3115245712840039 42
1756356371748 0.30428892438826355 43
1756356372206 0.31906677458597266 44
1756356372826 0.3136309910079707 45
1756356373287 0.30459099878435547 46
1756356373745 0.29888583784518036 47
1756356374384 0.3087698467399763 48
1756356374842 0.28965791088083515 49
1756356375301 0.29345237755257153 50
1756356375922 0.32461171888786816 51
1756356376379 0.2991833401762921 52
1756356376841 0.27188422757646313 53
1756356377489 0.28795504246069037 54
1756356377951 0.27004152471604553 55
1756356788673 0.9662951645643815 1
1756356789149 0.909746994142947 2
1756356789624 0.8795431619105132 3
1756356790345 0.7196862049724745 4
1756356790818 0.6666600522787675 5
1756356791292 0.6097171928571619 6
1756356791927 0.5824991309124491 7
1756356792405 0.5524548460607943 8
1756356792880 0.5702299307221952 9
1756356793512 0.5411490318567856 10
1756356793989 0.5269192249878593 11
1756356794621 0.5078398261381232 12
1756356795095 0.49881846878839575 13
1756356795569 0.4426612607810808 14
1756356796202 0.45066888954328455 15
1756356796677 0.4513053544189619 16
1756356797154 0.42008409811102826 17
1756356797783 0.43886873644331226 18
1756356798257 0.44313868491545966 19
1756356798735 0.46741821066192957 20
1756356799369 0.44643584023351257 21
1756356799845 0.4097642950389696 22
1756356800320 0.45875691978827765 23
1756356800952 0.4764406979084015 24
1756356801428 0.43922138991563214 25
1756356801903 0.4415827354659205 26
1756356802535 0.4200464357500491 27
1756356803013 0.40622785428295966 28
1756356803647 0.40715846030608466 29
1756356804124 0.40011369145434833 30
1756356804602 0.3650441480719525 31
1756356805231 0.35768306255340576 32
1756356805705 0.35472557207812433 33
1756356806181 0.34365014407945715 34
1756356806812 0.3411052615746208 35
1756356807290 0.33001466743324115 36
1756356807767 0.361473692500073 37
1756356808444 0.3474467798419621 38
1756356808922 0.3605317214260931 39
1756356809398 0.3291880462480628 40
1756356810068 0.308547273926113 41
1756356810542 0.3107656920733659 42
1756356811215 0.3193583002556925 43
1756356811692 0.38236169452252594 44
1756356812169 0.30877152797968493 45
1756356812833 0.3150896844656571 46
1756356813311 0.2928128501643305 47
1756356813788 0.2987611630688543 48
1756356814446 0.30837307546449744 49
1756356814923 0.3003154857003171 50
1756356815399 0.29269085694914276 51
1756356816060 0.30209679642449255 52
1756356816537 0.28350848996120953 53
1756356817014 0.2766644993553991 54
1756356817672 0.30798374245996063 55
1756356818149 0.2934165078660716 56
1756356818809 0.28459141759768775 57
1756356819287 0.30559600306593854 58
1756356819765 0.28455115854740143 59
1756356820418 0.28651401011840155 60
1756356820892 0.24978172260781992 61
1756356821368 0.24449835328952127 62
1756356822019 0.2569750780644624 63
1756356822499 0.2797540685404902 64
1756356822974 0.2367510614187821 65
1756356823629 0.2713369539250498 66
1756356824106 0.29762174836967303 67
1756356824583 0.26811564551747363 68
1756356825236 0.2586642438950746 69
1756356825715 0.23546949158544125 70
1756356826194 0.22596134569333948 71
1756356826870 0.2361193817594777 72
1756356827347 0.22689088595950085 73
1756356827823 0.2259598503942075 74
1756356828504 0.2351091821556506 75
1756356828982 0.22333101669083472 76
1756356829458 0.22915389485981152 77
1756356830133 0.23223270151926123 78
1756356830608 0.23715463734191397 79
1756356831085 0.211927381546601 80
1756356831745 0.21206629665001578 81
1756356832224 0.2113596868255864 82
1756356832887 0.21690422620462335 83
1756356833365 0.20358314332754715 84
1756356833841 0.2079629263152247 85
1756356834496 0.21016089294267737 86
1756356834974 0.2061033844947815 87
1756356835452 0.21486328671807828 88
1756356836105 0.22622937935849893 89
1756356836584 0.19433944316013999 90
1756356837063 0.21660777019417804 91
1756356837713 0.21488595786301987 92
1756356838189 0.20273737155872842 93
1756356838665 0.1743373585783917 94
1756356839317 0.1964297106732493 95
1756356839796 0.19636526639046875 96
1756356840277 0.2037602546422378 97
1756356840931 0.19798334525979083 98
1756356841411 0.18639975786209106 99
1756356841887 0.18926733408285223 100
1756356842531 0.18561351364073547 101
1756356843011 0.18698089343050253 102
1756357185987 1.0148944569670635 1
1756357186482 0.9489365608795829 2
1756357187223 0.806106466314067 3
1756357187716 0.6830837156461633 4
1756357188361 0.7626711130142212 5
1756357188852 0.7135231909544572 6
1756357189496 0.6252792969993923 7
1756357189988 0.5585371540940326 8
1756357190480 0.5561546540778616 9
1756357191122 0.5461421699627586 10
1756357191614 0.5848663332669631 11
1756357192262 0.5457377096881038 12
1756357192756 0.4756392642207768 13
1756357193401 0.477814811727275 14
1756357193894 0.48337647448415344 15
1756357194386 0.4676764542641847 16
1756357195035 0.43757045657738397 17
1756357195529 0.4756140838498655 18
1756357196174 0.48858415950899536 19
1756357196666 0.46259883564451465 20
1756357197313 0.44942476827165356 21
1756357197807 0.42607378700505133 22
1756357198300 0.40813243907430896 23
1756357198943 0.43701692379039264 24
1756357199436 0.41620495785837586 25
1756357200079 0.39689728358517523 26
1756357200574 0.40943948730178503 27
1756357201219 0.38197132297184155 28
1756357201711 0.41180233851723047 29
1756357202204 0.37334171196688776 30
1756357202854 0.3667873208937438 31
1756357203347 0.38391996725745825 32
1756357203998 0.37527361123458197 33
1756357204491 0.36251855673997296 34
1756357205140 0.34093452536541485 35
1756357205632 0.33181835322276404 36
1756357206123 0.32293904086817865 37
1756357206772 0.3388000895147738 38
1756357207266 0.37230877124744916 39
1756357207910 0.3754181771174721 40
1756357208403 0.3706692703392195 41
1756357209047 0.3536543729512588 42
1756357209539 0.3578146320322286 43
1756357210032 0.35303882801014447 44
1756357210678 0.3533900367177051 45
1756357211171 0.3147582664437916 46
1756357211817 0.3115544714357542 47
1756357212311 0.3242380230323128 48
1756357212954 0.3463396676208662 49
1756357213447 0.3343457177929256 50
1756357213940 0.30058504122754803 51
1756357214587 0.3559235412141551 52
1756357215080 0.3371289903702943 53
1756357215727 0.32276212780371955 54
1756357216220 0.3413560131321783 55
1756357216884 0.3560942670573359 56
1756357217378 0.3368428103301836 57
1756357217872 0.33600828505080677 58
1756357218528 0.3404355334198993 59
1756357219024 0.3144362685473069 60
1756357219683 0.29760533247305 61
1756357220180 0.29375859511935193 62
1756357220836 0.3330803850422735 63
1756357221332 0.29969173540239746 64
1756357221826 0.31955114071783813 65
1756357222480 0.2973145039185234 66
1756357222973 0.2891566643248434 67
1756357223645 0.28025358332240063 68
1756357224140 0.2659549998200458 69
1756357224635 0.253361442166826 70
1756357225300 0.2820033839215403 71
1756357225791 0.2668380432802698 72
1756357226446 0.25489065569380054 73
1756357226945 0.2434193077294723 74
1756357227622 0.23851937379526056 75
1756357228117 0.2401182709828667 76
1756357228612 0.24174165336982065 77
1756357229277 0.24533635766609854 78
1756357229773 0.24984715619812842 79
1756357230432 0.233634770564411 80
1756357230927 0.23562517179095227 81
1756357231585 0.28954807830893475 82
1756357232080 0.281193684624589 83
