1756349483654 0.8617019160934116 1
1756349483677 0.7978180076764978 2
1756349483699 0.7411498971607374 3
1756349483720 0.7261167064956997 4
1756349483742 0.6313725360061812 5
1756349483764 0.5458440767682117 6
1756349483785 0.5327142114224641 7
1756349483807 0.5107268665147864 8
1756349483828 0.5266493092412534 9
1756349483850 0.48428812882174616 10
1756349483872 0.47908471719078394 11
1756349483893 0.46542307604914124 12
1756349483915 0.4615836441516876 13
1756349483937 0.446921160687571 14
1756349483959 0.44501048844793567 15
1756349483981 0.39420666642810986 16
1756349484003 0.37395909558171814 17
1756349484024 0.373436248820761 18
1756349484046 0.39922617699788965 19
1756349484068 0.3903752591298974 20
1756349484090 0.3504304186157558 21
1756349484112 0.3629620347333991 22
1756349484134 0.36031388977299567 23
1756349484156 0.36687458468520123 24
1756349484179 0.3504685578138932 25
1756349484201 0.3261473774909973 26
1756349484223 0.32454702517260675 27
1756349484245 0.35362491400345514 28
1756349484267 0.33470863881318463 29
1756349484289 0.312597491171049 30
1756349484311 0.3358959633371104 31
1756349484334 0.3157324894614842 32
1756349484356 0.4280088492061781 33
1756349484379 0.4629112171090167 34
1756349484401 0.4222472854282545 35
1756349484424 0.3578925534434941 36
1756349484446 0.3463424055472664 37
1756349484469 0.3226835662903993 38
1756349484491 0.34004611943079077 39
1756349484513 0.32904453510823456 40
1756349484536 0.30520411742770154 41
1756349484561 0.3166785473408906 42
1756349484584 0.29519684742326324 43
1756349484606 0.28505006173382635 44
1756349484629 0.2626005715650061 45
1756349484652 0.2974285321391147 46
1756349484675 0.26669203004111414 47
1756349484698 0.2700125665768333 48
1756349484721 0.2708332298890404 49
1756349484744 0.2887495354465816 50
1756349484767 0.2619828218999116 51
1756349484790 0.2502036178889482 52
1756349484813 0.2428392761427423 53
1756349484836 0.2407888562782951 54
1756349572896 0.9992043220478556 1
1756349572933 0.8033505470856376 2
1756349572967 0.8030943300413049 3
1756349573001 0.8234367837076602 4
1756349573035 0.7178835661514945 5
1756349573068 0.6295675324357074 6
1756349573102 0.5602034900499426 7
1756349573136 0.5252278965452443 8
1756349573169 0.5333894219087518 9
1756349573203 0.4755354756894319 10
1756349573237 0.4773244391316953 11
1756349573270 0.5048604490964309 12
1756349573304 0.4620718994866247 13
1756349573338 0.41977615460105566 14
1756349573372 0.42299445815708325 15
1756349573406 0.41615495474442193 16
1756349573440 0.4202255062434984 17
1756349573474 0.4356709666874098 18
1756349573507 0.4710498931615249 19
1756349573541 0.4135613545127537 20
1756349573575 0.4175989355729974 21
1756349573609 0.3863577181878297 22
1756349573643 0.3777238817318626 23
1756349573677 0.361851216658302 24
1756349573711 0.3591486422911934 25
1756349573745 0.38934003529341327 26
1756349573779 0.36747176491695904 27
1756349573813 0.3386089957278708 28
1756349573848 0.35539354189582495 29
1756349573882 0.32207598504812823 30
1756349573916 0.3148601741894432 31
1756349573950 0.3095376789569855 32
1756349573984 0.3181829763495404 33
1756349574019 0.30958542616471 34
1756349574053 0.31213465592135553 35
1756349574087 0.32513473085735156 36
1756349574121 0.3181626796722412 37
1756349574156 0.3100720728221147 38
1756349574190 0.33756883248038916 39
1756349574225 0.30295130092164746 40
1756349574259 0.29466751088266785 41
1756349574294 0.2729358569435451 42
1756349574329 0.27250709935374884 43
1756349574364 0.2614022298999455 44
1756349574399 0.25129396954308386 45
1756349574433 0.2512549252613731 46
1756349574468 0.2832510348247445 47
1756349574503 0.26920276750688965 48
1756349574538 0.24961117687432663 49
1756349574573 0.25834739208221436 50
1756349574608 0.2619185344032619 51
1756349574643 0.24796084087827933 52
1756349574678 0.2478127026039621 53
1756349574713 0.26126436370870343 54
1756349574748 0.2310038053471109 55
1756349574782 0.25376651598059613 56
1756349574817 0.24958184296670166 57
1756349574853 0.23755721294361612 58
1756349574888 0.22255249386248382 59
1756349574923 0.23638445851595505 60
1756349574958 0.24774881419928177 61
1756349574995 0.25483722920003143 62
1756349575031 0.2388086111649223 63
1756349575066 0.21282760928506436 64
1756349575101 0.2182725914146589 65
1756349575137 0.20804129087406656 66
1756349575172 0.21048045482324518 67
1756349575208 0.21033464825671652 68
1756349682175 0.9596488061158553 1
1756349682224 0.8158451707466788 2
1756349682271 0.8699198028315669 3
1756349682317 0.7071232899375584 4
1756349682364 0.6656451354856077 5
1756349682411 0.6209156526171643 6
1756349682458 0.6045929167581641 7
1756349682504 0.5511096443818964 8
1756349682551 0.5663604580837748 9
1756349682598 0.5172278855157935 10
1756349682644 0.517665473015412 11
1756349682691 0.5086010577886001 12
1756349682738 0.4976872024328812 13
1756349682785 0.4651383329992709 14
1756349682832 0.4590435157651487 15
1756349682879 0.4684097300405088 16
1756349682926 0.4593129222807677 17
1756349682973 0.4682903017686761 18
1756349683020 0.4230475542337998 19
1756349683067 0.40674520705057227 20
1756349683114 0.3625078939873239 21
1756349683161 0.37140564555707184 22
1756349683209 0.3568456108155458 23
1756349683256 0.36808899433716485 24
1756349683303 0.39191864754842676 25
1756349683351 0.39898096608079 26
1756349683398 0.37591937573059747 27
1756349683446 0.3610671525416167 28
1756349683494 0.3513404351213704 29
1756349683541 0.3337897127089293 30
1756349683589 0.3249534213024637 31
1756349683636 0.322832848066869 32
1756349683684 0.32300424446230347 33
1756349683732 0.3380312206952468 34
1756349683779 0.32128365532211633 35
1756349683827 0.31558179984921997 36
1756349683875 0.32273505692896637 37
1756349683922 0.3347375839948654 38
1756349683970 0.3650556725004445 39
1756349684018 0.3354716644338939 40
1756349684066 0.3141924648181252 41
1756349684114 0.30010605247124383 42
1756349684162 0.28821606739707617 43
1756349684210 0.27779504851154657 44
1756349684258 0.3002209307058998 45
1756349684306 0.3098281336867291 46
1756349684354 0.31523711461087933 47
1756349684402 0.2704312360805014 48
1756349684450 0.2614536382581877 49
1756349684498 0.25942530644976575 50
1756349684545 0.28882831853369006 51
1756349684593 0.27805881396583887 52
1756349684641 0.261060066845106 53
1756349684689 0.2697279453277588 54
1756349684737 0.25402005535105 55
1756349684785 0.26238396828589233 56
1756349684833 0.25239070796448254 57
1756349684881 0.25005353598491004 58
1756349684929 0.26770678745663684 59
1756349684977 0.26704279495322186 60
1756349685026 0.26392871465372003 61
1756349685074 0.2363303990467735 62
1756349685123 0.26380389216153516 63
1756349685171 0.2308773450229479 64
1756349685220 0.22201460340748663 65
1756349685268 0.2374847058368766 66
1756349685317 0.22745164386604144 67
1756349685365 0.23390812783137613 68
1756349685414 0.23140892516011777 69
1756349685462 0.29440993264965387 70
1756349685511 0.2515378419471824 71
1756349685559 0.22258945781251657 72
1756349685607 0.20917043867318527 73
1756349685656 0.22839599653430606 74
1756349685704 0.22202509706434997 75
1756349685753 0.21692924719789755 76
1756349685801 0.21673251818055692 77
1756349685850 0.20889324597690417 78
1756349685898 0.2005472481250763 79
1756349685947 0.20984239617119665 80
1756349685995 0.21562710274820743 81
1756349686044 0.21234045534030252 82
1756349686092 0.2027064561843872 83
1756349686141 0.20449218996193097 84
1756349686190 0.22205795218115268 85
1756349686239 0.2148188423851262 86
1756349686288 0.206186738351117 87
1756349686337 0.20837305162263953 88
1756349844110 0.9259261696234994 1
1756349844179 0.96170922725097 2
1756349844244 0.9678003606588944 3
1756349844310 0.8837560156117314 4
1756349844375 0.8372734862825145 5
1756349844440 0.7172244372575179 6
1756349844505 0.6874223610629207 7
1756349844570 0.6593242028485173 8
1756349844635 0.5762336331865062 9
1756349844700 0.5538332721461421 10
1756349844765 0.5785533708074818 11
1756349844831 0.4929524919261103 12
1756349844896 0.4913946480854698 13
1756349844961 0.604608284390491 14
1756349845027 0.5260865338470625 15
1756349845092 0.47316502488177753 16
1756349845158 0.5047374678694684 17
1756349845223 0.49586991900983063 18
1756349845288 0.4718647767668185 19
1756349845354 0.4493226421915967 20
1756349845419 0.4476373765779578 21
1756349845485 0.45777979363565857 22
1756349845550 0.44056330426879553 23
1756349845615 0.4299055622971576 24
1756349845681 0.3879616338273753 25
1756349845746 0.4615587009036023 26
1756349845812 0.4207548460234766 27
1756349845878 0.396587619315023 28
1756349845943 0.3949440238268479 29
1756349846009 0.38409017479938007 30
1756349846075 0.40811170702395233 31
1756349846140 0.40904291427653766 32
1756349846206 0.3865352687628373 33
1756349846279 0.38271119931469794 34
1756349846345 0.34162448800128437 35
1756349846411 0.36987627070883045 36
1756349846477 0.37392124922379205 37
1756349846544 0.37896410537802655 38
1756349846609 0.3894271176794301 39
1756349846675 0.35401915856029675 40
1756349846741 0.34270709364310553 41
1756349846808 0.3467772732610288 42
1756349846874 0.3774400029493415 43
1756349846940 0.35454128229099774 44
1756349847006 0.34412533044815063 45
1756349847071 0.3082576679146808 46
1756349847138 0.32495268013166345 47
1756349847204 0.3461210351923238 48
1756349847271 0.3480419749798982 49
1756349847337 0.3662788103456083 50
1756349847402 0.3600702842940455 51
1756349847469 0.36536776760350104 52
1756349847535 0.35812030926994654 53
1756349847602 0.343358241993448 54
1756349847669 0.339562414780907 55
1756349847735 0.3159816705662271 56
1756349847802 0.30614147367684735 57
1756349847868 0.3082549442415652 58
1756349847935 0.290977299861286 59
1756349848003 0.30111638618552167 60
1756349848070 0.27747413645619934 61
1756349848137 0.28600331428258313 62
1756349848203 0.28378822103790613 63
1756349848270 0.2928274306266204 64
1756349848336 0.2699016857406367 65
1756349848403 0.2655255036509555 66
1756349848470 0.2590446536955626 67
1756349848536 0.2739036828279495 68
1756349848603 0.2607812078102775 69
1756349848670 0.2671541927949242 70
1756349848737 0.25235706308613653 71
1756349848804 0.25036602110966394 72
1756349848870 0.2390653730734535 73
1756349848937 0.24379703272943912 74
1756349849004 0.2515233612578848 75
1756349849071 0.24358412623405457 76
1756349849138 0.2697721603124038 77
1756349849205 0.2485073843727941 78
1756349849272 0.23899629064228223 79
1756349849339 0.23681868936704553 80
1756349849405 0.22419329181961392 81
1756349849473 0.2305798193682795 82
1756349849540 0.22353099351343902 83
1756349849607 0.23337995941224304 84
1756349849674 0.2304549709610317 85
1756349849743 0.22974848099376843 86
1756349849811 0.2256136899409087 87
1756349849878 0.21964170751364334 88
1756349849946 0.2119782145904458 89
1756349850013 0.2095368776632392 90
1756349850080 0.20262404563634293 91
1756349850148 0.2093880506961242 92
1756349850215 0.2060084958439288 93
1756349850282 0.1936769997296126 94
1756349850350 0.2107462623844976 95
1756349850417 0.20442713797092438 96
1756349948702 0.9918189541153286 1
1756349948782 0.9983735732410265 2
1756349948859 0.9082645540652068 3
1756349948936 0.7901617599570233 4
1756349949013 0.6759358074354089 5
1756349949090 0.6074306705723638 6
1756349949167 0.5461184149203093 7
1756349949244 0.6181427784588026 8
1756349949321 0.519283520138782 9
1756349949398 0.5063778162002563 10
1756349949475 0.49826869109402533 11
1756349949551 0.47159654938656353 12
1756349949628 0.47656379964040674 13
1756349949706 0.5212306691252667 14
1756349949783 0.4774120139039081 15
1756349949860 0.4478909995244897 16
1756349949937 0.41646149236222973 17
1756349950014 0.40238164818805194 18
1756349950091 0.3942357470159945 19
1756349950168 0.4065771711909253 20
1756349950245 0.39146467525026074 21
1756349950322 0.4000555095465287 22
1756349950399 0.35810487749783887 23
1756349950476 0.35384367341580597 24
1756349950553 0.35153989040333294 25
1756349950630 0.36041657950567163 26
1756349950709 0.336915232565092 27
1756349950786 0.32433136196240137 28
1756349950863 0.31218521880066913 29
1756349950941 0.3634877153064894 30
1756349951018 0.3538659137228261 31
1756349951095 0.33663195630778436 32
1756349951175 0.3415163748938104 33
1756349951252 0.3449565081492714 34
1756349951330 0.3133780282476674 35
1756349951407 0.30545711063820385 36
1756349951485 0.30274596292039624 37
1756349951562 0.309229397903318 38
1756349951639 0.3066326353860938 39
1756349951717 0.29676346286483435 40
1756349951794 0.2936059541028479 41
1756349951872 0.26716267997803894 42
1756349951950 0.2895803892094156 43
1756349952028 0.30821995631508203 44
1756349952106 0.30774515932020935 45
1756349952183 0.2501748385636703 46
1756349952261 0.25666485467682715 47
1756349952339 0.24878031728060349 48
1756349952417 0.26983021264490875 49
1756349952494 0.27541448370270105 50
1756349952573 0.25312366692916205 51
1756349952651 0.2599175235499506 52
1756349952729 0.23956442073635434 53
1756349952807 0.26973602110924927 54
1756349952885 0.25637501866921136 55
1756349952964 0.23042484081309775 56
1756349953042 0.2333547233239464 57
1756349953120 0.21644585676815198 58
1756349953198 0.21614477297534113 59
1756349953276 0.22912197851616403 60
1756349953354 0.22939342260360718 61
1756349953433 0.21094744814478833 62
1756349953511 0.21741541118725485 63
1756349953589 0.1984010837648226 64
1756349953667 0.20263743983662647 65
1756349953746 0.21610222497712012 66
1756349953825 0.22780522833699765 67
1756349953903 0.23120311485684436 68
1756349953981 0.26924166148123535 69
1756349954315 0.24846484026183252 70
1756349954394 0.22949525713920593 71
1756349954473 0.22140605553336765 72
1756349954552 0.21521566549073096 73
1756349954631 0.22234782770923947 74
1756349954711 0.21055856930172961 75
1756349954790 0.22147320405296658 76
1756349954869 0.1996158989875213 77
1756349954947 0.2019493528034376 78
1756349955027 0.21371774958527606 79
1756349955105 0.18006132737449979 80
1756349955184 0.18695753359276315 81
1756349955263 0.19003355179143988 82
1756349955342 0.20934586745241415 83
1756349955420 0.22029921671618585 84
1756349955499 0.1833815373804258 85
1756349955579 0.1928369973016822 86
1756349955661 0.18159035820028055 87
1756349955740 0.17136906638093616 88
1756349955819 0.17852885308473007 89
1756349955898 0.16825361549854279 90
1756349955976 0.16781428002792856 91
1756349956057 0.16889553938222968 92
1756349956136 0.1713510265816813 93
1756349956215 0.18623271778873776 94
1756350159699 0.9290806521540103 1
1756350159803 0.9575841271358988 2
1756350159904 0.9063055178393489 3
1756350160004 0.7260252081829569 4
1756350160105 0.6181342433328214 5
1756350160206 0.6143413004667863 6
1756350160307 0.546797653903132 7
1756350160408 0.4916447388089221 8
1756350160509 0.47045399313387665 9
1756350160611 0.48315989193709 10
1756350160712 0.45245170204535773 11
1756350160813 0.4352700800999351 12
1756350160915 0.4365570480408876 13
1756350161016 0.4195971475995105 14
1756350161118 0.37457925988280255 15
1756350161220 0.36585864683856134 16
1756350161322 0.3911610193874525 17
1756350161423 0.39992420699285425 18
1756350161526 0.38912363674329675 19
1756350161628 0.3567331083442854 20
1756350161730 0.34765086614567303 21
1756350161832 0.34542751700981805 22
1756350161934 0.30582466073658154 23
1756350162036 0.3151405162137488 24
1756350162138 0.29645285658214404 25
1756350162241 0.2934726936661679 26
1756350162342 0.2687605101129283 27
1756350162444 0.30586825894272845 28
1756350162545 0.3194836501194083 29
1756350162646 0.29717083016167517 30
1756350162748 0.2882183822600738 31
1756350162849 0.2595459656870883 32
1756350162951 0.24390278562255527 33
1756350163053 0.2684323249951653 34
1756350163154 0.2379317510387172 35
1756350163256 0.2508644824442656 36
1756350163358 0.2564134772704995 37
1756350163460 0.24170436029848846 38
1756350163562 0.24728340493596118 39
1756350163663 0.3181048307729804 40
1756350163764 0.2846588855204375 41
1756350163866 0.2636719268301259 42
1756350163968 0.24161570875541025 43
1756350164070 0.23382925468942392 44
1756350164171 0.25776396238285565 45
1756350164273 0.28109480505404266 46
1756350164375 0.25742803190065466 47
1756350164477 0.24714422485102777 48
1756350164580 0.2597273536350416 49
1756350164681 0.24901985150316489 50
1756350164784 0.24887028854826224 51
1756350164886 0.23465120079724686 52
1756350164988 0.2105822880630908 53
1756350165091 0.2142196958479674 54
1756350165193 0.20775176325569983 55
1756350165295 0.2072177283141924 56
1756350165398 0.1801361383303352 57
1756350165500 0.2034595841946809 58
1756350295119 0.939281051573546 1
1756350295235 0.8677094086356785 2
1756350295350 0.7579961004464523 3
1756350295464 0.6234007140864497 4
1756350295578 0.5768040340879689 5
1756350295691 0.5156309073385985 6
1756350295805 0.5551497936248779 7
1756350295918 0.5191951990127563 8
1756350296032 0.4728612822035085 9
1756350296146 0.42261788508166437 10
1756350296259 0.39514886425889056 11
1756350296372 0.4050641979860223 12
1756350296488 0.3774434315121692 13
1756350296603 0.41506756647773413 14
1756350296717 0.44974064697390015 15
1756350297080 0.37870632565539813 16
1756350297196 0.34293018346247467 17
1756350297310 0.3490627161834551 18
1756350297425 0.315610505964445 19
1756350297539 0.303726266907609 20
1756350297654 0.2921871568845666 21
1756350297768 0.3127790650595789 22
1756350297883 0.30221406791521155 23
1756350297997 0.28822720374750055 24
1756350298111 0.2697951288326927 25
1756350298226 0.28095368781815405 26
1756350298341 0.2941111216078634 27
1756350298455 0.24600901616656262 28
1756350298569 0.26241333393946936 29
1756350298684 0.26475265686926636 30
1756350298799 0.2793104817037997 31
1756350298913 0.2510056366091189 32
1756350299029 0.22334002282308496 33
1756350299143 0.24655548774677774 34
1756350299259 0.2738306444624196 35
1756350299373 0.24094264533208765 36
1756350299489 0.25588484691536945 37
1756350299604 0.25309779268244037 38
1756350299719 0.2567401165547578 39
1756350299834 0.22051510150017944 40
1756350299950 0.21747652084931082 41
1756350300065 0.22632376007411792 42
1756350300181 0.2454715720985247 43
1756350300297 0.22568841861641925 44
1756350300412 0.20661950694478076 45
1756350300528 0.19925060155599014 46
1756350300643 0.21319232427555582 47
1756350300759 0.19144661011903183 48
1756350300874 0.1850140438131664 49
1756350300990 0.17339527412601138 50
1756350301105 0.17483533465343973 51
1756350301221 0.17449727071368176 52
1756350301336 0.19149526694546576 53
1756350301453 0.19017849538637244 54
1756350301735 0.21930769474610037 55
1756350301851 0.2082080789234327 56
1756350301966 0.1845717825319456 57
1756350302082 0.18708962914736374 58
1756350302197 0.17513330734294394 59
1756350302312 0.160357015936271 60
1756350302428 0.17803568554961163 61
1756350302543 0.17503628976967023 62
1756350302658 0.16050697312406872 63
1756350302775 0.16403846637062405 64
1756350423236 0.9572951093963955 1
1756350423368 0.8661793885023698 2
1756350423493 0.720311278882234 3
1756350423618 0.7143341587937396 4
1756350423743 0.6926749115404875 5
1756350423869 0.666669039622597 6
1756350423995 0.5646886061067167 7
1756350424120 0.5164018169693325 8
1756350424246 0.4919139937214229 9
1756350424371 0.474523373272108 10
1756350424497 0.4908268438733142 11
1756350424622 0.4605881208958833 12
1756350424748 0.4084214062794395 13
1756350424874 0.37907737234364386 14
1756350425000 0.4095089111639106 15
1756350425126 0.3817447475765062 16
1756350425251 0.4272250455358754 17
1756350425377 0.44450029730796814 18
1756350425502 0.40981695185536926 19
1756350425628 0.3822873740092568 20
1756350425754 0.3776839751264323 21
1756350425879 0.36026260256767273 22
1756350426004 0.30142177123090497 23
1756350426128 0.34123883493568585 24
1756350426253 0.33825023148370825 25
1756350426378 0.35354000200395996 26
1756350426503 0.316071946983752 27
1756350427323 0.37219894580219104 28
1756350427449 0.36059336817782855 29
1756350427575 0.32045262922411377 30
1756350427701 0.2942979115506877 31
1756350427826 0.2698316243679627 32
1756350427951 0.27058967105720355 33
1756350428077 0.26253713343454443 34
1756350428203 0.2704033534164014 35
1756350428328 0.2682193776835566 36
1756350428453 0.3044314410375512 37
1756350428579 0.3197741450174995 38
1756350428704 0.2836546470289645 39
1756350428830 0.2932744155759397 40
1756350428955 0.2596433402403541 41
1756350429081 0.2506028109270593 42
1756350429208 0.2388238084057103 43
1756350429335 0.2428386820399243 44
1756350429462 0.24569423755873804 45
1756350429590 0.22819929861504099 46
1756350429716 0.22596830971862958 47
1756350429842 0.23314468886541284 48
1756350429968 0.2384051317753999 49
1756350430093 0.2087375871513201 50
1756350430219 0.21227631167225217 51
1756350430349 0.20513591623824576 52
1756350430477 0.21087693844152533 53
1756350430602 0.20309699877448703 54
1756350430729 0.2092742919921875 55
1756350430855 0.19626894981964774 56
1756350430981 0.19919826608637106 57
1756350431107 0.18619974281476892 58
1756350431233 0.20206067030844482 59
1756350431359 0.21398058663243832 60
1756350431485 0.21134500140729157 61
1756350431611 0.21304315846899283 62
1756350431738 0.2360791829617127 63
1756350431864 0.20552664217741592 64
1756350431990 0.20243272833202197 65
1756350432117 0.19088091604087665 66
1756350432243 0.1864318575548089 67
1756350432370 0.18584413761677948 68
1756350432496 0.17990680362867273 69
1756350432621 0.2099346505559009 70
1756350432748 0.20649867861167245 71
1756350432874 0.2056694004846656 72
1756350433001 0.1981342551500901 73
1756350433128 0.19352249865946564 74
1756350433531 0.18705125930516617 75
1756350433658 0.18841933944950934 76
1756350433785 0.19821371656397116 77
1756350433911 0.18243071825607962 78
1756350434038 0.17738516758317532 79
1756350434164 0.17346464162287506 80
1756350434291 0.16664923306392587 81
1756350434417 0.15143163145884223 82
1756350434542 0.15774726738100467 83
1756350434668 0.15843336510917413 84
1756350434794 0.15324308107728543 85
1756350434921 0.16900889899419702 86
1756350435048 0.16496638046658557 87
1756350592721 0.9194970804712047 1
1756350592866 0.8366320521935172 2
1756350593006 0.8887392904447473 3
1756350593146 0.8050656940626062 4
1756350593287 0.688561341036921 5
1756350593427 0.6938202147898467 6
1756350593567 0.631615944530653 7
1756350593706 0.5865654919458472 8
1756350594105 0.5567401673482812 9
1756350594247 0.5151121072147203 10
1756350594387 0.5481532747330873 11
1756350594528 0.5370318876660388 12
1756350594672 0.4917597187602002 13
1756350594814 0.4745007196198339 14
1756350594956 0.42727496053861536 15
1756350595096 0.4442656960176385 16
1756350595237 0.4954914515433104 17
1756350595378 0.42575687170028687 18
1756350595518 0.44488536015800806 19
1756350595659 0.46977057664290717 20
1756350595800 0.4432987233866816 21
1756350595940 0.4461505011371944 22
1756350596081 0.4442508259545202 23
1756350596222 0.40940030890962353 24
1756350596362 0.39696180950040405 25
1756350596503 0.39786589016085083 26
1756350596644 0.364845335483551 27
1756350596785 0.3642902555673019 28
1756350596927 0.3407586061436197 29
1756350597068 0.3374072987100352 30
1756350597209 0.3811338777127473 31
1756350597350 0.3774681700312573 32
1756350597491 0.3472191367460334 33
1756350597632 0.3306141353171805 34
1756350597772 0.32379055152768677 35
1756350597914 0.3325605625691621 36
1756350598056 0.3224314762198407 37
1756350598198 0.31708633770113404 38
1756350598496 0.33736732342968817 39
1756350598637 0.32084340440190356 40
1756350598779 0.32558671417443646 41
1756350598920 0.3468898858713067 42
1756350599061 0.34049925208091736 43
1756350599203 0.3499573767185211 44
1756350599344 0.29908285711122595 45
1756350599485 0.34426410301871924 46
1756350599627 0.3790889213914457 47
1756350599769 0.3358844104020492 48
1756350599910 0.300668108722438 49
1756350600052 0.2934284229641375 50
1756350600194 0.29988396297330444 51
1756350600335 0.2893274154352105 52
1756350600477 0.2893825089154036 53
1756350600619 0.2762077729339185 54
1756350600761 0.266885862402294 55
1756350600903 0.2734550276528234 56
1756350601045 0.2594423255194788 57
1756350601187 0.26809493549492047 58
1756350601330 0.26336317995320196 59
1756350601473 0.24138471743334894 60
1756350601617 0.2632514931585478 61
1756350601759 0.2441505763841712 62
1756350601902 0.2641045632569686 63
1756350602044 0.28638735996640247 64
1756350602188 0.2736923811228379 65
1756350602331 0.2604168679403222 66
1756350602473 0.2511397366938384 67
1756350602615 0.24206591948218967 68
1756350602918 0.2602516840333524 69
1756350603061 0.2488376595403837 70
1756350603204 0.25053677545941394 71
1756350603346 0.2616918903330098 72
1756350603491 0.23470811610636505 73
1756350603634 0.22302504531715228 74
1756350603777 0.22383247315883636 75
1756350603920 0.2216009108916573 76
1756350753874 0.9606160962063334 1
1756350754031 0.9871543334878009 2
1756350754184 0.9193806000377821 3
1756350754338 0.802754529144453 4
1756350754491 0.7255007650541223 5
1756350754645 0.6245541779891305 6
1756350754799 0.6149327910464742 7
1756350754953 0.5907095955765765 8
1756350755107 0.600590195344842 9
1756350755264 0.567035973072052 10
1756350755418 0.5926815465740536 11
1756350755572 0.5096056461334229 12
1756350755726 0.5287019986173381 13
1756350755880 0.49125061605287634 14
1756350756035 0.46246667659800983 15
1756350756188 0.4311512475428374 16
1756350756342 0.43097048090851825 17
1756350756746 0.4347790375999782 18
1756350756901 0.4286836942900782 19
1756350757057 0.42260272736134735 20
1756350757212 0.4128630614799002 21
1756350757367 0.41151632562927576 22
1756350757522 0.40542302831359533 23
1756350757677 0.3973441901414291 24
1756350757831 0.41523110477820685 25
1756350757985 0.37198647727137024 26
1756350758139 0.37240973244542663 27
1756350758293 0.3812168810678565 28
1756350758447 0.41488022130468616 29
1756350758600 0.3894172271956568 30
1756350758754 0.3778963361097419 31
1756350758907 0.41882454182790674 32
1756350759062 0.3791942985161491 33
1756350759218 0.38170773827511334 34
1756350759373 0.35569734417873883 35
1756350759530 0.3348160463830699 36
1756350759686 0.3132503427889036 37
1756350759842 0.3106607496738434 38
1756350759997 0.3411134157491767 39
1756350760153 0.32448183324026025 40
1756350760309 0.31377674639225006 41
1756350760622 0.3088207763174306 42
1756350760777 0.32499178920103156 43
1756350760933 0.3463962440905364 44
1756350761088 0.3241058911966241 45
1756350761244 0.38594983582911285 46
1756350761399 0.33267460050790204 47
1756350761554 0.35674247534378717 48
1756350761709 0.35426687675973645 49
1756350761864 0.32360474182211835 50
1756350762019 0.33741180210009863 51
1756350762175 0.3258471177971881 52
1756350762330 0.29358736522819684 53
1756350762485 0.2970707533152207 54
1756350762640 0.2890872611947682 55
1756350762796 0.29576668855936633 56
1756350762951 0.28854975752208545 57
1756350763106 0.29859374852284143 58
1756350763259 0.28535284296326013 59
1756350763414 0.29627206662426825 60
1756350763569 0.2967143693695898 61
1756350763724 0.26610467291396595 62
1756350763879 0.26403177432391955 63
1756350764033 0.27274412435034046 64
1756350764190 0.26547073151754297 65
1756350764503 0.2787456337524497 66
1756350764659 0.2660168312166048 67
1756350764816 0.2722863788190095 68
1756350764972 0.27168299905631854 69
1756350765128 0.25814880430698395 70
1756350765284 0.245495134073755 71
1756350765439 0.2495344527389692 72
1756350765595 0.25644758019758307 73
1756350765751 0.26743981890056445 74
1756350765906 0.24478386342525482 75
1756350766061 0.22341264654760776 76
1756350766217 0.23471402020558066 77
1756350766372 0.24793897310028906 78
1756350766527 0.234006910868313 79
1756350766683 0.2442523260479388 80
1756350766839 0.24018980109173318 81
1756350766995 0.2240083949721378 82
1756350767151 0.23759807905425195 83
1756350767307 0.22297469299772513 84
1756350767463 0.23157522406267084 85
1756350767619 0.21386705338954926 86
1756350767775 0.21445952744587607 87
1756350767932 0.21267035992249197 88
1756350768089 0.22594208950581757 89
1756350768399 0.2214266204315683 90
1756350768555 0.21376554020073102 91
1756350768712 0.20527204093725784 92
1756350768869 0.20350752317387125 93
1756350769024 0.21033312509889188 94
1756350769181 0.20545274407967276 95
1756350769338 0.20467677647652832 96
1756350769494 0.20222004794556162 97
1756350769653 0.20031575599442358 98
1756350769811 0.18970926818640335 99
1756350769967 0.1969430589157602 100
1756350770124 0.20085331149723218 101
1756350770280 0.20374233761559363 102
1756350770436 0.1837488600741262 103
1756350770592 0.19183749349220938 104
1756350770748 0.19442731142044067 105
1756350770904 0.19533996024857397 106
1756350771060 0.18833750227223273 107
1756350771218 0.17695186643496805 108
1756350771373 0.17959708623264148 109
1756350771530 0.193660125784252 110
1756350771687 0.18047525053438934 111
1756350995900 1.1366558593252432 1
1756350996273 1.0670370537301768 2
1756350996448 0.9958851700243743 3
1756350996622 0.7682189215784487 4
1756350996797 0.7391093697236932 5
1756350996972 0.7174808227497599 6
1756350997147 0.6547302396401115 7
1756350997324 0.6091948799465013 8
1756350997499 0.6200148074523263 9
1756350997676 0.5967040891232698 10
1756350997852 0.5924121167348779 11
1756350998028 0.5455628115197887 12
1756350998202 0.5511338542337003 13
1756350998377 0.5389619443727576 14
1756350998551 0.5394264563270237 15
1756350998725 0.5019413077312967 16
1756350999058 0.48673018035681354 17
1756350999233 0.46042221525441046 18
1756350999408 0.425795606944872 19
1756350999582 0.4658667574758115 20
1756350999757 0.5391887944677601 21
1756350999933 0.4716738345830337 22
1756351000108 0.43510781293329986 23
1756351000282 0.4565430102141007 24
1756351000457 0.42443907520045404 25
1756351000630 0.39384668028872943 26
1756351000804 0.403788887936136 27
1756351000984 0.4421692050021628 28
1756351001160 0.40284189452295716 29
1756351001336 0.4470555393592171 30
1756351001512 0.4449703097343445 31
1756351001686 0.42422222184098285 32
1756351002020 0.39360205634780554 33
1756351002195 0.3810061786485755 34
1756351002372 0.35936806901641516 35
1756351002548 0.36009067167406494 36
1756351002723 0.37561926893565967 37
1756351002898 0.35540469185165735 38
1756351003073 0.3570618124111839 39
1756351003247 0.347072905820349 40
1756351003421 0.3482206697049348 41
1756351003596 0.3313322345847669 42
1756351003771 0.3359585831994596 43
1756351003946 0.37272406142690906 44
1756351004121 0.350646524325661 45
1756351004296 0.35437449942464416 46
1756351004472 0.3157744744549627 47
1756351004810 0.31833167050195776 48
1756351004986 0.3338997973048169 49
1756351005163 0.3065394422282343 50
1756351005339 0.31744492053985596 51
1756351005514 0.34135314303895703 52
1756351005690 0.3170013563788455 53
1756351005867 0.3288386988898982 54
1756351006044 0.2941913585300031 55
1756351006221 0.2976563857949298 56
1756351006397 0.28304193978724274 57
1756351006573 0.28969272452852 58
1756351006750 0.28980444371700287 59
1756351006928 0.27251462444015173 60
1756351007104 0.25244433011697687 61
1756351007281 0.2520259897346082 62
1756351007458 0.2794543647247812 63
1756351007821 0.292001617991406 64
1756351007998 0.25534657874832983 65
1756351008177 0.25966019798880036 66
1756351008354 0.24209372180959451 67
1756351008531 0.24227183927660403 68
1756351008709 0.25648111882417096 69
1756351008887 0.266766717252524 70
1756351009065 0.26371349070383154 71
1756351009242 0.2291615261979725 72
1756351009419 0.2508204346117766 73
1756351009596 0.2435709542554358 74
1756351009773 0.2286287597987963 75
1756351009951 0.25180316684038745 76
1756351010128 0.24189869346825973 77
1756351010304 0.23549881318341132 78
1756351010482 0.23454926195351974 79
1756351236912 0.9672275263330211 1
1756351237108 0.9479191225507985 2
1756351237568 0.9884138314620309 3
1756351237760 0.8276267855063729 4
1756351237952 0.7305127667344135 5
1756351238144 0.6941579398901566 6
1756351238336 0.6475917943145918 7
1756351238529 0.5720772017603335 8
1756351238721 0.5414639193078746 9
1756351238913 0.553318598996038 10
1756351239105 0.5346007878365724 11
1756351239296 0.49810291891512665 12
1756351239487 0.5226840104745782 13
1756351239680 0.47425808206848474 14
1756351239873 0.43166633792545483 15
1756351240066 0.4424077972121861 16
1756351240257 0.4700307185235231 17
1756351240449 0.4342366845711418 18
1756351240800 0.4202869469704835 19
1756351240994 0.39339373811431555 20
1756351241186 0.43181541562080383 21
1756351241381 0.41746920088063116 22
1756351241574 0.4058070480823517 23
1756351241767 0.41863449112228723 24
1756351241959 0.40746135944905487 25
1756351242151 0.4944865094578784 26
1756351242344 0.44021872333858325 27
1756351242537 0.4111004510651464 28
1756351242730 0.38280740769013116 29
1756351242922 0.3935783635015073 30
1756351243118 0.3779065919959027 31
1756351243312 0.3554606048957161 32
1756351243506 0.33125121956286224 33
1756351243873 0.3381387915300286 34
1756351244066 0.34202967908071435 35
1756351244259 0.3361057690952135 36
1756351244453 0.3355334310427956 37
1756351244647 0.3498458901177282 38
1756351244840 0.34540612930836884 39
1756351245036 0.37111199031705444 40
1756351245232 0.34327837047369586 41
1756351245427 0.3331800077272498 42
1756351245621 0.31553948055142944 43
1756351245815 0.316427151794019 44
1756351246011 0.2809580046197642 45
1756351246205 0.2964244491380194 46
1756351246399 0.30320063362950866 47
1756351246592 0.2958302115616591 48
1756351246789 0.29297670138918835 49
1756351247153 0.3074464785016101 50
1756351247347 0.29575667951418005 51
1756351247541 0.2851817277462586 52
1756351247736 0.3204063786112744 53
1756351247930 0.32023154846999957 54
1756351248123 0.27904131490251294 55
1756351248318 0.2823801429375358 56
1756351248512 0.29217962272789166 57
1756351248707 0.2790736070145731 58
1756351248900 0.27123502156008844 59
1756351249094 0.26694968666719354 60
1756351249289 0.2747274760318839 61
1756351249483 0.30006159712438996 62
1756351249677 0.2596596965323324 63
1756351249870 0.24057461062203284 64
1756351250234 0.23759513639885446 65
1756351250429 0.2447304129600525 66
1756351250624 0.24254947382470834 67
1756351250818 0.23481211454971976 68
1756351251013 0.23872576200443765 69
1756351251207 0.23865670095319333 70
1756351251401 0.23842981716860895 71
1756351251595 0.2506892985623816 72
1756351416247 0.9979450106620789 1
1756351416455 0.9095864270044409 2
1756351416659 0.9055478106374326 3
1756351416865 0.816364788490793 4
1756351417069 0.7487062293550243 5
1756351417274 0.6340820296950962 6
1756351417479 0.5602848737136178 7
1756351417683 0.5694577823514524 8
1756351417887 0.5132279862528262 9
1756351418092 0.48989087084065314 10
1756351418297 0.5190434805724932 11
1756351418502 0.49249957048374676 12
1756351418706 0.5349013559196306 13
1756351418911 0.5389096970143525 14
1756351419116 0.5053289714066879 15
1756351419321 0.4795565073904784 16
1756351419778 0.47383746375208313 17
1756351419983 0.4617321737434553 18
1756351420188 0.44369982377342554 19
1756351420394 0.4330756664276123 20
1756351420599 0.3894195828748786 21
1756351420804 0.4021519254083219 22
1756351421010 0.4612545073032379 23
1756351421215 0.3942633582198102 24
1756351421420 0.3787646824898927 25
1756351421625 0.3763507656429125 26
1756351421829 0.37160740339237713 27
1756351422034 0.38481973565143085 28
1756351422239 0.3513301001942676 29
1756351422443 0.39399689047232916 30
1756351422648 0.39093871868175006 31
1756351423012 0.4148563405741816 32
1756351423218 0.4255125237547833 33
1756351423425 0.47765259379925934 34
1756351423631 0.39799420082050824 35
1756351423837 0.3823579485001771 36
1756351424042 0.37271156777506287 37
1756351424248 0.37706879947496497 38
1756351424453 0.39833034251047217 39
1756351424658 0.3797753686490266 40
1756351424863 0.3697662249855373 41
1756351425070 0.3438140711058741 42
1756351425275 0.3456426236940467 43
1756351425480 0.3218132529569709 44
1756351425685 0.3149620553721552 45
1756351425890 0.3343088639819104 46
1756351426096 0.35356244574422424 47
1756351426458 0.3419906108275704 48
1756351426664 0.30081967944684235 49
1756351618355 0.9850361787754557 1
1756351618576 0.9032986293668333 2
1756351618794 0.7675143739451533 3
1756351619014 0.7731846545053565 4
1756351619232 0.6867800717768462 5
1756351619449 0.7175553596538046 6
1756351619666 0.5988960901032323 7
1756351619884 0.653733852116958 8
1756351620102 0.5670387848563816 9
1756351620320 0.5469549207583718 10
1756351620537 0.5983256205268528 11
1756351620755 0.5435195422690847 12
1756351620972 0.5286948045958644 13
1756351621190 0.4825958687326182 14
1756351621408 0.49359719779180444 15
1756351621876 0.5183664586233057 16
1756351622095 0.49115587447000586 17
1756351622313 0.4809867402781611 18
1756351622532 0.4484853964784871 19
1756351622751 0.4405745812084364 20
1756351622970 0.48138977781586023 21
1756351623188 0.4294015389421712 22
1756351623407 0.45084388100582623 23
1756351623627 0.43471560789191205 24
1756351623845 0.4482281765212183 25
1756351624062 0.44546631108159607 26
1756351624280 0.40639320534208545 27
1756351624499 0.37560363437818445 28
1756351624716 0.3727315923442011 29
1756351624935 0.37960441864055133 30
1756351625329 0.3720297865245653 31
1756351625549 0.3775322540946629 32
1756351625767 0.3778758372949517 33
1756351625986 0.34777953443319903 34
1756351626212 0.3315140099629112 35
1756351626431 0.3442363842673924 36
1756351626649 0.3227506960215776 37
1756351626868 0.3194176399189493 38
1756351627101 0.3147737811441007 39
1756351627320 0.30234120267888775 40
1756351627538 0.31947939551394916 41
1756351627757 0.34669576650080475 42
1756351627989 0.32235420916391455 43
1756351628208 0.32085017276846844 44
1756351628430 0.2788104965634968 45
1756351628659 0.29288081306478253 46
1756351629076 0.29437952650629956 47
1756351629294 0.3017991522084112 48
1756351629523 0.31224546613900556 49
1756351629742 0.28038452306519385 50
1756351629961 0.29528976328994916 51
1756351630179 0.3035134575937105 52
1756351630413 0.2934504896402359 53
1756351630632 0.29474805295467377 54
1756351630851 0.2653850699248521 55
1756351631080 0.263268676141034 56
1756351631301 0.25094805917014246 57
1756351631519 0.2644148209820623 58
1756351631738 0.27488771016183106 59
1756351631971 0.2582644813734552 60
1756351632190 0.2577936033839765 61
1756351632631 0.2456572975801385 62
1756351632871 0.2563100269307261 63
1756351824491 0.9017052132150402 1
1756351824984 0.8940020955127218 2
1756351825219 0.8323386311531067 3
1756351825454 0.8160704218822977 4
1756351825689 0.7313651053801827 5
1756351825925 0.7260812339575394 6
1756351826160 0.6763792711755504 7
1756351826395 0.6229442306186842 8
1756351826630 0.6418750752573428 9
1756351826865 0.5866575189258741 10
1756351827099 0.5606679631316144 11
1756351827334 0.5511059501896733 12
1756351827570 0.4921363047931505 13
1756351827971 0.5339510103930598 14
1756351828205 0.5670110648093016 15
1756351828440 0.5039117971192235 16
1756351828675 0.4485751843970755 17
1756351828911 0.44735928592474566 18
1756351829146 0.45775583256845886 19
1756351829382 0.44861017750657123 20
1756351829616 0.420715041782545 21
1756351829850 0.42506146690119867 22
1756351830086 0.4216508074947026 23
1756351830321 0.4022504596606545 24
1756351830718 0.389599727547687 25
1756351830953 0.3718317695285963 26
1756351831189 0.4065439040246217 27
1756351831424 0.4014151225919309 28
1756351831658 0.4315026622751485 29
1756351831893 0.3838980547759844 30
1756351832127 0.3999895583028379 31
1756351832362 0.37202712375184765 32
1756351832597 0.34691427324129187 33
1756351832832 0.3552482879680136 34
1756351833066 0.3315314313639765 35
1756351833300 0.354672706645468 36
1756351833535 0.35053577630416205 37
1756351833770 0.3735786171063133 38
1756351834171 0.3674993825995404 39
1756351834406 0.3288416473761849 40
1756351834641 0.3188517294500185 41
1756351834879 0.3158550651177116 42
1756351835117 0.31691997077154077 43
1756351835354 0.32552177815333655 44
1756351835590 0.3434909400732621 45
1756351835826 0.29467706447062286 46
1756351836061 0.31185472724230395 47
1756351836298 0.2908642143011093 48
1756351836533 0.28824353218078613 49
1756351836770 0.2870679912359818 50
1756351837006 0.28692424491695734 51
1756351837243 0.30432855564615 52
1756351837643 0.2775864588177722 53
1756351837880 0.3002783720907958 54
1756351838117 0.3207220480493877 55
1756351838353 0.30377922109935596 56
1756351838589 0.28910815262276196 57
1756351838825 0.28376283464224444 58
1756351839060 0.26109750892805017 59
1756351839296 0.24908551832903986 60
1756351839531 0.2576822476542514 61
1756351839766 0.25957079102163727 62
1756351840002 0.2767310459976611 63
1756351840238 0.2708921847136124 64
1756351840473 0.2889545378477677 65
1756351840709 0.2694472780694132 66
1756351840945 0.2522175545277803 67
1756351841181 0.2472429670717405 68
1756351841581 0.2563552098429721 69
1756351841816 0.24751189998958423 70
1756351842053 0.24120261811691782 71
1756351842290 0.27540834636791894 72
1756351842525 0.23351909090643344 73
1756351842761 0.28055639888929285 74
1756351842997 0.2697209709364435 75
1756351843233 0.24224455136319864 76
1756351843470 0.23921305718629257 77
1756351843706 0.2394727533278258 78
1756351843942 0.23904178453528363 79
1756351844180 0.2563409040803495 80
1756351844581 0.22246523784554523 81
1756351844817 0.22107711499151977 82
1756351845054 0.21529761604640796 83
1756351845291 0.20339858920677847 84
1756351845531 0.21742900039838708 85
1756351845769 0.21140550660050433 86
1756352013602 0.9694763162861699 1
1756352013850 0.9973033251969711 2
1756352014095 0.9025820519613184 3
1756352014339 0.8180001248484072 4
1756352014585 0.7316248080004817 5
1756352014830 0.7340899317160897 6
1756352015076 0.6976373921269956 7
1756352015321 0.6286748233048812 8
1756352015817 0.5694590055424235 9
1756352016064 0.5647651669771775 10
1756352016309 0.5572020502194114 11
1756352016555 0.523958348709604 12
1756352016800 0.4901326182095901 13
1756352017047 0.45434121852335724 14
1756352017292 0.4640170905901038 15
1756352017538 0.4713454026242961 16
1756352017782 0.44616197503131366 17
1756352018028 0.45867715840754303 18
1756352018272 0.415177671805672 19
1756352018681 0.45039328932762146 20
1756352018927 0.4714917138866756 21
1756352019175 0.45642086345216504 22
1756352019421 0.4438641900601594 23
1756352019667 0.44247341544731805 24
1756352019913 0.49241601125053736 25
1756352020159 0.4376983474130216 26
1756352020405 0.43777153284653375 27
1756352020818 0.44881461755089136 28
1756352021065 0.41294711309930554 29
1756352021311 0.37078186999196594 30
1756352021558 0.3882052781789199 31
1756352021803 0.375040203332901 32
1756352022050 0.40420772718346637 33
1756352022296 0.37615532589995343 34
1756352022541 0.36628371217976446 35
1756352022787 0.3652331401472506 36
1756352023197 0.37237021586169367 37
1756352023443 0.3457985688810763 38
1756352023689 0.34258119826731476 39
1756352023934 0.3589118719100952 40
1756352024181 0.3536236713761869 41
1756352024426 0.3060200447621553 42
1756352024673 0.3276587180469347 43
1756352024920 0.313463296579278 44
1756352025167 0.29240757032581 45
1756352025411 0.30128547095734143 46
1756352025657 0.2913538288810979 47
1756352025903 0.2895404735337133 48
1756352026312 0.2855485703634179 49
1756352196602 1.0281489906103716 1
1756352196861 0.8969465753306514 2
1756352197118 0.8272296034771464 3
1756352197623 0.7869763270668362 4
1756352197882 0.6788269333217455 5
1756352198140 0.5881870103918988 6
1756352198399 0.5938238268313201 7
1756352198657 0.5940403705057891 8
1756352198914 0.548272579908371 9
1756352199171 0.5217496053032253 10
1756352199426 0.5019514988298002 11
1756352199843 0.49827739078065625 12
1756352200100 0.4820593271566474 13
1756352200358 0.4514678742574609 14
1756352200616 0.46083596219187195 15
1756352200873 0.5203068774679432 16
1756352201130 0.5289764507957126 17
1756352201389 0.4703161120414734 18
1756352201645 0.452075877915258 19
1756352201901 0.4739576228286909 20
1756352202330 0.43420229787411896 21
1756352202588 0.4037526807059412 22
1756352202845 0.4508350776589435 23
1756352203102 0.3915094759153283 24
1756352203358 0.3768280653849892 25
1756352203615 0.3533949139325515 26
1756352203873 0.34818252143652545 27
1756352204129 0.3448445667391238 28
1756352204387 0.3341977311217267 29
1756352204810 0.3195791613796483 30
1756352205068 0.2956061363220215 31
1756352205324 0.34434670080309326 32
1756352205583 0.31563123412754224 33
1756352205841 0.31966526417628577 34
1756352206097 0.3333110226237256 35
1756352206355 0.30805092661277106 36
1756352206612 0.34878114189790643 37
1756352206872 0.34153441372125043 38
1756352207294 0.32618496405041736 39
1756352207552 0.3092965107897054 40
1756352207809 0.32088749240274017 41
1756352208069 0.31459789885127026 42
1756352208328 0.2885837794645973 43
1756352208588 0.274840266160343 44
1756352208846 0.2724286946265594 45
1756352209104 0.27529567350511963 46
1756352209526 0.2720739271329797 47
1756352209783 0.2748578190803528 48
1756352210041 0.29483927397624304 49
1756352210299 0.24623709333979565 50
1756352210557 0.2627562614886657 51
1756352210815 0.2596115197824395 52
1756352211071 0.25822331335233606 53
1756352211327 0.2618952017763387 54
1756352211583 0.2564778392729552 55
1756352212002 0.24731178257776343 56
1756352212259 0.25331002927344776 57
1756352212518 0.23553189700064453 58
1756352212777 0.23707850406999173 59
1756352213036 0.23476862324320752 60
1756352213294 0.23473539041436237 61
1756352213551 0.2713538563769797 62
1756352213808 0.23050245189148447 63
1756352214069 0.2378249563600706 64
1756352214493 0.22431847064391428 65
1756352440781 1.0030550464339878 1
1756352441054 1.020202100276947 2
1756352441324 0.8836858609448308 3
1756352441840 0.725571580555128 4
1756352442111 0.7041411399841309 5
1756352442381 0.5831693488618602 6
1756352442651 0.5860035186228545 7
1756352442923 0.6438649931679601 8
1756352443193 0.5371893968271173 9
1756352443463 0.504198176705319 10
1756352443735 0.5124784552532694 11
1756352444005 0.4901246532149937 12
1756352444436 0.5136685086333234 13
1756352444706 0.5024310324503027 14
1756352444977 0.5136210581530696 15
1756352445247 0.5355986667715985 16
1756352445516 0.4692384535851686 17
1756352445788 0.4558880575325178 18
1756352446060 0.45258597576099896 19
1756352446330 0.42699754108553345 20
1756352446600 0.4215736130009527 21
1756352447030 0.43039426984994306 22
1756352447300 0.4129685435606086 23
1756352447570 0.40142022656357806 24
1756352447842 0.3646612322848776 25
1756352448115 0.35678596988968225 26
1756352448387 0.3475642761458521 27
1756352448660 0.3545790794103042 28
1756352448934 0.36979813808980194 29
1756352449205 0.34273984121239703 30
1756352449635 0.3229460372872975 31
1756352449906 0.33311836875003314 32
1756352450177 0.3475389649038729 33
1756352450449 0.35268813630808954 34
1756352450718 0.34486938559490704 35
1756352450989 0.3129432797431946 36
1756352451261 0.3292061589334322 37
1756352451532 0.3740645063960034 38
1756352451803 0.35958777173705725 39
1756352452230 0.3176743005928786 40
1756352452502 0.30436370554177655 41
1756352452773 0.28856156183325726 42
1756352453044 0.29428202496922534 43
1756352453315 0.3093423143677089 44
1756352453586 0.2782601318929506 45
1756352453857 0.26469330943149066 46
1756352454129 0.3031408061151919 47
1756352454557 0.30028944170993305 48
1756352454828 0.28659440317879553 49
1756352455100 0.2817411422729492 50
1756352455372 0.27863276847030805 51
1756352455645 0.26458002562108246 52
1756352455917 0.29859217936578003 53
1756352456192 0.2784045669047729 54
1756352456464 0.27131622964921204 55
1756352456737 0.2696459526601045 56
1756352457168 0.2679881758016089 57
1756352457442 0.2694643450819928 58
1756352457714 0.2589520805555841 59
1756352457985 0.24535334304622983 60
1756352458257 0.270092302042505 61
1756352458529 0.26794360189334204 62
1756352458800 0.25330068041449005 63
1756352459071 0.23475253258062445 64
1756352459342 0.31998617817526276 65
1756352459774 0.2717967046343762 66
1756352460047 0.26352030362771905 67
1756352460320 0.2522397721591203 68
1756352460591 0.23653185756310172 69
1756352460864 0.23573793730010156 70
1756352461136 0.23756138138149097 71
1756352461408 0.2265744695196981 72
1756352461681 0.2388315200805664 73
1756352461954 0.24028221226256827 74
1756352462389 0.2358692845572596 75
1756352462661 0.23285657620948294 76
1756352462934 0.23147623370523038 77
1756352463206 0.2345419713984365 78
1756352463479 0.24259962076726166 79
1756352463754 0.2314586684755657 80
1756352464027 0.22722971633724545 81
1756352464300 0.2220478653907776 82
1756352464572 0.22223211565743323 83
1756352465032 0.1919783282539119 84
1756352465306 0.20015775250351947 85
1756352465580 0.20526895121387814 86
1756352643680 1.0427302329436592 1
1756352643966 0.8362966516743535 2
1756352644251 0.8361564900564111 3
1756352644536 0.7295551222303639 4
1756352645072 0.6725094810776089 5
1756352645355 0.6721397586490797 6
1756352645637 0.6109333517758743 7
1756352645922 0.619846364726191 8
1756352646205 0.5653961223104725 9
1756352646490 0.5380854826906453 10
1756352646772 0.5434984201970308 11
1756352647220 0.5692970065966897 12
1756352647502 0.5438876100208448 13
1756352647785 0.4633372918419216 14
1756352648068 0.5061234624489493 15
1756352648350 0.49138649520666705 16
1756352648633 0.47140481161034625 17
1756352648916 0.5073095469371133 18
1756352649198 0.4269154525321463 19
1756352649480 0.47789489575054334 20
1756352649926 0.5001204454380533 21
1756352650210 0.41835276717725006 22
1756352650493 0.3816084563732147 23
1756352650777 0.3901236627412879 24
1756352651061 0.3735389735387719 25
1756352651346 0.4122291855190111 26
1756352651632 0.4232940518337747 27
1756352652091 0.37963307681291 28
1756352652375 0.34640155408693396 29
1756352652658 0.35505254242731177 30
1756352652942 0.38264993481014087 31
1756352653225 0.4164914799773175 32
1756352653508 0.40405906024186505 33
1756352653792 0.3576784276443979 34
1756352654076 0.3565222258153169 35
1756352654523 0.33110865561858466 36
1756352654809 0.31420038640499115 37
1756352655094 0.3094253190185713 38
1756352655377 0.324491666710895 39
1756352655661 0.31556190939053247 40
1756352655945 0.3195283354624458 41
1756352656229 0.3134588793567989 42
1756352656513 0.3284405366234157 43
1756352656798 0.302572897594908 44
1756352657254 0.30699820103852643 45
1756352657539 0.29154910017614777 46
1756352657823 0.32892433586327924 47
1756352658107 0.2977379949196525 48
1756352658390 0.28149455202662427 49
1756352658674 0.32149255664452264 50
1756352658958 0.3027381501767946 51
1756352659241 0.26301373346992163 52
1756352659525 0.3060623200043388 53
1756352659974 0.3034873488156692 54
1756352660258 0.2970060926416646 55
1756352660542 0.2858570593854655 56
1756352660828 0.3079311938389488 57
1756352661115 0.284863606095314 58
1756352661402 0.2545923357424529 59
1756352661688 0.25134173035621643 60
1756352662167 0.2551194286864737 61
1756352662451 0.26080588348533795 62
1756352662736 0.2525194183639858 63
1756352663020 0.2414322741653608 64
1756352663304 0.2482415249814158 65
1756352663589 0.2283705615479013 66
1756352663873 0.25060086664946185 67
1756352664157 0.2771603024524191 68
1756352664460 0.25625629139983136 69
1756352664745 0.23997067044610562 70
1756352665223 0.2601330869871637 71
1756352665511 0.24928214303825214 72
1756352665801 0.22850118577480316 73
1756352666089 0.2340228680683219 74
1756352666376 0.2497751051964967 75
1756352666663 0.26455641505510913 76
1756352929008 0.9405698309773984 1
1756352929310 1.009904762972956 2
1756352929609 0.8204869031906128 3
1756352929908 0.7976394606673199 4
1756352930451 0.7644445688828178 5
1756352930750 0.6809371761653734 6
1756352931050 0.6030260091242583 7
1756352931351 0.5489602827507517 8
1756352931651 0.5544868241185728 9
1756352931951 0.5252770159555518 10
1756352932412 0.5065855539363363 11
1756352932712 0.48132647897886194 12
1756352933013 0.47004132167152735 13
1756352933313 0.46715894730194757 14
1756352933615 0.46596183206724084 15
1756352934077 0.440010736817899 16
1756352934377 0.43034818638925965 17
1756352934675 0.501023424708325 18
1756352934978 0.571717039398525 19
1756352935279 0.4893931085648744 20
1756352935581 0.4677815670552461 21
1756352935881 0.44980771256529767 22
1756352936180 0.4555016082266103 23
1756352936479 0.43344120746073517 24
1756352936779 0.4019331802492556 25
1756352937079 0.4804286593976228 26
1756352937379 0.3871835638647494 27
1756352937679 0.39422350085299945 28
1756352938158 0.3587262423142143 29
1756352938458 0.3602280616760254 30
1756352938757 0.39564160030821094 31
1756352939057 0.40265095363492553 32
1756352939354 0.39041004621464276 33
1756352939655 0.4180735919786536 34
1756352940131 0.3775154274442922 35
1756352940431 0.33051850225614465 36
1756352940730 0.33443263820979907 37
1756352941030 0.3483637519504713 38
1756352941330 0.32493040743081464 39
1756352941630 0.32370477331721265 40
1756352941930 0.36672800196253735 41
1756352942230 0.47652505662130273 42
1756352942530 0.38531303794487665 43
1756352942829 0.375815370808477 44
1756352943128 0.36297331296879315 45
1756352943604 0.3884818242943805 46
1756352943904 0.35079741607541626 47
1756352944206 0.32943428469740826 48
1756352944506 0.3099278069060782 49
1756352944807 0.3130845647791158 50
1756352945282 0.30605932746244513 51
1756352945583 0.30825444667235663 52
1756352945882 0.30305536415265955 53
1756352946182 0.338651224322941 54
1756352946484 0.31077958578648773 55
1756352946784 0.2911426075126814 56
1756352947086 0.2822064239045848 57
1756352947385 0.2711707353591919 58
1756352947684 0.3075812225756438 59
1756352947984 0.28648618641106977 60
1756352948284 0.27731754727985547 61
1756352948760 0.2776600310335989 62
1756352949061 0.26403889643109363 63
1756352949362 0.2745674518139466 64
1756352949663 0.26120947301387787 65
1756352949964 0.24595204319642938 66
1756352950437 0.24100883693798728 67
1756352950738 0.23461361877296283 68
1756352951040 0.2314088875832765 69
1756352951340 0.26081815167613653 70
1756352951641 0.25366227523140283 71
1756352951942 0.23158472841200622 72
1756352952243 0.2416291217441144 73
1756352952544 0.24845954257508981 74
1756352952844 0.2272631824016571 75
1756352953144 0.2408231917930686 76
1756352953617 0.24429963334746982 77
1756352953919 0.22107776222021683 78
1756352954220 0.21662884043610614 79
1756352954521 0.2131627020628556 80
1756352954822 0.21995328755482382 81
1756352955123 0.2219180607277414 82
1756352955596 0.20990985437579776 83
1756352955896 0.19994759365268375 84
1756352956196 0.2250632595108903 85
1756352956496 0.23541750856067822 86
1756352956798 0.20552073743032373 87
1756352957100 0.21340882000715836 88
1756352957400 0.2012302629325701 89
1756352957699 0.2125027613795322 90
1756352958000 0.19255500448786694 91
1756352958300 0.20566467163355454 92
1756352958600 0.20328951465046924 93
1756352958903 0.20783418287401614 94
1756352959204 0.19889399279718814 95
1756352959699 0.19688317374042844 96
1756352960001 0.1810554709771405 97
1756352960300 0.18203019577523935 98
1756352960601 0.1861306545527085 99
1756352960903 0.195406265232874 100
1756352961204 0.20241258455359418 101
1756353174794 0.9626064767008242 1
1756353175109 0.9372500518093938 2
1756353175421 0.8896356147268544 3
1756353175732 0.7836710136869679 4
1756353176046 0.7194796956103781 5
1756353176605 0.6518431396588035 6
1756353176917 0.652033665905828 7
1756353177229 0.5931356354900028 8
1756353177541 0.5491454393967338 9
1756353177854 0.5756121329639269 10
1756353178167 0.5648397492325824 11
1756353178480 0.4977478695952374 12
1756353178950 0.46027166558348614 13
1756353179263 0.4744832774867182 14
1756353179576 0.4487104091955268 15
1756353179888 0.49180060365925665 16
1756353180203 0.4515227882758431 17
1756353180516 0.4504642136718916 18
1756353180831 0.48463381373363995 19
1756353181330 0.46086532784544904 20
1756353181643 0.4377412964468417 21
1756353181957 0.41724687814712524 22
1756353182270 0.4140112166819365 23
1756353182584 0.4455316714618517 24
1756353182896 0.425266075393428 25
1756353183210 0.42465930917988653 26
1756353183701 0.3954692107179891 27
1756353184014 0.3837978645511296 28
1756353184327 0.38137946828551916 29
1756353184641 0.38609727050947107 30
1756353184953 0.401430131300636 31
1756353185269 0.35573433145232825 32
1756353185581 0.3474287131558294 33
1756353186067 0.3547021889168283 34
1756353186380 0.3834513451742089 35
1756353186693 0.34758994048056396 36
1756353187006 0.33745264618293097 37
1756353187319 0.33659944845282513 38
1756353187631 0.3185185148664143 39
1756353187943 0.3202205585396808 40
1756353188426 0.37325785211894824 41
1756353188740 0.3338832868182141 42
1756353189055 0.3254231564376665 43
1756353189368 0.41130611041317816 44
1756353189683 0.3718702365522799 45
1756353189996 0.33506159937900043 46
1756353190479 0.33271362340968585 47
1756353190793 0.3120210676089577 48
1756353191109 0.30509325667567877 49
1756353191421 0.29765009167401685 50
1756353191734 0.3277817122314287 51
1756353192046 0.3135156864705293 52
1756353192361 0.2898561403803203 53
1756353192840 0.2791692413713621 54
1756353193152 0.3206085640451182 55
1756353193466 0.2963830731485201 56
1756353193780 0.29002485003160394 57
1756353194094 0.3477093227531599 58
1756353194408 0.2986036908367406 59
1756353194720 0.27717156125151593 60
1756353195204 0.2555209061373835 61
1756353195519 0.2593349684839663 62
1756353195833 0.2833679920953253 63
1756353196145 0.2686713564655055 64
1756353196461 0.24944552714410034 65
1756353196774 0.25077242436616315 66
1756353197088 0.2606702498767687 67
1756353197567 0.24967790751353555 68
1756353197879 0.22777599420236505 69
1756353198192 0.2277633029481639 70
1756353198507 0.2386854835178541 71
1756353198822 0.23318625079548877 72
1756353199135 0.2225285645412362 73
1756353199447 0.2405746138614157 74
1756353199923 0.22184227018252664 75
1756353200237 0.21548004254050876 76
1756353465537 1.0515617235847141 1
1756353466123 0.9435566508251688 2
1756353466457 0.8411249544309534 3
1756353466788 0.7115976343984189 4
1756353467119 0.6635217873946481 5
1756353467449 0.7013062782909559 6
1756353467780 0.6385923377845598 7
1756353468279 0.5836444445278334 8
1756353468610 0.589899594369142 9
1756353468940 0.5094601978426394 10
1756353469292 0.5066236218680507 11
1756353469623 0.5307799862778705 12
1756353470136 0.49201401290686236 13
1756353470465 0.49262599841408106 14
1756353470794 0.476926872263784 15
1756353471123 0.45576594446016394 16
1756353471453 0.45023473967676575 17
1756353471962 0.48510623626087024 18
1756353472291 0.5207344151061514 19
1756353472619 0.5282865192579187 20
1756353472948 0.4731692619945692 21
1756353473276 0.46528853670410486 22
1756353473779 0.41698344634926837 23
1756353474107 0.4021901268026103 24
1756353474437 0.3822132426759471 25
1756353474765 0.3669309395810832 26
1756353475093 0.42064136137133057 27
1756353475423 0.44062320304953534 28
1756353475930 0.3862886325172756 29
1756353476259 0.388056552928427 30
1756353476588 0.3494871841824573 31
1756353476918 0.3330886104832525 32
1756353477249 0.3490468328413756 33
1756353477753 0.36323282640913257 34
1756353478084 0.3415188776410144 35
1756353478411 0.3851020336151123 36
1756353478740 0.3786657206390215 37
1756353479067 0.3446442044299582 38
1756353479572 0.3152903616428375 39
1756353479902 0.33496100228765735 40
1756353480232 0.3201505230820697 41
1756353480561 0.3399526230666948 42
1756353480891 0.3468266194281371 43
1756353481399 0.33657299435657 44
1756353481729 0.31852923657583154 45
1756353482059 0.34505090765331103 46
1756353482389 0.3331701133562171 47
1756353482718 0.3066374102364416 48
1756353483047 0.31968570273855457 49
1756353483551 0.31965209997218585 50
1756353483880 0.3228474777677785 51
1756353484210 0.31496173985626386 52
1756353484539 0.3141983980717866 53
1756353484869 0.3221954988396686 54
1756353485373 0.2956898691861526 55
1756353485703 0.2860700352036435 56
1756353486034 0.2803660404423009 57
1756353778307 1.0636501390001047 1
1756353778653 0.8241292082745096 2
1756353779260 0.7534485277922257 3
1756353779602 0.7878112637478373 4
1756353779946 0.7343779595001884 5
1756353780292 0.6703496523525404 6
1756353780636 0.6890331066173055 7
1756353781144 0.6870648990506711 8
1756353781488 0.5887637397517329 9
1756353781831 0.5587658026944036 10
1756353782173 0.5455598559068597 11
1756353782514 0.5300866650498431 12
1756353783027 0.5000065293001092 13
1756353783372 0.47591532442880713 14
1756353783717 0.47612958628198376 15
1756353784060 0.465786240670992 16
1756353784403 0.47948251988576807 17
1756353784747 0.49228936433792114 18
1756353785255 0.5687781740789828 19
1756353785600 0.4880465865135193 20
1756353785945 0.5128682955451633 21
1756353786289 0.49186650955158734 22
1756353786634 0.44256436306497327 23
1756353787141 0.414874369683473 24
1756353787487 0.42412179449330206 25
1756353787832 0.3846368141796278 26
1756353788176 0.3822308817635412 27
1756353788520 0.4488959545674531 28
1756353789030 0.4664085947948953 29
1756353789376 0.48253202308779175 30
1756353789719 0.4895241597424383 31
1756353790062 0.44296998303869495 32
1756353790406 0.4280694062295167 33
1756353790912 0.394625793332639 34
1756353791256 0.37331311469492706 35
1756353791602 0.3938545442145804 36
1756353791946 0.36827114354009216 37
1756353792290 0.37688865739366284 38
1756353792796 0.3774386411127837 39
1756353793140 0.3431634293950122 40
1756353793486 0.3449309766292572 41
1756353793831 0.3398646109777948 42
1756353794176 0.3337607591048531 43
1756353794520 0.3404933797276538 44
1756353795024 0.3186143960641778 45
1756353795369 0.31772180355113483 46
1756353795712 0.3087549870428832 47
1756353796058 0.31834829177545465 48
1756353796404 0.3235512349916541 49
1756353796911 0.341669992260311 50
1756353797257 0.3257751309353372 51
1756353797603 0.31877961884374206 52
1756353797947 0.2890876674133798 53
1756353798295 0.340237434791482 54
1756353798803 0.34252415273500525 55
1756353799149 0.3164174077303513 56
1756353799496 0.3492203678773797 57
1756353799841 0.317042865830919 58
1756353800186 0.2988911387713059 59
1756353800532 0.30495959585127624 60
1756353801038 0.2798311017129732 61
1756353801383 0.27751009036665375 62
1756353801728 0.2992484932360442 63
1756353802073 0.30274331310521 64
1756353802419 0.28637032081251557 65
1756353802924 0.2738155916981075 66
1756353803270 0.27767581460268603 67
1756353803616 0.2938378550436186 68
1756353803961 0.25951979665652564 69
1756353804306 0.2613648616749307 70
1756353804653 0.27031724802825763 71
1756353805158 0.25501812994480133 72
1756353805502 0.25416871322237927 73
1756353805847 0.24453363599984543 74
1756353806192 0.24856518532918848 75
1756353806539 0.2812599546235541 76
1756353807339 0.2566799696372903 77
1756353807690 0.2611694316501203 78
1756354099172 1.2497209673342498 1
1756354099783 1.1164289712905884 2
1756354100142 0.8771146458128224 3
1756354100502 0.8078435970389325 4
1756354100861 0.698221715896026 5
1756354101219 0.6165449956189031 6
1756354101739 0.5895520992901014 7
1756354102098 0.5890787632569022 8
1756354102455 0.5250238931697347 9
1756354102814 0.561227067657139 10
1756354103174 0.5539813041687012 11
1756354103690 0.4838992422041686 12
1756354104051 0.5165460407733917 13
1756354104408 0.45774917887604755 14
1756354104765 0.45200666266938916 15
1756354105121 0.4225181898345118 16
1756354105637 0.41734493037928705 17
1756354105995 0.4413173302360203 18
1756354106353 0.5057177180829255 19
1756354106712 0.4334895766299704 20
1756354107069 0.458474249943443 21
1756354107589 0.4290592566780422 22
1756354107950 0.3966686919979427 23
1756354108309 0.4252633517203124 24
1756354108669 0.3729232899520708 25
1756354109029 0.36944788176080456 26
1756354109555 0.34394659037175385 27
1756354109914 0.36200864807419153 28
1756354110274 0.3725871469663537 29
1756354110635 0.3876925227434739 30
1756354110995 0.4085390788057576 31
1756354111515 0.3503138759861822 32
1756354111878 0.377848145754441 33
1756354112239 0.35459386913672736 34
1756354112598 0.3454584233138872 35
1756354112959 0.3282655697801839 36
1756354113504 0.3218946819720061 37
1756354113866 0.2929573221051175 38
1756354114228 0.31244203448295593 39
1756354114588 0.3011198251143746 40
1756354114948 0.2943767795096273 41
1756354115503 0.3176651221254598 42
1756354115865 0.312061705019163 43
1756354116224 0.3244427643392397 44
1756354116584 0.30691253944583563 45
1756354116945 0.30289265319057135 46
1756354117486 0.34951103381488635 47
1756354117845 0.2880381410536559 48
1756354118205 0.2795790602331576 49
1756354118566 0.25710195562113886 50
1756354118925 0.2619454834772193 51
1756354119484 0.2716752284246942 52
1756354119845 0.23934402154839557 53
1756354120206 0.25672287526337995 54
1756354120567 0.26796107318090356 55
1756354120928 0.26373707405898883 56
1756354121471 0.2640556135903234 57
1756354121832 0.249170311767122 58
1756354122193 0.23332697477029718 59
1756354122556 0.2354775414518688 60
1756354122916 0.22441457471121912 61
1756354123453 0.23782199621200562 62
1756354123816 0.26384575341058814 63
1756354124176 0.26072087300860364 64
1756354124535 0.2707699310520421 65
1756354124893 0.2508463891951934 66
1756354125427 0.282404037921325 67
1756354125786 0.2362472466800524 68
1756354126145 0.22612049851728522 69
1756354126506 0.21378356995789902 70
1756354126868 0.22568876523038614 71
1756354127403 0.2281716640876687 72
1756354127763 0.22348840016385782 73
1756354128121 0.21464343563370084 74
1756354128481 0.21135407427082892 75
1756354128843 0.2124802722879078 76
1756354129375 0.21855122498843982 77
1756354129735 0.21521453300248022 78
1756354130095 0.196377940799879 79
1756354130457 0.2062781705804493 80
1756354130818 0.21035897213479746 81
1756354131349 0.20619470788084943 82
1756354131710 0.19815250712892282 83
1756354132069 0.2108020937961081 84
1756354132428 0.18068636824255405 85
1756354132788 0.18144663779631906 86
1756354133150 0.19124297538529272 87
1756354133681 0.19225408331207608 88
1756354134041 0.1832503073889276 89
1756354134403 0.19425537145656088 90
1756354134763 0.18072161596754324 91
1756354135124 0.18361480145350748 92
1756354135656 0.18090773535811383 93
1756354136018 0.17811363838289096 94
1756354136379 0.19416641022848047 95
1756354136744 0.186531953189684 96
1756354137109 0.17610487601031427 97
1756354137674 0.1801727919474892 98
1756354138035 0.17101245017155356 99
1756354138397 0.1679034226614496 100
1756354138759 0.17859785129194675 101
1756354139121 0.18456828788570737 102
1756354139673 0.17764762691829517 103
1756354140035 0.15997724688571432 104
1756354140397 0.17260897937028305 105
1756354140760 0.1825290468076001 106
1756354141124 0.17399327910464743 107
1756354383737 0.8841815720433774 1
1756354384364 0.8037745356559753 2
1756354384738 0.7820860017900881 3
1756354385112 0.7832899508268937 4
1756354385486 0.6940439602603083 5
1756354386022 0.6705210027487382 6
1756354386397 0.7004762162332949 7
1756354386769 0.5647028231102488 8
1756354387141 0.5918663092281508 9
1756354387677 0.5687516901804053 10
1756354388050 0.5885497901750647 11
1756354388422 0.5707071954789369 12
1756354388794 0.5076462548712025 13
1756354389328 0.5236203165157981 14
1756354389699 0.5196425642656244 15
1756354390074 0.4867246021395144 16
1756354390455 0.473838096079619 17
1756354390986 0.4349218995674797 18
1756354391366 0.44750633317491284 19
1756354391743 0.46384937607723736 20
1756354392116 0.4346115511396657 21
1756354392653 0.43676578480264416 22
1756354393027 0.41422533988952637 23
1756354393401 0.47039735576380853 24
1756354393774 0.4276994103970735 25
1756354394146 0.38176262896993884 26
1756354394681 0.37346849752509076 27
1756354395057 0.3681209268777267 28
1756354395431 0.36481628728949506 29
1756354395805 0.3624294529790464 30
1756354396336 0.4019594749678736 31
1756354396711 0.3747053237065025 32
1756354397085 0.36793436045232025 33
1756354397459 0.34343896482301794 34
1756354397992 0.36030847222908685 35
1756354398368 0.33715707193250244 36
1756354398743 0.334235210781512 37
1756354399115 0.320917296020881 38
1756354399648 0.3184361263461735 39
1756354400023 0.3584986121758171 40
1756354400399 0.37413288328958594 41
1756354400773 0.3306029037288997 42
1756354401306 0.3512938787107882 43
1756354401683 0.3352761113125345 44
1756354402061 0.3226886598960213 45
1756354402436 0.29087851099345996 46
1756354402971 0.29086229917795764 47
1756354403345 0.2867177374984907 48
1756354403719 0.3124707263448964 49
1756354404092 0.3095429137997005 50
1756354404628 0.3046191516129867 51
1756354405003 0.28975752190403314 52
1756354405378 0.29279542422812915 53
1756354405752 0.2817773747703303 54
1756354406288 0.2621471143287161 55
1756354406664 0.27608237188795337 56
1756354407039 0.27862582906432776 57
1756354407415 0.27905851991280267 58
1756354407951 0.27055718911730725 59
1756354408327 0.2725191997445148 60
1756354408701 0.2963255423566569 61
1756354409076 0.2836187760467115 62
1756354620852 0.9527501049249069 1
1756354621506 0.9235318691834159 2
1756354621895 0.8775483136591704 3
1756354622284 0.8529344615728959 4
1756354622675 0.7273135159326636 5
1756354623240 0.7219428990198218 6
1756354623633 0.6122963337794595 7
1756354624023 0.5601472064204838 8
1756354624412 0.6018240218577178 9
1756354624964 0.5477759760359059 10
1756354625353 0.5045413711796636 11
1756354625745 0.5386902067972266 12
1756354626137 0.5174761168334795 13
1756354626527 0.470065387694732 14
1756354627084 0.44371386325877643 15
1756354627474 0.5061409693697224 16
1756354627867 0.49883592776630237 17
1756354628257 0.46868527842604596 18
1756354628814 0.3996570473131926 19
1756354629203 0.4054571208746537 20
1756354629601 0.4511072907758796 21
1756354629994 0.4362604760605356 22
1756354630553 0.4131218583687492 23
1756354630943 0.4233384870964548 24
1756354631335 0.39307674247285596 25
1756354631729 0.39376664550408075 26
1756354632287 0.38357139929481177 27
1756354632678 0.37054776756659796 28
1756354633069 0.38450478859569714 29
1756354633459 0.38812474064205005 30
1756354634010 0.3992514934228814 31
1756354634400 0.4502914262854535 32
1756354634790 0.40175013568090356 33
1756354635177 0.3866939998191336 34
1756354635730 0.3918123141579006 35
1756354636121 0.3814457810443381 36
1756354636511 0.3840671920258066 37
1756354636902 0.3520107347032298 38
1756354637452 0.3564122993013133 39
1756354637842 0.36007223699403845 40
1756354638232 0.3422864325668501 41
1756354638621 0.33321120946303656 42
1756354639169 0.28954993123593536 43
1756354639558 0.3153152841588725 44
1756354639948 0.30453906305458234 45
1756354640338 0.3328808649726536 46
1756354640887 0.3095217463762864 47
1756354641278 0.2869418969620829 48
1756354641667 0.28915885997855145 49
1756354642057 0.2781039981738381 50
1756354642446 0.28381473279517627 51
1756354642995 0.2889500266831854 52
1756354643386 0.2681805951439816 53
1756354643776 0.27146074629348255 54
1756354644326 0.26228468314461084 55
1756354644717 0.2611974659173385 56
1756354645105 0.27600707437681116 57
1756354645495 0.25867814214333246 58
1756354645886 0.2861633132333341 59
1756354646432 0.2587652193463367 60
1756354646822 0.2715454652257588 61
1756354647212 0.2518919518460398 62
1756354647601 0.2629528414943944 63
1756354648149 0.24275395857251209 64
1756354648539 0.25345211961995 65
1756354648928 0.24723539792973062 66
1756354649317 0.24289584548577017 67
1756354649867 0.25177579470302747 68
1756354650259 0.2480615856854812 69
1756354650652 0.25208786648252735 70
1756354651202 0.23830850487170013 71
1756354651592 0.2498856705168019 72
1756354651982 0.24551818746587503 73
1756354652377 0.254980329586112 74
1756354652770 0.25903948817564093 75
1756354653320 0.24304460572159808 76
1756354653710 0.23648559464060742 77
1756354654100 0.2723905962446462 78
1756354654491 0.23517105436843375 79
1756354655045 0.23055836428766666 80
1756354655437 0.22788813191911447 81
1756354655826 0.21827556322450223 82
1756355024676 1.0551306579423987 1
1756355025085 1.052825178789056 2
1756355025487 0.9461662302846494 3
1756355025889 0.7284883830858313 4
1756355026289 0.6913315809291342 5
1756355026956 0.6208404302597046 6
1756355027360 0.6018678753272347 7
1756355027763 0.6281271382518436 8
1756355028164 0.5941601615885029 9
1756355028744 0.516055307958437 10
1756355029147 0.520305458618247 11
1756355029552 0.5154119911401168 12
1756355029953 0.5205957772939102 13
1756355030523 0.523126262685527 14
1756355030924 0.5249378694140393 15
1756355031326 0.4936209955941076 16
1756355031728 0.47343084993569745 17
1756355032298 0.4946533039860103 18
1756355032698 0.4696846163791159 19
1756355033100 0.48043328782786493 20
1756355033500 0.48875156951987225 21
1756355034065 0.48496747276057367 22
1756355034468 0.41710095690644305 23
1756355034868 0.44497717722602514 24
1756355035269 0.4429778197537298 25
1756355035838 0.39726649289545807 26
1756355036241 0.402076859836993 27
1756355036644 0.41250439700873004 28
1756355037047 0.38813531398773193 29
1756355037449 0.35982406916825665 30
1756355038017 0.3718606518662494 31
1756355038422 0.37635132670402527 32
1756355038827 0.41269679950631183 33
1756355039395 0.3701096358506576 34
1756355039799 0.38883036634196405 35
1756355040202 0.3618246213249538 36
1756355040605 0.3474411964416504 37
1756355041007 0.3610062819460164 38
1756355041574 0.35756563622018567 39
1756355041980 0.3285654148329859 40
1756355042384 0.3622397164935651 41
1756355042792 0.34564091589139856 42
1756355043363 0.3337690726570461 43
1756355043770 0.31912396718626435 44
1756355044175 0.33328116911908856 45
1756355044580 0.3651591915151347 46
1756355045175 0.3367116049579952 47
1756355045582 0.32925093109193054 48
1756355045987 0.3057238459587097 49
1756355046585 0.3339938365894815 50
1756355046989 0.31451570793338446 51
1756355047395 0.3036569201427957 52
1756355047801 0.2843180661616118 53
1756355048206 0.28539868800536444 54
1756355048796 0.2699155911155369 55
1756355049201 0.2784315464289292 56
1756355049607 0.29914865092090936 57
1756355050014 0.31691326265749725 58
1756355050594 0.32364779710769653 59
1756355050999 0.28438608607520227 60
1756355051402 0.27883903099142987 61
1756355051809 0.2839445465284845 62
1756355052389 0.27496240320413007 63
1756355052792 0.2860843591068102 64
1756355291390 0.9435249411541483 1
1756355291808 0.926241599995157 2
1756355292222 0.964187142641648 3
1756355292649 0.784961329854053 4
1756355293326 0.692090964835623 5
1756355293739 0.6446605039679486 6
1756355294151 0.5918976405392522 7
1756355294563 0.575200564187506 8
1756355295142 0.5792377798453622 9
1756355295562 0.592339654331622 10
1756355295976 0.5063906532266865 11
1756355296389 0.5052938552006431 12
1756355296969 0.4892904888028684 13
1756355297385 0.4771700307078984 14
1756355297798 0.517814620681431 15
1756355298216 0.5051124536472819 16
1756355298811 0.477225494125615 17
1756355299225 0.44365273739980615 18
1756355299638 0.4622550775175509 19
1756355300051 0.44530213397482166 20
1756355300641 0.4189133125802745 21
1756355301055 0.4296748275342195 22
1756355301468 0.4231312326762987 23
1756355301881 0.3923623522986536 24
1756355302466 0.38909079069676605 25
1756355302880 0.36505754875100177 26
1756355303294 0.414735065854114 27
1756355303707 0.37703335414762085 28
1756355304291 0.36042283540186676 29
1756355304706 0.358404780211656 30
1756355305118 0.3464722944342572 31
1756355305533 0.3411929296410602 32
1756355305948 0.33595714361771295 33
1756355306535 0.3310424193092015 34
1756355306949 0.35597573674243427 35
1756355307365 0.34371397287949274 36
1756355307779 0.31753178070420807 37
1756355308193 0.3902011837648309 38
1756355308780 0.3342701391033504 39
1756355309197 0.39466186450875324 40
1756355309613 0.38239889300387836 41
1756355310032 0.32698980880820233 42
1756355310635 0.3237622470959373 43
1756355311052 0.3050919071487758 44
1756355311468 0.3186468922573587 45
1756355311883 0.315604655638985 46
1756355312470 0.3263005419917729 47
1756355312886 0.3059406708116117 48
1756355313301 0.2922594087279361 49
1756355313891 0.3029447683821554 50
1756355314305 0.2937483832887981 51
1756355314729 0.28789053922114166 52
1756355315143 0.3127904974895975 53
1756355315737 0.29999163098957227 54
1756355316151 0.3119851933873218 55
1756355316569 0.33002358286277106 56
1756355316982 0.31815372277861054 57
1756355317584 0.27570998344732367 58
1756355318000 0.28309484668399976 59
1756355318418 0.252621173210766 60
1756355319018 0.26919421553611755 61
1756355319438 0.28979575957940973 62
1756355598557 0.9903711002805958 1
1756355599260 0.8695036457932513 2
1756355599690 0.7696923354397649 3
1756355600119 0.8136376738548279 4
1756355600548 0.72944510501364 5
1756355601158 0.6196234796358191 6
1756355601585 0.6543129267899886 7
1756355602012 0.6773660131122755 8
1756355602612 0.5738867547201074 9
1756355603041 0.5471465743106344 10
1756355603467 0.4882832830366881 11
1756355603896 0.5453288218249446 12
1756355604498 0.4849141926869102 13
1756355604925 0.4786033176857492 14
1756355605352 0.4585127299246581 15
1756355605954 0.4799807836180148 16
1756355606381 0.4599525837794594 17
1756355606809 0.4358238901780999 18
1756355607236 0.4089409203633018 19
1756355607832 0.40119492878084595 20
1756355608261 0.392220069532809 21
1756355608689 0.3737560756828474 22
1756355609279 0.37717555268951086 23
1756355609705 0.4015392881372701 24
1756355610132 0.3861941993236542 25
1756355610560 0.37940467570139014 26
1756355611154 0.3832147082556849 27
1756355611586 0.34639632831449096 28
1756355612014 0.40001653588336444 29
1756355612612 0.40274911989336426 30
1756355613041 0.3693389620469964 31
1756355613467 0.3468584172103716 32
1756355613894 0.37753117084503174 33
1756355614486 0.34161560496558313 34
1756355614914 0.323571238828742 35
1756355615340 0.34920670416044153 36
1756355615926 0.32741879380267597 37
1756355616354 0.326178670577381 38
1756355616779 0.3017220302768376 39
1756355617369 0.30227158056653064 40
1756355617797 0.3219259614529817 41
1756355618226 0.31648305576780567 42
1756355618654 0.34061003443987475 43
1756355619239 0.3531332456547281 44
1756355619665 0.3405528055584949 45
1756355620095 0.33682519845340564 46
1756355620679 0.3041039588658706 47
1756355621106 0.29726209264734516 48
1756355621534 0.30899273442185443 49
1756355621962 0.2883369592220887 50
1756355622558 0.28939030999722687 51
1756355622987 0.27163979605488153 52
1756355623416 0.2599574495916781 53
1756355624009 0.26545204870078876 54
1756355624437 0.29027692390524823 55
1756355624867 0.2754925223796264 56
1756355625292 0.2599862490011298 57
1756355625881 0.28311985795912537 58
1756355626312 0.27611519137154455 59
1756355626741 0.23846956893153812 60
1756355627327 0.2548039782306422 61
1756355627757 0.24993007662503616 62
1756355628186 0.26575596500997956 63
1756355628614 0.28520969787369604 64
1756355629203 0.24142701988634857 65
1756355629632 0.22790574120438617 66
1756355630059 0.251638377490251 67
1756355630646 0.2601448083701341 68
1756355631079 0.23550910340703052 69
1756355631509 0.2184931895007258 70
1756355631936 0.21777805038120435 71
1756355632525 0.2459347183289735 72
1756355632960 0.2634238821008931 73
1756355633389 0.23031599819660187 74
1756355633986 0.20823348410751508 75
1756355634418 0.2240232281062914 76
1756355634847 0.2073935224958088 77
1756355635437 0.22207888118598773 78
1756355635868 0.22569711052853128 79
1756355636299 0.2090823073749957 80
1756355636727 0.20966681060583695 81
1756355637319 0.211124489488809 82
1756355637749 0.21139758371788522 83
1756355638178 0.19492454114167587 84
1756355638789 0.22225370420062024 85
1756355639219 0.2117792607649513 86
1756355639647 0.20893931712793268 87
1756355640078 0.19031227995520053 88
1756355640679 0.19455958902835846 89
1756355641109 0.19775561340477155 90
1756355641539 0.18947348128194394 91
1756355642136 0.20045652272908585 92
1756355642565 0.1942972579728002 93
1756355642993 0.19303044352842413 94
1756355863367 1.0036646827407505 1
1756355863809 0.9555672614470773 2
1756355864247 0.8186181602270707 3
1756355864952 0.7301414505295132 4
1756355865393 0.6921548713808474 5
1756355865836 0.6154564774554708 6
1756355866456 0.6205375479615253 7
1756355866896 0.6058676476063936 8
1756355867513 0.5849845292775527 9
1756355867955 0.5171347104984781 10
1756355868397 0.47837622787641443 11
1756355869013 0.5385570850061334 12
1756355869453 0.5171127850594728 13
1756355869892 0.5205140813537266 14
1756355870511 0.4481800431790559 15
1756355870952 0.438427764436473 16
1756355871391 0.44278180599212646 17
1756355872008 0.39875190802242444 18
1756355872447 0.41439294944638794 19
1756355872889 0.3833208693110425 20
1756355873508 0.35887991863748303 21
1756355873955 0.3732626593631247 22
1756355874396 0.42014565934305603 23
1756355875026 0.36622345447540283 24
1756355875466 0.3665250669354978 25
1756355875903 0.35755115488301153 26
1756355876533 0.3667566024738809 27
1756355876974 0.3684391120205755 28
1756355877414 0.34829544373180554 29
1756355878034 0.34430620203847473 30
1756355878474 0.36105259086774744 31
1756355878914 0.35574875188910443 32
1756355879534 0.32462653258572455 33
1756355879975 0.3144220126711804 34
1756355880600 0.3123551736707273 35
1756355881039 0.2996315658092499 36
1756355881479 0.30921197909375897 37
1756355882102 0.3092203677996345 38
1756355882543 0.3125502693912257 39
1756355882983 0.28842070763525757 40
1756355883601 0.3071432262659073 41
1756355884041 0.2800274264553319 42
1756355884482 0.32305114295171655 43
1756355885100 0.3203725698201553 44
1756355885541 0.3035714192234952 45
1756355885982 0.28516588781190955 46
1756355886589 0.26537590700647107 47
1756355887036 0.2684057082818902 48
1756355887478 0.28969288066677423 49
1756355888105 0.2512764846501143 50
1756355888550 0.2547472702420276 51
1756355888992 0.26537339713262476 52
1756355889614 0.25274393480757007 53
1756355890056 0.2877759240243746 54
1756355890500 0.2548209629628969 55
1756355891119 0.2691805097072021 56
1756355891561 0.28373279584490735 57
1756355892177 0.30026127981102985 58
1756355892619 0.2670203272415244 59
1756355893062 0.2417756332003552 60
1756355893675 0.22772973387137704 61
1756355894120 0.23936248732649762 62
1756355894563 0.23347386264282724 63
1756355895184 0.2665631239828856 64
1756355895624 0.24402000657890155 65
1756355896065 0.2904574411070865 66
1756355896688 0.2584582664396452 67
1756355897130 0.23589241893395133 68
1756355897569 0.2138749652582666 69
1756355898185 0.2228032506030539 70
1756355898626 0.21394723977731622 71
1756355899067 0.2194042743548103 72
1756355899678 0.20909036372018897 73
1756355900122 0.21486699127632639 74
1756355900567 0.21305669908938202 75
1756355901187 0.20569952739321667 76
1756355901629 0.2078736398531043 77
1756355902072 0.22028607000475345 78
1756355902682 0.21993252246276193 79
1756355903125 0.206448952788892 80
1756355903733 0.21396562457084656 81
1756355904175 0.20063576037469116 82
1756355904616 0.20867727049019025 83
1756355905222 0.2283547060645145 84
1756355905665 0.22267402255016824 85
1756355906106 0.18446482717990875 86
1756355906709 0.18759534605171369 87
1756355907149 0.18267981902412747 88
1756355907588 0.193813549435657 89
1756355908189 0.17801731954450192 90
1756355908628 0.18100698486618375 91
1756355909069 0.19220942388410153 92
1756355909668 0.203074816128482 93
1756356205719 0.9843771405841993 1
1756356206172 0.9124594771343729 2
1756356206884 0.8416700518649557 3
1756356207336 0.814970516640207 4
1756356207788 0.67118842964587 5
1756356208416 0.6362098585004392 6
1756356208869 0.6026406573212665 7
1756356209322 0.5656868685846743 8
1756356209975 0.5622599021248196 9
1756356210427 0.5340394636859065 10
1756356210882 0.5326915176018424 11
1756356211517 0.46963790706966235 12
1756356211973 0.4768635902715766 13
1756356212618 0.49152618646621704 14
1756356213074 0.531655938728996 15
1756356213528 0.4656095439973085 16
1756356214198 0.43563177663346997 17
1756356214652 0.42716650470443396 18
1756356215105 0.42351349799529364 19
1756356215743 0.4047793305438498 20
1756356216196 0.3967452191788217 21
1756356216651 0.3763948186584141 22
1756356217298 0.3754442450792893 23
1756356217758 0.38499606951423315 24
1756356218215 0.3730219589627307 25
1756356218869 0.33674009338669153 26
1756356219322 0.32639489225719287 27
1756356219778 0.3125674666269966 28
1756356220422 0.31479309304900793 29
1756356220876 0.3086580983970476 30
1756356221538 0.31348023660804913 31
1756356221994 0.35031516266905743 32
1756356222448 0.31653321048487787 33
1756356223102 0.37552596823028894 34
1756356223555 0.39061687951502594 35
1756356224006 0.3411563557127248 36
1756356224658 0.3157851475736369 37
1756356225110 0.3001098334789276 38
1756356225567 0.3217399923697762 39
1756356226211 0.31779873824637866 40
1756356226668 0.30171623955602234 41
1756356227125 0.31112452240093896 42
1756356227785 0.30983099730118463 43
1756356228242 0.2874830144902934 44
1756356228912 0.29711621416651685 45
1756356229367 0.28101214118625806 46
1756356229821 0.28625561620878137 47
1756356230275 0.29472587613955786 48
1756356230915 0.26828597032505536 49
1756356231369 0.2903798086487729 50
1756356231997 0.33277437933113263 51
1756356232452 0.3010802554047626 52
1756356232906 0.2604731392601262 53
1756356233562 0.28502600283726404 54
1756356234016 0.2589919495841731 55
1756356234468 0.25772512023863586 56
1756356235108 0.23302660105021103 57
1756356235562 0.26314048793004907 58
1756356236012 0.2663404766632163 59
1756356236648 0.27527181545029517 60
1756356237104 0.24068613220816074 61
1756356237559 0.228575789410135 62
1756356238193 0.23439253931460174 63
1756356238650 0.22450262308120728 64
1756356239104 0.23437143732672153 65
1756356239732 0.24096516746541727 66
1756356240186 0.2601094058026438 67
1756356240817 0.2285540952630665 68
1756356241272 0.2053648142710976 69
1756356241727 0.21139207482337952 70
1756356242182 0.20918449889058652 71
1756356242812 0.21839802874171216 72
1756356564403 0.9855869904808376 1
1756356564873 0.8427735333857329 2
1756356565598 0.8483307257942532 3
1756356566066 0.7492246938788373 4
1756356566535 0.6639669200648433 5
1756356567172 0.6026975642079893 6
1756356567641 0.6371234681295312 7
1756356568278 0.6084117034207219 8
1756356568747 0.5850446418575619 9
1756356569212 0.5629603435163912 10
1756356569849 0.5340464685274207 11
1756356570318 0.5494282219720923 12
1756356570784 0.5111247197441433 13
1756356571421 0.4802592889122341 14
1756356571885 0.45578281127888226 15
1756356572352 0.4144413147283637 16
1756356572990 0.4126124978065491 17
1756356573457 0.39720042503398395 18
1756356573924 0.4478912651538849 19
1756356574559 0.4177274185678233 20
1756356575025 0.3981437968171161 21
1756356575491 0.4424724708432737 22
1756356576128 0.38076574906058935 23
1756356576594 0.3510834535826807 24
1756356577061 0.37576252999513043 25
1756356577698 0.36976622628129047 26
1756356578165 0.36017820757368335 27
1756356578631 0.3685084322224493 28
1756356579269 0.3485888722150222 29
1756356579736 0.3424028339593307 30
1756356580203 0.3492198890965918 31
1756356580842 0.34175655180993286 32
1756356581310 0.33133520963399304 33
1756356581948 0.3491949153983075 34
1756356582419 0.35366614098134247 35
1756356582884 0.3128402693116147 36
1756356583547 0.30405383719050366 37
1756356584012 0.2971016745204511 38
1756356584479 0.2941771661457808 39
1756356585147 0.30512417528940283 40
1756356585616 0.3070096561442251 41
1756356586085 0.2800355987704318 42
1756356586754 0.2803583326547042 43
1756356587224 0.3042424288780793 44
1756356587692 0.30531992666099383 45
1756356588386 0.28795601168404455 46
1756356588852 0.27270230391751166 47
1756356589321 0.29069572946299677 48
1756356589988 0.2809905144183532 49
1756356590454 0.2687608547832655 50
1756356590927 0.2744383630545243 51
1756356591593 0.25914937257766724 52
1756356592062 0.28771050663098047 53
1756356592530 0.28410231743169867 54
1756356593193 0.28550611177216406 55
1756356593660 0.2599347039409306 56
1756356594129 0.25172923699669214 57
1756356594783 0.24311737262684366 58
1756356595251 0.2612431703702263 59
1756356595955 0.2668024269135102 60
1756356596424 0.25276124023872876 61
1756356596892 0.24296559393405914 62
1756356597540 0.23644509263660596 63
1756356598009 0.23969075018944946 64
1756356598478 0.25723828828853107 65
1756356599119 0.24434092835239743 66
1756356599586 0.23847610017527704 67
1756356600053 0.22048816408800043 68
1756356600693 0.2276976166859917 69
1756356601162 0.21511733208013617 70
1756356601628 0.22381429115067358 71
1756356602260 0.21239534409149832 72
1756356602726 0.21685019718564075 73
1756356603195 0.2150319367647171 74
1756356603823 0.19971554240454797 75
1756356604292 0.23273165847944177 76
1756356604760 0.20112089035303696 77
1756356605389 0.22685327413289444 78
1756356605855 0.22794039871381677 79
1756356606322 0.21666129710881607 80
1756356606950 0.21039582076280014 81
1756356607418 0.21827843914861264 82
1756356608042 0.2105001846085424 83
1756356608508 0.22878798518491827 84
1756356608975 0.21277030071486597 85
1756356609604 0.20339539452739383 86
1756357014593 0.9694663752680239 1
1756357015086 0.9160067179928655 2
1756357015820 0.858231492664503 3
1756357016307 0.7316301154053729 4
1756357016794 0.6831290307252303 5
1756357017438 0.6786215085050334 6
1756357017921 0.658186031424481 7
1756357018565 0.6412047070005665 8
1756357019051 0.587996437497761 9
1756357019536 0.5719422983086627 10
1756357020178 0.6046977587368177 11
1756357020664 0.5220755299796229 12
1756357021150 0.49640669770862744 13
1756357021790 0.45606347011483234 14
1756357022276 0.46157887966736505 15
1756357022920 0.4858428602633269 16
1756357023404 0.4587684390337571 17
1756357023889 0.43662793480831646 18
1756357024528 0.41557628434637317 19
1756357025015 0.4384649279324905 20
1756357025658 0.43297919631004333 21
1756357026140 0.42606396260468854 22
1756357026624 0.420602666295093 23
1756357027265 0.40194914651953656 24
1756357027755 0.4131829518338908 25
1756357028241 0.38980035807775415 26
1756357028914 0.4111945046030957 27
1756357029399 0.37982366136882617 28
1756357029886 0.3582158412622369 29
1756357030543 0.3499821683634882 30
1756357031030 0.3831870620665343 31
1756357031687 0.38933633332667145 32
1756357032173 0.3860009986421336 33
1756357032658 0.37630893873131793 34
1756357033310 0.39595262511916784 35
1756357033798 0.364397807613663 36
1756357034286 0.35300358352453814 37
1756357034935 0.3269790100014728 38
1756357035421 0.2966327842163003 39
1756357036072 0.2965058677870294 40
1756357036560 0.2838703426329986 41
1756357037044 0.2929785685694736 42
1756357037698 0.2870343308085981 43
1756357038185 0.28130411842594977 44
1756357038836 0.30626450608605926 45
1756357039324 0.33732753344204114 46
1756357039811 0.29936243010603864 47
1756357040459 0.2828484676454378 48
1756357040946 0.2970126044491063 49
1756357041433 0.3060468098391657 50
1756357042081 0.27759757054888684 51
1756357042569 0.28081077337265015 52
1756357043215 0.28482549929100537 53
1756357043699 0.29705310321372486 54
1756357044187 0.26744438383890234 55
1756357044832 0.2861324347879576 56
1756357045320 0.27087275100790936 57
1756357045808 0.2901173454263936 58
1756357046452 0.3446882263473842 59
1756357046942 0.34770953784818237 60
1756357047429 0.2855276653300161 61
1756357048094 0.27683096994524414 62
1756357048581 0.2790166975363441 63
1756357049238 0.30104480942954187 64
1756357049725 0.265134378619816 65
1756357050209 0.2574995775585589 66
1756357050864 0.24847977187322534 67
1756357051351 0.26460252443085547 68
1756357051838 0.2811808599078137 69
1756357052492 0.25349693129891937 70
1756357052979 0.23855387646219003 71
1756357053631 0.2452326131903607 72
1756357054118 0.2603529173394908 73
1756357054606 0.2707638390686201 74
1756357055258 0.2417336184045543 75
1756357055744 0.23934312747872394 76
1756357056393 0.2304388939038567 77
1756357056883 0.24047645472961923 78
1756357057371 0.23541656719601672 79
1756357058016 0.23211008504680966 80
1756357058505 0.22846402551816858 81
1756357058995 0.2395834365616674 82
1756357059643 0.21420313482699188 83
1756357060134 0.2077893686035405 84
1756357060781 0.20470943528672922 85
1756357061269 0.21063276930995609 86
1756357061756 0.20472858263098676 87
1756357062399 0.22424890165743622 88
1756357062884 0.19849060151887976 89
1756357063375 0.21035517233869303 90
1756357064021 0.22560432423716006 91
1756357064509 0.22866212738596875 92
1756357064996 0.19902336079141367 93
1756357065642 0.19873516520728235 94
1756357066130 0.18936609444410904 95
1756357370492 0.9363415681797526 1
1756357371238 0.9329775234927302 2
1756357371736 0.7784737374471582 3
1756357372391 0.6558416744937068 4
1756357372889 0.6772928030594535 5
1756357373388 0.6210045322127964 6
1756357374039 0.6616223558135654 7
1756357374537 0.6654839399068252 8
1756357375193 0.6220329624155293 9
1756357375690 0.5926432363365007 10
1756357376344 0.5385092885597892 11
1756357376843 0.5357121941835984 12
1756357377341 0.48310351501340454 13
1756357377996 0.48544763222984644 14
1756357378496 0.4807591956594716 15
1756357379150 0.5008241780426191 16
1756357379650 0.47707817088002746 17
1756357380299 0.4345784848151 18
1756357380797 0.460643135983011 19
1756357381296 0.44240662973860034 20
1756357381963 0.47109101518340735 21
1756357382475 0.41659560281297436 22
1756357383169 0.39003917834033136 23
1756357383671 0.42447829246520996 24
1756357384180 0.41102209039356397 25
1756357384874 0.3572913252789041 26
1756357385377 0.3790824478087218 27
1756357386074 0.3737048143925874 28
1756357386576 0.3782470887121947 29
1756357387252 0.3432603180408478 30
1756357387752 0.3398111812446428 31
1756357388259 0.3743116557598114 32
1756357388929 0.3997509362904922 33
1756357389429 0.4319108089675074 34
1756357390096 0.37671217451924865 35
1756357390597 0.4389971585377403 36
