1756349483654 0.0006771277250172403 1
1756349483677 0.0013542554500344806 2
1756349483699 0.002031383175051721 3
1756349483720 0.002708510900068961 4
1756349483742 0.0033856386250862014 5
1756349483764 0.0033856386250862014 6
1756349483785 0.00338524143439019 7
1756349483807 0.0033840500487450423 8
1756349483828 0.003382065027391902 9
1756349483850 0.0033792873021076587 10
1756349483872 0.003375718176767569 11
1756349483893 0.0033713593267332125 12
1756349483915 0.0033662127980660693 13
1756349483937 0.003360281006567091 14
1756349483959 0.0033535667366427157 15
1756349483981 0.0033460731399978555 16
1756349484003 0.003337803734156472 17
1756349484024 0.003328762400810439 18
1756349484046 0.00331895338399746 19
1756349484068 0.0033083812881089017 20
1756349484090 0.0032970510757284704 21
1756349484112 0.00328496806530276 22
1756349484134 0.0032721379286447493 23
1756349484156 0.003258566688271433 24
1756349484179 0.003244260714576824 25
1756349484201 0.003229226722841671 26
1756349484223 0.003213471770081274 27
1756349484245 0.0031970032517328953 28
1756349484267 0.0031798288981843142 29
1756349484289 0.0031619567711451482 30
1756349484311 0.0031433952598626577 31
1756349484334 0.0031241530771837986 32
1756349484356 0.003104239255465377 33
1756349484379 0.0030836631423342277 34
1756349484401 0.0030624343962993975 35
1756349484424 0.0030405629822184053 36
1756349484446 0.003018059166619698 37
1756349484469 0.0029949335128835013 38
1756349484491 0.0029711968762833264 39
1756349484513 0.0029468603988904623 40
1756349484536 0.0029219355043438437 41
1756349484561 0.002896433892487749 42
1756349484584 0.002870367533879847 43
1756349484606 0.0028437486641721696 44
1756349484629 0.00281658977836765 45
1756349484652 0.002788903624954915 46
1756349484675 0.0027607031999240996 47
1756349484698 0.0027320017406664704 48
1756349484721 0.002702812719760749 49
1756349484744 0.0026731498386490253 50
1756349484767 0.002643027021205248 51
1756349484790 0.0026124584071993023 52
1756349484813 0.0025814583456597482 53
1756349484836 0.0025500413881383256 54
1756349572896 0.000518311125775726 1
1756349572933 0.001036622251551452 2
1756349572967 0.0015549333773271783 3
1756349573001 0.002073244503102904 4
1756349573035 0.0025915556288786303 5
1756349573068 0.0025915556288786303 6
1756349573102 0.002591251624608968 7
1756349573136 0.002590339754500789 8
1756349573169 0.0025888204465895374 9
1756349573203 0.002586694414044367 10
1756349573237 0.0025839626548333798 11
1756349573270 0.0025806264512551755 12
1756349573304 0.002576687369336936 13
1756349573338 0.002572147258099323 14
1756349573372 0.002567008248688545 15
1756349573406 0.0025612727533759856 16
1756349573440 0.002554943464425874 17
1756349573474 0.0025480233528315274 18
1756349573507 0.0025405156669207514 19
1756349573541 0.002532423930831067 20
1756349573575 0.0025237519428554615 21
1756349573609 0.002514503773659459 22
1756349573643 0.0025046837643703302 23
1756349573677 0.002494296524539353 24
1756349573711 0.002483346929978068 25
1756349573745 0.0024718401204695565 26
1756349573779 0.0024597814973558044 27
1756349573813 0.0024471767210022884 28
1756349573848 0.002434031708140983 29
1756349573882 0.0024203526290930196 30
1756349573916 0.0024061459048723135 31
1756349573950 0.002391418204171516 32
1756349573984 0.002376176440231701 33
1756349574019 0.002360427767597267 34
1756349574053 0.002344179578757561 35
1756349574087 0.0023274395006768157 36
1756349574121 0.002310215391214024 37
1756349574156 0.0022925153354344274 38
1756349574190 0.0022743476418143546 39
1756349574225 0.0022557208383411904 40
1756349574259 0.0022366436685103035 41
1756349574294 0.002217125087220816 42
1756349574329 0.0021971742565721378 43
1756349574364 0.0021768005415632413 44
1756349574399 0.0021560135056966933 45
1756349574433 0.002134822906489509 46
1756349574468 0.0021132386908929357 47
1756349574503 0.002091270990623313 48
1756349574538 0.002068930117406207 49
1756349574573 0.0020462265581360417 50
1756349574608 0.002023170969953515 51
1756349574643 0.0019997741752430893 52
1756349574678 0.0019760471565529237 53
1756349574713 0.0019520010514396222 54
1756349574748 0.0019276471472402213 55
1756349574782 0.0019029968757738667 56
1756349574817 0.0018780618079756752 57
1756349574853 0.0018528536484652886 58
1756349574888 0.0018273842300526829 59
1756349574923 0.0018016655081837965 60
1756349574958 0.0017757095553285992 61
1756349574995 0.0017495285553142251 62
1756349575031 0.0017231347976058371 63
1756349575066 0.001696540671537903 64
1756349575101 0.0016697586604985928 65
1756349575137 0.0016428013360700257 66
1756349575172 0.0016156813521271212 67
1756349575208 0.0015884114388978196 68
1756349682175 0.000739631264756316 1
1756349682224 0.001479262529512632 2
1756349682271 0.002218893794268948 3
1756349682317 0.002958525059025264 4
1756349682364 0.00369815632378158 5
1756349682411 0.00369815632378158 6
1756349682458 0.003697722458823997 7
1756349682504 0.003696421067609179 8
1756349682551 0.0036942527610153205 9
1756349682598 0.003691218556854128 10
1756349682644 0.003687319879393061 11
1756349682691 0.0036825585586867694 12
1756349682738 0.0036769368297180625 13
1756349682785 0.0036704573313487963 14
1756349682832 0.0036631231050811845 15
1756349682879 0.003654937593630104 16
1756349682926 0.0036459046393070675 17
1756349682973 0.003636028482216633 18
1756349683020 0.003625313758266078 19
1756349683067 0.0036137654969892884 20
1756349683114 0.003601389119185873 21
1756349683161 0.003588190434376621 22
1756349683209 0.0035741756380764877 23
1756349683256 0.003559351308886399 24
1756349683303 0.003543724405405225 25
1756349683351 0.00352730226296339 26
1756349683398 0.003510092590179638 27
1756349683446 0.003492103465342575 28
1756349683494 0.0034733433326186924 29
1756349683541 0.0034538209980886367 30
1756349683589 0.003433545625613605 31
1756349683636 0.0034125267325337883 32
1756349683684 0.0033907741852008963 33
1756349683732 0.0033682981943468546 34
1756349683779 0.003345109310290842 35
1756349683827 0.0033212184179869327 36
1756349683875 0.003296636731914655 37
1756349683922 0.0032713757908148693 38
1756349683970 0.003245447452273437 39
1756349684018 0.003218863887155225 40
1756349684066 0.0031916375738910508 41
1756349684114 0.00316378129262026 42
1756349684162 0.003135308119191676 43
1756349684210 0.003106231419025746 44
1756349684258 0.0030765648408407602 45
1756349684306 0.0030463223102460885 46
1756349684354 0.0030155180232054437 47
1756349684402 0.0029841664393732404 48
1756349684450 0.002952282275307178 49
1756349684498 0.0029198804975602267 50
1756349684545 0.0028869763156552696 51
1756349684593 0.0028535851749456934 52
1756349684641 0.0028197227493652784 53
1756349684689 0.002785404934070788 54
1756349684737 0.0027506478379807258 55
1756349684785 0.002715467776213739 56
1756349684833 0.0026798812624302414 57
1756349684881 0.0026439050010808327 58
1756349684929 0.0026075558795651656 59
1756349684977 0.0025708509603049323 60
1756349685026 0.0025338074727346968 61
1756349685074 0.0024964428052143286 62
1756349685123 0.002458774496866839 63
1756349685171 0.002420820229345447 64
1756349685220 0.002382597818533742 65
1756349685268 0.0023441252061828345 66
1756349685317 0.0023054204514894303 67
1756349685365 0.0022665017226187714 68
1756349685414 0.002227387288176426 69
1756349685462 0.002188095508632932 70
1756349685511 0.002148644827705322 71
1756349685559 0.0021090537636995685 72
1756349685607 0.0020693409008180155 73
1756349685656 0.002029524880435884 74
1756349685704 0.0019896243923509323 75
1756349685753 0.0019496581660103946 76
1756349685801 0.0019096449617193034 77
1756349685850 0.0018696035618343257 78
1756349685898 0.0018295527619472541 79
1756349685947 0.0017895113620622766 80
1756349685995 0.0017494981577711852 81
1756349686044 0.001709531931430648 82
1756349686092 0.0016696314433456965 83
1756349686141 0.0016298154229635645 84
1756349686190 0.0015901025600820115 85
1756349686239 0.0015505114960762578 86
1756349686288 0.001511060815148648 87
1756349686337 0.0014717690356051546 88
1756349844110 0.0008879532820172418 1
1756349844179 0.0017759065640344837 2
1756349844244 0.0026638598460517254 3
1756349844310 0.0035518131280689673 4
1756349844375 0.004439766410086209 5
1756349844440 0.004439766410086209 6
1756349844505 0.0044392455164502425 7
1756349844570 0.00443768308005188 8
1756349844635 0.004435079834304957 9
1756349844700 0.004431437001183347 10
1756349844765 0.004426756290647352 11
1756349844831 0.004421039899841048 12
1756349844896 0.004414290512060933 13
1756349844961 0.004406511295496379 14
1756349845027 0.0043977059017424715 15
1756349845092 0.004387878464085935 16
1756349845158 0.0043770335955649504 17
1756349845223 0.004365176386803781 18
1756349845288 0.00435231240362321 19
1756349845354 0.004338447684427923 20
1756349845419 0.004323588737372055 21
1756349845485 0.004307742537304241 22
1756349845550 0.004290916522493593 23
1756349845615 0.004273118591138145 24
1756349845681 0.004254357097657408 25
1756349845746 0.004234640848770775 26
1756349845812 0.004213979099363608 27
1756349845878 0.0041923815481429635 28
1756349845943 0.0041698583330849765 29
1756349846009 0.004146420026676054 30
1756349846075 0.0041220776309501125 31
1756349846140 0.004096842572324176 32
1756349846206 0.004070726696234768 33
1756349846279 0.004043742261577625 34
1756349846345 0.004015901934953315 35
1756349846411 0.003987218784721487 36
1756349846477 0.003957706274866533 37
1756349846544 0.003927378258677537 38
1756349846609 0.0038962489722454896 39
1756349846675 0.003864333027780808 40
1756349846741 0.003831645406754308 41
1756349846808 0.003798201452864842 42
1756349846874 0.003764016864836904 43
1756349846940 0.00372910768905159 44
1756349847006 0.003693490312014359 45
1756349847071 0.0036571814526631455 46
1756349847138 0.0036201981545204223 47
1756349847204 0.003582557777692903 48
1756349847271 0.003544277990722641 49
1756349847337 0.003505376762293344 50
1756349847402 0.0034658723527958035 51
1756349847469 0.003425783305756394 52
1756349847535 0.003385128439132672 53
1756349847602 0.0033439268364801452 54
1756349847669 0.0033021978379943833 55
1756349847735 0.003259961031432648 56
1756349847802 0.003217236242919326 57
1756349847868 0.003174043527639464 58
1756349847935 0.0031304031604247893 59
1756349848003 0.0030863356262366207 60
1756349848070 0.0030418616105501468 61
1756349848137 0.002997001989644583 62
1756349848203 0.002951777820803762 63
1756349848270 0.0029062103324317625 64
1756349848336 0.002860320914088213 65
1756349848403 0.002814131106447944 66
1756349848470 0.0027676625911897137 67
1756349848536 0.0027209371808187403 68
1756349848603 0.0026739768084278266 69
1756349848670 0.0026268035174018783 70
1756349848737 0.002579439451070653 71
1756349848804 0.0025319068423145896 72
1756349848870 0.0024842280031286135 73
1756349848937 0.0024364253141487915 74
1756349849004 0.002388521214146773 75
1756349849071 0.0023405381894969443 76
1756349849138 0.0022924987636212357 77
1756349849205 0.0022444254864165338 78
1756349849272 0.0021963409236696757 79
1756349849339 0.002148267646464974 80
1756349849405 0.002100228220589265 81
1756349849473 0.002052245195939437 82
1756349849540 0.002004341095937419 83
1756349849607 0.001956538406957596 84
1756349849674 0.0019088595677716196 85
1756349849743 0.001861326959015557 86
1756349849811 0.0018139628926843309 87
1756349849878 0.0017667896016583832 88
1756349849946 0.0017198292292674694 89
1756349850013 0.0016731038188964962 90
1756349850080 0.0016266353036382662 91
1756349850148 0.0015804454959979966 92
1756349850215 0.0015345560776544467 93
1756349850282 0.0014889885892824476 94
1756349850350 0.0014437644204416268 95
1756349850417 0.0013989047995360627 96
1756349948702 0.0010883831829749213 1
1756349948782 0.0021767663659498426 2
1756349948859 0.003265149548924764 3
1756349948936 0.004353532731899685 4
1756349949013 0.005441915914874606 5
1756349949090 0.005441915914874606 6
1756349949167 0.005441277418001365 7
1756349949244 0.005439362227094604 8
1756349949321 0.005436171241152525 9
1756349949398 0.005431705958036575 10
1756349949475 0.0054259684737683455 11
1756349949551 0.005418961481545689 12
1756349949628 0.0054106882704785236 13
1756349949706 0.005401152724044911 14
1756349949783 0.005390359318268137 15
1756349949860 0.005378313119615649 16
1756349949937 0.005365019782620833 17
1756349950014 0.0053504855472287565 18
1756349950091 0.0053347172358671115 19
1756349950168 0.005317722250243743 20
1756349950245 0.005299508567872252 21
1756349950322 0.005280084738327328 22
1756349950399 0.005259459879231533 23
1756349950476 0.005237643671975468 24
1756349950553 0.0052146463571732735 25
1756349950630 0.005190478729855658 26
1756349950709 0.005165152134402662 27
1756349950786 0.005138678459218561 28
1756349950863 0.005111070131151401 29
1756349950941 0.005082340109659791 30
1756349951018 0.005052501880729678 31
1756349951095 0.00502156945054397 32
1756349951175 0.004989557338907983 33
1756349951252 0.004956480572433784 34
1756349951330 0.004922354677486638 35
1756349951407 0.004887195672896879 36
1756349951485 0.004851020062440595 37
1756349951562 0.004813844827092702 38
1756349951639 0.0047756874170559955 39
1756349951717 0.0047365657435699685 40
1756349951794 0.0046964981705031935 41
1756349951872 0.004655503505733259 42
1756349951950 0.004613600992318271 43
1756349952028 0.004570810299464085 44
1756349952106 0.004527151513291511 45
1756349952183 0.004482645127407798 46
1756349952261 0.004437312033286861 47
1756349952339 0.0043911735104627345 48
1756349952417 0.004344251216540883 49
1756349952494 0.0042965671770320265 50
1756349952573 0.004248143775013285 51
1756349952651 0.0041990037406214676 52
1756349952729 0.004149170140383464 53
1756349952807 0.004098666366388716 54
1756349952885 0.004047516125308886 55
1756349952964 0.003995743427269847 56
1756349953042 0.003943372574581234 57
1756349953120 0.003890428150328847 58
1756349953198 0.0038369350068352508 59
1756349953276 0.0037829182539939965 60
1756349953354 0.003728403247482938 61
1756349953433 0.0036734155768621754 62
1756349953511 0.003617981053562217 63
1756349953589 0.0035621256987679872 64
1756349953667 0.0035058757312043847 65
1756349953746 0.003449257554829103 66
1756349953825 0.0033922977464385124 67
1756349953903 0.0033350230431924053 68
1756349953981 0.0032774603300634673 69
1756349954315 0.0032196366272173632 70
1756349954394 0.0031615790773293667 71
1756349954473 0.0031033149328434785 72
1756349954552 0.0030448715431800233 73
1756349954631 0.002986276341897723 74
1756349954711 0.0029275568338162725 75
1756349954790 0.002868740582105473 76
1756349954869 0.002809855195346969 77
1756349954947 0.002750928314574669 78
1756349955027 0.0026919876002999376 79
1756349955105 0.0026330607195276376 80
1756349955184 0.0025741753327691336 81
1756349955263 0.002515359081058334 82
1756349955342 0.0024566395729768843 83
1756349955420 0.0023980443716945833 84
1756349955499 0.002339600982031128 85
1756349955579 0.00228133683754524 86
1756349955661 0.002223279287657243 87
1756349955740 0.0021654555848111398 88
1756349955819 0.002107892871682201 89
1756349955898 0.002050618168436094 90
1756349955976 0.001993658360045504 91
1756349956057 0.001937040183670222 92
1756349956136 0.0018807902161066192 93
1756349956215 0.0018249348613123895 94
1756350159699 0.000789443184962195 1
1756350159803 0.00157888636992439 2
1756350159904 0.0023683295548865848 3
1756350160004 0.00315777273984878 4
1756350160105 0.003947215924810975 5
1756350160206 0.003947215924810975 6
1756350160307 0.0039467528324624536 7
1756350160408 0.003945363772794273 8
1756350160509 0.003943049397836547 9
1756350160611 0.003939810793966052 10
1756350160712 0.00393564948139628 11
1756350160813 0.0039305674134638416 12
1756350160915 0.003924566975711566 13
1756350161016 0.003917650984768714 14
1756350161118 0.00390982268702884 15
1756350161220 0.0039010857571259313 16
1756350161322 0.0038914442962095057 17
1756350161423 0.0038809028300195274 18
1756350161526 0.0038694663067620027 19
1756350161628 0.003857140094786272 20
1756350161730 0.0038439299800650853 21
1756350161832 0.003829842163478645 22
1756350161934 0.0038148832579038873 23
1756350162036 0.0037990602851103723 24
1756350162138 0.0037823806724642355 25
1756350162241 0.0037648522494417545 26
1756350162342 0.0037464832439541625 27
1756350162444 0.003727282278485432 28
1756350162545 0.003707258366044848 29
1756350162646 0.0036864209059362654 30
1756350162748 0.003664779679346039 31
1756350162849 0.0036423448447516957 32
1756350162951 0.0036191269331535022 33
1756350163053 0.003595136843131178 34
1756350163154 0.0035703858357280516 35
1756350163256 0.003544885529165088 36
1756350163358 0.003518647893387246 37
1756350163460 0.0034916852444447405 38
1756350163562 0.0034640102387118385 39
1756350163663 0.0034356358669459085 40
1756350163764 0.0034065754481895057 41
1756350163866 0.003376842623518362 42
1756350163968 0.0033464513496382093 43
1756350164070 0.0033154158923334493 44
1756350164171 0.0032837508197707354 45
1756350164273 0.003251470995660618 46
1756350164375 0.0032185915722804607 47
1756350164477 0.003185127983361899 48
1756350164580 0.0031510959368461905 49
1756350164681 0.0031165114075108386 50
1756350164784 0.003081390629470973 51
1756350164886 0.0030457500885589903 52
1756350164988 0.0030096065145860398 53
1756350165091 0.0029729768734889817 54
1756350165193 0.002935878359366512 55
1756350165295 0.002898328386408182 56
1756350165398 0.002860344580720111 57
1756350165500 0.002821944772051218 58
1756350295119 0.0006173383074484143 1
1756350295235 0.0012346766148968286 2
1756350295350 0.001852014922345243 3
1756350295464 0.0024693532297936573 4
1756350295578 0.0030866915372420715 5
1756350295691 0.0030866915372420715 6
1756350295805 0.003086329428283003 7
1756350295918 0.0030852432713811767 8
1756350296032 0.0030834335763829483 9
1756350296146 0.0030809011927663207 10
1756350296259 0.0030776473092422 11
1756350296372 0.0030736734531964073 12
1756350296488 0.0030689814899727197 13
1756350296603 0.003063573621997268 14
1756350296717 0.0030574523877447113 15
1756350297080 0.0030506206605466673 16
1756350297196 0.0030430816472429567 17
1756350297310 0.0030348388866763016 18
1756350297425 0.003025896248031178 19
1756350297539 0.0030162579290176064 20
1756350297654 0.0030059284539007284 21
1756350297768 0.0029949126713771 22
1756350297883 0.002983215752298694 23
1756350297997 0.0029708431872456803 24
1756350298111 0.0029578007839491283 25
1756350298226 0.002944094664564833 26
1756350298341 0.0029297312627995504 27
1756350298455 0.002914717320890992 28
1756350298569 0.0028990598864429905 29
1756350298684 0.002882766309117327 30
1756350298799 0.0028658442371837702 31
1756350298913 0.0028483016139299482 32
1756350299029 0.0028301466739327377 33
1756350299143 0.002811387939192923 34
1756350299259 0.0027920342151349317 35
1756350299373 0.0027720945864735365 36
1756350299489 0.002751578412949452 37
1756350299604 0.0027304953249358372 38
1756350299719 0.002708855218917758 39
1756350299834 0.0026866682528467406 40
1756350299950 0.0026639448413725854 41
1756350300065 0.002640695650954693 42
1756350300181 0.002616931594855182 43
1756350300297 0.002592663828016163 44
1756350300412 0.002567903741823565 45
1756350300528 0.0025426629587599714 46
1756350300643 0.002516953326948983 47
1756350300759 0.0024907869145936582 48
1756350300874 0.0024641760043116563 49
1756350300990 0.0024371330873697236 50
1756350301105 0.002409670857820244 51
1756350301221 0.002381802206542602 52
1756350301336 0.002353540215192152 53
1756350301453 0.0023248981500596363 54
1756350301735 0.0022958894558439383 55
1756350301851 0.0022665277493410844 56
1756350301966 0.0022368268130524695 57
1756350302082 0.002206800588715292 58
1756350302197 0.0021764631707582513 59
1756350302312 0.0021458287996855645 60
1756350302428 0.0021149118553924185 61
1756350302543 0.0020837268504149886 62
1756350302658 0.002052288423118199 63
1756350302775 0.0020206113308244137 64
1756350423236 0.0009038511400050941 1
1756350423368 0.0018077022800101882 2
1756350423493 0.0027115534200152823 3
1756350423618 0.0036154045600203764 4
1756350423743 0.0045192557000254705 5
1756350423869 0.0045192557000254705 6
1756350423995 0.004518725478242575 7
1756350424120 0.004517135061782094 8
1756350424246 0.004514485197191817 9
1756350424371 0.004510777128328685 10
1756350424497 0.004506012595774917 11
1756350424622 0.004500193836020975 12
1756350424748 0.004493323580415748 13
1756350424874 0.004485405053884445 14
1756350425000 0.004476441973414799 15
1756350425126 0.004466438546312306 16
1756350425251 0.004455399468225291 17
1756350425377 0.004443329920940754 18
1756350425502 0.004430235569952026 19
1756350425628 0.0044161225617993525 20
1756350425754 0.00440099752118469 21
1756350425879 0.004384867547862045 22
1756350426004 0.004367740213304819 23
1756350426128 0.00434962355715173 24
1756350426253 0.004330526083432971 25
1756350426378 0.004310456756578391 26
1756350426503 0.00428942499720955 27
1756350427323 0.004267440677717646 28
1756350427449 0.004244514117629372 29
1756350427575 0.0042206560787628935 30
1756350427701 0.004195877760176205 31
1756350427826 0.004170190792910247 32
1756350427951 0.004143607234529252 33
1756350428077 0.0041161395634608765 34
1756350428203 0.0040878006731387756 35
1756350428328 0.004058603865950373 36
1756350428453 0.0040285628469926725 37
1756350428579 0.003997691717639026 38
1756350428704 0.0039660049689198935 39
1756350428830 0.003933517474720702 40
1756350428955 0.003900244484799976 41
1756350429081 0.0038662016176310467 42
1756350429208 0.003831404853070676 43
1756350429335 0.0037958705248580487 44
1756350429462 0.0037596153129476526 45
1756350429590 0.003722656235679638 46
1756350429716 0.003685010641791345 47
1756350429842 0.0036466962022737356 48
1756350429968 0.0036077309020765605 49
1756350430093 0.0035681330316661526 50
1756350430219 0.003527921178439811 51
1756350430349 0.0034871142180007996 52
1756350430477 0.0034457313052980694 53
1756350430602 0.003403791865634844 54
1756350430729 0.003361315585550309 55
1756350430855 0.00331832240357867 56
1756350430981 0.0032748325008899294 57
1756350431107 0.0032308662918167598 58
1756350431233 0.0031864444142719398 59
1756350431359 0.003141587720060835 60
1756350431485 0.003096317265093476 61
1756350431611 0.0030506542995008333 62
1756350431738 0.003004620257659919 63
1756350431864 0.002958236748132408 64
1756350431990 0.0029115255435214924 65
1756350432117 0.002864508570251734 66
1756350432243 0.0028172078982767147 67
1756350432370 0.0027696457307193148 68
1756350432496 0.0027218443934494754 69
1756350432621 0.0026738263246043497 70
1756350432748 0.002625614064055751 71
1756350432874 0.0025772302428298463 72
1756350433001 0.0025286975724840666 73
1756350433128 0.002480038834446209 74
1756350433531 0.002431276869320744 75
1756350433658 0.0023824345661673458 76
1756350433785 0.00233353485175668 77
1756350433911 0.0022846006798084807 78
1756350434038 0.00223565502021699 79
1756350434164 0.002186720848268791 80
1756350434291 0.0021378211338581254 81
1756350434417 0.0020889788307047277 82
1756350434542 0.0020402168655792624 83
1756350434668 0.0019915581275414046 84
1756350434794 0.0019430254571956244 85
1756350434921 0.00189464163596972 86
1756350435048 0.0018464293754211207 87
1756350592721 0.0006733566495955247 1
1756350592866 0.0013467132991910494 2
1756350593006 0.002020069948786574 3
1756350593146 0.0026934265983820987 4
1756350593287 0.0033667832479776236 5
1756350593427 0.003366783247977623 6
1756350593567 0.0033663882699787964 7
1756350593706 0.0033652035213865544 8
1756350594105 0.0033632295583265817 9
1756350594247 0.003360467307384961 10
1756350594387 0.0033569180651732314 11
1756350594528 0.003352583497719753 12
1756350594672 0.0033474656396876665 13
1756350594814 0.0033415668934198145 14
1756350594956 0.003334890027811071 15
1756350595096 0.003327438177008615 16
1756350595237 0.003319214838940744 17
1756350595378 0.003310223873674937 18
1756350595518 0.0033004695016059207 19
1756350595659 0.0032899563014746015 20
1756350595800 0.003278689208218785 21
1756350595940 0.003266673510656698 22
1756350596081 0.0032539148490043934 23
1756350596222 0.0032404192122282155 24
1756350596362 0.003226192935233549 25
1756350596503 0.003211242695891196 26
1756350596644 0.0031955755119027506 27
1756350596785 0.003179198737506467 28
1756350596927 0.003162120060025149 29
1756350597068 0.0031443474962576886 30
1756350597209 0.003125889388715953 31
1756350597350 0.0031067544017087715 32
1756350597491 0.0030869515172748776 33
1756350597632 0.0030664900309667043 34
1756350597772 0.003045379547487014 35
1756350597914 0.003023629976180414 36
1756350598056 0.0030012515263818694 37
1756350598198 0.0029782547026244027 38
1756350598496 0.0029546502997082223 39
1756350598637 0.0029304493976336026 40
1756350598779 0.0029056633563998855 41
1756350598920 0.0028803038106730546 42
1756350599061 0.0028543826643243745 43
1756350599203 0.0028279120848426677 44
1756350599344 0.002800904497622847 45
1756350599485 0.002773372580133385 46
1756350599627 0.002745329255965461 47
1756350599769 0.002716787688766576 48
1756350599910 0.0026877612760614843 49
1756350600052 0.0026582636429633424 50
1756350600194 0.002628308635778027 51
1756350600335 0.0025979103155046226 52
1756350600477 0.002567082951235136 53
1756350600619 0.002535841013456524 54
1756350600761 0.002504199167258194 55
1756350600903 0.0024721722654481486 56
1756350601045 0.0024397753415810208 57
1756350601187 0.002407023602901264 58
1756350601330 0.0023739324232048106 59
1756350601473 0.0023405173356225517 60
1756350601617 0.0023067940253290236 61
1756350601759 0.002272778322179724 62
1756350601902 0.002238486193280517 63
1756350602044 0.0022039337354926086 64
1756350602188 0.002169137167876617 65
1756350602331 0.002134112824079281 66
1756350602473 0.0020988771446663816 67
1756350602615 0.002063446669405475 68
1756350602918 0.0020278380295020615 69
1756350603061 0.001992067939792829 70
1756350603204 0.0019561531908996463 71
1756350603346 0.001920110641347974 72
1756350603491 0.0018839572096534098 73
1756350603634 0.001847709866380069 74
1756350603777 0.0018113856261745324 75
1756350603920 0.0017750015397791066 76
1756350753874 0.001057190024256256 1
1756350754031 0.002114380048512512 2
1756350754184 0.003171570072768768 3
1756350754338 0.004228760097025024 4
1756350754491 0.00528595012128128 5
1756350754645 0.00528595012128128 6
1756350754799 0.005285329927148441 7
1756350754953 0.00528346963587151 8
1756350755107 0.005280370120678582 9
1756350755264 0.005276032836494373 10
1756350755418 0.005270459819257269 11
1756350755572 0.005263653684963646 12
1756350755726 0.0052556176284399144 13
1756350755880 0.005246355421842854 14
1756350756035 0.0052358714128889474 15
1756350756188 0.005224170522813547 16
1756350756342 0.005211258244060824 17
1756350756746 0.005197140637705598 18
1756350756901 0.005181824330608239 19
1756350757057 0.005165316512304 20
1756350757212 0.005147624931628211 21
1756350757367 0.005128757893078956 22
1756350757522 0.005108724252918898 23
1756350757677 0.005087533415018126 24
1756350757831 0.005065195326439926 25
1756350757985 0.005041720472771607 26
1756350758139 0.005017119873202511 27
1756350758293 0.004991405075351568 28
1756350758447 0.004964588149846798 29
1756350758600 0.00493668168465931 30
1756350758754 0.004907698779194458 31
1756350758907 0.004877653038142926 32
1756350759062 0.004846558565094636 33
1756350759218 0.004814429955918465 34
1756350759373 0.004781282291910888 35
1756350759530 0.004747131132716754 36
1756350759686 0.004711992509025533 37
1756350759842 0.004675882915046438 38
1756350759997 0.004638819300765989 39
1756350760153 0.004600819063991613 40
1756350760309 0.004561900042185047 41
1756350760622 0.004522080504089365 42
1756350760777 0.004481379141153556 43
1756350760933 0.00443981505875868 44
1756350761088 0.004397407767249737 45
1756350761244 0.004354177172777419 46
1756350761399 0.0043101435679540985 47
1756350761554 0.0042653276223283835 48
1756350761709 0.00421975037268276 49
1756350761864 0.004173433213158835 50
1756350762019 0.0041263978852148445 51
1756350762175 0.0040786664674201285 52
1756350762330 0.004030261365091362 53
1756350762485 0.0039812052997754074 54
1756350762640 0.003931521298583736 55
1756350762796 0.003881232683383406 56
1756350762951 0.003830363059849688 57
1756350763106 0.0037789363063854657 58
1756350763259 0.003726976562912622 59
1756350763414 0.003674508219540661 60
1756350763569 0.003621555905117896 61
1756350763724 0.003568144475670567 62
1756350763879 0.0035142990027353283 63
1756350764033 0.0034600447615905677 64
1756350764190 0.0034054072193920905 65
1756350764503 0.0033504120232187335 66
1756350764659 0.003295084988033528 67
1756350764816 0.003239452084566054 68
1756350764972 0.0031835394271216735 69
1756350765128 0.0031273732613233745 70
1756350765284 0.0030709799517919718 71
1756350765439 0.003014385969770446 72
1756350765595 0.002957617880698243 73
1756350765751 0.0029007023317413486 74
1756350765906 0.0028436660392839987 75
1756350766061 0.00278653577638791 76
1756350766217 0.0027293383602248955 77
1756350766372 0.0026721006394887768 78
1756350766527 0.002614849481792504 79
1756350766683 0.0025576117610563854 80
1756350766839 0.002500414344893371 81
1756350766995 0.0024432840819972827 82
1756350767151 0.002386247789539933 83
1756350767307 0.0023293322405830374 84
1756350767463 0.0022725641515108346 85
1756350767619 0.0022159701694893096 86
1756350767775 0.002159576859957906 87
1756350767932 0.002103410694159608 88
1756350768089 0.002047498036715227 89
1756350768399 0.001991865133247753 90
1756350768555 0.0019365380980625481 91
1756350768712 0.0018815429018891904 92
1756350768869 0.0018269053596907127 93
1756350769024 0.0017726511185459522 94
1756350769181 0.0017188056456107139 95
1756350769338 0.0016653942161633849 96
1756350769494 0.0016124419017406193 97
1756350769653 0.0015599735583686583 98
1756350769811 0.0015080138148958152 99
1756350769967 0.0014565870614315936 100
1756350770124 0.0014057174378978748 101
1756350770280 0.0013554288226975447 102
1756350770436 0.0013057448215058726 103
1756350770592 0.0012566887561899186 104
1756350770748 0.001208283653861151 105
1756350770904 0.001160552236066436 106
1756350771060 0.001113516908122446 107
1756350771218 0.0010671997485985213 108
1756350771373 0.0010216224989528968 109
1756350771530 0.0009768065533271829 110
1756350771687 0.0009327729485038616 111
1756350995900 0.0019820099960459643 1
1756350996273 0.003964019992091929 2
1756350996448 0.005946029988137893 3
1756350996622 0.007928039984183857 4
1756350996797 0.009910049980229822 5
1756350996972 0.009910049980229822 6
1756350997147 0.009908887143397173 7
1756350997324 0.009905399178739439 8
1756350997499 0.009899587723521059 9
1756350997676 0.00989145550566214 10
1756350997852 0.009881006342457971 11
1756350998028 0.009868245138787176 12
1756350998202 0.009853177884809328 13
1756350998377 0.009835811653153156 14
1756350998551 0.009816154595596621 15
1756350998725 0.009794215939240446 16
1756350999058 0.009770005982176866 17
1756350999233 0.009743536088655668 18
1756350999408 0.009714818683749777 19
1756350999582 0.009683867247522862 20
1756350999757 0.009650696308701748 21
1756350999933 0.009615321437856577 22
1756351000108 0.009577759240091915 23
1756351000282 0.009538027347252252 24
1756351000457 0.009496144409645546 25
1756351000630 0.009452130087288695 26
1756351000804 0.009406005040679042 27
1756351000984 0.009357790921096258 28
1756351001160 0.009307510360439152 29
1756351001336 0.00925518696060216 30
1756351001512 0.009200845282396525 31
1756351001686 0.009144510834021355 32
1756351002020 0.00908621005908997 33
1756351002195 0.009025970324217172 34
1756351002372 0.008963819906173242 35
1756351002548 0.008899787978610714 36
1756351002723 0.008833904598370147 37
1756351002898 0.008766200691371323 38
1756351003073 0.0086967080380965 39
1756351003247 0.00862545925867253 40
1756351003421 0.00855248779755883 41
1756351003596 0.00847782790784844 42
1756351003771 0.008401514635189466 43
1756351003946 0.008323583801334529 44
1756351004121 0.00824407198732588 45
1756351004296 0.008163016516324124 46
1756351004472 0.008080455436088575 47
1756351004810 0.007996427501117488 48
1756351004986 0.007910972154456544 49
1756351005163 0.007824129509184125 50
1756351005339 0.007735940329582086 51
1756351005514 0.007646446012000824 52
1756351005690 0.007555688565427686 53
1756351005867 0.007463710591767763 54
1756351006044 0.007370555265846407 55
1756351006221 0.00727626631514278 56
1756351006397 0.007180887999264015 57
1756351006573 0.007084465089169568 58
1756351006750 0.00698704284615557 59
1756351006928 0.006888667000608976 60
1756351007104 0.006789383730541553 61
1756351007281 0.006689239639913733 62
1756351007458 0.006588281736758531 63
1756351007821 0.006486557411115788 64
1756351007998 0.006384114412787097 65
1756351008177 0.006281000828921859 66
1756351008354 0.006177265061444981 67
1756351008531 0.006072955804336826 68
1756351008709 0.0059681220207760625 69
1756351008887 0.005862812920156152 70
1756351009065 0.005757077934986269 71
1756351009242 0.005650966697687484 72
1756351009419 0.005544529017295106 73
1756351009596 0.00543781485607813 74
1756351009773 0.0053308743060867395 75
1756351009951 0.00522375756563891 76
1756351010128 0.005116514915757115 77
1756351010304 0.005009196696566216 78
1756351010482 0.004901853283663608 79
1756351236912 0.0010219450043279278 1
1756351237108 0.0020438900086558556 2
1756351237568 0.003065835012983783 3
1756351237760 0.004087780017311711 4
1756351237952 0.005109725021639639 5
1756351238144 0.005109725021639639 6
1756351238336 0.005109125507696839 7
1756351238529 0.005107327247282662 8
1756351238721 0.005104331084507672 9
1756351238913 0.0051001384257825496 10
1756351239105 0.0050947512391579155 11
1756351239296 0.005088172053400521 12
1756351239487 0.005080403956806236 13
1756351239680 0.005071450595750384 14
1756351239873 0.005061316172976128 15
1756351240066 0.005050005445621683 16
1756351240257 0.005037523722987294 17
1756351240449 0.005023876864043028 18
1756351240800 0.005009071274678559 19
1756351240994 0.004993113904696209 20
1756351241186 0.004976012244548687 21
1756351241381 0.00495777432182304 22
1756351241574 0.004938408697472475 23
1756351241767 0.004917924461797808 24
1756351241959 0.004896331230180443 25
1756351242151 0.004873639138568877 26
1756351242344 0.004849858838720841 27
1756351242537 0.004825001493203327 28
1756351242730 0.00479907877015283 29
1756351242922 0.004772102837798284 30
1756351243118 0.004744086358749243 31
1756351243312 0.004715042484052002 32
1756351243506 0.004684984847016443 33
1756351243873 0.004653927556816514 34
1756351244066 0.004621885191867314 35
1756351244259 0.004588872792981935 36
1756351244453 0.004554905856311243 37
1756351244647 0.004520000326069924 38
1756351244840 0.004484172587052205 39
1756351245036 0.0044474394569407666 40
1756351245232 0.004409818178412458 41
1756351245427 0.004371326411044514 42
1756351245621 0.0043319822230250835 43
1756351245815 0.004291804082671942 44
1756351246011 0.004250810849763401 45
1756351246205 0.004209021766685444 46
1756351246399 0.004166456449399279 47
1756351246592 0.004123134878233528 48
1756351246789 0.004079077388505383 49
1756351247153 0.004034304660975121 50
1756351247347 0.00398883771213848 51
1756351247541 0.003942697884361434 52
1756351247736 0.0038959068358619935 53
1756351247930 0.0038484865305437573 54
1756351248123 0.003800459227685972 55
1756351248318 0.0037518474714949316 56
1756351248512 0.003702674080521643 57
1756351248707 0.0036529621369507034 58
1756351248900 0.003602734975765436 59
1756351249094 0.003552016173794353 60
1756351249289 0.0035008295386441 61
1756351249483 0.0034491990975240696 62
1756351249677 0.0033971490859679375 63
1756351249870 0.0033447039364574043 64
1756351250234 0.0032918882669534916 65
1756351250429 0.003238726869340775 66
1756351250624 0.0031852446977899736 67
1756351250818 0.0031314668570443654 68
1756351251013 0.0030774185906355194 69
1756351251207 0.0030231252690338835 70
1756351251401 0.0029686123777397833 71
1756351251595 0.002913905505320428 72
1756351416247 0.0011730658690639266 1
1756351416455 0.002346131738127853 2
1756351416659 0.00351919760719178 3
1756351416865 0.004692263476255706 4
1756351417069 0.005865329345319633 5
1756351417274 0.005865329345319633 6
1756351417479 0.005864641160460829 7
1756351417683 0.005862576928921117 8
1756351417887 0.005859137619658962 9
1756351418092 0.005854324847099761 10
1756351418297 0.005848140870378028 11
1756351418502 0.005840588592276943 12
1756351418706 0.005831671557865776 13
1756351418911 0.005821393952835819 14
1756351419116 0.005809760601535602 15
1756351419321 0.0057967769647063305 16
1756351419778 0.005782449136918586 17
1756351419983 0.005766783843711514 18
1756351420188 0.005749788438435826 19
1756351420394 0.005731470898802115 20
1756351420599 0.005711839823136076 21
1756351420804 0.005690904426342425 22
1756351421010 0.005668674535579385 23
1756351421215 0.005645160585645779 24
1756351421420 0.00562037361408289 25
1756351421625 0.005594325255993404 26
1756351421829 0.0055670277385798375 27
1756351422034 0.005538493875405044 28
1756351422239 0.00550873706037748 29
1756351422443 0.005477771261464045 30
1756351422648 0.00544561101413347 31
1756351423012 0.005412271414533303 32
1756351423218 0.005377768112403721 33
1756351423425 0.005342117303731482 34
1756351423631 0.0053053357231474625 35
1756351423837 0.005267440636071355 36
1756351424042 0.005228449830607212 37
1756351424248 0.0051883816091936414 38
1756351424453 0.0051472547800125645 39
1756351424658 0.0051050886481605875 40
1756351424863 0.005061903006587106 41
1756351425070 0.005017718126803422 42
1756351425275 0.004972554749367211 43
1756351425480 0.004926434074146826 44
1756351425685 0.004879377750369993 45
1756351425890 0.004831407866461579 46
1756351426096 0.0047825469396751965 47
1756351426458 0.004732817905523516 48
1756351426664 0.004682244107012246 49
1756351618355 0.0010180517277634936 1
1756351618576 0.0020361034555269873 2
1756351618794 0.0030541551832904807 3
1756351619014 0.0040722069110539745 4
1756351619232 0.005090258638817468 5
1756351619449 0.005090258638817468 6
1756351619666 0.005089661409273979 7
1756351619884 0.005087870000985428 8
1756351620102 0.005084885254845964 9
1756351620320 0.005080708571907254 10
1756351620537 0.005075341912720821 11
1756351620755 0.005068787796417756 12
1756351620972 0.005061049299526227 13
1756351621190 0.005052130054527341 14
1756351621408 0.005042034248150047 15
1756351621876 0.005030766619405871 16
1756351622095 0.0050183324573643984 17
1756351622313 0.005004737598670568 18
1756351622532 0.004989988424804928 19
1756351622751 0.004974091859088143 20
1756351622970 0.004957055363431157 21
1756351623188 0.004938886934832549 22
1756351623407 0.004919595101624706 23
1756351623627 0.004899188919470589 24
1756351623845 0.004877677967112971 25
1756351624062 0.004855072341878138 26
1756351624280 0.004831382654936161 27
1756351624499 0.004806620026319975 28
1756351624716 0.004780796079705587 29
1756351624935 0.004753922936955878 30
1756351625329 0.004726013212430556 31
1756351625549 0.004697080007064919 32
1756351625767 0.004667136902220228 33
1756351625986 0.004636197953308563 34
1756351626212 0.004604277683195156 35
1756351626431 0.004571391075381299 36
1756351626649 0.00453755356697103 37
1756351626868 0.0045027810414248965 38
1756351627101 0.004467089821104194 39
1756351627320 0.004430496659609186 40
1756351627538 0.0043930187339149 41
1756351627757 0.004354673636308181 42
1756351627989 0.004315479366129809 43
1756351628208 0.004275454321325535 44
1756351628430 0.00423461728981001 45
1756351628659 0.004192987440647665 46
1756351629076 0.004150584315054678 47
1756351629294 0.004107427817226247 48
1756351629523 0.004063538204993484 49
1756351629742 0.004018936080314306 50
1756351629961 0.003973642379602798 51
1756351630179 0.003927678363901573 52
1756351630413 0.0038810656089017597 53
1756351630632 0.003833825994815281 54
1756351630851 0.0037859816961042024 55
1756351631080 0.0037375551710719475 56
1756351631301 0.003688569151321282 57
1756351631519 0.003639046631084009 58
1756351631738 0.0035890108564273888 59
1756351631971 0.0035384853143423374 60
1756351632190 0.003487493721718545 61
1756351632631 0.0034360600142116695 62
1756351632871 0.003384208335007848 63
1756351824491 0.0010002789327297323 1
1756351824984 0.0020005578654594645 2
1756351825219 0.003000836798189197 3
1756351825454 0.004001115730918929 4
1756351825689 0.005001394663648661 5
1756351825925 0.005001394663648661 6
1756351826160 0.005000807862380702 7
1756351826395 0.0049990477340236626 8
1756351826630 0.004996115104788771 9
1756351826865 0.004992011351263811 10
1756351827099 0.004986738399766951 11
1756351827334 0.004980298725442521 12
1756351827570 0.00497269535109917 13
1756351827971 0.004963931845790945 14
1756351828205 0.004954012323141968 15
1756351828440 0.004942941439415484 16
1756351828675 0.004930724391328188 17
1756351828911 0.004917366913610867 18
1756351829146 0.0049028752763164984 19
1756351829382 0.00488725628187706 20
1756351829616 0.004870517261910439 21
1756351829850 0.004852666073778946 22
1756351830086 0.004833711096901033 23
1756351830321 0.004813661228817968 24
1756351830718 0.004792525881017286 25
1756351830953 0.004770314974515005 26
1756351831189 0.004747038935198659 27
1756351831424 0.004722708688933349 28
1756351831658 0.004697335656433091 29
1756351831893 0.004670931747899895 30
1756351832127 0.004643509357433067 31
1756351832362 0.004615081357211369 32
1756351832597 0.004585661091450764 33
1756351832832 0.004555262370140594 34
1756351833066 0.004523899462561114 35
1756351833300 0.004491587090585432 36
1756351833535 0.004458340421769011 37
1756351833770 0.00442417506222995 38
1756351834171 0.004389107049323414 39
1756351834406 0.004353152844113638 40
1756351834641 0.004316329323647035 41
1756351834879 0.004278653773030045 42
1756351835117 0.004240143877315436 43
1756351835354 0.004200817713200873 44
1756351835590 0.004160693740543643 45
1756351835826 0.004119790793695522 46
1756351836061 0.004078128072661863 47
1756351836298 0.004035725134089027 48
1756351836533 0.0039926018820844265 49
1756351836770 0.003948778558873449 50
1756351837006 0.0039042757352976856 51
1756351837243 0.0038591143011588868 52
1756351837643 0.003813315455413215 53
1756351837880 0.0037669006962203636 54
1756351838117 0.003719891810852243 55
1756351838353 0.0036723108654659413 56
1756351838589 0.003624180194745789 57
1756351838825 0.0035755223914193633 58
1756351839060 0.00352636029565238 59
1756351839296 0.0034767169843274224 60
1756351839531 0.0034266157602115647 61
1756351839766 0.003376080141017959 62
1756351840002 0.0033251338483665295 63
1756351840238 0.0032738007966489485 64
1756351840473 0.0032221050818031275 65
1756351840709 0.0031700709700024855 66
1756351840945 0.003117722886265315 67
1756351841181 0.0030650854029895796 68
1756351841581 0.003012183228418533 69
1756351841816 0.002959041195042572 70
1756351842053 0.0029056842479427665 71
1756351842290 0.0028521374330815405 72
1756351842525 0.002798425885545997 73
1756351842761 0.0027445748177494116 74
1756351842997 0.0026906095075964194 75
1756351843233 0.0026365552866174733 76
1756351843470 0.0025824375280781194 77
1756351843706 0.0025282816350686863 78
1756351843942 0.0024741130285799756 79
1756351844180 0.0024199571355705426 80
1756351844581 0.0023658393770311886 81
1756351844817 0.0023117851560522425 82
1756351845054 0.0022578198458992507 83
1756351845291 0.0022039687781026645 84
1756351845531 0.0021502572305671214 85
1756351845769 0.0020967104157058954 86
1756352013602 0.0010062910062092261 1
1756352013850 0.0020125820124184523 2
1756352014095 0.0030188730186276784 3
1756352014339 0.004025164024836905 4
1756352014585 0.005031455031046131 5
1756352014830 0.005031455031046131 6
1756352015076 0.005030864702164274 7
1756352015321 0.005029093992621421 8
1756352015817 0.005026143733595649 9
1756352016064 0.005022015309950235 10
1756352016309 0.005016710659583601 11
1756352016555 0.005010232272519651 12
1756352016800 0.0050025831897389465 13
1756352017047 0.004993767001751258 14
1756352017292 0.004983787846910166 15
1756352017538 0.004972650409470502 16
1756352017782 0.004960359917389537 17
1756352018028 0.004946922139872962 18
1756352018272 0.0049323433846667954 19
1756352018681 0.004916630495096511 20
1756352018927 0.004899790846854739 21
1756352019175 0.004881832344539105 22
1756352019421 0.004862763417941763 23
1756352019667 0.0048425930180924295 24
1756352019913 0.004821330613056729 25
1756352020159 0.00479898618349185 26
1756352020405 0.004775570217961582 27
1756352020818 0.004751093708012941 28
1756352021065 0.0047255681430167 29
1756352021311 0.004699005504774227 30
1756352021558 0.00467141826189318 31
1756352021803 0.004642819363934699 32
1756352022050 0.004613222235334821 33
1756352022296 0.004582640769103008 34
1756352022541 0.004551089320300702 35
1756352022787 0.004518582699303012 36
1756352023197 0.004485136164846659 37
1756352023443 0.004450765416867465 38
1756352023689 0.004415486589130746 39
1756352023934 0.004379316241658051 40
1756352024181 0.004342271352953828 41
1756352024426 0.004304369312035645 42
1756352024673 0.004265627910271717 43
1756352024920 0.004226065333029564 44
1756352025167 0.004185700151139732 45
1756352025411 0.004144551312178569 46
1756352025657 0.004102638131574157 47
1756352025903 0.004059980283539575 48
1756352026312 0.004016597791837745 49
1756352196602 0.0010195341365100052 1
1756352196861 0.0020390682730200105 2
1756352197118 0.003058602409530016 3
1756352197623 0.004078136546040021 4
1756352197882 0.005097670682550026 5
1756352198140 0.005097670682550026 6
1756352198399 0.0050970725831958625 7
1756352198657 0.005095278565883577 8
1756352198914 0.005092289472732006 9
1756352199171 0.005088106706833321 10
1756352199426 0.0050827322315944124 11
1756352199843 0.005076168569815256 12
1756352200100 0.0050684188025047015 13
1756352200358 0.005059486567434238 14
1756352200616 0.0050493760574304054 15
1756352200873 0.0050380920184066695 16
1756352201130 0.005025639747135667 17
1756352201389 0.00501202508876288 18
1756352201645 0.004997254434062904 19
1756352201901 0.004981334716439593 20
1756352202330 0.004964273408671489 21
1756352202588 0.004946078519404072 22
1756352202845 0.004926758589390472 23
1756352203102 0.004906322687482404 24
1756352203358 0.004884780406373209 25
1756352203615 0.004862141858095015 26
1756352203873 0.0048384176692721 27
1756352204129 0.004813618976132717 28
1756352204387 0.004787757419281703 29
1756352204810 0.004760845138236335 30
1756352205068 0.00473289476572799 31
1756352205324 0.004703919421772293 32
1756352205583 0.004673932707510524 33
1756352205841 0.004642948698825197 34
1756352206097 0.00461098193973278 35
1756352206355 0.004578047435556677 36
1756352206612 0.004544160645883666 37
1756352206872 0.004509337477307117 38
1756352207294 0.004473594275960363 39
1756352207552 0.0044369478198437685 40
1756352207809 0.004399415310949066 41
1756352208069 0.004361014367184673 42
1756352208328 0.004321763014105776 43
1756352208588 0.0042816796764530655 44
1756352208846 0.004240783169504086 45
1756352209104 0.004199092690241275 46
1756352209526 0.004156627808340818 47
1756352209783 0.00411340845698657 48
1756352210041 0.0040694549235133345 49
1756352210299 0.004024787839883915 50
1756352210557 0.0039794281730043835 51
1756352210815 0.003933397214882134 52
1756352211071 0.003886716572631333 53
1756352211327 0.0038394081583304485 54
1756352211583 0.003791494178736639 55
1756352212002 0.0037429971248618098 56
1756352212259 0.003693939761415246 57
1756352212518 0.003644345116117764 58
1756352212777 0.0035942364688924125 59
1756352213036 0.003543637340936781 60
1756352213294 0.0034925714836820583 61
1756352213551 0.0034410628676440143 62
1756352213808 0.0033891356711711483 63
1756352214069 0.003336814269095274 64
1756352214493 0.003284123221289877 65
1756352440781 0.0011470636455245327 1
1756352441054 0.0022941272910490655 2
1756352441324 0.003441190936573598 3
1756352441840 0.004588254582098131 4
1756352442111 0.0057353182276226634 5
1756352442381 0.0057353182276226634 6
1756352442651 0.00573464529969733 7
1756352442923 0.005732626831796367 8
1756352443193 0.005729263771396605 9
1756352443463 0.005724557697131923 10
1756352443735 0.005718510818052233 11
1756352444005 0.005711125972586537 12
1756352444436 0.005702406627210566 13
1756352444706 0.005692356874819591 14
1756352444977 0.005680981432807212 15
1756352445247 0.005668285640850994 16
1756352445516 0.005654275458405993 17
1756352445788 0.005638957461907372 18
1756352446060 0.0056223388416833915 19
1756352446330 0.005604427398580247 20
1756352446600 0.005585231540300314 21
1756352447030 0.005564760277455542 22
1756352447300 0.00554302321933784 23
1756352447570 0.005520030569408433 24
1756352447842 0.0054957931205083166 25
1756352448115 0.005470322249792061 26
1756352448387 0.00544362991338732 27
1756352448660 0.005415728640782585 28
1756352448934 0.005386631528945791 29
1756352449205 0.005356352236176547 30
1756352449635 0.0053249049756948766 31
1756352449906 0.005292304508969477 32
1756352450177 0.005258566138788624 33
1756352450449 0.005223705702076987 34
1756352450718 0.005187739562461713 35
1756352450989 0.005150684602591271 36
1756352451261 0.005112558216210676 37
1756352451532 0.005073378299996789 38
1756352451803 0.0050331632451575525 39
1756352452230 0.004991931928799082 40
1756352452502 0.004949703705064677 41
1756352452773 0.004906498396049911 42
1756352453044 0.004862336282498059 43
1756352453315 0.004817238094280238 44
1756352453586 0.004771225000664722 45
1756352453857 0.004724318600380007 46
1756352454129 0.004676540911476278 47
1756352454557 0.00462791436099005 48
1756352454828 0.004578461774416831 49
1756352455100 0.00452820636499674 50
1756352455372 0.0044771717228181225 51
1756352455645 0.004425381803744268 52
1756352455917 0.004372860918168437 53
1756352456192 0.00431963371960246 54
1756352456464 0.004265725193104284 55
1756352456737 0.00421116064354989 56
1756352457168 0.004155965683755079 57
1756352457442 0.004100166222452717 58
1756352457714 0.004043788452131076 59
1756352457985 0.003986858836738971 60
1756352458257 0.003929404099263482 61
1756352458529 0.003871451209186074 62
1756352458800 0.003813027369823018 63
1756352459071 0.0037541600055560473 64
1756352459342 0.003694876748959243 65
1756352459774 0.003635205427828191 66
1756352460047 0.003575174052117511 67
1756352460320 0.0035148108007928666 68
1756352460591 0.0034541440086036527 69
1756352460864 0.0033932021527825467 70
1756352461136 0.003332013839678185 71
1756352461408 0.0032706077913272303 72
1756352461681 0.0032090128319721325 73
1756352461954 0.0031472578745309174 74
1756352462389 0.003085371907025342 75
1756352462661 0.0030233839789738106 76
1756352462934 0.002961323187755411 77
1756352463206 0.0028992186649514896 78
1756352463479 0.0028370995626711745 79
1756352463754 0.0027749950398672533 80
1756352464027 0.0027129342486488534 81
1756352464300 0.002650946320597322 82
1756352464572 0.0025890603530917475 83
1756352465032 0.002527305395650531 84
1756352465306 0.0024657104362954337 85
1756352465580 0.002404304387944479 86
1756352643680 0.0013100244685017724 1
1756352643966 0.002620048937003545 2
1756352644251 0.003930073405505318 3
1756352644536 0.00524009787400709 4
1756352645072 0.006550122342508862 5
1756352645355 0.006550122342508862 6
1756352645637 0.006549353796513373 7
1756352645922 0.006547048519285444 8
1756352646205 0.006543207592931342 9
1756352646490 0.006537832820397116 10
1756352646772 0.006530926724622298 11
1756352647220 0.006522492547355612 12
1756352647502 0.006512534247633291 13
1756352647785 0.0065010564999206915 14
1756352648068 0.006488064691918074 15
1756352648350 0.006473564922031606 16
1756352648633 0.006457563996510731 17
1756352648916 0.006440069426253303 18
1756352649198 0.0064210894232799316 19
1756352649480 0.006400632896879231 20
1756352649926 0.006378709449425765 21
1756352650210 0.006355329371872648 22
1756352650493 0.0063305036389209425 23
1756352650777 0.006304243903868081 24
1756352651061 0.0062765624931377636 25
1756352651346 0.006247472400493892 26
1756352651632 0.006216987280941237 27
1756352652091 0.0061851214443157275 28
1756352652375 0.006151889848567365 29
1756352652658 0.00611730809273889 30
1756352652942 0.006081392409643536 31
1756352653225 0.006044159658245285 32
1756352653508 0.006005627315745196 33
1756352653792 0.005965813469377544 34
1756352654076 0.005924736807919598 35
1756352654523 0.005882416612919035 36
1756352654809 0.005838872749643102 37
1756352655094 0.00579412565775379 38
1756352655377 0.005748196341713362 39
1756352655661 0.005701106360924791 40
1756352655945 0.005652877819611675 41
1756352656229 0.00560353335644244 42
1756352656513 0.005553096133903648 43
1756352656798 0.005501589827427446 44
1756352657254 0.005449038614278214 45
1756352657539 0.005395467162203667 46
1756352657823 0.005340900617855714 47
1756352658107 0.005285364594986519 48
1756352658390 0.005228885162425311 49
1756352658674 0.005171488831841562 50
1756352658958 0.005113202545300311 51
1756352659241 0.005054053662615451 52
1756352659525 0.004994069948506926 53
1756352659974 0.004933279559567853 54
1756352660258 0.004871711031047715 55
1756352660542 0.004809393263457798 56
1756352660828 0.004746355509005175 57
1756352661115 0.004682627357861607 58
1756352661402 0.004618238724273797 59
1756352661688 0.004553219832521526 60
1756352662167 0.004487601202730256 61
1756352662451 0.004421413636544857 62
1756352662736 0.004354688202671201 63
1756352663020 0.004287456222292383 64
1756352663304 0.004219749254366436 65
1756352663589 0.004151599080812429 66
1756352663873 0.004083037691591909 67
1756352664157 0.004014097269692687 68
1756352664460 0.003944810176022016 69
1756352664745 0.0038752089342162536 70
1756352665223 0.003805326215374133 71
1756352665511 0.0037351948227208266 72
1756352665801 0.0036648476762099792 73
1756352666089 0.003594317797070952 74
1756352666376 0.0035236382923085224 75
1756352666663 0.0034528423391623326 76
1756352929008 0.001315679065564951 1
1756352929310 0.002631358131129902 2
1756352929609 0.003947037196694854 3
1756352929908 0.005262716262259804 4
1756352930451 0.006578395327824756 5
1756352930750 0.006578395327824755 6
1756352931050 0.006577623463966428 7
1756352931351 0.006575308234707401 8
1756352931651 0.006571450726825465 9
1756352931951 0.006566052751050105 10
1756352932412 0.0065591168412125435 11
1756352932712 0.006550646253056345 12
1756352933013 0.00654064496270916 13
1756352933313 0.006529117664816312 14
1756352933615 0.006516069770337115 15
1756352934077 0.006501507404004948 16
1756352934377 0.006485437401452277 17
1756352934675 0.006467867306001986 18
1756352934978 0.006448805365126512 19
1756352935279 0.006428260526576444 20
1756352935581 0.006406242434180417 21
1756352935881 0.00638276142331826 22
1756352936180 0.006357828516069527 23
1756352936479 0.006331455416039693 24
1756352936779 0.006303654502866427 25
1756352937079 0.0062744388264085495 26
1756352937379 0.006243822100620373 27
1756352937679 0.006211818697114316 28
1756352938158 0.006178443638414815 29
1756352938458 0.006143712590906691 30
1756352938757 0.006107641857481284 31
1756352939057 0.006070248369883815 32
1756352939354 0.0060315496807655505 33
1756352939655 0.005991563955444529 34
1756352940131 0.005950309963378681 35
1756352940431 0.0059078070693553714 36
1756352940730 0.005864075224401496 37
1756352941030 0.005819134956418387 38
1756352941330 0.005773007360545936 39
1756352941630 0.00572571408926045 40
1756352941930 0.005677277342210896 41
1756352942230 0.005627719855798293 42
1756352942530 0.005577064892503163 43
1756352942829 0.005525336229966024 44
1756352943128 0.005472558149826072 45
1756352943604 0.005418755426323287 46
1756352943904 0.005363953314669304 47
1756352944206 0.0053081775391925125 48
1756352944506 0.005251454281262966 49
1756352944807 0.005193810167002731 50
1756352945282 0.005135272254787488 51
1756352945583 0.005075868022545216 52
1756352945882 0.005015625354857953 53
1756352946182 0.004954572529872653 54
1756352946484 0.00489273820602732 55
1756352946784 0.004830151408598617 56
1756352947086 0.004766841516077292 57
1756352947385 0.004702838246377792 58
1756352947684 0.004638171642888562 59
1756352947984 0.004572872060369555 60
1756352948284 0.004506970150703591 61
1756352948760 0.004440496848508237 62
1756352949061 0.004373483356614981 63
1756352949362 0.0043059611314224915 64
1756352949663 0.00423796186813087 65
1756352949964 0.004169517485863787 66
1756352950437 0.004100660112685525 67
1756352950738 0.0040314220705199395 68
1756352951040 0.003961835859978414 69
1756352951340 0.003891934145103952 70
1756352951641 0.003821749738038536 71
1756352951942 0.003751315583620985 72
1756352952243 0.0036806647439225166 73
1756352952544 0.0036098303827272775 74
1756352952844 0.0035388457499651296 75
1756352953144 0.003467744166104006 76
1756352953617 0.003396559006509151 77
1756352953919 0.003325323685776585 78
1756352954220 0.0032540716420481706 79
1756352954521 0.003182836321315605 80
1756352954822 0.003111651161720749 81
1756352955123 0.0030405495778596265 82
1756352955596 0.002969564945097479 83
1756352955896 0.002898730583902239 84
1756352956196 0.0028280797442037705 85
1756352956496 0.00275764558978622 86
1756352956798 0.0026874611827208033 87
1756352957100 0.0026175594678463413 88
1756352957400 0.002547973257304816 89
1756352957699 0.002478735215139231 90
1756352958000 0.00240987784196097 91
1756352958300 0.0023414334596938862 92
1756352958600 0.002273434196402264 93
1756352958903 0.002205911971209775 94
1756352959204 0.002138898479316518 95
1756352959699 0.0020724251771211642 96
1756352960001 0.0020065232674552 97
1756352960300 0.0019412236849361932 98
1756352960601 0.0018765570814469638 99
1756352960903 0.0018125538117474648 100
1756352961204 0.0017492439192261385 101
1756353174794 0.0011122403447424494 1
1756353175109 0.002224480689484899 2
1756353175421 0.0033367210342273483 3
1756353175732 0.004448961378969798 4
1756353176046 0.005561201723712247 5
1756353176605 0.005561201723712247 6
1756353176917 0.0055605492285311555 7
1756353177229 0.005558592049271704 8
1756353177541 0.005555331104641595 9
1756353177854 0.005550767925341159 10
1756353178167 0.005544904653344845 11
1756353178480 0.005537744040895764 12
1756353178950 0.005529289449213777 13
1756353179263 0.0055195448469177255 14
1756353179576 0.0055085148081625455 15
1756353179888 0.005496204510492142 16
1756353180203 0.005482619732409026 17
1756353180516 0.005467766850661868 18
1756353180831 0.005451652837252222 19
1756353181330 0.005434285256161842 20
1756353181643 0.0054156722598021215 21
1756353181957 0.005395822585187314 22
1756353182270 0.005374745549833351 23
1756353182584 0.005352451047384155 24
1756353182896 0.005328949542967529 25
1756353183210 0.0053042520682827846 26
1756353183701 0.005278370216422415 27
1756353184014 0.005251316136430254 28
1756353184327 0.0052231025275986664 29
1756353184641 0.005193742633507449 30
1756353184953 0.005163250235807243 31
1756353185269 0.005131639647750371 32
1756353185581 0.005098925707472139 33
1756353186067 0.005065123771025763 34
1756353186380 0.005030249705174166 35
1756353186693 0.004994319879942068 36
1756353187006 0.004957351160931822 37
1756353187319 0.004919360901406642 38
1756353187631 0.004880366934144904 39
1756353187943 0.0048403875630693765 40
1756353188426 0.00479944155465528 41
1756353188740 0.004757548129121236 42
1756353189055 0.004714726951407214 43
1756353189368 0.004670998121943735 44
1756353189683 0.004626382167216649 45
1756353189996 0.004580900030131917 46
1756353190479 0.004534573060184935 47
1756353190793 0.004487423003438992 48
1756353191109 0.004439471992317582 49
1756353191421 0.004390742535215355 50
1756353191734 0.004341257505932592 51
1756353192046 0.004291040132938149 52
1756353192361 0.004240113988465924 53
1756353192840 0.004188502977449951 54
1756353193152 0.004136231326303341 55
1756353193466 0.004083323571546294 56
1756353193780 0.004029804548288568 57
1756353194094 0.003975699378571778 58
1756353194408 0.00392103345957701 59
1756353194720 0.003865832451703283 60
1756353195204 0.003810122266522456 61
1756353195519 0.003753929054616234 62
1756353195833 0.003697279193300981 63
1756353196145 0.003640199274246104 64
1756353196461 0.0035827160909918175 65
1756353196774 0.003524856626372148 66
1756353197088 0.0034666480398490864 67
1756353197567 0.00340811765476383 68
1756353197879 0.003349292945511095 69
1756353198192 0.0032902015246425295 70
1756353198507 0.00323087112990527 71
1756353198822 0.003171329611221734 72
1756353199135 0.0031116049176167565 73
1756353199447 0.0030517250840982084 74
1756353199923 0.002991718218497246 75
1756353200237 0.002931612488274393 76
1756353465537 0.00147851018394496 1
1756353466123 0.00295702036788992 2
1756353466457 0.004435530551834879 3
1756353466788 0.00591404073577984 4
1756353467119 0.007392550919724799 5
1756353467449 0.007392550919724799 6
1756353467780 0.007391683513901132 7
1756353468279 0.007389081703593861 8
1756353468610 0.007384746710103055 9
1756353468940 0.007378680568291839 10
1756353469292 0.00737088612563122 11
1756353469623 0.007361367040863471 12
1756353470136 0.007350127782284708 13
1756353470465 0.0073371736256474486 14
1756353470794 0.0073225106516841545 15
1756353471123 0.0073061457432529175 16
1756353471453 0.007288086582106607 17
1756353471962 0.007268341645287036 18
1756353472291 0.007246920201145796 19
1756353472619 0.007223832304993661 20
1756353472948 0.007199088794380582 21
1756353473276 0.0071727012840085026 22
1756353473779 0.007144682160279364 23
1756353474107 0.007115044575480887 24
1756353474437 0.007083802441612829 25
1756353474765 0.007050970423856642 26
1756353475093 0.0070165639336915745 27
1756353475423 0.006980599121660464 28
1756353475930 0.006943092869788608 29
1756353476259 0.0069040627836592745 30
1756353476588 0.006863527184149568 31
1756353476918 0.006821505098830546 32
1756353477249 0.006778016253035587 33
1756353477753 0.0067330810606012585 34
1756353478084 0.006686720614284968 35
1756353478411 0.006638956675863943 36
1756353478740 0.006589811665920169 37
1756353479067 0.006539308653316078 38
1756353479572 0.00648747134436593 39
1756353479902 0.00643432407170798 40
1756353480232 0.006379891782882638 41
1756353480561 0.006324200028621995 42
1756353480891 0.006267274950856209 43
1756353481399 0.006209143270442378 44
1756353481729 0.006149832274621669 45
1756353482059 0.0060893698042105695 46
1756353482389 0.0060277842405323055 47
1756353482718 0.005965104492094533 48
1756353483047 0.005901359981019571 49
1756353483551 0.0058365806292335395 50
1756353483880 0.005770796844420889 51
1756353484210 0.005704039505750914 52
1756353484539 0.005636339949382949 53
1756353484869 0.005567729953757046 54
1756353485373 0.005498241724677057 55
1756353485703 0.005427907880193096 56
1756353486034 0.0053567614352905005 57
1756353778307 0.0016521511528806356 1
1756353778653 0.003304302305761271 2
1756353779260 0.004956453458641907 3
1756353779602 0.006608604611522542 4
1756353779946 0.008260755764403178 5
1756353780292 0.008260755764403178 6
1756353780636 0.008259786473880806 7
1756353781144 0.008256879057302505 8
1756353781488 0.008252034879421138 9
1756353781831 0.008245256214113 10
1756353782173 0.008236546243310449 11
1756353782514 0.008225909055508301 12
1756353783027 0.008213349643844665 13
1756353783372 0.008198873903757148 14
1756353783717 0.008182488630215513 15
1756353784060 0.0081642015145321 16
1756353784403 0.008144021140751481 17
1756353784747 0.008121956981621086 18
1756353785255 0.008098019394144649 19
1756353785600 0.0080722196147206 20
1756353785945 0.008044569753867642 21
1756353786289 0.008015082790540038 22
1756353786634 0.007983772566035233 23
1756353787141 0.007950653777496694 24
1756353787487 0.007915741971015008 25
1756353787832 0.007879053534330499 26
1756353788176 0.007840605689140741 27
1756353788520 0.007800416483016636 28
1756353789030 0.007758504780930811 29
1756353789376 0.007714890256402321 30
1756353789719 0.007669593382261827 31
1756353790062 0.007622635421041563 32
1756353790406 0.00757403841499462 33
1756353790912 0.007523825175748231 34
1756353791256 0.007472019273595892 35
1756353791602 0.007418645026433384 36
1756353791946 0.007363727488343848 37
1756353792290 0.007307292437837303 38
1756353792796 0.00724936636575011 39
1756353793140 0.007189976462810071 40
1756353793486 0.00712915060687299 41
1756353793831 0.0070669173498366985 42
1756353794176 0.007003305904238681 43
1756353794520 0.006938346129543595 44
1756353795024 0.006872068518127121 45
1756353795369 0.006804504180962719 46
1756353795712 0.006735684833018013 47
1756353796058 0.006665642778367659 48
1756353796404 0.006594410895029692 49
1756353796911 0.006522022619532444 50
1756353797257 0.0064485119312193105 51
1756353797603 0.0063739133362987095 52
1756353797947 0.006298261851646736 53
1756353798295 0.006221592988370093 54
1756353798803 0.0061439427351370444 55
1756353799149 0.006065347541284187 56
1756353799496 0.005985844299706993 57
1756353799841 0.00590547032954213 58
1756353800186 0.00582426335864972 59
1756353800532 0.005742261505903724 60
1756353801038 0.005659503263298798 61
1756353801383 0.005576027477881994 62
1756353801728 0.005491873333517804 63
1756353802073 0.005407080332495098 64
1756353802419 0.005321688276984594 65
1756353802924 0.005235737250355559 66
1756353803270 0.005149267598360519 67
1756353803616 0.005062319910196803 68
1756353803961 0.0049749349994538125 69
1756353804306 0.004887153884954959 70
1756353804653 0.004799017771503267 71
1756353805158 0.004710568030539677 72
1756353805502 0.0046218461807231255 73
1756353805847 0.0045328938684415275 74
1756353806192 0.004443752848262785 75
1756353806539 0.004354464963335039 76
1756353807339 0.004265072125745327 77
1756353807690 0.0041756162968458795 78
1756354099172 0.0013566811890661375 1
1756354099783 0.002713362378132275 2
1756354100142 0.004070043567198412 3
1756354100502 0.00542672475626455 4
1756354100861 0.006783405945330686 5
1756354101219 0.006783405945330687 6
1756354101739 0.00678261002327328 7
1756354102098 0.0067802226307100266 8
1756354102455 0.006776244888292458 9
1756354102814 0.006770678663188628 10
1756354103174 0.006763526568206659 11
1756354103690 0.0067547919605682825 12
1756354104051 0.0067444789403329364 13
1756354104408 0.006732592348473191 14
1756354104765 0.006719137764602371 15
1756354105121 0.006704121504355469 16
1756354105637 0.006687550616424553 17
1756354105995 0.006669432879250089 18
1756354106353 0.006649776797369708 19
1756354106712 0.006628591597426143 20
1756354107069 0.006605887223836203 21
1756354107589 0.006581674334122831 22
1756354107950 0.0065559642939124144 23
1756354108309 0.006528769171599719 24
1756354108669 0.006500101732682931 25
1756354109029 0.00646997543377149 26
1756354109555 0.0064384044162694954 27
1756354109914 0.00640540349973768 28
1756354110274 0.006370988174937048 29
1756354110635 0.006335174596557448 30
1756354110995 0.006297979575634504 31
1756354111515 0.006259420571658442 32
1756354111878 0.006219515684378537 33
1756354112239 0.0061782836453070245 34
1756354112598 0.006135743808926447 35
1756354112959 0.006091916143604589 36
1756354113504 0.006046821222221244 37
1756354113866 0.00600048021251122 38
1756354114228 0.005952914867128128 39
1756354114588 0.005904147513433592 40
1756354114948 0.005854201043016704 41
1756354115503 0.005803098900948616 42
1756354115865 0.0057508650747773345 43
1756354116224 0.005697524083267868 44
1756354116584 0.005643100964893026 45
1756354116945 0.00558762126608025 46
1756354117486 0.005531111029220034 47
1756354117845 0.00547359678044151 48
1756354118205 0.005415105517160987 49
1756354118566 0.00535566469540925 50
1756354118925 0.005295302216943596 51
1756354119484 0.005234046416150634 52
1756354119845 0.005171926046746017 53
1756354120206 0.0051089702682773274 54
1756354120567 0.0050452086324364745 55
1756354120928 0.00498067106918801 56
1756354121471 0.00491538787271989 57
1756354121832 0.004849389687223253 58
1756354122193 0.004782707492507925 59
1756354122556 0.00471537258946037 60
1756354122916 0.004647416585350929 61
1756354123453 0.004578871378997241 62
1756354123816 0.0045097691457908155 63
1756354124176 0.004440142322593775 64
1756354124535 0.004370023592512862 65
1756354124893 0.004299445869557859 66
1756354125427 0.00422844228319162 67
1756354125786 0.004157046162778978 68
1756354126145 0.0040852910219417995 69
1756354126506 0.00401321054282756 70
1756354126868 0.003940838560298815 71
1756354127403 0.0038682090460509726 72
1756354127763 0.003795356092665856 73
1756354128121 0.0037223138976085045 74
1756354128481 0.003649116747174743 75
1756354128843 0.0035757990003970693 76
1756354129375 0.003502395072916382 77
1756354129735 0.0034289394208271407 78
1756354130095 0.0033554665245035466 79
1756354130457 0.0032820108724143063 80
1756354130818 0.0032086069449336185 81
1756354131349 0.003135289198155945 82
1756354131710 0.0030620920477221845 83
1756354132069 0.0029890498526648312 84
1756354132428 0.002916196899279715 85
1756354132788 0.0028435673850318735 86
1756354133150 0.002771195402503127 87
1756354133681 0.0026991149233888886 88
1756354134041 0.0026273597825517093 89
1756354134403 0.0025559636621390676 90
1756354134763 0.0024849600757728303 91
1756354135124 0.002414382352817826 92
1756354135656 0.0023442636227369125 93
1756354136018 0.0022746367995398723 94
1756354136379 0.0022055345663334475 95
1756354136744 0.0021369893599797593 96
1756354137109 0.0020690333558703172 97
1756354137674 0.002001698452822762 98
1756354138035 0.001935016258107435 99
1756354138397 0.001869018072610799 100
1756354138759 0.0018037348761426773 101
1756354139121 0.0017391973128942136 102
1756354139673 0.0016754356770533598 103
1756354140035 0.0016124798985846704 104
1756354140397 0.0015503595291800527 105
1756354140760 0.0014891037283870923 106
1756354141124 0.0014287412499214384 107
1756354383737 0.0008776056101704567 1
1756354384364 0.0017552112203409135 2
1756354384738 0.0026328168305113702 3
1756354385112 0.003510422440681827 4
1756354385486 0.004388028050852284 5
1756354386022 0.004388028050852284 6
1756354386397 0.004387513228764034 7
1756354386769 0.00438596900415881 8
1756354387141 0.004383396101901765 9
1756354387677 0.0043797957297234125 10
1756354388050 0.0043751695776527225 11
1756354388422 0.00436951981722381 12
1756354388794 0.004362849100456611 13
1756354389328 0.004355160558612011 14
1756354389699 0.004346457800722022 15
1756354390074 0.00433674491189569 16
1756354390455 0.004326026451401519 17
1756354390986 0.004314307450527344 18
1756354391366 0.004301593410218616 19
1756354391743 0.004287890298496246 20
1756354392116 0.00427320454765518 21
1756354392653 0.004257543051245062 22
1756354393027 0.004240913160834376 23
1756354393401 0.004223322682559584 24
1756354393774 0.004204779873460901 25
1756354394146 0.004185293437606403 26
1756354394681 0.004164872522006305 27
1756354395057 0.00414352671231932 28
1756354395431 0.004121266028353107 29
1756354395805 0.004098100919360941 30
1756354396336 0.0040740422591367875 31
1756354396711 0.0040491013409111 32
1756354397085 0.004023289872049735 33
1756354397459 0.003996619968558468 34
1756354397992 0.003969104149395691 35
1756354398368 0.003940755330595966 36
1756354398743 0.0039115868192071855 37
1756354399115 0.0038816123070441895 38
1756354399648 0.003850845864261778 39
1756354400023 0.0038193019327501213 40
1756354400399 0.003786995319355681 41
1756354400773 0.003753941188930816 42
1756354401306 0.0037201550572153424 43
1756354401683 0.003685652783553383 44
1756354402061 0.0036504505634489285 45
1756354402436 0.0036145649209636034 46
1756354402971 0.0035780127009602063 47
1756354403345 0.003540811061195664 48
1756354403719 0.003502977464267114 49
1756354404092 0.00346452966941489 50
1756354404628 0.003425485724186265 51
1756354405003 0.0033858639559638617 52
1756354405378 0.0033456829633627073 53
1756354405752 0.003304961607499965 54
1756354406288 0.0032637190031414597 55
1756354406664 0.0032219745097291207 56
1756354407039 0.0031797477222935923 57
1756354407415 0.003137058462256241 58
1756354407951 0.003093926768124908 59
1756354408327 0.0030503728860877513 60
1756354408701 0.0030064172605096047 61
1756354409076 0.0029620805243353106 62
1756354620852 0.0009994175501580774 1
1756354621506 0.0019988351003161547 2
1756354621895 0.002998252650474232 3
1756354622284 0.003997670200632309 4
1756354622675 0.004997087750790386 5
1756354623240 0.004997087750790386 6
1756354623633 0.004996501454942917 7
1756354624023 0.004994742842610105 8
1756354624412 0.004991812739291548 9
1756354624964 0.004987712520389356 10
1756354625353 0.00498244411056253 11
1756354625745 0.004976009982823523 12
1756354626137 0.004968413157377395 13
1756354626527 0.004959657200204114 14
1756354627084 0.0049497462213846785 15
1756354627474 0.004938684873171825 16
1756354627867 0.004926478347806241 17
1756354628257 0.004913132375079307 18
1756354628814 0.004898653219643511 19
1756354629203 0.004883047678071798 20
1756354629601 0.004866323075667226 21
1756354629994 0.004848487263024443 22
1756354630553 0.004829548612344587 23
1756354630943 0.004809516013505344 24
1756354631335 0.004788398869887998 25
1756354631729 0.00476620709396345 26
1756354632287 0.0047429511026392665 27
1756354632678 0.004718641812369938 28
1756354633069 0.004693290634032657 29
1756354633459 0.004666909467571001 30
1756354634010 0.004639510696409059 31
1756354634400 0.004611107181638595 32
1756354634790 0.004581712255982006 33
1756354635177 0.004551339717533889 34
1756354635730 0.004520003823284158 35
1756354636121 0.004487719282425759 36
1756354636511 0.004454501249450117 37
1756354636902 0.004420365317033554 38
1756354637452 0.004385327508718027 39
1756354637842 0.004349404271389618 40
1756354638232 0.00431261246755829 41
1756354638621 0.004274969367442573 42
1756354639169 0.004236492640862838 43
1756354639558 0.004197200348947029 44
1756354639948 0.004157110935652686 45
1756354640338 0.004116243219109287 46
1756354640887 0.0040746163827849345 47
1756354641278 0.00403224996648157 48
1756354641667 0.003989163857162905 49
1756354642057 0.003945378279619406 50
1756354642446 0.003900913786974695 51
1756354642995 0.0038557912510378324 52
1756354643386 0.0038100318525060117 53
1756354643776 0.003763657071022247 54
1756354644326 0.0037166886750927535 55
1756354644717 0.0036691487118687164 56
1756354645105 0.003621059496797277 57
1756354645495 0.0035724436031465668 58
1756354645886 0.003523323851409733 59
1756354646432 0.0034737232985929045 60
1756354646822 0.0034236652273921414 61
1756354647212 0.003373173135264447 62
1756354647601 0.0033222707233979674 63
1756354648149 0.0032709818855865616 64
1756354648539 0.0032193306970139577 65
1756354648928 0.003167341402952766 66
1756354649317 0.003115038407383654 67
1756354649867 0.0030624462615400205 68
1756354650259 0.0030095896523835495 69
1756354650652 0.0029564933910160513 70
1756354651202 0.002903182401033034 71
1756354651592 0.0028496817068244676 72
1756354651982 0.0027960164218282396 73
1756354652377 0.002742211736741805 74
1756354652770 0.002688292907697572 75
1756354653320 0.002634285244407576 76
1756354653710 0.002580214098283 77
1756354654100 0.0025261048505341196 78
1756354654491 0.002471982900256267 79
1756354655045 0.002417873652507387 80
1756354655437 0.002363802506382811 81
1756354655826 0.0023097948430928147 82
1756355024676 0.0011910705501020217 1
1756355025085 0.0023821411002040434 2
1756355025487 0.003573211650306065 3
1756355025889 0.004764282200408087 4
1756355026289 0.005955352750510109 5
1756355026956 0.005955352750510109 6
1756355027360 0.005954654001315514 7
1756355027763 0.0059525580817273716 8
1756355028164 0.005949065975578641 9
1756355028744 0.005944179322077789 10
1756355029147 0.005937900415039335 11
1756355029552 0.005930232201807125 12
1756355029953 0.005921178281870843 13
1756355030523 0.005910742905176383 14
1756355030924 0.005898930970130924 15
1756355031326 0.005885748021303587 16
1756355031728 0.005871200246822797 17
1756355032298 0.005855294475471546 18
1756355032698 0.005838038173481944 19
1756355033100 0.005819439441030532 20
1756355033500 0.005799507008436028 21
1756355034065 0.0057782502320612855 22
1756355034468 0.005755679089921377 23
1756355034868 0.005731804176999874 24
1756355035269 0.005706636700275516 25
1756355035838 0.005680188473461619 26
1756355036241 0.005652471911460665 27
1756355036644 0.005623500024536696 28
1756355037047 0.005593286412208253 29
1756355037449 0.005561845256864701 30
1756355038017 0.005529191317108959 31
1756355038422 0.005495339920829758 32
1756355038827 0.005460306958006664 33
1756355039395 0.005424108873251266 34
1756355039799 0.005386762658087999 35
1756355040202 0.0053482858429782665 36
1756355040605 0.005308696489091566 37
1756355041007 0.005268013179827505 38
1756355041574 0.005226255012092682 39
1756355041980 0.00518344158733652 40
1756355042384 0.0051395930023502715 41
1756355042792 0.0050947298398335015 42
1756355043363 0.0050488731587324896 43
1756355043770 0.005002044484355076 44
1756355044175 0.004954265798266597 45
1756355044580 0.004905559527971653 46
1756355045175 0.004855948536386542 47
1756355045582 0.004805456111107324 48
1756355045987 0.004754105953478531 49
1756355046585 0.004701922167467654 50
1756355046989 0.004648929248350654 51
1756355047395 0.004595152071213774 52
1756355047801 0.004540615879277087 53
1756355048206 0.004485346272045214 54
1756355048796 0.004429369193290825 55
1756355049201 0.004372710918876528 56
1756355049607 0.00431539804442087 57
1756355050014 0.004257457472814253 58
1756355050594 0.00419891640159061 59
1756355050999 0.004139802310160774 60
1756355051402 0.004080142946913534 61
1756355051809 0.004019966316190427 62
1756355052389 0.003959300665140399 63
1756355052792 0.0038981744704604717 64
1756355291390 0.0009748522240410375 1
1756355291808 0.001949704448082075 2
1756355292222 0.0029245566721231124 3
1756355292649 0.00389940889616415 4
1756355293326 0.004874261120205187 5
1756355293739 0.004874261120205187 6
1756355294151 0.004873689238184509 7
1756355294563 0.004871973860566162 8
1756355295142 0.004869115792555196 9
1756355295562 0.004865116375740064 10
1756355295976 0.004859977487462869 11
1756355296389 0.0048537015399381335 12
1756355296969 0.004846291479120497 13
1756355297385 0.004837750783321873 14
1756355297798 0.0048280834615787175 15
1756355298216 0.004817294051770169 16
1756355298811 0.004805387618487949 17
1756355299225 0.004792369750659027 18
1756355299638 0.004778246558922151 19
1756355300051 0.004763024672759493 20
1756355300641 0.0047467112373847445 21
1756355301055 0.00472931391038912 22
1756355301468 0.004710840858146856 23
1756355301881 0.004691300751981885 24
1756355302466 0.00467070276409748 25
1756355302880 0.0046490565632707846 26
1756355303294 0.00462637231031425 27
1756355303707 0.004602660653306112 28
1756355304291 0.004577932722592142 29
1756355304706 0.004552200125561014 30
1756355305118 0.004525474941195753 31
1756355305533 0.004497769714403814 32
1756355305948 0.004469097450128449 33
1756355306535 0.004439471607244138 34
1756355306949 0.0044089060922389385 35
1756355307365 0.004377415252686727 36
1756355307779 0.004345013870512389 37
1756355308193 0.004311717155053123 38
1756355308780 0.004277540735919122 39
1756355309197 0.004242500655656972 40
1756355309613 0.00420661336221921 41
1756355310032 0.0041698957012436 42
1756355310635 0.004132364908145716 43
1756355311052 0.004094038600028575 44
1756355311468 0.004054934767413095 45
1756355311883 0.004015071765793275 46
1756355312470 0.003974468307020055 47
1756355312886 0.003933143450517895 48
1756355313301 0.0038911165943382093 49
1756355313891 0.0038484074660538417 50
1756355314305 0.0038050361134988665 51
1756355314729 0.0037610228953580556 52
1756355315143 0.00371638847161043 53
1756355315737 0.0036711537938313842 54
1756355316151 0.003625340095357935 55
1756355316569 0.003578968881321706 56
1756355316982 0.003532061918554337 57
1756355317584 0.003484641225370044 58
1756355318000 0.003436729061230138 59
1756355318418 0.003388347916294344 60
1756355319018 0.0033395205008638303 61
1756355319438 0.003290269734720905 62
1756355598557 0.0010993924490764176 1
1756355599260 0.002198784898152835 2
1756355599690 0.003298177347229253 3
1756355600119 0.00439756979630567 4
1756355600548 0.005496962245382088 5
1756355601158 0.005496962245382088 6
1756355601585 0.005496317288767425 7
1756355602012 0.005494382721668624 8
1756355602612 0.00549115945217915 9
1756355603041 0.005486648993314473 10
1756355603467 0.0054808534623018625 11
1756355603896 0.00547377557958654 12
1756355604498 0.0054654186675547065 13
1756355604925 0.005455786648973984 14
1756355605352 0.005444884045152067 15
1756355605954 0.005432715973814399 16
1756355606381 0.005419288146701888 17
1756355606809 0.005404606866889794 18
1756355607236 0.005388679025829043 19
1756355607832 0.005371512100111354 20
1756355608261 0.00535311414795969 21
1756355608689 0.005333493805445702 22
1756355609279 0.005312660282435924 23
1756355609705 0.00529062335826862 24
1756355610132 0.005267393377163326 25
1756355610560 0.005242981243365237 26
1756355611154 0.0052173984160267 27
1756355611586 0.005190656903828255 28
1756355612014 0.005162769259341706 29
1756355612612 0.005133748573137894 30
1756355613041 0.005103608467641934 31
1756355613467 0.0050723630907387905 32
1756355613894 0.005040027109132208 33
1756355614486 0.005006615701460103 34
1756355614914 0.004972144551169646 35
1756355615340 0.004936629839155394 36
1756355615926 0.004900088236163912 37
1756355616354 0.00486253689496846 38
1756355616779 0.004823993442317413 39
1756355617369 0.0047844759706601936 40
1756355617797 0.004744003029654606 41
1756355618226 0.004702593617459555 42
1756355618654 0.0046602671718172315 43
1756355619239 0.00461704356092896 44
1756355619665 0.00457294307412899 45
1756355620095 0.004527986412360595 46
1756355620679 0.004482194678458975 47
1756355621106 0.004435589367245496 48
1756355621534 0.004388192355437943 49
1756355621962 0.004340025891381492 50
1756355622558 0.004291112584605256 51
1756355622987 0.004241475395209282 52
1756355623416 0.004191137623086986 53
1756355624009 0.004140122896988091 54
1756355624437 0.004088455163427203 55
1756355624867 0.004036158675443215 56
1756355625292 0.00398325798121484 57
1756355625881 0.003929777912537595 58
1756355626312 0.0038757435731676605 59
1756355626741 0.003821180327038077 60
1756355627327 0.0037661137863528146 61
1756355627757 0.0037105697995642993 62
1756355628186 0.0036545744392400535 63
1756355628614 0.0035981539898241243 64
1756355629203 0.0035413349352990645 65
1756355629632 0.0034841439467542426 66
1756355630059 0.0034266078698663317 67
1756355630646 0.0033687537122978404 68
1756355631079 0.0033106086310196094 69
1756355631509 0.0032521999195632215 70
1756355631936 0.00319355499520931 71
1756355632525 0.003134701386117777 72
1756355632960 0.00307566671840597 73
1756355633389 0.0030164787031808703 74
1756355633986 0.0029571651235313864 75
1756355634418 0.0028977538214868676 76
1756355634847 0.002838272684947944 77
1756355635437 0.002778749634595831 78
1756355635868 0.0027192126107862574 79
1756355636299 0.0026596895604341446 80
1756355636727 0.0026002084238952207 81
1756355637319 0.0025407971218507023 82
1756355637749 0.002481483542201219 83
1756355638178 0.002422295526976118 84
1756355638789 0.0023632608592643115 85
1756355639219 0.0023044072501727793 86
1756355639647 0.002245762325818867 87
1756355640078 0.0021873536143624797 88
1756355640679 0.0021292085330842482 89
1756355641109 0.002071354375515757 90
1756355641539 0.0020138182986278465 91
1756355642136 0.0019566273100830246 92
1756355642565 0.0018998082555579641 93
1756355642993 0.0018433878061420348 94
1756355863367 0.000958022691757955 1
1756355863809 0.00191604538351591 2
1756355864247 0.002874068075273865 3
1756355864952 0.00383209076703182 4
1756355865393 0.004790113458789775 5
1756355865836 0.004790113458789775 6
1756355866456 0.004789551451580534 7
1756355866896 0.004787865693761222 8
1756355867513 0.004785056976633239 9
1756355867955 0.004781126618619538 10
1756355868397 0.004776076464645745 11
1756355869013 0.004769908885274151 12
1756355869453 0.004762626775590954 13
1756355869892 0.004754233553847298 14
1756355870511 0.004744733159854733 15
1756355870952 0.0047341300531358495 16
1756355871391 0.004722429210830962 17
1756355872008 0.004709636125361819 18
1756355872447 0.004695756801853438 19
1756355872889 0.00468079775531528 20
1756355873508 0.004664766007583072 21
1756355873955 0.004647669084022734 22
1756355874396 0.004629515009997941 23
1756355875026 0.0046103123071029855 24
1756355875466 0.004590069989162706 25
1756355875903 0.004568797558001367 26
1756355876533 0.004546504998982457 27
1756355876974 0.004523202776321527 28
1756355877414 0.00449890182817424 29
1756355878034 0.004473613561501962 30
1756355878474 0.004447349846717289 31
1756355878914 0.004420123012112023 32
1756355879534 0.004391945838070229 33
1756355879975 0.00436283155106907 34
1756355880600 0.004332793817470244 35
1756355881039 0.004301846737104943 36
1756355881479 0.004270004836655335 37
1756355882102 0.0042372830628356825 38
1756355882543 0.0042036967753762925 39
1756355882983 0.004169261739813602 40
1756355883601 0.004133994120089772 41
1756355884041 0.004097910470965267 42
1756355884482 0.004061027730247987 43
1756355885100 0.004023363210842593 44
1756355885541 0.003984934592623757 45
1756355885982 0.003945759914137168 46
1756355886589 0.003905857564132156 47
1756355887036 0.0038652462729299474 48
1756355887478 0.003823945103631578 49
1756355888105 0.003781973443169593 50
1756355888550 0.003739350993207749 51
1756355888992 0.003696097760892971 52
1756355889614 0.0036522340494639237 53
1756355890056 0.003607780448720583 54
1756355890500 0.0035627578253593097 55
1756355891119 0.003517187313177936 56
1756355891561 0.0034710903031554773 57
1756355892177 0.003424488433411121 58
1756355892619 0.0033774035790472105 59
1756355893062 0.003329857841880983 60
1756355893675 0.00328187354006989 61
1756355894120 0.003233473197635364 62
1756355894563 0.0031846795338899563 63
1756355895184 0.0031355154527728 64
1756355895624 0.0030860040320984106 65
1756355896065 0.0030361685127238674 66
1756355896688 0.0029860322876394643 67
1756355897130 0.0029356188909879476 68
1756355897569 0.002884951987017496 69
1756355898185 0.0028340553589736276 70
1756355898626 0.0027829528979352513 71
1756355899067 0.002731668591600098 72
1756355899678 0.0026802265130248036 73
1756355900122 0.002628650809324919 74
1756355900567 0.0025769656903401553 75
1756355901187 0.0025251954172701937 76
1756355901629 0.002473364291286382 77
1756355902072 0.002421496642124664 78
1756355902682 0.002369616816665111 79
1756355903125 0.0023177491675033936 80
1756355903733 0.002265918041519581 81
1756355904175 0.0022141477684496204 82
1756355904616 0.002162462649464857 83
1756355905222 0.0021108869457649717 84
1756355905665 0.0020594448671896774 85
1756355906106 0.0020081605608545244 86
1756355906709 0.0019570580998161473 87
1756355907149 0.001906161471772279 88
1756355907588 0.001855494567801827 89
1756355908189 0.001805081171150311 90
1756355908628 0.0017549449460659084 91
1756355909069 0.0017051094266913648 92
1756355909668 0.001655598006016975 93
1756356205719 0.0008541524344724824 1
1756356206172 0.0017083048689449647 2
1756356206884 0.002562457303417447 3
1756356207336 0.0034166097378899294 4
1756356207788 0.004270762172362412 5
1756356208416 0.004270762172362412 6
1756356208869 0.004270261111541184 7
1756356209322 0.004268758164277437 8
1756356209975 0.004266254036060572 9
1756356210427 0.0042627499023382975 10
1756356210882 0.00425824740796487 11
1756356211517 0.0042527486664289925 12
1756356211973 0.004246256258861734 13
1756356212618 0.004238773232824934 14
1756356213074 0.004230303100880671 15
1756356213528 0.004220849838942448 16
1756356214198 0.004210417884408882 17
1756356214652 0.004199012134080772 18
1756356215105 0.004186637941862524 19
1756356215743 0.004173301116249005 20
1756356216196 0.004159007917599012 21
1756356216651 0.004143765055196634 22
1756356217298 0.004127579684101893 23
1756356217758 0.004110459401792125 24
1756356218215 0.004092412244595691 25
1756356218869 0.004073446683919703 26
1756356219322 0.0040535716222735016 27
1756356219778 0.00403279638908979 28
1756356220422 0.004011130736345358 29
1756356220876 0.003988584833983465 30
1756356221538 0.003965169265140029 31
1756356221994 0.003940895021175864 32
1756356222448 0.003915773496517284 33
1756356223102 0.003889816483307523 34
1756356223555 0.0038630361658714483 35
1756356224006 0.003835445114996197 36
1756356224658 0.003807056282030393 37
1756356225110 0.003777882992804738 38
1756356225567 0.0037479389413768074 39
1756356226211 0.003717238183603012 40
1756356226668 0.0036857951305407184 41
1756356227125 0.003653624541683644 42
1756356227785 0.003620741518033691 43
1756356228242 0.003587161495012477 44
1756356228912 0.003552900235215888 45
1756356229367 0.0035179738210150495 46
1756356229821 0.0034823986470072033 47
1756356230275 0.0034461914123200127 48
1756356230915 0.003409369112772932 49
1756356231369 0.0033719490328992952 50
1756356231997 0.003333948737832892 51
1756356232452 0.0032953860650628236 52
1756356232906 0.0032562791160605136 53
1756356233562 0.0032166462477828048 54
1756356234016 0.003176506064055134 55
1756356234468 0.0031358774068388187 56
1756356235108 0.0030947793473865707 57
1756356235562 0.0030532311772903673 58
1756356236012 0.00301125239942591 59
1756356236648 0.0029688627187978915 60
1756356237104 0.0029260820332903904 61
1756356237559 0.0028829304243267245 62
1756356238193 0.002839428147443153 63
1756356238650 0.0027955956227808452 64
1756356239104 0.002751453425500589 65
1756356239732 0.002707022276124723 66
1756356240186 0.0026623230308108464 67
1756356240817 0.0026173766715618546 68
1756356241272 0.002572204296376903 69
1756356241727 0.002526827109347923 70
1756356242182 0.0024812664107063368 71
1756356242812 0.0024355435868246454 72
1756356564403 0.001124823491964725 1
1756356564873 0.00224964698392945 2
1756356565598 0.003374470475894175 3
1756356566066 0.0044992939678589 4
1756356566535 0.005624117459823625 5
1756356567172 0.005624117459823625 6
1756356567641 0.005623457581418566 7
1756356568278 0.005621478255952929 8
1756356568747 0.005618180412529931 9
1756356569212 0.005613565599170344 10
1756356569849 0.005607635982085847 11
1756356570318 0.005600394344662201 12
1756356570784 0.00559184408615271 13
1756356571421 0.005581989220082603 14
1756356571885 0.005570834372365068 15
1756356572352 0.005558384779129832 16
1756356572990 0.005544646284265297 17
1756356573457 0.0055296253366754 18
1756356573924 0.005513328987252466 19
1756356574559 0.005495764885567498 20
1756356575025 0.005476941276279434 21
1756356575491 0.005456866995265072 22
1756356576128 0.005435551465471476 23
1756356576594 0.005413004692492805 24
1756356577061 0.0053892372598736485 25
1756356577698 0.005364260324141069 26
1756356578165 0.005338085609567684 27
1756356578631 0.005310725402668245 28
1756356579269 0.005282192546432299 29
1756356579736 0.005252500434295642 30
1756356580203 0.005221663003853382 31
1756356580842 0.005189694730317576 32
1756356581310 0.0051566106197225145 33
1756356581948 0.005122426201880823 34
1756356582419 0.005087157523093712 35
1756356582884 0.005050821138618773 36
1756356583547 0.005013434104898883 37
1756356584012 0.004975013971555834 38
1756356584479 0.00493557877315248 39
1756356585147 0.004895147020727232 40
1756356585616 0.0048537376931049115 41
1756356586085 0.004811370227988012 42
1756356586754 0.004768064512832562 43
1756356587224 0.004723840875512877 44
1756356587692 0.004678720074779575 45
1756356588386 0.004632723290515335 46
1756356588852 0.004585872113792978 47
1756356589321 0.00453818853674053 48
1756356589988 0.004489694942218031 49
1756356590454 0.004440414093310932 50
1756356590927 0.00439036912264501 51
1756356591593 0.004339583521527826 52
1756356592062 0.004288081128921811 53
1756356592530 0.004235886120254158 54
1756356593193 0.004183022996068786 55
1756356593660 0.004129516570525687 56
1756356594129 0.0040753919597530585 57
1756356594783 0.004020674570057694 58
1756356595251 0.003965390085999164 59
1756356595955 0.003909564458333378 60
1756356596424 0.0038532238918312037 61
1756356596892 0.003796394832977835 62
1756356597540 0.003739103957558713 63
1756356598009 0.0036813781581378057 64
1756356598478 0.0036232445314341305 65
1756356599119 0.0035647303656024466 66
1756356599586 0.0035058631274240896 67
1756356600053 0.0034466704494139524 68
1756356600693 0.0033871801168496767 69
1756356601162 0.0033274200547291294 70
1756356601628 0.0032674183146623017 71
1756356602260 0.003207203061703768 72
1756356602726 0.0031468025611319033 73
1756356603195 0.0030862451651810464 74
1756356603823 0.003025559299732845 75
1756356604292 0.002964773450973041 76
1756356604760 0.00290391615201994 77
1756356605389 0.002843015969530848 78
1756356605855 0.0027821014902927772 79
1756356606322 0.002721201307803686 80
1756356606950 0.0026603440088505846 81
1756356607418 0.002599558160090781 82
1756356608042 0.00253887229464258 83
1756356608508 0.002478314898691722 84
1756356608975 0.0024179143981198576 85
1756356609604 0.0023576991451613244 86
1756357014593 0.0013316401736807443 1
1756357015086 0.0026632803473614886 2
1756357015820 0.0039949205210422336 3
1756357016307 0.005326560694722977 4
1756357016794 0.006658200868403722 5
1756357017438 0.006658200868403722 6
1756357017921 0.00665741963928614 7
1756357018565 0.006655076318645438 8
1756357019051 0.006651172006445613 9
1756357019536 0.0066457085353862815 10
1756357020178 0.006638688470042413 11
1756357020664 0.0066301151056605 12
1756357021150 0.00661999246661176 13
1756357021790 0.006608325304503079 14
1756357022276 0.006595119095946587 15
1756357022920 0.006580380039988918 16
1756357023404 0.00656411505520135 17
1756357023889 0.0065463317764322005 18
1756357024528 0.006527038551222999 19
1756357025015 0.0065062444358901204 20
1756357025658 0.006483959191273708 21
1756357026140 0.0064601932781559014 22
1756357026624 0.006434957852350503 23
1756357027265 0.006408264759466398 24
1756357027755 0.0063801265293471675 25
1756357028241 0.006350556370189545 26
1756357028914 0.006319568162343425 27
1756357029399 0.006287176451796378 28
1756357029886 0.006253396443345704 29
1756357030543 0.006218243993461243 30
1756357031030 0.0061817356028422785 31
1756357031687 0.006143888408672053 32
1756357032173 0.006104720176573497 33
1756357032658 0.006064249292269985 34
1756357033310 0.006022494752954995 35
1756357033798 0.005979476158374757 36
1756357034286 0.005935213701628051 37
1756357034935 0.005889728159687487 38
1756357035421 0.005843040883646711 39
1756357036072 0.005795173788698122 40
1756357036560 0.005746149343845788 41
1756357037044 0.0056959905613584065 42
1756357037698 0.005644720985967258 43
1756357038185 0.005592364683814215 44
1756357038836 0.005538946231154997 45
1756357039324 0.005484490702822982 46
1756357039811 0.005429023660458978 47
1756357040459 0.005372571140512487 48
1756357040946 0.005315159642020097 49
1756357041433 0.005256816114166722 50
1756357042081 0.005197567943635555 51
1756357042569 0.005137442941752645 52
1756357043215 0.005076469331432154 53
1756357043699 0.005014675733928406 54
1756357044187 0.004952091155400959 55
1756357044832 0.004888744973298999 56
1756357045320 0.004824666922571448 57
1756357045808 0.00475988708170926 58
1756357046452 0.00469443585862646 59
1756357046942 0.00462834397638655 60
1756357047429 0.004561642458780976 61
1756357048094 0.004494362615766443 62
1756357048581 0.004426536028767894 63
1756357049238 0.004358194535854065 64
1756357049725 0.00428937021679257 65
1756357050209 0.004220095377991529 66
1756357050864 0.004150402537334812 67
1756357051351 0.00408032440891802 68
1756357051838 0.004009893887692353 69
1756357052492 0.003939144034023594 70
1756357052979 0.003868108058173438 71
1756357053631 0.0037968193047104664 72
1756357054118 0.0037253112368580746 73
1756357054606 0.003653617420786703 74
1756357055258 0.0035817715098577373 75
1756357055744 0.0035098072288264966 76
1756357056393 0.003437758358011695 77
1756357056883 0.0033656587174388224 78
1756357057371 0.0032935421509649 79
1756357058016 0.003221442510392028 80
1756357058505 0.0031493936395772253 81
1756357058995 0.003077429358545985 82
1756357059643 0.0030055834476170203 83
1756357060134 0.0029338896315456477 84
1756357060781 0.002862381563693256 85
1756357061269 0.0027910928102302846 86
1756357061756 0.0027200568343801277 87
1756357062399 0.002649306980711369 88
1756357062884 0.002578876459485702 89
1756357063375 0.0025087983310689106 90
1756357064021 0.002439105490412195 91
1756357064509 0.0023698306516111525 92
1756357064996 0.002301006332549657 93
1756357065642 0.002232664839635828 94
1756357066130 0.0021648382526372792 95
1756357370492 0.0017751818819279476 1
1756357371238 0.003550363763855895 2
1756357371736 0.005325545645783842 3
1756357372391 0.00710072752771179 4
1756357372889 0.008875909409639738 5
1756357373388 0.008875909409639738 6
1756357374039 0.00887486793022763 7
1756357374537 0.008871743980865869 8
1756357375193 0.008866539027948666 9
1756357375690 0.008859255514701547 10
1756357376344 0.008849896860034496 11
1756357376843 0.008838467456937102 12
1756357377341 0.008824972670416473 13
1756357377996 0.008809418834978884 14
1756357378496 0.008791813251656327 15
1756357379150 0.008772164184579389 16
1756357379650 0.008750480857098022 17
1756357380299 0.008726773447452079 18
1756357380797 0.008701053083993602 19
1756357381296 0.008673331839963128 20
1756357381963 0.008643622727822466 21
1756357382475 0.00861193969314659 22
1756357383169 0.00857829760807754 23
1756357383671 0.008542712264343374 24
1756357384180 0.008505200365845463 25
1756357384874 0.008465779520817625 26
1756357385377 0.008424468233560741 27
1756357386074 0.008381285895756768 28
1756357386576 0.008336252777366205 29
1756357387252 0.008289390017113289 30
1756357387752 0.008240719612563405 31
1756357388259 0.00819026440979733 32
1756357388929 0.008138048092687197 33
1756357389429 0.008084095171779193 34
1756357390096 0.008028430972788209 35
1756357390597 0.007971081624709851 36
