1756053974133 1.0965351700782775 1
1756053974146 0.8428649365901947 2
1756053974152 0.8758604168891907 3
1756053974160 0.8346808671951294 4
1756053974166 0.7617056787014007 5
1756053974173 0.6231479942798615 6
1756053974180 0.6067702233791351 7
1756053974187 0.5453342258930206 8
1756053974194 0.510382479429245 9
1756053974201 0.47564812302589415 10
1756053974207 0.4526826411485672 11
1756053974214 0.45262464284896853 12
1756053974221 0.45950264632701876 13
1756053974228 0.4378558278083801 14
1756053974235 0.39908669590950013 15
1756053974241 0.4087242424488068 16
1756053974248 0.3923110216856003 17
1756053974256 0.4296734631061554 18
1756053974263 0.42916270196437833 19
1756053974270 0.41738792359828947 20
1756053974277 0.3647730588912964 21
1756053974284 0.34025599658489225 22
1756053974291 0.36591853499412536 23
1756053974298 0.32351103127002717 24
1756053974304 0.31463751196861267 25
1756053974312 0.30641753077507017 26
1756053974318 0.29711459279060365 27
1756053974326 0.30190531015396116 28
1756053974332 0.30157825648784636 29
1756053974340 0.30031268000602723 30
1756053974347 0.2893435448408127 31
1756053974354 0.28137101531028746 32
1756053974361 0.2741342052817345 33
1756053974370 0.28456059396266936 34
1756053974378 0.2775663256645203 35
1756053974385 0.2769570842385292 36
1756053974392 0.24793780595064163 37
1756053974399 0.2545281156897545 38
1756053974407 0.2547131091356277 39
1756053974414 0.23503924459218978 40
1756053974420 0.24893212765455247 41
1756053974428 0.25178217589855195 42
1756053974435 0.2772412970662117 43
1756053974442 0.27008565962314607 44
1756053974450 0.29045430123806 45
1756053974458 0.26947920918464663 46
1756053974465 0.2729562073945999 47
1756053974472 0.2259610563516617 48
1756053974480 0.2477859601378441 49
1756053974487 0.23174362927675246 50
1756053974495 0.21445414125919343 51
1756053974503 0.22179844677448274 52
