1756053974133 3.134855628013611 1
1756053974146 1.4337016463279724 2
1756053974152 1.653278911113739 3
1756053974160 1.3882778942584992 4
1756053974166 1.289233535528183 5
1756053974173 0.8207750082015991 6
1756053974180 0.6862727642059326 7
1756053974187 0.5716584980487823 8
1756053974194 0.45868233144283294 9
1756053974201 0.40762010514736174 10
1756053974207 0.3750827878713608 11
1756053974214 0.3932287931442261 12
1756053974221 0.38943553268909453 13
1756053974228 0.3491212368011475 14
1756053974235 0.3100398153066635 15
1756053974241 0.30154055953025816 16
1756053974248 0.2904758617281914 17
1756053974256 0.3617602899670601 18
1756053974263 0.3632977455854416 19
1756053974270 0.3435351699590683 20
1756053974277 0.24643298834562302 21
1756053974284 0.2091049239039421 22
1756053974291 0.24341037273406982 23
1756053974298 0.21031828373670577 24
1756053974304 0.18218696266412734 25
1756053974312 0.17272362262010574 26
1756053974318 0.14822002425789832 27
1756053974326 0.1838663101196289 28
1756053974332 0.18420834839344025 29
1756053974340 0.19171742349863052 30
1756053974347 0.15550298765301704 31
1756053974354 0.14901238530874253 32
1756053974361 0.14289828017354012 33
1756053974370 0.16204986721277237 34
1756053974378 0.15492911040782928 35
1756053974385 0.13385294303297995 36
1756053974392 0.10741890594363213 37
1756053974399 0.1178472600877285 38
1756053974407 0.11379640325903892 39
1756053974414 0.0972969688475132 40
1756053974420 0.1213440679013729 41
1756053974428 0.12283748388290405 42
1756053974435 0.1457021079957485 43
1756053974442 0.15655639693140982 44
1756053974450 0.14881456419825553 45
1756053974458 0.16425625681877137 46
1756053974465 0.13799539655447007 47
1756053974472 0.10189489722251892 48
1756053974480 0.1075325921177864 49
1756053974487 0.09093331694602966 50
1756053974495 0.09707716479897499 51
1756053974503 0.09273839294910431 52
