1756058054462 1.0717646062374115 1
1756058054474 0.9075736090540886 2
1756058054482 0.8016583189368248 3
1756058054490 0.8517391145229339 4
1756058054498 0.943176981806755 5
1756058054505 0.9158246129751205 6
1756058054513 0.841253325343132 7
1756058054521 0.919047600030899 8
1756058054529 0.6429272592067719 9
1756058054537 0.6573841974139214 10
1756058054546 0.5478759542107582 11
1756058054554 0.5223095044493675 12
1756058054563 0.5885192394256592 13
1756058054571 0.47881415486335754 14
1756058054580 0.36631437204778194 15
1756058054587 0.3817452408373356 16
1756058054595 0.40731019377708433 17
1756058054603 0.4270169802010059 18
1756058054611 0.3242624133825302 19
1756058054619 0.3272867724299431 20
1756058054628 0.3693613804876804 21
1756058054636 0.4356716349720955 22
1756058054645 0.34920096918940546 23
1756058054654 0.29307798892259596 24
1756058054662 0.2793873965740204 25
1756058054671 0.31208215057849886 26
1756058054680 0.33549724742770193 27
1756058054688 0.2891336649656296 28
1756058054696 0.2833828888833523 29
1756058054704 0.278599289059639 30
1756058054713 0.26038912534713743 31
1756058054721 0.43642803058028223 32
1756058054729 0.27030119076371195 33
1756058054737 0.2654514193534851 34
1756058054745 0.2744433514773846 35
1756058054754 0.23974432572722434 36
1756058054762 0.30544552505016326 37
1756058054770 0.28191924020648 38
1756058054779 0.2924630522727966 39
1756058054788 0.24826860502362252 40
1756058054797 0.24274993538856507 41
1756058054807 0.23673695027828218 42
1756058054816 0.2542786166071892 43
1756058054824 0.262875035405159 44
1756058054832 0.2304570771753788 45
1756058054841 0.23922513350844382 46
1756058054850 0.2608923129737377 47
1756058054858 0.24778563976287843 48
1756058054867 0.23399939611554146 49
1756058054875 0.1929148443043232 50
1756058054884 0.22364345453679563 51
1756058054893 0.21037909016013145 52
1756058054901 0.18629202619194984 53
1756058054910 0.18871786519885064 54
1756058054919 0.2323615912348032 55
1756058054928 0.3174075648188591 56
1756058054937 0.19606307595968248 57
1756058054946 0.18807999044656754 58
1756058054955 0.22403342388570308 59
1756058054964 0.16020284742116928 60
1756058054973 0.14201144147664307 61
1756058054982 0.19468131437897682 62
1756058054990 0.24188341461122037 63
1756058054999 0.18991104178130627 64
1756058055008 0.2129619438201189 65
1756058055017 0.1631749000400305 66
1756058055026 0.14640679992735386 67
1756058055036 0.22700956016778945 68
1756058055045 0.21657223701477052 69
1756058055054 0.22169799096882342 70
1756058055063 0.17969159744679927 71
1756058055072 0.20645094886422158 72
1756058055081 0.24849756248295307 73
1756058055090 0.15822116360068322 74
1756058055099 0.19881957061588765 75
1756058055108 0.1421758782118559 76
1756058055117 0.3286971405148506 77
1756058055126 0.17150288373231887 78
1756058055135 0.17543515823781491 79
1756058055144 0.25081863552331923 80
1756058055153 0.19699206240475178 81
1756058055163 0.15084536261856557 82
1756058055172 0.15933345407247543 83
1756058055182 0.1595106765627861 84
1756058055192 0.1851419944316149 85
1756058055202 0.1681355357170105 86
1756058055211 0.16391046047210694 87
1756058055220 0.15257590934634208 88
1756058055229 0.1290334340184927 89
1756058055238 0.14628603644669055 90
1756058055247 0.2558942135423422 91
1756058055257 0.187525524944067 92
1756058055266 0.1349063389003277 93
1756058055276 0.13801788315176963 94
1756058055286 0.16313762292265893 95
1756058055295 0.20756618976593016 96
1756058055305 0.13221671357750892 97
1756058055314 0.14247344769537448 98
1756058055323 0.12332925014197826 99
1756058055333 0.15390697866678238 100
