1756058054462 0.7961876124143601 1
1756058054474 0.7131713211536408 2
1756058054482 0.6706343561410903 3
1756058054490 0.6750146478414536 4
1756058054498 0.723001453280449 5
1756058054505 0.7103224188089371 6
1756058054513 0.69557785987854 7
1756058054521 0.6905163526535034 8
1756058054529 0.6112571656703949 9
1756058054537 0.6018120035529136 10
1756058054546 0.5501663148403168 11
1756058054554 0.5242905884981155 12
1756058054563 0.5573636934161186 13
1756058054571 0.522529985010624 14
1756058054580 0.4491817019879818 15
1756058054587 0.47423293739557265 16
1756058054595 0.48446429818868636 17
1756058054603 0.4930668443441391 18
1756058054611 0.4314005643129349 19
1756058054619 0.42113096863031385 20
1756058054628 0.44567104429006577 21
1756058054636 0.4979466125369072 22
1756058054645 0.44346631318330765 23
1756058054654 0.4110895827412605 24
1756058054662 0.3996104642748833 25
1756058054671 0.42969769090414045 26
1756058054680 0.4399757146835327 27
1756058054688 0.40404604375362396 28
1756058054696 0.40920800119638445 29
1756058054704 0.4065803959965706 30
1756058054713 0.38837139755487443 31
1756058054721 0.4500602215528488 32
1756058054729 0.39829523861408234 33
1756058054737 0.38384885191917417 34
1756058054745 0.39160615801811216 35
1756058054754 0.3694299593567848 36
1756058054762 0.3929110750555992 37
1756058054770 0.4000452071428299 38
1756058054779 0.4026066571474075 39
1756058054788 0.36836567223072053 40
1756058054797 0.3697387531399727 41
1756058054807 0.36317714899778364 42
1756058054816 0.38841658383607863 43
1756058054824 0.3882423460483551 44
1756058054832 0.35667239427566527 45
1756058054841 0.36547320932149885 46
1756058054850 0.3838998660445213 47
1756058054858 0.35002194344997406 48
1756058054867 0.3674283713102341 49
1756058054875 0.3374072477221489 50
1756058054884 0.36292011514306066 51
1756058054893 0.35029408186674116 52
1756058054901 0.3267171010375023 53
1756058054910 0.3234678126871586 54
1756058054919 0.35166735053062437 55
1756058054928 0.3796001926064491 56
1756058054937 0.3358121082186699 57
1756058054946 0.3367035761475563 58
1756058054955 0.35777283161878587 59
1756058054964 0.3026728704571724 60
1756058054973 0.28646130338311193 61
1756058054982 0.33106336295604705 62
1756058054990 0.348158011585474 63
1756058054999 0.32922726720571516 64
1756058055008 0.33469130992889407 65
1756058055017 0.3089604191482067 66
1756058055026 0.29058350399136545 67
1756058055036 0.3438503988087177 68
1756058055045 0.32338760495185853 69
1756058055054 0.32401925697922707 70
1756058055063 0.3258126512169838 71
1756058055072 0.32404791936278343 72
1756058055081 0.3484568528831005 73
1756058055090 0.3010297879576683 74
1756058055099 0.32771133854985235 75
1756058055108 0.2850525364279747 76
1756058055117 0.378950534760952 77
1756058055126 0.3185736007988453 78
1756058055135 0.3163559138774872 79
1756058055144 0.34031476974487307 80
1756058055153 0.3288101777434349 81
1756058055163 0.3001396395266056 82
1756058055172 0.3001689612865448 83
1756058055182 0.29327700957655906 84
1756058055192 0.3148826502263546 85
1756058055202 0.30805148780345915 86
1756058055211 0.30622328743338584 87
1756058055220 0.29530683159828186 88
1756058055229 0.27485912665724754 89
1756058055238 0.28882420510053636 90
1756058055247 0.33708327561616896 91
1756058055257 0.31645831316709516 92
1756058055266 0.27641211450099945 93
1756058055276 0.2899882569909096 94
1756058055286 0.2978965476155281 95
1756058055295 0.3208942115306854 96
1756058055305 0.27605145424604416 97
1756058055314 0.29386521205306054 98
1756058055323 0.27022831067442893 99
1756058055333 0.2983143649995327 100
