1755913797307 1.4882025361061095 1
1755913797319 0.8790361940860748 2
1755913797325 0.8367650151252747 3
1755913797334 0.8034595310688019 4
1755913797341 0.5881742358207702 5
1755913797352 0.44755834639072417 6
1755913797358 0.41393588334321973 7
1755913797364 0.32390818297863005 8
1755913797370 0.2939573600888252 9
1755913797377 0.26861916184425355 10
1755913797383 0.23151452094316483 11
1755913797389 0.19058178812265397 12
1755913797395 0.19546983242034913 13
1755913797402 0.17520217970013618 14
1755913797408 0.15628983154892923 15
1755913797415 0.1265894040465355 16
1755913797421 0.1344188891351223 17
1755913797427 0.11200379580259323 18
1755913797433 0.10662796571850777 19
1755913797440 0.09659135863184928 20
1755913797446 0.10119729191064834 21
1755913797452 0.08813726529479027 22
1755913797458 0.08248955905437469 23
1755913797464 0.07766794487833976 24
1755913797471 0.07124160788953304 25
1755913797477 0.06725730150938034 26
1755913797484 0.06984720639884472 27
1755913797490 0.06725397482514381 28
1755913797497 0.07242639996111393 29
1755913797503 0.08211369402706623 30
1755913797510 0.06475575491786004 31
1755913797516 0.06795262470841408 32
1755913797522 0.06979533284902573 33
1755913797529 0.06100739501416683 34
1755913797535 0.06652365624904633 35
1755913797542 0.064145727455616 36
1755913797548 0.047721227258443834 37
1755913797554 0.046578329242765906 38
1755913797561 0.0541953943669796 39
1755913797567 0.05737764239311218 40
1755913797574 0.0648719098418951 41
1755913797581 0.05632166042923927 42
1755913797588 0.08848683722317219 43
1755913797595 0.10087978206574917 44
1755913797601 0.0748293787240982 45
