1755913816098 0.8127919256687164 1
1755913816117 0.6576121389865875 2
1755913816125 0.6070623219013214 3
1755913816134 0.6358904778957367 4
1755913816143 0.5934063553810119 5
1755913816151 0.5576650410890579 6
1755913816160 0.4850807160139084 7
1755913816168 0.4492537587881088 8
1755913816176 0.39826118052005766 9
1755913816185 0.35868026614189147 10
1755913816193 0.3382040083408356 11
1755913816201 0.33382035195827486 12
1755913816210 0.3108903616666794 13
1755913816218 0.2841067433357239 14
1755913816226 0.2727523595094681 15
1755913816233 0.2641418740153313 16
1755913816242 0.25765384882688525 17
1755913816250 0.26488686054944993 18
1755913816259 0.23978328555822373 19
1755913816267 0.24873355776071548 20
1755913816276 0.22349519282579422 21
1755913816284 0.23942456990480424 22
1755913816292 0.2276560977101326 23
1755913816300 0.21640705913305283 24
1755913816309 0.22417991012334823 25
1755913816316 0.2194432333111763 26
1755913816325 0.20727043300867082 27
1755913816334 0.19556533992290498 28
1755913816342 0.18936995565891265 29
1755913816352 0.19885448068380357 30
1755913816361 0.2001558169722557 31
1755913816369 0.17753134071826934 32
1755913816377 0.18918438255786896 33
1755913816385 0.17676043510437012 34
1755913816393 0.1702718660235405 35
1755913816401 0.15803494602441787 36
1755913816410 0.17631391137838365 37
1755913816419 0.16363137811422349 38
1755913816427 0.16881964355707169 39
1755913816436 0.18645351231098176 40
1755913816444 0.1810478687286377 41
1755913816452 0.18626619428396224 42
1755913816461 0.17476814687252046 43
1755913816470 0.1579038083553314 44
1755913816479 0.15088402852416039 45
