1755913797307 1.2567472875118255 1
1755913797319 0.8187884151935577 2
1755913797325 0.7743596971035004 3
1755913797334 0.765002179145813 4
1755913797341 0.5440551519393921 5
1755913797352 0.44202530980110166 6
1755913797358 0.3973866730928421 7
1755913797364 0.3066801607608795 8
1755913797370 0.2788819998502731 9
1755913797377 0.2468119293451309 10
1755913797383 0.22984630316495896 11
1755913797389 0.19028094559907913 12
1755913797395 0.18516926988959312 13
1755913797402 0.16652049049735068 14
1755913797408 0.14871787652373314 15
1755913797415 0.12118331715464592 16
1755913797421 0.12724422216415404 17
1755913797427 0.10064677000045777 18
1755913797433 0.10156713798642159 19
1755913797440 0.092816673964262 20
1755913797446 0.09720680415630341 21
1755913797452 0.08119283877313137 22
1755913797458 0.07733749896287918 23
1755913797464 0.07412575632333755 24
1755913797471 0.06893709264695644 25
1755913797477 0.06507759913802147 26
1755913797484 0.0646104697138071 27
1755913797490 0.06392182521522045 28
1755913797497 0.0665041882544756 29
1755913797503 0.07811609432101249 30
1755913797510 0.06051270216703415 31
1755913797516 0.06426643989980221 32
1755913797522 0.0675343818962574 33
1755913797529 0.05848783329129219 34
1755913797535 0.06181006617844105 35
1755913797542 0.06105586402118206 36
1755913797548 0.0455814566463232 37
1755913797554 0.043413485214114186 38
1755913797561 0.052991156652569774 39
1755913797567 0.05180100277066231 40
1755913797574 0.061406252160668376 41
1755913797581 0.05303230807185173 42
1755913797588 0.0716317631304264 43
1755913797595 0.07861091457307338 44
1755913797601 0.060091658309102056 45
