1755913816098 1.4142370462417602 1
1755913816117 0.8387967944145203 2
1755913816125 0.6703959554433823 3
1755913816134 0.75066037774086 4
1755913816143 0.7219089865684509 5
1755913816151 0.6671058923006058 6
1755913816160 0.4321361631155014 7
1755913816168 0.40125752836465833 8
1755913816176 0.32865633368492125 9
1755913816185 0.2399382323026657 10
1755913816193 0.2185263991355896 11
1755913816201 0.20597537606954575 12
1755913816210 0.17895077168941498 13
1755913816218 0.1488292209804058 14
1755913816226 0.13447188958525658 15
1755913816233 0.13461168110370636 16
1755913816242 0.12878147885203362 17
1755913816250 0.14511526599526406 18
1755913816259 0.11365745440125466 19
1755913816267 0.12113282755017281 20
1755913816276 0.08905321955680848 21
1755913816284 0.10907981954514981 22
1755913816292 0.10520049892365932 23
1755913816300 0.0841011606156826 24
1755913816309 0.10107102915644646 25
1755913816316 0.10303139500319958 26
1755913816325 0.08073436990380287 27
1755913816334 0.07418722361326217 28
1755913816342 0.07521933615207672 29
1755913816352 0.08135180398821831 30
1755913816361 0.07223939560353757 31
1755913816369 0.06158233694732189 32
1755913816377 0.07457824945449829 33
1755913816385 0.059852315485477446 34
1755913816393 0.05613926723599434 35
1755913816401 0.045828719064593314 36
1755913816410 0.06285958960652352 37
1755913816419 0.05459393672645092 38
1755913816427 0.06008346527814865 39
1755913816436 0.0703503716737032 40
1755913816444 0.06025473363697529 41
1755913816452 0.06734237372875214 42
1755913816461 0.06319924183189869 43
1755913816470 0.050735154375433925 44
1755913816479 0.04339744336903095 45
