1755913779198 0.8852029979228974 1
1755913779204 0.7465118646621705 2
1755913779209 0.6666895687580109 3
1755913779214 0.621334969997406 4
1755913779218 0.5324126124382019 5
1755913779223 0.5579892486333847 6
1755913779227 0.48316387832164764 7
1755913779232 0.43712406158447265 8
1755913779237 0.41025337278842927 9
1755913779241 0.38779176473617555 10
1755913779246 0.37125842571258544 11
1755913779251 0.3357937693595886 12
1755913779256 0.3303114175796509 13
1755913779262 0.3159061521291733 14
1755913779267 0.29697615206241607 15
1755913779272 0.28924906849861143 16
1755913779276 0.28671431839466094 17
1755913779281 0.301274773478508 18
1755913779286 0.2639767572283745 19
1755913779291 0.24586749225854873 20
1755913779296 0.25596635937690737 21
1755913779300 0.23761746436357498 22
1755913779305 0.23482176512479783 23
1755913779310 0.23605770021677017 24
1755913779314 0.23542829602956772 25
1755913779319 0.21650982797145843 26
1755913779325 0.19640568047761917 27
1755913779330 0.1917777791619301 28
1755913779334 0.20341967344284057 29
1755913779339 0.18251103162765503 30
1755913779345 0.22561452984809877 31
1755913779350 0.23434657901525496 32
1755913779355 0.20819337517023087 33
1755913779360 0.22247634679079056 34
1755913779366 0.21349421590566636 35
1755913779371 0.18414248079061507 36
1755913779376 0.18471102118492128 37
