1755987483426 3.327215623855591 1
1755987483437 2.2280052423477175 2
1755987483442 2.0967135667800902 3
1755987483446 1.4409784078598022 4
1755987483451 1.073738157749176 5
1755987483456 1.1065632700920105 6
1755987483461 0.8674304842948913 7
1755987483466 0.7566103339195251 8
1755987483471 0.6697084903717041 9
1755987483477 0.5676385819911957 10
1755987483481 0.5923195719718933 11
1755987483486 0.44036352038383486 12
1755987483491 0.42677661776542664 13
1755987483496 0.42065386176109315 14
1755987483500 0.3897661030292511 15
1755987483505 0.43464266657829287 16
1755987483510 0.42840810418128966 17
1755987483514 0.3493675053119659 18
1755987483520 0.3460624873638153 19
1755987483524 0.3536720275878906 20
1755987483529 0.3024986982345581 21
1755987483534 0.29992368817329407 22
1755987483539 0.2640053004026413 23
1755987483544 0.28437106907367704 24
1755987483549 0.2978495419025421 25
1755987483554 0.28565765619277955 26
1755987483558 0.261875182390213 27
1755987483563 0.2521861165761948 28
1755987483569 0.26159707009792327 29
1755987483573 0.20473074316978454 30
1755987483578 0.20278570652008057 31
1755987483583 0.207002392411232 32
1755987483589 0.22682532668113708 33
1755987483595 0.22747377157211304 34
1755987483600 0.21419424414634705 35
1755987483607 0.17935554981231688 36
1755987483612 0.15668192207813264 37
1755987483617 0.17593210637569429 38
1755987483622 0.1696080356836319 39
1755987483628 0.2011542499065399 40
1755987483632 0.19028258919715882 41
1755987483638 0.19842127859592437 42
1755987483644 0.16338006854057313 43
1755987483649 0.21448171734809876 44
1755987483654 0.22588913440704345 45
1755987483659 0.19274282157421113 46
1755987483665 0.17478861510753632 47
1755987483670 0.14516452252864837 48
1755987483675 0.14395326972007752 49
1755987483680 0.14649320691823958 50
1755987483685 0.13254914730787276 51
1755987483692 0.13026313185691835 52
1755987483697 0.12917861193418503 53
1755987483702 0.12874802052974701 54
1755987483707 0.13690630495548248 55
1755987483712 0.12050833702087402 56
1755987483717 0.13288426399230957 57
1755987483722 0.12343294471502304 58
1755987483728 0.09365054070949555 59
1755987483733 0.09919635206460953 60
1755987483739 0.09546570628881454 61
1755987483744 0.10653501749038696 62
1755987483750 0.10396575927734375 63
1755987483755 0.10465637296438217 64
1755987483761 0.09966930598020554 65
1755987483766 0.09627923518419265 66
1755987483771 0.09822893291711807 67
1755987483777 0.10705074220895767 68
1755987483783 0.10594334453344345 69
1755987483788 0.08530989140272141 70
1755987483793 0.08975304961204529 71
1755987483799 0.07965417504310608 72
1755987483804 0.08932234346866608 73
1755987483810 0.08517864346504211 74
1755987483815 0.07360159307718277 75
1755987483822 0.07233169674873352 76
1755987483827 0.07151898145675659 77
