1755987498170 3.7934187412261964 1
1755987498180 2.393270182609558 2
1755987498188 1.8073612213134767 3
1755987498196 2.256435489654541 4
1755987498203 1.3742113709449768 5
1755987498210 1.0177095413208008 6
1755987498217 0.7832073926925659 7
1755987498223 0.6278415203094483 8
1755987498230 0.6615437507629395 9
1755987498238 0.5809363842010498 10
1755987498244 0.5648592114448547 11
1755987498250 0.514096474647522 12
1755987498257 0.489900541305542 13
1755987498263 0.49667246341705323 14
1755987498272 0.3951111435890198 15
1755987498279 0.39476518034935 16
1755987498285 0.39243696331977845 17
1755987498292 0.4288949131965637 18
1755987498298 0.3630718946456909 19
1755987498306 0.3096826791763306 20
1755987498312 0.29693126678466797 21
1755987498320 0.2896689176559448 22
1755987498326 0.27828545570373536 23
1755987498333 0.25681152641773225 24
1755987498339 0.25737853944301603 25
1755987498346 0.23403126299381255 26
1755987498352 0.23608000278472902 27
1755987498359 0.26632952988147734 28
1755987498366 0.2547432392835617 29
1755987498373 0.2521821767091751 30
1755987498380 0.2588403582572937 31
1755987498391 0.22136835157871246 32
1755987498398 0.23409433364868165 33
1755987498405 0.26324776113033294 34
1755987498412 0.19689932465553284 35
1755987498418 0.18750434815883638 36
1755987498426 0.17185573577880858 37
1755987498433 0.1702735811471939 38
1755987498440 0.18854254484176636 39
1755987498447 0.18970417678356172 40
1755987498455 0.19513128995895385 41
1755987498462 0.16060470044612885 42
1755987498468 0.15883289873600007 43
1755987498475 0.15976767539978026 44
1755987498482 0.14185377359390258 45
1755987498490 0.12185198217630386 46
1755987498497 0.13206419497728347 47
1755987498504 0.15682860910892488 48
1755987498511 0.1495098203420639 49
1755987498518 0.1351277768611908 50
1755987498528 0.14637031108140947 51
1755987498535 0.13773297816514968 52
1755987498543 0.11964174956083298 53
1755987498550 0.1211804360151291 54
1755987498557 0.13286320567131044 55
1755987498564 0.11044968962669373 56
1755987498571 0.12146648019552231 57
1755987498579 0.10142256468534469 58
1755987498585 0.09882740527391434 59
