1756053040901 0.0005557487931579525 1
1756053040914 0.001111497586315905 2
1756053040921 0.0016672463794738576 3
1756053040927 0.00222299517263181 4
1756053040934 0.0027787439657897626 5
1756053040941 0.0027787439657897626 6
1756053040947 0.002777984610228721 7
1756053040954 0.0027757073738897547 8
1756053040960 0.002771914746897365 9
1756053040967 0.0027666108764334866 10
1756053040974 0.0027598015622025997 11
1756053040980 0.002751494250089844 12
1756053040987 0.0027416980240190466 13
1756053040994 0.00273042359601959 14
1756053041001 0.002717683294512962 15
1756053041007 0.002703491050831809 16
1756053041014 0.0026878623839862274 17
1756053041021 0.002670814383693956 18
1756053041028 0.002652365691693017 19
1756053041035 0.0026325364813572535 20
1756053041042 0.002611348435637037 21
1756053041049 0.0025888247233492845 22
1756053041056 0.0025649899738426907 23
1756053041063 0.0025398702500659047 24
1756053041070 0.0025134930200680717 25
1756053041077 0.002485887126962927 26
1756053041084 0.002457082757389277 27
1756053041091 0.002427111408502347 28
1756053041098 0.002396005853532112 29
1756053041105 0.0023638001059462423 30
1756053041113 0.002330529382256886 31
1756053041120 0.0022962300635119195 32
1756053041127 0.0022609396555128137 33
1756053041135 0.0022246967478025867 34
1756053041142 0.0021875409714687067 35
1756053041149 0.0021495129558070794 36
1756053041156 0.002110654283894509 37
1756053041164 0.0020710074471182146 38
1756053041171 0.002030615798712122 39
1756053041179 0.001989523506350739 40
1756053041186 0.0019477755038524523 41
1756053041194 0.001905417442045055 42
1756053041201 0.0018624956388472397 43
1756053041208 0.0018190570286206308 44
1756053041215 0.0017751491108477522 45
1756053041223 0.0017308198981920387 46
1756053041230 0.001686117863996695 47
1756053041237 0.0016410918892798044 48
1756053041244 0.0015957912092836551 49
1756053041252 0.001550265359636726 50
1756053041259 0.001504564122187201 51
1756053041266 0.0014587374705672528 52
1756053041274 0.0014128355155476082 53
1756053041281 0.0013669084502421543 54
1756053041289 0.0013210064952225095 55
1756053041296 0.0012751798436025617 56
1756053041304 0.0012294786061530366 57
1756053041312 0.001183952756506107 58
1756053041319 0.0011386520765099585 59
1756053041327 0.0010936261017930678 60
1756053041334 0.0010489240675977235 61
1756053041342 0.0010045948549420106 62
1756053041350 0.0009606869371691318 63
1756053041358 0.0009172483269425227 64
1756053041365 0.0008743265237447069 65
1756053041373 0.0008319684619373104 66
1756053041381 0.0007902204594390235 67
1756053041389 0.0007491281670776406 68
1756053041397 0.0007087365186715485 69
1756053041404 0.000669089681895254 70
1756053041412 0.0006302310099826835 71
1756053041419 0.000592202994321056 72
1756053041427 0.0005550472179871761 73
1756053041435 0.000518804310276949 74
1756053041442 0.00048351390227784297 75
1756053041450 0.00044921458353287683 76
1756053041457 0.00041594385984351995 77
1756053041465 0.0003837381122576511 78
1756053041472 0.000352632557287416 79
1756053041480 0.00032266120840048634 80
1756053041488 0.00029385683882683563 81
1756053041496 0.00026625094572169117 82
1756053041503 0.00023987371572385774 83
1756053041511 0.00021475399194707145 84
1756053041519 0.00019091924244047813 85
1756053041526 0.00016839553015272546 86
1756053041534 0.00014720748443250927 87
1756053041543 0.00012737827409674553 88
1756053041551 0.00010892958209580672 89
1756053041559 9.188158180353516e-05 90
1756053041566 7.625291495795365e-05 91
1756053041575 6.206067127680045e-05 92
1756053041582 4.932036977017262e-05 93
1756053041590 3.8045941770716044e-05 94
1756053041598 2.8249715699918767e-05 95
1756053041606 1.994240358716272e-05 96
1756053041614 1.3133089356276176e-05 97
1756053041622 7.82921889239737e-06 98
1756053041630 4.036591900008008e-06 99
