1756053016118 1.6098463535308838 1
1756053016127 1.3960293054580688 2
1756053016131 1.1603844881057739 3
1756053016136 1.4205072522163391 4
1756053016140 1.077231329679489 5
1756053016148 0.8587405204772949 6
1756053016152 0.7098368108272552 7
1756053016157 0.6527424931526185 8
1756053016161 0.4543134570121765 9
1756053016166 0.47354446053504945 10
1756053016170 0.39421766698360444 11
1756053016174 0.3906527906656265 12
1756053016179 0.3849547803401947 13
1756053016183 0.4001215070486069 14
1756053016188 0.40776181519031524 15
1756053016192 0.401586639881134 16
1756053016197 0.37580294013023374 17
1756053016201 0.3394801884889603 18
1756053016206 0.29538615196943285 19
1756053016210 0.2599493458867073 20
1756053016215 0.24048448503017425 21
1756053016220 0.2167431429028511 22
1756053016225 0.2594614639878273 23
1756053016230 0.20802253782749175 24
1756053016235 0.19623616337776184 25
1756053016241 0.21039077639579773 26
1756053016246 0.19862199574708939 27
1756053016250 0.20420834720134734 28
1756053016256 0.1856552004814148 29
1756053016260 0.18247680217027665 30
1756053016266 0.18067674934864045 31
1756053016270 0.15688124001026155 32
1756053016275 0.20829424411058425 33
1756053016280 0.20415078848600388 34
1756053016285 0.18204022347927093 35
1756053016290 0.21493799835443497 36
1756053016295 0.17715616449713706 37
1756053016299 0.19056082963943483 38
1756053016304 0.15297268182039261 39
1756053016309 0.14828937202692033 40
1756053016314 0.18054258823394775 41
1756053016319 0.14866238087415695 42
1756053016324 0.14389671459794046 43
1756053016329 0.15385440960526467 44
1756053016334 0.12377683818340302 45
1756053016338 0.12428068965673447 46
1756053016343 0.14528234526515008 47
1756053016348 0.1220043420791626 48
1756053016353 0.11154915913939475 49
1756053016358 0.10877569764852524 50
1756053016363 0.0991161122918129 51
1756053016368 0.09416411779820918 52
1756053016373 0.09563957825303078 53
1756053016378 0.09122764542698861 54
1756053016383 0.09132102131843567 55
1756053016388 0.08944005370140076 56
1756053016393 0.091119883954525 57
1756053016398 0.09566943533718586 58
1756053016403 0.09520687982439995 59
1756053016409 0.08185694999992847 60
1756053016414 0.0747136689722538 61
1756053016420 0.08726419359445572 62
1756053016425 0.08644667379558087 63
1756053016430 0.07248650453984737 64
1756053016436 0.07771672680974007 65
1756053016441 0.0774021964520216 66
1756053016446 0.06469495221972466 67
1756053016451 0.0678766131401062 68
1756053016456 0.06409610956907272 69
1756053016461 0.06291060224175453 70
1756053016467 0.059777209907770155 71
1756053016472 0.06501708440482616 72
1756053016478 0.05687686800956726 73
1756053016483 0.061191384494304654 74
1756053016489 0.05264438763260841 75
1756053016494 0.05125190503895283 76
1756053016499 0.06797512918710709 77
1756053016505 0.05906631276011467 78
1756053016510 0.05592219233512878 79
1756053016516 0.05175937600433826 80
1756053016521 0.0552502766251564 81
1756053016527 0.05347356647253036 82
1756053016532 0.052866308763623235 83
1756053016538 0.058818095922470094 84
1756053016543 0.0569784939289093 85
1756053016549 0.05277874171733856 86
1756053016555 0.04744377657771111 87
1756053016561 0.06001441776752472 88
1756053016567 0.04831631593406201 89
1756053016573 0.0515777163207531 90
1756053016578 0.048479311540722846 91
1756053016584 0.049557481333613394 92
1756053016590 0.06608855128288268 93
1756053016595 0.06280428394675255 94
1756053016601 0.04747712574899197 95
1756053016606 0.051977310329675674 96
1756053016612 0.0500789113342762 97
1756053016618 0.05161373652517796 98
1756053016624 0.044370394200086594 99
1756053016629 0.0510147538036108 100
