1756349155494 0.00046825438393423914 1
1756349155506 0.0009365087678684783 2
1756349155517 0.0014047631518027174 3
1756349155527 0.0018730175357369566 4
1756349155538 0.0023412719196711958 5
1756349155548 0.0023412719196711958 6
1756349155558 0.0023409972864427793 7
1756349155569 0.002340173515671456 8
1756349155579 0.0023388009940384902 9
1756349155589 0.002336880365810976 10
1756349155600 0.002334412532539415 11
1756349155610 0.0023313986526345247 12
1756349155621 0.002327840140823477 13
1756349155632 0.0023237386674858176 14
1756349155642 0.002319096157869386 15
1756349155653 0.0023139147911865952 16
1756349155664 0.002308196999591499 17
1756349155674 0.0023019454670381327 18
1756349155685 0.002295163128020651 19
1756349155696 0.0022878531661958685 20
1756349155707 0.0022800190128888344 21
1756349155718 0.0022716643454821586 22
1756349155729 0.002262793085689831 23
1756349155740 0.002253409397716356 24
1756349155751 0.0022435176863020555 25
1756349155762 0.0022331225946554687 26
1756349155773 0.002222229002273811 27
1756349155784 0.0022108420226525176 28
1756349155795 0.0021989670008849493 29
1756349155806 0.0021866095111533856 30
1756349155817 0.00217377535411248 31
1756349155828 0.0021604705541664088 32
1756349155839 0.002146701356640994 33
1756349155851 0.0021324742248521223 34
1756349155862 0.0021177958370718376 35
1756349155873 0.002102673083393535 36
1756349155884 0.0020871130624977234 37
1756349155896 0.0020711230783198756 38
1756349155907 0.002054710636621934 39
1756349155918 0.002037883441469074 40
1756349155930 0.0020206493916133878 41
1756349155941 0.0020030165767861764 42
1756349155953 0.001984993273900599 43
1756349155964 0.001966587943166457 44
1756349155976 0.0019478092241189376 45
1756349155987 0.0019286659315631833 46
1756349155999 0.0019091670514365848 47
1756349156010 0.001889321736590748 48
1756349156022 0.0018691393024951094 49
1756349156033 0.001848629222864217 50
1756349156045 0.0018278011252107315 51
1756349156057 0.0018066647863262339 52
1756349156069 0.001785230127691961 53
1756349156080 0.0017635072108216213 54
1756349156092 0.0017415062325384831 55
1756349156104 0.0017192375201889425 56
1756349156116 0.0016967115267948283 57
1756349156128 0.0016739388261467103 58
1756349156139 0.0016509301078405224 59
1756349156151 0.0016276961722598215 60
1756349156163 0.0016042479255060462 61
1756349156175 0.0015805963742791486 62
1756349156187 0.0015567526207110065 63
1756349156199 0.0015327278571540385 64
1756349156211 0.0015085333609274692 65
1756349156223 0.0014841804890237105 66
