1756349176955 0.00046825438393423914 1
1756349176970 0.0009365087678684783 2
1756349176983 0.0014047631518027174 3
1756349176996 0.0018730175357369566 4
1756349177009 0.0023412719196711958 5
1756349177022 0.0023412719196711958 6
1756349177035 0.0023409972864427793 7
1756349177049 0.002340173515671456 8
1756349177062 0.0023388009940384902 9
1756349177075 0.002336880365810976 10
1756349177088 0.002334412532539415 11
1756349177101 0.0023313986526345247 12
1756349177115 0.002327840140823477 13
1756349177128 0.0023237386674858176 14
1756349177141 0.002319096157869386 15
1756349177155 0.0023139147911865952 16
1756349177168 0.002308196999591499 17
1756349177181 0.0023019454670381327 18
1756349177195 0.002295163128020651 19
1756349177208 0.0022878531661958685 20
1756349177221 0.0022800190128888344 21
1756349177235 0.0022716643454821586 22
1756349177248 0.002262793085689831 23
1756349177262 0.002253409397716356 24
1756349177275 0.0022435176863020555 25
1756349177289 0.0022331225946554687 26
1756349177302 0.002222229002273811 27
1756349177316 0.0022108420226525176 28
1756349177330 0.0021989670008849493 29
1756349177344 0.0021866095111533856 30
1756349177357 0.00217377535411248 31
1756349177371 0.0021604705541664088 32
1756349177385 0.002146701356640994 33
1756349177399 0.0021324742248521223 34
1756349177413 0.0021177958370718376 35
1756349177427 0.002102673083393535 36
1756349177440 0.0020871130624977234 37
1756349177454 0.0020711230783198756 38
1756349177468 0.002054710636621934 39
1756349177482 0.002037883441469074 40
1756349177496 0.0020206493916133878 41
1756349177510 0.0020030165767861764 42
1756349177524 0.001984993273900599 43
1756349177538 0.001966587943166457 44
1756349177552 0.0019478092241189376 45
1756349177566 0.0019286659315631833 46
1756349177580 0.0019091670514365848 47
1756349177595 0.001889321736590748 48
1756349177609 0.0018691393024951094 49
1756349177623 0.001848629222864217 50
1756349177637 0.0018278011252107315 51
1756349177651 0.0018066647863262339 52
1756349177666 0.001785230127691961 53
1756349177680 0.0017635072108216213 54
1756349177694 0.0017415062325384831 55
1756349177709 0.0017192375201889425 56
1756349177723 0.0016967115267948283 57
1756349177737 0.0016739388261467103 58
1756349177752 0.0016509301078405224 59
1756349177766 0.0016276961722598215 60
1756349177781 0.0016042479255060462 61
1756349177795 0.0015805963742791486 62
1756349177810 0.0015567526207110065 63
1756349177824 0.0015327278571540385 64
1756349177839 0.0015085333609274692 65
1756349177854 0.0014841804890237105 66
1756349177868 0.0014596806727773456 67
1756349177883 0.0014350454124992139 68
1756349177898 0.0014102862720781202 69
1756349177913 0.0013854148735527 70
1756349177928 0.0013604428916559868 71
1756349177943 0.0013353820483352475 72
1756349177958 0.0013102441072496537 73
1756349177973 0.0012850408682483746 74
1756349177988 0.001259784161831677 75
1756349178003 0.001234485843597647 76
1756349178018 0.0012091577886771216 77
1756349178033 0.001183811886159456 78
1756349178048 0.0011584600335117394 79
1756349178063 0.001133114130994074 80
1756349178078 0.0011077860760735486 81
1756349178094 0.0010824877578395186 82
1756349178109 0.0010572310514228214 83
1756349178124 0.0010320278124215417 84
1756349178139 0.0010068898713359482 85
1756349178154 0.0009818290280152091 86
1756349178170 0.0009568570461184956 87
1756349178185 0.0009319856475930755 88
1756349178201 0.000907226507171982 89
1756349178216 0.0008825912468938503 90
1756349178231 0.0008580914306474855 91
1756349178247 0.0008337385587437267 92
1756349178262 0.0008095440625171573 93
1756349178278 0.0007855192989601892 94
1756349178293 0.0007616755453920471 95
1756349178309 0.0007380239941651495 96
1756349178324 0.0007145757474113741 97
1756349178340 0.0006913418118306732 98
1756349178356 0.0006683330935244855 99
1756349178372 0.000645560392876368 100
1756349178387 0.0006230343994822533 101
1756349178403 0.0006007656871327128 102
1756349178419 0.0005787647088495741 103
1756349178435 0.0005570417919792348 104
1756349178451 0.0005356071333449615 105
1756349178467 0.0005144707944604643 106
1756349178483 0.000493642696806979 107
1756349178499 0.00047313261717608674 108
