1755989232292 0.00031945435171502613 1
1755989232302 0.0006389087034300523 2
1755989232306 0.0009583630551450783 3
1755989232310 0.0012778174068601045 4
1755989232315 0.0015972717585751306 5
1755989232320 0.0015972717585751306 6
1755989232324 0.0015968353836421866 7
1755989232329 0.001595526736012937 8
1755989232333 0.0015933472466743506 9
1755989232338 0.0015902992988660208 10
1755989232342 0.001586386225474126 11
1755989232347 0.0015816123053869694 12
1755989232351 0.0015759827588160765 13
1755989232356 0.0015695037415879697 14
1755989232360 0.0015621823384128644 15
1755989232365 0.001554026555137641 16
1755989232370 0.0015450453099915688 17
1755989232374 0.0015352484238343534 18
1755989232379 0.0015246466094171716 19
1755989232384 0.0015132514596684344 20
1755989232388 0.0015010754350170898 21
1755989232393 0.001488131849767328 22
1755989232398 0.001474434857539583 23
1755989232402 0.0014599994357937594 24
1755989232407 0.0014448413694515972 25
1755989232412 0.0014289772336360932 26
1755989232417 0.0014124243755468465 27
1755989232421 0.0013952008954911512 28
1755989232426 0.0013773256270915757 29
1755989232431 0.0013588181166916725 30
1755989232436 0.0013396986019823403 31
1755989232441 0.001319987989872203 32
1755989232446 0.001299707833626215 33
1755989232450 0.001278880309297481 34
1755989232456 0.001257528191478068 35
1755989232460 0.0012356748283953228 36
1755989232465 0.0012133441163809284 37
1755989232470 0.0011905604737406166 38
1755989232475 0.0011673488140531083 39
1755989232480 0.0011437345189274815 40
1755989232485 0.0011197434102487552 41
1755989232490 0.0010954017219420346 42
1755989232495 0.001070736071286103 43
1755989232500 0.0010457734298078146 44
1755989232505 0.0010205410937891284 45
1755989232510 0.0009950666544190233 46
1755989232516 0.0009693779676229388 47
1755989232520 0.0009435031236027287 48
1755989232525 0.0009174704161204382 49
1755989232531 0.0008913083115594915 50
1755989232536 0.000865045417797117 51
1755989232541 0.0008387104529220565 52
1755989232546 0.0008123322138317551 53
1755989232551 0.0007859395447433758 54
1755989232556 0.0007595613056530741 55
1755989232562 0.0007332263407780138 56
1755989232567 0.0007069634470156395 57
1755989232572 0.0006808013424546925 58
1755989232578 0.0006547686349724024 59
1755989232583 0.0006288937909521921 60
1755989232588 0.0006032051041561073 61
1755989232593 0.0005777306647860024 62
1755989232599 0.0005524983287673161 63
1755989232604 0.0005275356872890278 64
1755989232609 0.0005028700366330959 65
1755989232615 0.0004785283483263758 66
1755989232620 0.00045453723964764914 67
1755989232625 0.0004309229445220224 68
1755989232631 0.0004077112848345143 69
1755989232636 0.0003849276421942024 70
1755989232642 0.000362596930179808 71
1755989232647 0.0003407435670970627 72
