1755989232292 2.300993537902832 1
1755989232302 1.4510976672172546 2
1755989232306 1.2450041592121124 3
1755989232310 1.3103349328041076 4
1755989232315 1.2278726696968079 5
1755989232320 0.9306421637535095 6
1755989232324 1.106897896528244 7
1755989232329 0.9115607917308808 8
1755989232333 0.7747630894184112 9
1755989232338 0.8256957411766053 10
1755989232342 0.6024898231029511 11
1755989232347 0.5330070465803146 12
1755989232351 0.49196400940418245 13
1755989232356 0.4316433250904083 14
1755989232360 0.4308510035276413 15
1755989232365 0.33273334205150606 16
1755989232370 0.35282517075538633 17
1755989232374 0.34775019586086275 18
1755989232379 0.34219047129154206 19
1755989232384 0.2980729565024376 20
1755989232388 0.302285760641098 21
1755989232393 0.25866433680057527 22
1755989232398 0.2270417794585228 23
1755989232402 0.30916943252086637 24
1755989232407 0.31833889335393906 25
1755989232412 0.2481943041086197 26
1755989232417 0.25339428782463075 27
1755989232421 0.21590710133314134 28
1755989232426 0.207042296230793 29
1755989232431 0.1954605385661125 30
1755989232436 0.17094186395406724 31
1755989232441 0.14100727066397667 32
1755989232446 0.1640670493245125 33
1755989232450 0.1823818325996399 34
1755989232456 0.20262429416179656 35
1755989232460 0.1519933044910431 36
1755989232465 0.14879920408129693 37
1755989232470 0.18549662306904793 38
1755989232475 0.13392813578248025 39
1755989232480 0.14653138741850852 40
1755989232485 0.10990049988031388 41
1755989232490 0.14234319031238557 42
1755989232495 0.1498543195426464 43
1755989232500 0.12107896581292152 44
1755989232505 0.0965319886803627 45
1755989232510 0.10412508398294448 46
1755989232516 0.1051309160888195 47
1755989232520 0.09603956118226051 48
1755989232525 0.08792605102062226 49
1755989232531 0.08320529758930206 50
1755989232536 0.10582895502448082 51
1755989232541 0.09849865809082985 52
1755989232546 0.09610451795160771 53
1755989232551 0.09920539185404778 54
1755989232556 0.12065550684928894 55
1755989232562 0.16018267944455147 56
1755989232567 0.14488315731287002 57
1755989232572 0.09848026558756828 58
1755989232578 0.10087876692414284 59
1755989232583 0.09604817554354668 60
1755989232588 0.09637022130191326 61
1755989232593 0.07212742678821087 62
1755989232599 0.1086322907358408 63
1755989232604 0.1159365151077509 64
1755989232609 0.1079304501414299 65
1755989232615 0.11582079231739044 66
1755989232620 0.09333539381623268 67
1755989232625 0.09571446627378463 68
1755989232631 0.07177713178098202 69
1755989232636 0.06694294139742851 70
1755989232642 0.07371072731912136 71
1755989232647 0.0783713448792696 72
