1755989268897 0.00031945435171502613 1
1755989268912 0.0006389087034300523 2
1755989268920 0.0009583630551450783 3
1755989268928 0.0012778174068601045 4
1755989268935 0.0015972717585751306 5
1755989268944 0.0015972717585751306 6
1755989268951 0.0015968353836421866 7
1755989268959 0.001595526736012937 8
1755989268967 0.0015933472466743506 9
1755989268975 0.0015902992988660208 10
1755989268983 0.001586386225474126 11
1755989268991 0.0015816123053869694 12
1755989268998 0.0015759827588160765 13
1755989269006 0.0015695037415879697 14
1755989269015 0.0015621823384128644 15
1755989269023 0.001554026555137641 16
1755989269031 0.0015450453099915688 17
1755989269039 0.0015352484238343534 18
1755989269047 0.0015246466094171716 19
1755989269058 0.0015132514596684344 20
1755989269069 0.0015010754350170898 21
1755989269077 0.001488131849767328 22
1755989269084 0.001474434857539583 23
1755989269092 0.0014599994357937594 24
1755989269100 0.0014448413694515972 25
1755989269109 0.0014289772336360932 26
1755989269118 0.0014124243755468465 27
1755989269127 0.0013952008954911512 28
1755989269136 0.0013773256270915757 29
1755989269144 0.0013588181166916725 30
1755989269153 0.0013396986019823403 31
1755989269162 0.001319987989872203 32
1755989269171 0.001299707833626215 33
1755989269179 0.001278880309297481 34
1755989269187 0.001257528191478068 35
1755989269195 0.0012356748283953228 36
1755989269203 0.0012133441163809284 37
1755989269212 0.0011905604737406166 38
1755989269220 0.0011673488140531083 39
1755989269228 0.0011437345189274815 40
1755989269237 0.0011197434102487552 41
1755989269245 0.0010954017219420346 42
1755989269254 0.001070736071286103 43
1755989269262 0.0010457734298078146 44
1755989269271 0.0010205410937891284 45
1755989269281 0.0009950666544190233 46
1755989269290 0.0009693779676229388 47
1755989269298 0.0009435031236027287 48
1755989269306 0.0009174704161204382 49
1755989269315 0.0008913083115594915 50
1755989269323 0.000865045417797117 51
1755989269331 0.0008387104529220565 52
1755989269340 0.0008123322138317551 53
1755989269348 0.0007859395447433758 54
