1756058495744 0.9070007234811783 1
1756058495755 0.8023650944232941 2
1756058495763 0.6894005313515663 3
1756058495770 0.6707540959119797 4
1756058495778 0.6636754691600799 5
1756058495785 0.6041066199541092 6
1756058495793 0.5830670595169067 7
1756058495800 0.6116118893027306 8
1756058495808 0.5686796396970749 9
1756058495815 0.5328420102596283 10
1756058495821 0.5095701307058335 11
1756058495829 0.5073785647749901 12
1756058495835 0.4887707978487015 13
1756058495843 0.46288069635629653 14
1756058495850 0.5193365409970283 15
1756058495858 0.5322351485490799 16
1756058495866 0.5133901447057724 17
1756058495874 0.47405638098716735 18
1756058495882 0.49845496714115145 19
1756058495891 0.4675702191889286 20
1756058495899 0.45008968710899355 21
1756058495907 0.4277660816907883 22
1756058495915 0.4624472066760063 23
1756058495922 0.5016228795051575 24
1756058495930 0.4599208429455757 25
1756058495937 0.4323309794068336 26
1756058495945 0.49828904718160627 27
1756058495953 0.4590117633342743 28
1756058495962 0.4264419376850128 29
1756058495971 0.4363732308149338 30
1756058495981 0.4197901852428913 31
1756058495990 0.4011688053607941 32
1756058495998 0.4320480763912201 33
1756058496006 0.38784471750259397 34
1756058496015 0.40692739486694335 35
1756058496023 0.4267608240246773 36
1756058496031 0.5529791682958602 37
1756058496039 0.4458220452070236 38
1756058496048 0.38020744174718857 39
1756058496057 0.42017805129289626 40
1756058496066 0.44065882414579394 41
1756058496074 0.471035860478878 42
1756058496083 0.4869742438197136 43
1756058496093 0.42587160170078275 44
1756058496106 0.41454039216041566 45
1756058496114 0.3836876481771469 46
1756058496122 0.41276502311229707 47
1756058496131 0.37501084953546526 48
1756058496140 0.40831523239612577 49
1756058496149 0.41840671598911283 50
1756058496158 0.4073293626308441 51
1756058496166 0.40953581482172013 52
1756058496174 0.41743709295988085 53
1756058496182 0.3858267828822136 54
1756058496190 0.3548639014363289 55
1756058496198 0.36110927611589433 56
1756058496206 0.36067415997385976 57
1756058496213 0.3675253838300705 58
1756058496221 0.36531208604574206 59
1756058496228 0.3865554928779602 60
1756058496236 0.3893148824572563 61
1756058496244 0.34303667694330214 62
1756058496252 0.3311459243297577 63
1756058496261 0.3741179555654526 64
1756058496269 0.39477153569459916 65
1756058496278 0.37001180946826934 66
1756058496287 0.3602311730384827 67
1756058496295 0.36533628702163695 68
1756058496303 0.3432497248053551 69
1756058496310 0.3424915179610252 70
1756058496317 0.39840318262577057 71
1756058496325 0.36552645415067675 72
1756058496333 0.3154532343149185 73
1756058496341 0.32622945979237555 74
1756058496349 0.31346526443958284 75
1756058496356 0.30801319777965547 76
1756058496364 0.3220922231674194 77
1756058496372 0.33164154142141344 78
1756058496379 0.3083250865340233 79
1756058496387 0.3287255153059959 80
1756058496396 0.30454588383436204 81
1756058496404 0.33126057535409925 82
1756058496413 0.3481062225997448 83
1756058496422 0.3379740670323372 84
1756058496431 0.32806069776415825 85
1756058496439 0.3220075950026512 86
1756058496447 0.31570290476083757 87
1756058496455 0.3046693757176399 88
1756058496463 0.31137051731348037 89
1756058496471 0.30422360748052596 90
1756058496479 0.3059053845703602 91
1756058496487 0.29431742504239083 92
1756058496496 0.3161629937589169 93
1756058496505 0.29742007702589035 94
1756058496514 0.30958650186657904 95
1756058496524 0.30431272089481354 96
1756058496532 0.28338400945067405 97
1756058496540 0.3276214115321636 98
1756058496548 0.29732967615127565 99
1756058496559 0.29935653805732726 100
