1756058453851 0.0007736018892697345 1
1756058453857 0.001547203778539469 2
1756058453862 0.0023208056678092038 3
1756058453867 0.003094407557078938 4
1756058453872 0.003868009446348673 5
1756058453877 0.003868009446348673 6
1756058453882 0.0038669523168349926 7
1756058453887 0.0038637820842495536 8
1756058453892 0.003858502215195144 9
1756058453897 0.0038511184831310557 10
1756058453902 0.0038416389620598945 11
1756058453907 0.003830074017698775 12
1756058453912 0.0038164362961445606 13
1756058453917 0.0038007407100455444 14
1756058453922 0.003783004422294685 15
1756058453927 0.003763246827262236 16
1756058453932 0.0037414895295882888 17
1756058453937 0.0037177563205584114 18
1756058453942 0.00369207315208823 19
1756058453947 0.0036644681083453914 20
1756058453952 0.003634971375039934 21
1756058453957 0.0036036152064166625 22
1756058453962 0.0035704338899855974 23
1756058453967 0.003535463709029095 24
1756058453973 0.003498742902926603 25
1756058453979 0.0034603116253404654 26
1756058453985 0.0034202119003084804 27
1756058453991 0.003378487576291232 28
1756058453997 0.003335184278224443 29
1756058454003 0.003290349357628776 30
1756058454008 0.003244031840831645 31
1756058454014 0.0031962823753576377 32
1756058454019 0.003147153174546201 33
1756058454024 0.0030966979604571143 34
1756058454030 0.003044971905126208 35
1756058454035 0.002992031570235553 36
1756058454040 0.0029379348452640884 37
1756058454045 0.0028827408841863313 38
1756058454050 0.002826510040788371 39
1756058454055 0.002769303802671889 40
1756058454060 0.002711184724018374 41
1756058454066 0.002652216357187036 42
1756058454071 0.0025924631832212417 43
1756058454077 0.0025319905413394347 44
1756058454082 0.0024708645574876625 45
1756058454087 0.0024091520720318244 46
1756058454092 0.002346920566668713 47
1756058454097 0.002284238090635769 48
1756058454102 0.002221173186300239 49
1756058454107 0.0021577948142091053 50
1756058454112 0.0020941722776817366 51
1756058454119 0.0020303751470277295 52
1756058454125 0.0019664731834727945 53
1756058454130 0.0019025362628758784 54
1756058454136 0.0018386342993209433 55
1756058454142 0.0017748371686669366 56
1756058454148 0.0017112146321395679 57
1756058454154 0.0016478362600484337 58
1756058454161 0.0015847713557129047 59
1756058454167 0.0015220888796799602 60
1756058454173 0.0014598573743168483 61
1756058454179 0.0013981448888610107 62
1756058454184 0.0013370189050092383 63
1756058454190 0.001276546263127431 64
1756058454195 0.0012167930891616363 65
1756058454202 0.0011578247223302995 66
1756058454208 0.0010997056436767838 67
1756058454214 0.0010424994055603023 68
1756058454219 0.000986268562162342 69
1756058454225 0.0009310746010845852 70
1756058454231 0.0008769778761131206 71
1756058454236 0.0008240375412224648 72
1756058454242 0.0007723114858915585 73
1756058454248 0.0007218562718024718 74
1756058454254 0.0006727270709910351 75
1756058454259 0.0006249776055170286 76
1756058454265 0.0005786600887198965 77
1756058454272 0.00053382516812423 78
1756058454278 0.0004905218700574415 79
1756058454284 0.00044879754604019306 80
1756058454290 0.00040869782100820784 81
1756058454296 0.0003702665434220702 82
1756058454303 0.0003335457373195781 83
