1756058453851 1.9849192082881928 1
1756058453857 1.1871681571006776 2
1756058453862 1.017799061536789 3
1756058453867 0.8115423113107681 4
1756058453872 0.8426242992281914 5
1756058453877 0.6385797277092934 6
1756058453882 0.6473154604434967 7
1756058453887 0.6737792879343033 8
1756058453892 0.5988473549485207 9
1756058453897 0.5296553193125874 10
1756058453902 0.501670616492629 11
1756058453907 0.47357916086912155 12
1756058453912 0.40134733617305757 13
1756058453917 0.38546323105692865 14
1756058453922 0.4028784155845642 15
1756058453927 0.4523139923810959 16
1756058453932 0.41595929116010666 17
1756058453937 0.34901352077722547 18
1756058453942 0.35111783668398855 19
1756058453947 0.3042452812194824 20
1756058453952 0.34922975227236747 21
1756058453957 0.2983949236571789 22
1756058453962 0.33945269137620926 23
1756058453967 0.3575300395488739 24
1756058453973 0.3570221483707428 25
1756058453979 0.356927202641964 26
1756058453985 0.34652324840426446 27
1756058453991 0.29115319177508353 28
1756058453997 0.29663565531373026 29
1756058454003 0.3341696307063103 30
1756058454008 0.37530867084860803 31
1756058454014 0.3020158462226391 32
1756058454019 0.23066731318831443 33
1756058454024 0.39145487844944 34
1756058454030 0.3271261304616928 35
1756058454035 0.23095482289791108 36
1756058454040 0.1886071063578129 37
1756058454045 0.2623018555343151 38
1756058454050 0.27923016920685767 39
1756058454055 0.22075635716319084 40
1756058454060 0.20833311676979066 41
1756058454066 0.17869408577680587 42
1756058454071 0.18171491250395774 43
1756058454077 0.22750277630984783 44
1756058454082 0.22412040643393993 45
1756058454087 0.19122343137860298 46
1756058454092 0.1490832507610321 47
1756058454097 0.1676503863185644 48
1756058454102 0.1624424397945404 49
1756058454107 0.1661736521869898 50
1756058454112 0.40158236734569075 51
1756058454119 0.1830016177147627 52
1756058454125 0.15959783941507338 53
1756058454130 0.19089517518877983 54
1756058454136 0.13626761846244334 55
1756058454142 0.19070345163345337 56
1756058454148 0.12970868349075318 57
1756058454154 0.15109473653137684 58
1756058454161 0.13988538160920144 59
1756058454167 0.15196996442973615 60
1756058454173 0.20093976333737373 61
1756058454179 0.15872722640633583 62
1756058454184 0.13499373886734248 63
1756058454190 0.12490183375775814 64
1756058454195 0.20289998576045037 65
1756058454202 0.17328260838985443 66
1756058454208 0.14253834038972854 67
1756058454214 0.10527603328227997 68
1756058454219 0.42200212776660917 69
1756058454225 0.11164121776819229 70
1756058454231 0.15934325978159905 71
1756058454236 0.14766319803893566 72
1756058454242 0.2257015470415354 73
1756058454248 0.16165525279939175 74
1756058454254 0.1208125740289688 75
1756058454259 0.17465772479772568 76
1756058454265 0.21485958360135554 77
1756058454272 0.2166988391429186 78
1756058454278 0.22272423952817916 79
1756058454284 0.09312331981491298 80
1756058454290 0.09673012867569923 81
1756058454296 0.10804838947951793 82
1756058454303 0.21015223003923894 83
