1755729600072 1.6927429621036236 1
1755729600075 1.406149332339947 2
1755729600079 1.3235983069126422 3
1755729600082 1.1993684356029217 4
1755729600085 1.034936235501216 5
1755729600087 0.7586521827257596 6
1755729600091 0.6671981719823984 7
1755729600094 0.5676109446929052 8
1755729600097 0.4976562261581421 9
1755729600100 0.4237472392045535 10
1755729600103 0.3958050769108992 11
1755729600106 0.38029878643842846 12
1755729600109 0.3685827461572794 13
1755729600112 0.3288064507337717 14
1755729600115 0.3244948455920586 15
1755729600119 0.35191638423846316 16
1755729600122 0.3184814498974727 17
1755729600125 0.2722298273673424 18
1755729600128 0.2661897666179217 19
1755729600131 0.276036608677644 20
1755729600134 0.2990338045817155 21
1755729600137 0.2645612255885051 22
1755729600141 0.2563780809824283 23
1755729600144 0.2540149436547206 24
1755729600147 0.24301322263020736 25
1755729600150 0.21401477203919336 26
1755729600153 0.20936459302902222 27
1755729600156 0.2184648594030967 28
1755729600159 0.19250466044132525 29
1755729600162 0.1952340041215603 30
1755729600166 0.18177448786222017 31
1755729600169 0.19228873344568106 32
1755729600172 0.21595396674596345 33
1755729600175 0.19683867807571703 34
1755729600180 0.17092943650025588 35
1755729600184 0.16779806980719933 36
1755729600187 0.15329212752672342 37
1755729600191 0.16674067882391122 38
1755729600194 0.1550174017365162 39
1755729600197 0.16731306050832456 40
1755729600200 0.15968939661979675 41
1755729600204 0.15281213762668464 42
1755729600207 0.14969134502685988 43
1755729600210 0.1357756446187313 44
1755729600214 0.12697836126272494 45
1755729600217 0.16194110879531273 46
1755729600221 0.15819902202257743 47
1755729600224 0.16091325592536193 48
1755729600227 0.14948518574237823 49
1755729600231 0.1498618796467781 50
1755729600234 0.15990735762394392 51
1755729600238 0.13951055820171648 52
1755729600241 0.14881236736591047 53
1755729600245 0.1747014528283706 54
1755729600248 0.1478469348870791 55
1755729600253 0.14350197005730408 56
1755729600256 0.1638688393510305 57
1755729600260 0.1269635959313466 58
1755729600263 0.1253653529744882 59
1755729600267 0.12555655378561753 60
1755729600271 0.11540074417224297 61
1755729600274 0.11667662457777904 62
1755729600278 0.11863399812808403 63
1755729600281 0.11476904440384644 64
1755729600285 0.11511488889272396 65
1755729600288 0.1114577645292649 66
1755729600292 0.10123597200100239 67
1755729600296 0.10602292475792077 68
1755729600299 0.10162259351748687 69
1755729600303 0.10482765734195709 70
1755729600306 0.12108735568248309 71
1755729600310 0.12302909963406049 72
1755729600314 0.11526552071938148 73
1755729600317 0.10347689401644927 74
1755729600321 0.10952792316675186 75
1755729600325 0.11562225107963268 76
1755729600328 0.10320691707042548 77
1755729600332 0.10561777823246442 78
1755729600336 0.09332042072827999 79
1755729600339 0.08896357852679032 80
