1756344127679 2.2462912279626597 1
1756344127686 1.5387380149053491 2
1756344127692 1.5233921719634014 3
1756344127698 1.1895262909972149 4
1756344127704 0.9488415290480074 5
1756344127710 0.7711201465648153 6
1756344127716 0.8588329398113749 7
1756344127722 0.6642216482888097 8
1756344127728 0.8566417888454769 9
1756344127734 0.7106241570866626 10
1756344127740 0.6306318070577539 11
1756344127746 0.7152505827986676 12
1756344127753 0.489700919908026 13
1756344127759 0.5148743909338246 14
1756344127765 0.5027635252994039 15
1756344127771 0.48796809367511584 16
1756344127778 0.6843899229298467 17
1756344127784 0.56425592692002 18
1756344127790 0.5342821025330088 19
1756344127796 0.4657998272906179 20
1756344127803 0.3971712880808374 21
1756344127809 0.3638487063024355 22
1756344127816 0.3671476491119551 23
1756344127822 0.45766193840814673 24
1756344127829 0.45564449092616205 25
1756344127835 0.4098900154880855 26
1756344127842 0.3266721024461415 27
1756344127848 0.39298019914523413 28
1756344127855 0.37915859598180524 29
1756344127862 0.3556859111008437 30
1756344127868 0.3674130413843238 31
1756344127875 0.3388089647759562 32
1756344127882 0.35629702521407086 33
1756344127889 0.33706220984458923 34
1756344127895 0.35563835890396783 35
1756344127902 0.3270907829637113 36
1756344127909 0.3003945000793623 37
1756344127916 0.2532216841759889 38
1756344127923 0.25555249659911444 39
1756344127930 0.2477543522482333 40
1756344127937 0.2241714674493541 41
1756344127944 0.2466386465922646 42
1756344127951 0.21127781855023425 43
1756344127958 0.2622319310903549 44
1756344127965 0.24571919959524405 45
1756344127972 0.21865668244983838 46
1756344127979 0.21788405270680136 47
1756344127986 0.22277960505174554 48
1756344127993 0.2153090238571167 49
1756344128001 0.2382370298323424 50
1756344128008 0.2094793254914491 51
1756344128015 0.21677561687386554 52
1756344128022 0.22411285275998322 53
1756344128030 0.24367370100125021 54
1756344128037 0.20370669209438821 55
1756344128044 0.22243715336789255 56
1756344128052 0.20624512207248938 57
1756344128059 0.20261790862549905 58
1756344128067 0.24547198868316153 59
1756344128074 0.21895351746807928 60
1756344128082 0.20578555892343106 61
1756344128089 0.20704744691434113 62
1756344128097 0.1967507940919503 63
1756344128104 0.21050052474374356 64
1756344128112 0.1736520114152328 65
1756344128119 0.17360145987375922 66
1756344128127 0.17108233532179956 67
1756344128135 0.1768421135518862 68
1756344128143 0.16635115736204645 69
1756344128150 0.16832540119471756 70
1756344128158 0.17036790141592856 71
1756344128166 0.19131221816591595 72
1756344128174 0.14670542724754498 73
1756344128182 0.14768263762411865 74
1756344128190 0.13935562806284946 75
1756344128198 0.13558072564394577 76
1756344128206 0.1462683820206186 77
1756344128214 0.14314520132282507 78
1756344128222 0.1468472182750702 79
1756344128230 0.11866533237954845 80
1756344128238 0.11078708392122517 81
1756344128247 0.13036216601081516 82
1756344128255 0.13325492454611737 83
1756344128263 0.14442167755054391 84
1756344128271 0.12480613783649776 85
1756344128280 0.13290965476113817 86
1756344128288 0.10836821924085202 87
1756344128296 0.10237046266379564 88
1756344128305 0.10026719404951386 89
1756344128313 0.11522411814202434 90
1756344128321 0.12626523200584494 91
1756344128330 0.11228118707304416 92
1756344128338 0.11789431682099467 93
1756344128347 0.11604913194542346 94
1756344128356 0.10292519175488016 95
1756344128364 0.1044753959969334 96
1756344128373 0.10393637548322263 97
1756344128381 0.11010255713177763 98
1756344128390 0.0987155286838179 99
