1756344157002 0.0018647242703562963 1
1756344157017 0.0037294485407125925 2
1756344157030 0.005594172811068889 3
1756344157043 0.007458897081425185 4
1756344157055 0.009323621351781481 5
1756344157068 0.009323621351781481 6
1756344157081 0.00932252733292939 7
1756344157093 0.009319245789909895 8
1756344157106 0.0093137782630923 9
1756344157119 0.009306127318955358 10
1756344157132 0.009296296548882569 11
1756344157145 0.009284290567476363 12
1756344157157 0.009270115010391997 13
1756344157170 0.009253776531692138 14
1756344157183 0.009235282800723442 15
1756344157196 0.009214642498516515 16
1756344157209 0.009191865313711012 17
1756344157222 0.009166961938007749 18
1756344157235 0.009139944061149971 19
1756344157248 0.009110824365436148 20
1756344157261 0.009079616519766853 21
1756344157274 0.00904633517322852 22
1756344157287 0.009010995948217105 23
1756344157300 0.008973615433104886 24
1756344157314 0.00893421117445379 25
1756344157327 0.008892801668778993 26
1756344157340 0.008849406353866563 27
1756344157353 0.008804045599649297 28
1756344157367 0.008756740698644993 29
1756344157380 0.008707513855961652 30
1756344157393 0.008656388178874317 31
1756344157407 0.008603387665978427 32
1756344157420 0.008548537195924775 33
1756344157434 0.00849186251574138 34
1756344157447 0.008433390228747723 35
1756344157461 0.008373147782067047 36
1756344157474 0.008311163453742566 37
1756344157488 0.008247466339463643 38
1756344157501 0.008182086338908153 39
1756344157515 0.00811505414170746 40
1756344157528 0.00804640121304058 41
1756344157542 0.007976159778864305 42
1756344157555 0.007904362810786204 43
1756344157569 0.007831044010587627 44
1756344157582 0.007756237794403954 45
1756344157596 0.007679979276569518 46
1756344157610 0.007602304253134808 47
1756344157623 0.00752324918506365 48
1756344157637 0.007442851181118298 49
1756344157651 0.007361147980440421 50
1756344157665 0.00727817793483621 51
1756344157679 0.0071939799907738845 52
1756344157692 0.007108593671102068 53
1756344157706 0.0070220590564976015 54
1756344157720 0.006934416766651521 55
1756344157734 0.006845707941202008 56
1756344157748 0.006755974220423287 57
1756344157762 0.006665257725679505 58
1756344157776 0.00657360103965281 59
