1756344144641 0.9666316068690756 1
1756344144652 0.9049627184867859 2
1756344144662 0.8390697266744531 3
1756344144671 0.6963195152904676 4
1756344144681 0.7026814844297327 5
1756344144690 0.7013837047245192 6
1756344144700 0.6475481650103694 7
1756344144709 0.6138600979162299 8
1756344144719 0.6189418810865154 9
1756344144729 0.5952516431393831 10
1756344144738 0.634071611839792 11
1756344144748 0.5901474628759467 12
1756344144758 0.5465903282165527 13
1756344144767 0.5003725018190301 14
1756344144777 0.5236709817596104 15
1756344144787 0.48944220206011896 16
1756344144797 0.4979489678921907 17
1756344144806 0.5003323399502299 18
1756344144816 0.49266355711480847 19
1756344144826 0.49324341312698694 20
1756344144836 0.46317602888397547 21
1756344144846 0.43322103049444116 22
1756344144856 0.4293228672898334 23
1756344144866 0.4382012693778328 24
1756344144876 0.44121566544408386 25
1756344144886 0.4353630698245505 26
1756344144896 0.4479715901872386 27
1756344144907 0.46728779051614844 28
1756344144917 0.4229055941104889 29
1756344144927 0.42725819997165515 30
1756344144937 0.4268861413002014 31
1756344144947 0.48214463695235876 32
1756344144957 0.4574565835621046 33
1756344144968 0.442074434912723 34
1756344144978 0.4664210638274317 35
1756344144988 0.40839058031206543 36
1756344144999 0.39281646065090015 37
1756344145009 0.39547209895175434 38
1756344145019 0.4199595244034477 39
1756344145030 0.39747624552768207 40
1756344145040 0.39789461959963257 41
1756344145051 0.3557934074298195 42
1756344145062 0.3763885070448336 43
1756344145072 0.35986867676610534 44
1756344145083 0.3629707240540048 45
1756344145093 0.3650318811769071 46
1756344145104 0.36724439133768494 47
1756344145115 0.36109698984933936 48
1756344145125 0.35491430241128674 49
1756344145136 0.33123530123544775 50
1756344145147 0.33484983703364496 51
1756344145159 0.33617114696813666 52
1756344145170 0.33804409011550574 53
1756344145181 0.31698883357255353 54
1756344145191 0.32616480796233466 55
1756344145203 0.3229386417762093 56
1756344145213 0.33598892714666284 57
1756344145224 0.33587902266046277 58
1756344145235 0.3112015257710996 59
1756344145246 0.3335794482542121 60
1756344145257 0.3059634222932484 61
1756344145268 0.30169628430967743 62
1756344145279 0.3004734801209491 63
1756344145291 0.28844497126081714 64
1756344145302 0.32154690053152 65
1756344145313 0.33705538576063904 66
1756344145324 0.3037489484185758 67
1756344145335 0.2718177625666494 68
1756344145347 0.2785558499719786 69
1756344145358 0.2880947972121446 70
1756344145369 0.2856070146612499 71
1756344145381 0.2686445557552835 72
1756344145392 0.2723418046598849 73
1756344145404 0.28262075976185175 74
1756344145415 0.2745676636695862 75
1756344145427 0.2766091331191685 76
1756344145438 0.27291292276071466 77
1756344145450 0.2753501858400262 78
1756344145461 0.26456125469311426 79
1756344145473 0.27490120024784753 80
1756344145484 0.276013956769653 81
1756344145496 0.24702543085036072 82
1756344145508 0.2362825870513916 83
1756344145520 0.2521733136280723 84
1756344145532 0.2488256284724111 85
