1756344144641 2.9141991345778755 1
1756344144652 2.5748882760172305 2
1756344144662 1.7198721351830855 3
1756344144671 1.0325564249702122 4
1756344144681 0.9904121639935867 5
1756344144690 1.0303946396578914 6
1756344144700 0.8794457756954691 7
1756344144709 0.824441302081813 8
1756344144719 0.8983599750891976 9
1756344144729 0.8742300919864489 10
1756344144738 0.8123299531314684 11
1756344144748 0.7657320045906565 12
1756344144758 0.6231902798880702 13
1756344144767 0.4830615617658781 14
1756344144777 0.6436884157035662 15
1756344144787 0.5113119366376296 16
1756344144797 0.5098189685655676 17
1756344144806 0.5202416110297908 18
1756344144816 0.4952349753483482 19
1756344144826 0.5750889518986577 20
1756344144836 0.4519133204999177 21
1756344144846 0.35069924074670544 22
1756344144856 0.3265903890132904 23
1756344144866 0.42584439723388007 24
1756344144876 0.4282095412845197 25
1756344144886 0.42742951214313507 26
1756344144896 0.4875974849514339 27
1756344144907 0.4171469075524289 28
1756344144917 0.3581549311461656 29
1756344144927 0.39246842589067377 30
1756344144937 0.5015216249486675 31
1756344144947 0.5056209071822788 32
1756344144957 0.4117138729147289 33
1756344144968 0.4069717085879782 34
1756344144978 0.43720055922217993 35
1756344144988 0.31769131836683856 36
1756344144999 0.3048526962166247 37
1756344145009 0.31635018988795904 38
1756344145019 0.3290585778329683 39
1756344145030 0.3420130429060563 40
1756344145040 0.3561408947343412 41
1756344145051 0.23893475597319397 42
1756344145062 0.3103553626848304 43
1756344145072 0.25123035519019415 44
1756344145083 0.2787165758402451 45
1756344145093 0.23554296338039896 46
1756344145104 0.33849281137404236 47
1756344145115 0.2561402298186136 48
1756344145125 0.25681258446496463 49
1756344145136 0.21209185149358667 50
1756344145147 0.24338554979666419 51
1756344145159 0.22131558540074722 52
1756344145170 0.2146251097969387 53
1756344145181 0.20496091408574063 54
1756344145191 0.1941737059665763 55
1756344145203 0.2331446402746698 56
1756344145213 0.20587683436663254 57
1756344145224 0.25149309829525324 58
1756344145235 0.2205200535447701 59
1756344145246 0.2292072163975757 60
1756344145257 0.19432364242232364 61
1756344145268 0.16654412237846333 62
1756344145279 0.1670396499659704 63
1756344145291 0.1664564546359622 64
1756344145302 0.23276948313350262 65
1756344145313 0.22329448260690854 66
1756344145324 0.17764527480239453 67
1756344145335 0.16850986526064252 68
1756344145347 0.2094341539170431 69
1756344145358 0.2158330290213875 70
1756344145369 0.1395349638617557 71
1756344145381 0.131098673881396 72
1756344145392 0.15974095463752747 73
1756344145404 0.184098017928393 74
1756344145415 0.1473198325737663 75
1756344145427 0.17609239790750586 76
1756344145438 0.14393265772124994 77
1756344145450 0.1555135978952698 78
1756344145461 0.15602423704188803 79
1756344145473 0.16855060244384018 80
1756344145484 0.15364445810732635 81
1756344145496 0.11012049408062645 82
1756344145508 0.11211790630350942 83
1756344145520 0.12601665585585262 84
1756344145532 0.1267804720479509 85
