1756344852194 2.2704333662986755 1
1756344852205 1.633841832478841 2
1756344852215 1.744183361530304 3
1756344852224 1.700836678345998 4
1756344852234 1.317019025484721 5
1756344852244 1.4696203470230103 6
1756344852253 1.3651009599367778 7
1756344852263 0.870408813158671 8
1756344852273 0.8108150462309519 9
1756344852282 0.7112022638320923 10
1756344852292 0.6626666386922201 11
1756344852302 0.5454848210016886 12
1756344852312 0.6237378716468811 13
1756344852321 0.5534082303444544 14
1756344852331 0.6136022905508677 15
1756344852341 0.4246795326471329 16
1756344852351 0.4269273728132248 17
1756344852361 0.3406052092711131 18
1756344852371 0.3321887403726578 19
1756344852381 0.30773863196372986 20
1756344852391 0.27825602640708286 21
1756344852401 0.24430343012015024 22
1756344852411 0.26494742433230084 23
1756344852421 0.2658172696828842 24
1756344852432 0.2592545623580615 25
1756344852442 0.2634755149483681 26
1756344852452 0.22412006060282388 27
1756344852462 0.31092281142870587 28
1756344852472 0.37158360580603284 29
1756344852483 0.3530870204170545 30
1756344852493 0.3018066833416621 31
1756344852503 0.28788640598456067 32
1756344852514 0.26591475307941437 33
1756344852524 0.26624495536088943 34
1756344852534 0.26785904665788013 35
1756344852545 0.22531686474879584 36
1756344852555 0.26143406828244525 37
1756344852566 0.23288533836603165 38
1756344852576 0.21321212748686472 39
1756344852587 0.21268946677446365 40
1756344852597 0.23693698892990747 41
1756344852608 0.24045565476020178 42
1756344852618 0.23649522910515466 43
1756344852629 0.22544915725787482 44
1756344852640 0.18359490732351938 45
1756344852650 0.15686800827582678 46
1756344852661 0.19542951881885529 47
1756344852672 0.16220477471748987 48
1756344852683 0.16965469221274057 49
1756344852693 0.1923935810724894 50
1756344852704 0.19171835606296858 51
1756344852715 0.1645718291401863 52
1756344852726 0.19613607227802277 53
1756344852737 0.15945877134799957 54
1756344852748 0.14133894940217337 55
1756344852759 0.16048404946923256 56
1756344852770 0.18327173590660095 57
