1756344868981 1.794853190581004 1
1756344869001 1.4289687673250835 2
1756344869016 1.3366450667381287 3
1756344869031 1.6355291505654652 4
1756344869046 1.2739819288253784 5
1756344869061 0.885000745455424 6
1756344869076 0.9139709770679474 7
1756344869092 0.7054450511932373 8
1756344869107 0.638462652762731 9
1756344869122 0.5504589776198069 10
1756344869137 0.48240449527899426 11
1756344869152 0.4646579871575038 12
1756344869168 0.4938274174928665 13
1756344869184 0.4652985980113347 14
1756344869199 0.3979089707136154 15
1756344869214 0.38083747029304504 16
1756344869229 0.39865341782569885 17
1756344869245 0.3687317669391632 18
1756344869260 0.38163040081659955 19
1756344869275 0.3790809065103531 20
1756344869292 0.39748522639274597 21
1756344869307 0.3700830340385437 22
1756344869322 0.3251878470182419 23
1756344869338 0.39398259917895 24
1756344869354 0.31603555381298065 25
1756344869369 0.31388650337855023 26
1756344869385 0.3147985562682152 27
1756344869401 0.2797328432401021 28
1756344869416 0.2861394037803014 29
1756344869432 0.2426463266213735 30
1756344869448 0.24596057335535684 31
1756344869463 0.24198526392380396 32
1756344869479 0.28074274708827335 33
1756344869495 0.27068473895390827 34
1756344869511 0.312438761194547 35
1756344869527 0.283789557715257 36
1756344869543 0.25630618383487064 37
1756344869559 0.2374003380537033 38
1756344869575 0.23339774956305823 39
1756344869591 0.20791580279668173 40
1756344869607 0.23242219785849252 41
1756344869623 0.19556218137343725 42
1756344869639 0.2156903718908628 43
1756344869655 0.1910309170683225 44
1756344869671 0.20330046862363815 45
1756344869687 0.20450845112403235 46
1756344869703 0.23156113177537918 47
1756344869719 0.18384460856517157 48
1756344869736 0.18738904098669687 49
1756344869752 0.17896272242069244 50
1756344869768 0.16853196918964386 51
1756344869785 0.1737223801513513 52
1756344869801 0.1621482732395331 53
1756344869817 0.1630950520435969 54
1756344869835 0.15058386325836182 55
1756344869851 0.137350266178449 56
1756344869868 0.1589842513203621 57
1756344869884 0.16567945231993994 58
1756344869901 0.2127631331483523 59
1756344869918 0.19031624247630438 60
1756344869934 0.1589276393254598 61
1756344869951 0.1434658020734787 62
1756344869972 0.1381672571102778 63
1756344869990 0.15161513288815817 64
1756344870007 0.13041584193706512 65
1756344870023 0.12999355172117552 66
1756344870040 0.12095247581601143 67
1756344870058 0.12912164131800333 68
1756344870076 0.11987421909968059 69
1756344870093 0.12102397158741951 70
1756344870109 0.12336442247033119 71
1756344870126 0.10773622865478198 72
1756344870144 0.10390701393286388 73
1756344870161 0.09800415113568306 74
1756344870178 0.11818848674496014 75
1756344870195 0.10568974539637566 76
1756344870213 0.10681999723116557 77
1756344870230 0.1172199510037899 78
1756344870247 0.12002859885493915 79
1756344870264 0.1184999905526638 80
1756344870281 0.11284881706039111 81
1756344870299 0.1024093193312486 82
1756344870316 0.09036882097522418 83
1756344870333 0.09919883559147517 84
1756344870351 0.10353934143980344 85
1756344870368 0.09586445117990176 86
1756344870388 0.09984905024369557 87
1756344870405 0.09230144197742145 88
1756344870423 0.09529933581749599 89
1756344870440 0.09221747020880382 90
1756344870458 0.08330441142121951 91
1756344870475 0.0757330631216367 92
1756344870493 0.08108261103431384 93
1756344870511 0.08005869885285695 94
1756344870528 0.07558101912339528 95
1756344870546 0.0772210272649924 96
1756344870563 0.07247552524010341 97
1756344870581 0.07891997570792834 98
1756344870599 0.06888317813475926 99
1756344870617 0.06851971273620923 100
1756344870634 0.07183807343244553 101
1756344870652 0.0670721884816885 102
1756344870670 0.07485821222265561 103
1756344870688 0.07966454575459163 104
1756344870706 0.07846076289812724 105
1756344870724 0.06772130106886227 106
1756344870741 0.07076562320192654 107
1756344870759 0.06630383059382439 108
1756344870778 0.06896571939190228 109
1756344870796 0.06856205873191357 110
1756344870814 0.06524988946815331 111
1756344870832 0.06756319540242355 112
1756344870850 0.06393404553333919 113
1756344870868 0.061319571609298386 114
1756344870886 0.06975892186164856 115
1756344870905 0.06594741344451904 116
1756344870923 0.06276193323234718 117
1756344870941 0.058999095732967057 118
1756344870960 0.060388470689455666 119
1756344870978 0.059374019503593445 120
1756344870997 0.061286558086673416 121
1756344871015 0.056569731483856835 122
1756344871034 0.062438035383820534 123
1756344871052 0.06115513170758883 124
1756344871071 0.06176814685265223 125
1756344871089 0.055876610800623894 126
1756344871108 0.05479097552597523 127
1756344871126 0.0568446417649587 128
1756344871145 0.05423093897600969 129
1756344871164 0.05206149568160375 130
1756344871183 0.05333353206515312 131
1756344871201 0.057369775449236236 132
1756344871220 0.05791255955894788 133
1756344871239 0.05548143138488134 134
1756344871258 0.05786335033675035 135
1756344871277 0.06040649674832821 136
