1756344847626 0.9845882256825765 1
1756344847633 0.7757831116517385 2
1756344847639 0.924729734659195 3
1756344847645 0.8107856909434 4
1756344847651 0.7613714834054311 5
1756344847657 0.7861203849315643 6
1756344847663 0.7555151383082072 7
1756344847669 0.8988760113716125 8
1756344847675 0.7586489319801331 9
1756344847682 0.7518790066242218 10
1756344847688 0.6561370889345804 11
1756344847694 0.6076310773690542 12
1756344847700 0.5709016819794973 13
1756344847706 0.538398414850235 14
1756344847713 0.5352408587932587 15
1756344847719 0.5128701776266098 16
1756344847725 0.46863799790541333 17
1756344847731 0.481476292014122 18
1756344847738 0.45410075783729553 19
1756344847744 0.4604334682226181 20
1756344847751 0.4591595729192098 21
1756344847757 0.4446022907892863 22
1756344847763 0.42542385558287305 23
1756344847770 0.4227207849423091 24
1756344847776 0.4141256759564082 25
1756344847783 0.4014065017302831 26
1756344847790 0.4035392999649048 27
1756344847796 0.3945249219735463 28
1756344847803 0.3941781322161357 29
1756344847809 0.3746035546064377 30
1756344847816 0.40148187677065533 31
1756344847823 0.39147019386291504 32
1756344847830 0.4109317511320114 33
1756344847837 0.37186164160569507 34
1756344847843 0.37153763075669605 35
1756344847850 0.3570554008086522 36
1756344847857 0.3437221844991048 37
1756344847864 0.35019657015800476 38
1756344847871 0.35521045327186584 39
1756344847878 0.3453211536010106 40
1756344847885 0.3489143947760264 41
1756344847892 0.34317055841286975 42
1756344847899 0.37697399655977887 43
1756344847906 0.35896219809850055 44
1756344847913 0.3585207959016164 45
1756344847920 0.36139416694641113 46
1756344847927 0.3678705344597499 47
1756344847934 0.3412761191527049 48
1756344847942 0.3404775510231654 49
1756344847949 0.3428848286469777 50
1756344847956 0.31506800651550293 51
1756344847964 0.3039393077294032 52
1756344847971 0.3060358713070552 53
1756344847978 0.29730874796708423 54
1756344847986 0.31490889688332874 55
1756344847993 0.313759724299113 56
1756344848001 0.3172564109166463 57
1756344848008 0.31089623272418976 58
1756344848016 0.32610587279001874 59
1756344848023 0.30354029436906177 60
1756344848031 0.3045269747575124 61
1756344848038 0.30670154094696045 62
1756344848046 0.29087277750174206 63
1756344848054 0.2918332715829213 64
1756344848061 0.26492102444171906 65
1756344848069 0.25783418615659076 66
1756344848077 0.2567648192246755 67
1756344848085 0.25727840264638263 68
1756344848092 0.2513978232940038 69
1756344848100 0.2633078967531522 70
1756344848108 0.25440048426389694 71
1756344848116 0.24666930735111237 72
1756344848124 0.24996731678644815 73
1756344848132 0.24091695497433344 74
1756344848140 0.24595056474208832 75
1756344848148 0.2244254102309545 76
1756344848156 0.23825963834921518 77
1756344848164 0.23534171531597772 78
1756344848172 0.22391081849733988 79
1756344848180 0.22013833622137705 80
1756344848188 0.23166468739509583 81
1756344848196 0.21661988397439322 82
1756344848205 0.23640218128760657 83
1756344848213 0.22425169001022974 84
1756344848221 0.21561089903116226 85
1756344848229 0.214134082198143 86
1756344848238 0.20946724712848663 87
1756344848246 0.21225819985071817 88
1756344848255 0.20533994088570276 89
1756344848263 0.21785646925369898 90
1756344848271 0.21184951812028885 91
1756344848280 0.2216636116305987 92
1756344848288 0.21065380175908408 93
1756344848297 0.2029211645325025 94
1756344848305 0.21336670219898224 95
1756344848314 0.1991407573223114 96
1756344848322 0.21000889192024866 97
1756344848331 0.21320499231417975 98
1756344848340 0.1987417315443357 99
