1756344868981 0.9977814555168152 1
1756344869001 0.8950313131014506 2
1756344869016 0.8544616997241974 3
1756344869031 0.9176057279109955 4
1756344869046 0.8180117706457773 5
1756344869061 0.7152615487575531 6
1756344869076 0.7185992995897929 7
1756344869092 0.6465140779813131 8
1756344869107 0.6004441181818644 9
1756344869122 0.5661626358826956 10
1756344869137 0.5185806353886923 11
1756344869152 0.505299707253774 12
1756344869168 0.5272915860017141 13
1756344869184 0.5057726701100668 14
1756344869199 0.4693617771069209 15
1756344869214 0.4590782771507899 16
1756344869229 0.4700189133485158 17
1756344869245 0.45153317352135974 18
1756344869260 0.46375323335329693 19
1756344869275 0.4634771893421809 20
1756344869292 0.473075067003568 21
1756344869307 0.451227808992068 22
1756344869322 0.42938480774561566 23
1756344869338 0.4677396963040034 24
1756344869354 0.4163440763950348 25
1756344869369 0.41597295304139453 26
1756344869385 0.4156710356473923 27
1756344869401 0.4006231377522151 28
1756344869416 0.39864688615004223 29
1756344869432 0.3789606640736262 30
1756344869448 0.3714428146680196 31
1756344869463 0.3678320397933324 32
1756344869479 0.39303132394949597 33
1756344869495 0.3862880269686381 34
1756344869511 0.42010589440663654 35
1756344869527 0.4017888853947322 36
1756344869543 0.3768511414527893 37
1756344869559 0.3625787099202474 38
1756344869575 0.36468106011549634 39
1756344869591 0.34509959320227307 40
1756344869607 0.36187781393527985 41
1756344869623 0.33254367609818775 42
1756344869639 0.34113022685050964 43
1756344869655 0.325407475233078 44
1756344869671 0.34164531032244366 45
1756344869687 0.33544163405895233 46
1756344869703 0.35573485493659973 47
1756344869719 0.3194088985522588 48
1756344869736 0.32200006643931073 49
1756344869752 0.3188716967900594 50
1756344869768 0.3054548700650533 51
1756344869785 0.30947111050287884 52
1756344869801 0.30338074266910553 53
1756344869817 0.3042020946741104 54
1756344869835 0.2942841003338496 55
1756344869851 0.2844499498605728 56
1756344869868 0.29474295675754547 57
1756344869884 0.30284170309702557 58
1756344869901 0.3430725336074829 59
1756344869918 0.3244575609763463 60
1756344869934 0.2968455006678899 61
1756344869951 0.2860030184189479 62
1756344869972 0.28257229924201965 63
1756344869990 0.2880558917919795 64
1756344870007 0.27148738006750744 65
1756344870023 0.26752134412527084 66
1756344870040 0.2655240794022878 67
1756344870058 0.26516000429789227 68
1756344870076 0.2577539359529813 69
1756344870093 0.2610217109322548 70
1756344870109 0.25994038333495456 71
1756344870126 0.24699784566958746 72
1756344870144 0.23896735658248267 73
1756344870161 0.2344601129492124 74
1756344870178 0.26083987951278687 75
1756344870195 0.24658161401748657 76
1756344870213 0.24598982433478037 77
1756344870230 0.25290872653325397 78
1756344870247 0.2572659080227216 79
1756344870264 0.2552288969357808 80
1756344870281 0.24982082595427832 81
1756344870299 0.23724780976772308 82
1756344870316 0.22751136124134064 83
1756344870333 0.23873663196961084 84
1756344870351 0.24074945598840714 85
1756344870368 0.2298270265261332 86
1756344870388 0.2365280638138453 87
1756344870405 0.23200712104638418 88
1756344870423 0.2294033740957578 89
1756344870440 0.22788362701733908 90
1756344870458 0.21683170646429062 91
1756344870475 0.20846579472223917 92
1756344870493 0.21449789653221765 93
1756344870511 0.21251121908426285 94
1756344870528 0.20535863439242044 95
1756344870546 0.2095917264620463 96
1756344870563 0.20471615344285965 97
1756344870581 0.21139576782782873 98
1756344870599 0.20040447264909744 99
1756344870617 0.19513176629940668 100
1756344870634 0.2024014467994372 101
1756344870652 0.1952352672815323 102
1756344870670 0.20466215908527374 103
1756344870688 0.21502419809500375 104
1756344870706 0.2092385639746984 105
1756344870724 0.19688688218593597 106
1756344870741 0.19946063806613287 107
1756344870759 0.19122404356797537 108
1756344870778 0.1989372099439303 109
1756344870796 0.19556147356828055 110
1756344870814 0.19299485037724176 111
1756344870832 0.19770882278680801 112
1756344870850 0.1920821542541186 113
1756344870868 0.18743899216254553 114
1756344870886 0.1973048523068428 115
1756344870905 0.19385699679454169 116
1756344870923 0.18676955501238504 117
1756344870941 0.1821190814177195 118
1756344870960 0.1851133331656456 119
1756344870978 0.18185491363207498 120
1756344870997 0.18749122073252997 121
1756344871015 0.17898460725943247 122
1756344871034 0.18853475650151572 123
1756344871052 0.18507208426793417 124
1756344871071 0.18375170975923538 125
1756344871089 0.176518144706885 126
1756344871108 0.17606465270121893 127
1756344871126 0.18284576386213303 128
1756344871145 0.17628670235474905 129
1756344871164 0.1718121220668157 130
1756344871183 0.1753570760289828 131
1756344871201 0.18148768693208694 132
1756344871220 0.1798162336150805 133
1756344871239 0.17663831015427908 134
1756344871258 0.181630310912927 135
1756344871277 0.18402439852555594 136
