1756344852194 1.4660446842511494 1
1756344852205 1.0444257656733196 2
1756344852215 1.1291330953439076 3
1756344852224 1.243456204732259 4
1756344852234 1.1355970203876495 5
1756344852244 1.0222031672795613 6
1756344852253 0.8069136341412863 7
1756344852263 0.8297295868396759 8
1756344852273 0.5910919557015101 9
1756344852282 0.7325777808825175 10
1756344852292 0.5171530495087305 11
1756344852302 0.5686131070057551 12
1756344852312 0.550930584470431 13
1756344852321 0.5704401930173238 14
1756344852331 0.5117454131444296 15
1756344852341 0.45746731758117676 16
1756344852351 0.3859117180109024 17
1756344852361 0.40162751575311023 18
1756344852371 0.32032135625680286 19
1756344852381 0.3275055189927419 20
1756344852391 0.2994365145762761 21
1756344852401 0.2763516182700793 22
1756344852411 0.28245073060194653 23
1756344852421 0.2719477117061615 24
1756344852432 0.26769158740838367 25
1756344852442 0.27198436856269836 26
1756344852452 0.24563826620578766 27
1756344852462 0.24502433588107428 28
1756344852472 0.3141753301024437 29
1756344852483 0.30602502326170605 30
1756344852493 0.3139776935180028 31
1756344852503 0.2734812597433726 32
1756344852514 0.27049632122119266 33
1756344852524 0.2579451600710551 34
1756344852534 0.2849422097206116 35
1756344852545 0.20899713039398193 36
1756344852555 0.2681678806742032 37
1756344852566 0.2065368890762329 38
1756344852576 0.23101958632469177 39
1756344852587 0.19569947570562363 40
1756344852597 0.20757206777731577 41
1756344852608 0.1995894486705462 42
1756344852618 0.21487552672624588 43
1756344852629 0.1906810055176417 44
1756344852640 0.1945297842224439 45
1756344852650 0.16603155185778937 46
1756344852661 0.18431163827578226 47
1756344852672 0.16384007036685944 48
1756344852683 0.16336448242266974 49
1756344852693 0.16459979116916656 50
1756344852704 0.16955859089891115 51
1756344852715 0.17949523776769638 52
1756344852726 0.18537342796723047 53
1756344852737 0.18389983723560968 54
1756344852748 0.1473360334833463 55
1756344852759 0.14409271627664566 56
1756344852770 0.14588091522455215 57
