1755981866880 0.00029438279082757523 1
1755981866892 0.0005887655816551505 2
1755981866898 0.0008831483724827257 3
1755981866904 0.001177531163310301 4
1755981866908 0.0014719139541378762 5
1755981866913 0.0014719139541378762 6
1755981866919 0.001471511848434599 7
1755981866924 0.0014703059710214502 8
1755981866929 0.001468297640507677 9
1755981866934 0.0014654890529732095 10
1755981866939 0.0014618832795672818 11
1755981866944 0.001457484263150174 12
1755981866949 0.0014522968139817523 13
1755981866954 0.001446326604461521 14
1755981866959 0.0014395801629259364 15
1755981866963 0.0014320648665097678 16
1755981866969 0.001423788933079308 17
1755981866974 0.0014147614122462572 18
1755981866979 0.0014049921754721048 19
1755981866984 0.0013944919052738336 20
1755981866989 0.0013832720835427418 21
1755981866994 0.0013713449789891647 22
