1755729635332 0.0007923735580813168 1
1755729635336 0.0015847471161626336 2
1755729635339 0.00237712067424395 3
1755729635342 0.0031694942323252672 4
1755729635345 0.003961867790406584 5
1755729635348 0.003961867790406584 6
1755729635352 0.003961755489835713 7
1755729635355 0.0039614186008591155 8
1755729635359 0.003960857161683393 9
1755729635362 0.003960071235981401 10
1755729635366 0.003959060912885025 11
1755729635370 0.003957826306975077 12
1755729635373 0.003956367558268295 13
1755729635377 0.00395468483220147 14
1755729635380 0.003952778319612679 15
1755729635384 0.003950648236719641 16
1755729635387 0.003948294825095203 17
1755729635391 0.003945718351639934 18
1755729635394 0.003942919108551866 19
1755729635398 0.0039398974132933435 20
1755729635402 0.003936653608555029 21
1755729635406 0.00393318806221704 22
1755729635410 0.00392950116730722 23
1755729635414 0.003925593341956568 24
1755729635418 0.003921465029351821 25
1755729635422 0.003917116697685191 26
1755729635425 0.0039125488401012655 27
1755729635430 0.003907761974641082 28
1755729635433 0.003902756644183375 29
1755729635437 0.0038975334163830087 30
1755729635441 0.0038920928836066026 31
1755729635444 0.0038864356628653444 32
1755729635448 0.0038805623957450202 33
1755729635452 0.003874473748333252 34
1755729635456 0.0038681704111439524 35
1755729635460 0.0038616530990390184 36
1755729635464 0.003854922551147255 37
1755729635467 0.0038479795307805537 38
1755729635473 0.0038408248253473227 39
1755729635477 0.0038334592462631882 40
1755729635481 0.003825883628858971 41
1755729635484 0.0038180988322859526 42
1755729635488 0.0038101057394184378 43
1755729635492 0.0038019052567536283 44
1755729635497 0.0037934983143088166 45
1755729635500 0.003784885865515913 46
1755729635504 0.003776068887113316 47
1755729635508 0.0037670483790351417 48
1755729635513 0.0037578253642978213 49
1755729635517 0.003748400888884077 50
1755729635523 0.003738776021624302 51
1755729635528 0.003728951854075343 52
1755729635534 0.0037189295003967034 53
