1755729635332 1.0053626207204966 1
1755729635336 0.9177992389752314 2
1755729635339 0.9197918726847722 3
1755729635342 0.8166050085654626 4
1755729635345 0.7742752570372361 5
1755729635348 0.6915656511600201 6
1755729635352 0.6109121395991399 7
1755729635355 0.576979751770313 8
1755729635359 0.5379666663133181 9
1755729635362 0.5261482298374176 10
1755729635366 0.4910188890420474 11
1755729635370 0.4856349573685573 12
1755729635373 0.4528892131952139 13
1755729635377 0.4348596609555758 14
1755729635380 0.43673401383253246 15
1755729635384 0.41407142694179827 16
1755729635387 0.4340038758057814 17
1755729635391 0.4053803109205686 18
1755729635394 0.3929968820168422 19
1755729635398 0.39518975065304685 20
1755729635402 0.4149396144426786 21
1755729635406 0.389358068888004 22
1755729635410 0.37244729353831363 23
1755729635414 0.3519615668516893 24
1755729635418 0.35734307307463425 25
1755729635422 0.34450215330490697 26
1755729635425 0.3539868937088893 27
1755729635430 0.34535402059555054 28
1755729635433 0.34135730449969953 29
1755729635437 0.32873746064993054 30
1755729635441 0.33643800478715163 31
1755729635444 0.3208584693761972 32
1755729635448 0.31179479223031265 33
1755729635452 0.32591310372719395 34
1755729635456 0.32162642020445603 35
1755729635460 0.33698187653835004 36
1755729635464 0.3372122278580299 37
1755729635467 0.3341555205675272 38
1755729635473 0.3166541021603804 39
1755729635477 0.3125893175601959 40
1755729635481 0.30145585307708156 41
1755729635484 0.2869300842285156 42
1755729635488 0.30251463559957653 43
1755729635492 0.3085519396341764 44
1755729635497 0.30370357632637024 45
1755729635500 0.2892206425850208 46
1755729635504 0.27570187701628757 47
1755729635508 0.28989558953505296 48
1755729635513 0.2716236263513565 49
1755729635517 0.2822414877323004 50
1755729635523 0.2632975234435155 51
1755729635528 0.2934801693146045 52
1755729635534 0.28508804394648624 53
