1755729635332 1.6918773559423594 1
1755729635336 1.4416144077594464 2
1755729635339 1.389976611504188 3
1755729635342 1.159489631652832 4
1755729635345 1.0247867565888624 5
1755729635348 0.8418758236444913 6
1755729635352 0.6536049888684199 7
1755729635355 0.5808778084241427 8
1755729635359 0.5128498283716348 9
1755729635362 0.4892507722744575 10
1755729635366 0.43497087634526765 11
1755729635370 0.4082213250490335 12
1755729635373 0.37381672859191895 13
1755729635377 0.3485586620294131 14
1755729635380 0.34041446447372437 15
1755729635384 0.3073490055707785 16
1755729635387 0.34220173267217785 17
1755729635391 0.30479220816722286 18
1755729635394 0.27988831125772917 19
1755729635398 0.2744961610207191 20
1755729635402 0.3162226126744197 21
1755729635406 0.2777598293928 22
1755729635410 0.2566708784836989 23
1755729635414 0.22937304583879617 24
1755729635418 0.22588653289354765 25
1755729635422 0.21663239139776963 26
1755729635425 0.22472795156332162 27
1755729635430 0.22541424746696764 28
1755729635433 0.21008339982766372 29
1755729635437 0.20046450656193954 30
1755729635441 0.20366803384744203 31
1755729635444 0.1900024265050888 32
1755729635448 0.1740884815271084 33
1755729635452 0.19205828870718294 34
1755729635456 0.19717054527539474 35
1755729635460 0.21183586235229784 36
1755729635464 0.20788021500294024 37
1755729635467 0.20569962836228883 38
1755729635473 0.1836552872107579 39
1755729635477 0.17804529919074133 40
1755729635481 0.16267201361747888 41
1755729635484 0.14796620492751783 42
1755729635488 0.1723134139409432 43
1755729635492 0.17782693757460669 44
1755729635497 0.16678690623778564 45
1755729635500 0.15317115646142226 46
1755729635504 0.13585857015389663 47
1755729635508 0.15027543845084998 48
1755729635513 0.13697289274289057 49
1755729635517 0.14169181768710798 50
1755729635523 0.12732278269070846 51
1755729635528 0.1564936637878418 52
1755729635534 0.14687511038321716 53
