1756054106823 1.4343411147594451 1
1756054106839 0.9616803348064422 2
1756054106847 1.0106015503406525 3
1756054106855 0.7194807231426239 4
1756054106863 0.6033628016710282 5
1756054106872 0.5746596068143844 6
1756054106882 0.5275052428245545 7
1756054106891 0.5442012965679168 8
1756054106899 0.4712015002965927 9
1756054106908 0.3458803743124008 10
1756054106917 0.3361866623163223 11
1756054106925 0.30412699580192565 12
1756054106934 0.29131802916526794 13
1756054106943 0.24545653015375138 14
1756054106952 0.2877531722187996 15
1756054106960 0.2874563977122307 16
1756054106968 0.3067846566438675 17
1756054106976 0.24101804792881013 18
1756054106984 0.21592675447463988 19
1756054106993 0.1868007943034172 20
1756054107001 0.20295774042606354 21
1756054107009 0.1634090758860111 22
1756054107018 0.17265645489096643 23
1756054107026 0.19314347803592682 24
1756054107034 0.17774427980184554 25
1756054107043 0.15770024806261063 26
1756054107051 0.1583335280418396 27
1756054107060 0.1390789493918419 28
1756054107070 0.13326112553477287 29
1756054107078 0.12153051942586898 30
1756054107087 0.11811790391802787 31
1756054107095 0.1306023970246315 32
1756054107104 0.12626034170389175 33
1756054107112 0.0987041600048542 34
1756054107121 0.1320079155266285 35
1756054107131 0.11124367862939835 36
1756054107141 0.11123083308339118 37
1756054107151 0.08680210039019584 38
1756054107160 0.08526530712842942 39
1756054107169 0.08383635058999062 40
1756054107178 0.100473353266716 41
1756054107188 0.08835133835673332 42
1756054107197 0.0804106879979372 43
1756054107207 0.0664504062384367 44
1756054107217 0.07020207159221173 45
1756054107227 0.08531492240726948 46
1756054107235 0.07317972779273987 47
1756054107244 0.07412294149398804 48
1756054107253 0.06183812730014324 49
1756054107261 0.057099762931466104 50
1756054107270 0.056238120421767235 51
1756054107279 0.06588687375187874 52
1756054107288 0.061880850419402125 53
1756054107296 0.07184340544044972 54
1756054107306 0.06160979457199574 55
1756054107316 0.05666951462626457 56
1756054107326 0.06177508346736431 57
1756054107336 0.05245339833199978 58
1756054107344 0.05164036527276039 59
1756054107353 0.040905439853668214 60
1756054107362 0.04916116800159216 61
1756054107372 0.05122509840875864 62
1756054107383 0.051681945100426674 63
1756054107392 0.04116482138633728 64
1756054107402 0.03349665869027376 65
1756054107412 0.039961596764624116 66
1756054107421 0.04439859390258789 67
1756054107431 0.04026679117232561 68
1756054107440 0.038153554685413836 69
1756054107450 0.041407878138124944 70
1756054107460 0.03970726989209652 71
1756054107469 0.04229993037879467 72
1756054107478 0.03987291567027569 73
