1756054064789 1.6326134562492371 1
1756054064798 1.0708386242389678 2
1756054064803 0.8643235862255096 3
1756054064807 0.980471333861351 4
1756054064812 0.9568759143352509 5
1756054064816 0.7585121005773544 6
1756054064820 0.5788356274366379 7
1756054064825 0.4537227928638458 8
1756054064831 0.48784306943416594 9
1756054064836 0.43159309923648836 10
1756054064841 0.3984736889600754 11
1756054064846 0.3402211621403694 12
1756054064850 0.31150968968868253 13
1756054064855 0.2429029881954193 14
1756054064860 0.21914000511169435 15
1756054064865 0.21800386011600495 16
1756054064870 0.20694497525691985 17
1756054064874 0.20256552398204802 18
1756054064879 0.18797104805707932 19
1756054064884 0.19408465474843978 20
1756054064890 0.1612824834883213 21
1756054064894 0.20162143856287001 22
1756054064900 0.17178129106760026 23
1756054064907 0.17935702949762344 24
1756054064911 0.15736479163169861 25
1756054064917 0.1435070477426052 26
1756054064922 0.15480716824531554 27
1756054064928 0.11672264933586121 28
1756054064932 0.12146387919783593 29
1756054064937 0.12737714126706123 30
1756054064942 0.11993358284235 31
1756054064948 0.10252759009599685 32
1756054064953 0.12064826637506484 33
1756054064958 0.12935684323310853 34
1756054064964 0.13186694085597991 35
1756054064969 0.17172785997390747 36
1756054064975 0.14307271540164948 37
1756054064980 0.14052263274788857 38
1756054064986 0.15024752616882325 39
1756054064991 0.1760348878800869 40
1756054064997 0.1361859954893589 41
1756054065002 0.13664315938949584 42
1756054065007 0.11960346847772599 43
1756054065013 0.1096394695341587 44
1756054065018 0.08600786477327346 45
1756054065023 0.09788936004042625 46
1756054065028 0.07731118202209472 47
1756054065033 0.07319956943392754 48
1756054065038 0.08379407264292241 49
1756054065044 0.0762339796870947 50
1756054065050 0.07553798444569111 51
1756054065056 0.056688159704208374 52
1756054065062 0.05263652317225933 53
1756054065067 0.059823261201381685 54
1756054065073 0.06006327085196972 55
1756054065078 0.06983122751116752 56
1756054065084 0.0510088499635458 57
1756054065089 0.05384526774287224 58
1756054065095 0.05886970162391662 59
1756054065101 0.05480870604515076 60
1756054065107 0.046904978901147844 61
1756054065112 0.04237251840531826 62
1756054065118 0.047059362009167674 63
1756054065123 0.04495486915111542 64
1756054065129 0.04021050184965134 65
1756054065134 0.04603870362043381 66
1756054065140 0.050593958050012586 67
1756054065146 0.04109422229230404 68
1756054065152 0.042307747155427934 69
1756054065159 0.04711780473589897 70
1756054065165 0.037254692800343034 71
1756054065171 0.042677301168441775 72
1756054065176 0.03813751861453056 73
1756054065182 0.04264680705964565 74
1756054065188 0.03375078812241554 75
1756054065193 0.040161725133657455 76
1756054065199 0.03076326921582222 77
