1756054106823 2.151399391889572 1
1756054106839 1.077480149269104 2
1756054106847 1.3070483446121215 3
1756054106855 0.8006990849971771 4
1756054106863 0.6749503910541534 5
1756054106872 0.603420415520668 6
1756054106882 0.5968475222587586 7
1756054106891 0.5806157529354096 8
1756054106899 0.5155548214912414 9
1756054106908 0.3745197162032127 10
1756054106917 0.34612839818000796 11
1756054106925 0.3078970193862915 12
1756054106934 0.3101093903183937 13
1756054106943 0.2580410748720169 14
1756054106952 0.33508501052856443 15
1756054106960 0.32638625204563143 16
1756054106968 0.34596250355243685 17
1756054106976 0.26836241185665133 18
1756054106984 0.2104796826839447 19
1756054106993 0.1884956806898117 20
1756054107001 0.20436213165521622 21
1756054107009 0.18487415015697478 22
1756054107018 0.188432514667511 23
1756054107026 0.20653780102729796 24
1756054107034 0.17823618203401564 25
1756054107043 0.1892448842525482 26
1756054107051 0.16915107592940332 27
1756054107060 0.14700825437903403 28
1756054107070 0.13983409106731415 29
1756054107078 0.12825083658099173 30
1756054107087 0.12742773890495301 31
1756054107095 0.1449492134153843 32
1756054107104 0.13744002357125282 33
1756054107112 0.09879065006971359 34
1756054107121 0.12968436032533645 35
1756054107131 0.1089822493493557 36
1756054107141 0.11522652432322503 37
1756054107151 0.09249046370387078 38
1756054107160 0.08869663774967193 39
1756054107169 0.09305739998817444 40
1756054107178 0.10871539786458015 41
1756054107188 0.10094675906002522 42
1756054107197 0.08828876242041588 43
1756054107207 0.06905048936605454 44
1756054107217 0.07346367202699185 45
1756054107227 0.09282641783356667 46
1756054107235 0.07967216484248638 47
1756054107244 0.08029603287577629 48
1756054107253 0.059766700863838194 49
1756054107261 0.058665278181433675 50
1756054107270 0.057219190150499345 51
1756054107279 0.06289251893758774 52
1756054107288 0.062308786809444426 53
1756054107296 0.07159625217318535 54
1756054107306 0.06386958062648773 55
1756054107316 0.05881331451237202 56
1756054107326 0.06271887719631195 57
1756054107336 0.05722977295517921 58
1756054107344 0.05190410204231739 59
1756054107353 0.044591572135686874 60
1756054107362 0.052110901847481725 61
1756054107372 0.0533430315554142 62
1756054107383 0.05091100037097931 63
1756054107392 0.040958959981799124 64
1756054107402 0.03768107816576958 65
1756054107412 0.041170462220907214 66
1756054107421 0.04308007247745991 67
1756054107431 0.039165505394339564 68
1756054107440 0.04167252294719219 69
1756054107450 0.04551990292966366 70
1756054107460 0.041712278872728346 71
1756054107469 0.04609699212014675 72
1756054107478 0.04023319650441408 73
