1755980800009 1.044110276760199 1
1755980800018 0.9547622188543662 2
1755980800022 0.9033852005616213 3
1755980800027 0.7811667506511395 4
1755980800031 0.7580318886500138 5
1755980800037 0.6574976023955222 6
1755980800042 0.6502091173942273 7
1755980800047 0.6384679537553054 8
1755980800052 0.6270241492833847 9
1755980800058 0.5618812380692898 10
1755980800063 0.5450591452610798 11
1755980800068 0.5508896349332272 12
1755980800074 0.5231926754499093 13
1755980800078 0.5283709267775217 14
1755980800084 0.5341171882091424 15
1755980800088 0.5230478185873765 16
1755980800093 0.5295872191588084 17
1755980800097 0.5290706417499444 18
1755980800103 0.456710893374223 19
1755980800108 0.4797138327207321 20
1755980800113 0.551121228780502 21
1755980800117 0.45683537385402584 22
1755980800123 0.48718148928422195 23
1755980800128 0.43867525381919664 24
1755980800135 0.4570527909657894 25
1755980800140 0.49299034094199157 26
