1755980912905 0.9238384748116518 1
1755980912922 0.8147042332551419 2
1755980912929 0.8176991588030106 3
1755980912937 0.7678156219995939 4
1755980912944 0.7235841170335428 5
1755980912952 0.7085605897964575 6
1755980912959 0.6520375632322751 7
1755980912966 0.6330669499360598 8
1755980912973 0.6050168260549887 9
1755980912980 0.6111300159723331 10
1755980912987 0.6521644217845721 11
1755980912994 0.5553721686204275 12
1755980913002 0.5378132500709631 13
1755980913009 0.5431284935046465 14
1755980913016 0.5569561605270092 15
1755980913024 0.5323462432775742 16
1755980913031 0.521911233663559 17
1755980913039 0.5030776247000083 18
1755980913046 0.5497507185508044 19
1755980913053 0.5419984459877014 20
1755980913061 0.5841996371746063 21
1755980913069 0.5353051615067017 22
1755980913076 0.4816934680327391 23
1755980913084 0.4557271240613399 24
1755980913092 0.4327064943619264 25
1755980913100 0.4577113993656941 26
1755980913108 0.466429876211362 27
1755980913116 0.47409079090142864 28
1755980913124 0.4549178740917108 29
1755980913132 0.4526345133781433 30
1755980913139 0.42227639983861875 31
1755980913147 0.45512841680111027 32
1755980913153 0.39782436917989683 33
1755980913161 0.3884119926354824 34
1755980913169 0.4135823211608789 35
1755980913177 0.4174117079147926 36
1755980913184 0.4397251376738915 37
1755980913192 0.40936418909292954 38
1755980913200 0.43267254263926774 39
1755980913207 0.39048868799820924 40
1755980913214 0.39271894097328186 41
1755980913222 0.38467967204558545 42
1755980913229 0.3679929406214983 43
1755980913237 0.37675389036154133 44
1755980913244 0.4040206403304369 45
1755980913252 0.38215584938342756 46
1755980913260 0.4390200735666813 47
1755980913268 0.42647009476637227 48
1755980913276 0.4633113489701198 49
1755980913284 0.3698096183630136 50
1755980913293 0.3812878406964816 51
1755980913301 0.3784489012681521 52
1755980913309 0.38120821041938585 53
1755980913317 0.35489923296830594 54
1755980913325 0.34431288295831436 55
1755980913333 0.3772343710446969 56
1755980913341 0.3987452043936803 57
1755980913350 0.3508870907318898 58
1755980913359 0.33115814205927724 59
1755980913368 0.3408161394107036 60
1755980913376 0.34602408569592696 61
1755980913384 0.34881964860818326 62
1755980913392 0.37636870184005833 63
1755980913400 0.3559894867432423 64
1755980913409 0.32947615744211733 65
1755980913417 0.33354479456559205 66
1755980913425 0.3221354881922404 67
1755980913434 0.31632383435200423 68
1755980913443 0.31027440764965153 69
1755980913453 0.2999747021076007 70
1755980913461 0.3167704328512534 71
1755980913471 0.32665000703090274 72
1755980913479 0.28162854489607686 73
1755980913487 0.2986974360851141 74
1755980913496 0.29495018873459256 75
1755980913504 0.2921628890893398 76
1755980913513 0.2911083973371066 77
1755980913522 0.2982436017348216 78
1755980913530 0.3033887690458542 79
1755980913538 0.3314545601606369 80
1755980913547 0.31518188462807584 81
1755980913555 0.303668954433539 82
1755980913563 0.2935526130291132 83
1755980913572 0.27972101859557325 84
1755980913580 0.2917867952432388 85
1755980913588 0.2718710639537909 86
