1755980912905 1.4699923396110535 1
1755980912922 1.2117678293815026 2
1755980912929 1.1969066552626781 3
1755980912937 1.0604447218088002 4
1755980912944 0.9255351821581522 5
1755980912952 0.8791449589607043 6
1755980912959 0.74475453602962 7
1755980912966 0.7102426382211539 8
1755980912973 0.669251466408754 9
1755980912980 0.6499125330876081 10
1755980912987 0.7373935870635204 11
1755980912994 0.5241148418340927 12
1755980913002 0.5038618284922379 13
1755980913009 0.5098147506897266 14
1755980913016 0.5374155457203205 15
1755980913024 0.5089485943317413 16
1755980913031 0.48886476418910885 17
1755980913039 0.45424884213851047 18
1755980913046 0.516109226605831 19
1755980913053 0.5108991891909869 20
1755980913061 0.5928157323446029 21
1755980913069 0.4909155857868684 22
1755980913076 0.4107435120221896 23
1755980913084 0.37385415610594624 24
1755980913092 0.3300098658372194 25
1755980913100 0.36397119210316586 26
1755980913108 0.3772111435731252 27
1755980913116 0.4393080893235329 28
1755980913124 0.36456127502979374 29
1755980913132 0.35747833664600664 30
1755980913139 0.322669750222793 31
1755980913147 0.3582090387741725 32
1755980913153 0.2739263503597333 33
1755980913161 0.2707218394065515 34
1755980913169 0.3186838435821044 35
1755980913177 0.32747628023991215 36
1755980913184 0.34007208125713545 37
1755980913192 0.29196393680878174 38
1755980913200 0.3265375387974275 39
1755980913207 0.2683377443597867 40
1755980913214 0.2660880677210979 41
1755980913222 0.2502820384808076 42
1755980913229 0.2310201707176673 43
1755980913237 0.2564651519060135 44
1755980913244 0.3075036545021412 45
1755980913252 0.2577410260072121 46
1755980913260 0.41014761267564237 47
1755980913268 0.4142197324679448 48
1755980913276 0.41004313490329647 49
1755980913284 0.2388926570614179 50
1755980913293 0.2601851102633354 51
1755980913301 0.25898373929353863 52
1755980913309 0.2576956691650244 53
1755980913317 0.2190172649346865 54
1755980913325 0.21946336863896784 55
1755980913333 0.2650563621368164 56
1755980913341 0.28226049645588946 57
1755980913350 0.21373476584752402 58
1755980913359 0.19634706469682547 59
1755980913368 0.20451095623847765 60
1755980913376 0.2128694840730765 61
1755980913384 0.22575518976037318 62
1755980913392 0.27242606457991475 63
1755980913400 0.21898581316837898 64
1755980913409 0.20027173214998 65
1755980913417 0.2001232602275335 66
1755980913425 0.1861694541115027 67
1755980913434 0.17463650573522616 68
1755980913443 0.17369856742712167 69
1755980913453 0.1622998236845701 70
1755980913461 0.1980595687069954 71
1755980913471 0.18656363452856356 72
1755980913479 0.13836281679761717 73
1755980913487 0.15268125652502745 74
1755980913496 0.15809972011126006 75
1755980913504 0.1582649671114408 76
1755980913513 0.15365049223869276 77
1755980913522 0.1514024052482385 78
1755980913530 0.1782463736450061 79
1755980913538 0.20283685605495405 80
1755980913547 0.17745505750943452 81
1755980913555 0.16457590193320543 82
1755980913563 0.1520404739257617 83
1755980913572 0.13588367393001533 84
1755980913580 0.1522506771561427 85
1755980913588 0.1292062392219519 86
