1756052745609 2.7039148449897765 1
1756052745617 1.0600306779146194 2
1756052745622 0.8848400071263314 3
1756052745626 0.7653879746794701 4
1756052745631 0.7284614965319633 5
1756052745635 0.667505630850792 6
1756052745639 0.8143927380442619 7
1756052745644 0.7502557739615441 8
1756052745648 0.7037519469857216 9
1756052745653 0.640490035712719 10
1756052745658 0.49895737916231153 11
1756052745662 0.4604123495519161 12
1756052745667 0.4340443082153797 13
1756052745672 0.5490780733525753 14
1756052745678 0.4424003340303898 15
1756052745682 0.4664622113108635 16
1756052745688 0.5578838557004928 17
1756052745693 0.6471585273742676 18
1756052745698 0.5127901807427406 19
1756052745703 0.43275619968771933 20
1756052745708 0.36425298303365705 21
1756052745713 0.3389852687716484 22
1756052745718 0.4323513820767403 23
1756052745722 0.4954565688967705 24
1756052745727 0.28788387924432757 25
1756052745732 0.3023504436016083 26
1756052745737 0.37071438357234 27
1756052745741 0.3216092221438885 28
1756052745746 0.40150363743305206 29
1756052745751 0.2968502201139927 30
1756052745756 0.5059930048882961 31
1756052745760 0.27402700707316396 32
1756052745765 0.38231471218168733 33
1756052745770 0.33721504732966423 34
1756052745775 0.23273461386561395 35
1756052745780 0.2409941717982292 36
1756052745785 0.20082383342087268 37
1756052745790 0.23331438340246677 38
1756052745794 0.25536557734012605 39
1756052745799 0.37538414597511294 40
1756052745804 0.2596184268593788 41
1756052745810 0.21373221427202224 42
1756052745815 0.20204092375934124 43
1756052745820 0.20570773854851723 44
1756052745825 0.39149397425353527 45
1756052745831 0.270466423407197 46
1756052745836 0.3600543886423111 47
1756052745842 0.23986593037843704 48
1756052745847 0.3838985860347748 49
1756052745853 0.21763740256428718 50
1756052745858 0.20837419629096984 51
1756052745863 0.19182755537331103 52
1756052745868 0.1727352075278759 53
1756052745874 0.19493543542921543 54
1756052745879 0.25031158290803435 55
1756052745884 0.20797085389494896 56
1756052745889 0.21692359074950218 57
1756052745895 0.20306595973670483 58
1756052745900 0.23556024618446827 59
