1756052788315 2.240161144733429 1
1756052788329 1.0833174467086792 2
1756052788335 0.9313887506723404 3
1756052788341 0.7505229279398918 4
1756052788347 0.7614166826009751 5
1756052788354 0.7549058690667152 6
1756052788360 0.8338310435414314 7
1756052788367 0.5762627750635148 8
1756052788374 0.6042851403355598 9
1756052788380 0.5702451542019844 10
1756052788387 0.42682317793369295 11
1756052788393 0.6572764337062835 12
1756052788399 0.6939767122268676 13
1756052788405 0.7798463433980942 14
1756052788411 0.6964527562260627 15
1756052788418 0.5083910882472992 16
1756052788425 0.5249231513589621 17
1756052788431 0.4365674391388893 18
1756052788437 0.5721388697624207 19
1756052788444 0.42898389920592306 20
1756052788450 0.5114892661571503 21
1756052788457 0.5009339228272438 22
1756052788463 0.4982985869050026 23
1756052788470 0.43748127222061156 24
1756052788476 0.35677323788404464 25
1756052788483 0.35807104408741 26
1756052788490 0.3365982502698898 27
1756052788496 0.3589725688099861 28
1756052788503 0.3840232226997614 29
1756052788509 0.6484942957758904 30
1756052788515 0.3649333044886589 31
1756052788522 0.3677761539816856 32
1756052788528 0.34853245317935944 33
1756052788534 0.44695212319493294 34
1756052788541 0.5871061444282532 35
1756052788547 0.46992876529693606 36
1756052788554 0.33941311240196226 37
1756052788560 0.3532849676907063 38
1756052788567 0.38426919281482697 39
1756052788573 0.28508241903036835 40
1756052788580 0.28745632618665695 41
1756052788587 0.37218445613980294 42
1756052788594 0.5250374622642994 43
1756052788601 0.3140751987695694 44
1756052788607 0.3153278924524784 45
1756052788614 0.303329523652792 46
1756052788621 0.3040638379752636 47
1756052788628 0.27444317638874055 48
1756052788635 0.29495141208171843 49
1756052788642 0.25961511842906476 50
1756052788649 0.26001487821340563 51
1756052788655 0.24825043752789497 52
1756052788662 0.30458272695541383 53
1756052788669 0.28402248620986936 54
1756052788676 0.2604873202741146 55
1756052788684 0.29463195204734804 56
1756052788691 0.24649902954697608 57
1756052788699 0.3119889318943024 58
1756052788706 0.23464580699801446 59
1756052788713 0.2496757760643959 60
1756052788721 0.23451852723956107 61
1756052788727 0.3548886150121689 62
1756052788734 0.2591259129345417 63
1756052788741 0.2650220051407814 64
1756052788748 0.2852752223610878 65
1756052788755 0.22700904309749603 66
1756052788762 0.23135324530303478 67
1756052788769 0.2975591741502285 68
1756052788776 0.26882961541414263 69
1756052788784 0.2861703298985958 70
1756052788791 0.26466469690203664 71
1756052788798 0.256106461584568 72
1756052788806 0.2133054442703724 73
1756052788813 0.2375228874385357 74
1756052788821 0.21990607902407647 75
1756052788831 0.2666804913431406 76
1756052788839 0.24181754291057586 77
1756052788846 0.21173849068582057 78
1756052788853 0.23837072923779487 79
1756052788860 0.19864681544713675 80
1756052788868 0.2345304474234581 81
1756052788876 0.19683991745114326 82
1756052788884 0.2376531597226858 83
1756052788891 0.18658578172326087 84
1756052788899 0.20292733646929265 85
1756052788907 0.22794110625982283 86
1756052788914 0.2902293287217617 87
1756052788922 0.18010569959878922 88
1756052788929 0.1878776527941227 89
1756052788937 0.19162802621722222 90
1756052788944 0.257451206818223 91
1756052788951 0.24867277331650256 92
1756052788959 0.22727290093898772 93
1756052788966 0.17202009530737997 94
1756052788973 0.23050649389624595 95
1756052788981 0.3034172408282757 96
1756052788988 0.16526742950081824 97
1756052788995 0.23992219120264052 98
1756052789003 0.21245911605656148 99
1756052789010 0.2200912542641163 100
