1756052817398 2.1424303889274596 1
1756052817412 0.870125786960125 2
1756052817421 0.8169994980096817 3
1756052817429 0.7056662991642952 4
1756052817437 0.6438930537551641 5
1756052817446 0.5331277891993522 6
1756052817455 0.6707268506288528 7
1756052817463 0.7019354268908501 8
1756052817472 0.5980094879865646 9
1756052817480 0.5964650690555573 10
1756052817489 0.4652886688709259 11
1756052817498 0.4784394398331642 12
1756052817507 0.44816855490207674 13
1756052817516 0.4749698981642723 14
1756052817524 0.45955258011817934 15
1756052817532 0.4991056129336357 16
1756052817541 0.3950491607189178 17
1756052817549 0.3944441445171833 18
1756052817558 0.4436351329088211 19
1756052817566 0.4314533397555351 20
1756052817575 0.3758786767721176 21
1756052817583 0.4493559092283249 22
1756052817592 0.5272790163755416 23
1756052817601 0.33713674545288086 24
1756052817611 0.3375270918011665 25
1756052817620 0.3377902746200562 26
1756052817629 0.3403073376044631 27
1756052817641 0.3526818141341209 28
1756052817652 0.34230723679065705 29
1756052817667 0.3720579192042351 30
1756052817679 0.43225201666355134 31
1756052817693 0.34484363794326783 32
1756052817708 0.35053117722272875 33
1756052817721 0.5013775885105133 34
1756052817736 0.36818151772022245 35
1756052817747 0.4373025238513947 36
1756052817761 0.3778826355934143 37
1756052817775 0.3480201967060566 38
1756052817788 0.3601792223751545 39
1756052817804 0.3903141036629677 40
1756052817815 0.3260981895029545 41
1756052817829 0.4114941135048866 42
1756052817842 0.378302813321352 43
1756052817855 0.531255167722702 44
1756052817871 0.3175503373146057 45
1756052817883 0.29824939370155334 46
1756052817897 0.3334566429257393 47
1756052817906 0.3476453676819801 48
1756052817917 0.277447284758091 49
1756052817926 0.2722932331264019 50
1756052817937 0.23382608257234097 51
1756052817947 0.2307168535888195 52
1756052817957 0.2310541294515133 53
1756052817968 0.23172274902462958 54
1756052817978 0.22603534683585166 55
1756052817988 0.292437319457531 56
1756052817998 0.24656074047088622 57
1756052818007 0.22535166144371033 58
1756052818017 0.21209516376256943 59
