1755981343615 2.24770958807606 1
1755981343625 1.6485994272889235 2
1755981343630 1.1845071361615107 3
1755981343634 1.1661718655855229 4
1755981343638 1.3548009067009656 5
1755981343643 1.1235207526598316 6
1755981343648 0.8761349068238184 7
1755981343652 0.7370042556371444 8
1755981343656 0.8930460252822974 9
1755981343661 0.8531137429750882 10
1755981343665 0.7455163804384378 11
1755981343670 0.6871206561724345 12
1755981343674 0.6258904674114325 13
1755981343679 0.6593255186692263 14
1755981343683 0.7194920396193479 15
1755981343688 0.6522636077342889 16
1755981343693 0.553571053326894 17
1755981343697 0.6088849802811941 18
1755981343701 0.5889288324576157 19
1755981343706 0.566760101976494 20
1755981343710 0.7045844350105677 21
1755981343715 0.5905544857184092 22
1755981343720 0.5313275513740686 23
1755981343725 0.5597214278502342 24
1755981343730 0.5236681057856634 25
1755981343735 0.5073139743927197 26
1755981343740 0.6146412713405414 27
1755981343744 0.4602411607137093 28
1755981343749 0.42429355818491715 29
1755981343754 0.4714176845856202 30
1755981343758 0.45411457923742443 31
