1755981429332 1.1160584856302311 1
1755981429347 0.9471314572370969 2
1755981429354 0.7804398124034588 3
1755981429362 0.7384224992531997 4
1755981429369 0.8277660180360843 5
1755981429377 0.8285842553163186 6
1755981429384 0.6480830166584406 7
1755981429392 0.6408433532103514 8
1755981429398 0.6546908502395337 9
1755981429406 0.6413596127277765 10
1755981429414 0.5873431127804977 11
1755981429421 0.5758922405731983 12
1755981429428 0.553425383873475 13
1755981429435 0.53355850928869 14
1755981429443 0.5543637015880682 15
1755981429450 0.5031345180976086 16
1755981429458 0.5167952202833616 17
1755981429467 0.5601630913905609 18
1755981429475 0.5689683824013441 19
1755981429483 0.5838862099708655 20
1755981429491 0.5385238635234344 21
1755981429499 0.5541022312946808 22
1755981429506 0.5400662529162872 23
1755981429513 0.5591937303543091 24
1755981429521 0.5426663404855973 25
1755981429530 0.5206926136444776 26
1755981429537 0.5191790461540222 27
1755981429545 0.5036602509327424 28
1755981429552 0.49242366506503177 29
1755981429560 0.4890493888121385 30
1755981429568 0.4732943880252349 31
1755981429579 0.4552775934720651 32
1755981429586 0.46214064267965466 33
1755981429594 0.4441499511400859 34
1755981429601 0.4543966230673668 35
1755981429608 0.43126847117375106 36
1755981429615 0.4999852631336603 37
1755981429623 0.46693106568776643 38
1755981429630 0.4490144810615442 39
1755981429637 0.4465166322695903 40
1755981429645 0.427219909735215 41
1755981429653 0.42819654177396727 42
1755981429660 0.43372646126991665 43
1755981429668 0.42747011398657775 44
1755981429675 0.4362870393655239 45
1755981429683 0.4580918428225395 46
1755981429690 0.42782672399129623 47
1755981429698 0.4483052140627152 48
1755981429707 0.4275424595062549 49
1755981429714 0.46722602462157226 50
1755981429722 0.42219319557532287 51
1755981429730 0.4254898253159645 52
1755981429737 0.4090568690727919 53
