1755977714503 0.0004885317912996516 1
1755977714519 0.0009770635825993032 2
1755977714525 0.0014655953738989549 3
1755977714533 0.0019541271651986065 4
1755977714539 0.002442658956498258 5
1755977714545 0.002442658956498258 6
1755977714551 0.002441991476943044 7
1755977714557 0.0024399897681564964 8
1755977714563 0.0024366560189777843 9
1755977714569 0.002431993874812689 10
1755977714575 0.002426008433647405 11
1755977714581 0.0024187062404739715 12
1755977714587 0.0024100952801334122 13
1755977714593 0.002400184968584435 14
1755977714599 0.0023889861426072173 15
1755977714605 0.002376511047953545 16
1755977714611 0.0023627733259562653 17
1755977714617 0.002347787998612687 18
1755977714623 0.0023315714521582468 19
1755977714629 0.002314141419148405 20
1755977714635 0.0022955169590683513 21
1755977714641 0.0022757184374917433 22
1755977714647 0.002254767503811245 23
1755977714653 0.0022326870675652374 24
1755977714659 0.0022095012733865747 25
1755977714665 0.0021852354746007803 26
1755977714671 0.0021599162055025594 27
1755977714678 0.0021335711523409375 28
1755977714684 0.0021062291230447526 29
1755977714690 0.002077920015721608 30
1755977714696 0.002048674785964733 31
1755977714702 0.0020185254130034905 32
1755977714708 0.001987504864734566 33
1755977714714 0.0019556470616720525 34
1755977714721 0.001922986839855867 35
1755977714727 0.0018895599127590535 36
1755977714733 0.0018554028322356228 37
1755977714739 0.001820552948551638 38
1755977714746 0.0017850483695432467 39
1755977714752 0.0017489279189463218 40
1755977714758 0.0017122310939432762 41
1755977714765 0.0016749980219734723 42
1755977714771 0.0016372694168544598 43
1755977714778 0.00159908653426201 44
1755977714784 0.0015604911266176424 45
1755977714790 0.001521525397432964 46
1755977714797 0.0014822319551607494 47
1755977714803 0.0014426537666032224 48
1755977714809 0.0014028341099284896 49
1755977714816 0.0013628165273464991 50
1755977714822 0.0013226447774962711 51
1755977714829 0.0012823627875964718 52
1755977714835 0.0012420146054116423 53
1755977714842 0.0012016443510866155 54
1755977714848 0.001161296168901786 55
1755977714855 0.0011210141790019869 56
1755977714862 0.001080842429151759 57
1755977714869 0.0010408248465697682 58
1755977714876 0.0010010051898950358 59
1755977714883 0.0009614270013375088 60
1755977714889 0.000922133559065294 61
1755977714896 0.0008831678298806159 62
1755977714902 0.0008445724222362481 63
1755977714909 0.0008063895396437981 64
1755977714916 0.0007686609345247853 65
1755977714922 0.0007314278625549823 66
