1755977664929 0.0004885317912996516 1
1755977664966 0.0009770635825993032 2
1755977664971 0.0014655953738989549 3
1755977664976 0.0019541271651986065 4
1755977664981 0.002442658956498258 5
1755977664985 0.002442658956498258 6
1755977664990 0.002441991476943044 7
1755977664995 0.0024399897681564964 8
1755977665000 0.0024366560189777843 9
1755977665004 0.002431993874812689 10
1755977665009 0.002426008433647405 11
1755977665014 0.0024187062404739715 12
1755977665018 0.0024100952801334122 13
1755977665023 0.002400184968584435 14
1755977665027 0.0023889861426072173 15
1755977665032 0.002376511047953545 16
1755977665036 0.0023627733259562653 17
1755977665040 0.002347787998612687 18
1755977665045 0.0023315714521582468 19
1755977665049 0.002314141419148405 20
1755977665054 0.0022955169590683513 21
1755977665059 0.0022757184374917433 22
1755977665064 0.002254767503811245 23
1755977665069 0.0022326870675652374 24
1755977665073 0.0022095012733865747 25
1755977665078 0.0021852354746007803 26
1755977665083 0.0021599162055025594 27
1755977665088 0.0021335711523409375 28
1755977665093 0.0021062291230447526 29
1755977665098 0.002077920015721608 30
1755977665103 0.002048674785964733 31
1755977665107 0.0020185254130034905 32
1755977665112 0.001987504864734566 33
1755977665117 0.0019556470616720525 34
1755977665123 0.001922986839855867 35
1755977665128 0.0018895599127590535 36
1755977665133 0.0018554028322356228 37
1755977665138 0.001820552948551638 38
1755977665143 0.0017850483695432467 39
1755977665148 0.0017489279189463218 40
1755977665154 0.0017122310939432762 41
1755977665159 0.0016749980219734723 42
1755977665164 0.0016372694168544598 43
1755977665169 0.00159908653426201 44
1755977665174 0.0015604911266176424 45
1755977665179 0.001521525397432964 46
1755977665184 0.0014822319551607494 47
1755977665189 0.0014426537666032224 48
1755977665194 0.0014028341099284896 49
1755977665199 0.0013628165273464991 50
1755977665204 0.0013226447774962711 51
