1755977714503 1.472901803560746 1
1755977714519 1.1163908869792254 2
1755977714525 1.0101044827546828 3
1755977714533 0.946839016981614 4
1755977714539 0.8837538743630434 5
1755977714545 0.7568815258833078 6
1755977714551 0.7490261961252261 7
1755977714557 0.6805139428529984 8
1755977714563 0.6111353452389057 9
1755977714569 0.583432138348237 10
1755977714575 0.5838264410312359 11
1755977714581 0.6066188835180722 12
1755977714587 0.5584144928516486 13
1755977714593 0.4842000129656532 14
1755977714599 0.49369678130516637 15
1755977714605 0.4110567695819415 16
1755977714611 0.42488214258964246 17
1755977714617 0.5713333510435544 18
1755977714623 0.44887268313994777 19
1755977714629 0.38488799104323757 20
1755977714635 0.4187584003576866 21
1755977714641 0.4249745290248822 22
1755977714647 0.38292358624629486 23
1755977714653 0.3958997134214792 24
1755977714659 0.4726989670441701 25
1755977714665 0.39017510184874904 26
1755977714671 0.4017673887503453 27
1755977714678 0.3279190923158939 28
1755977714684 0.3501023684556668 29
1755977714690 0.2917341228861075 30
1755977714696 0.3421772401302289 31
1755977714702 0.3441897512246401 32
1755977714708 0.34844800677054966 33
1755977714714 0.30907701872862303 34
1755977714721 0.3508211148855014 35
1755977714727 0.3479641805856656 36
1755977714733 0.2948812479392076 37
1755977714739 0.2926474947195787 38
1755977714746 0.2841307792143944 39
1755977714752 0.28194913287193346 40
1755977714758 0.24936045973728865 41
1755977714765 0.24733403057624131 42
1755977714771 0.280627598747229 43
1755977714778 0.35169342160224915 44
1755977714784 0.26897666851679486 45
1755977714790 0.35260916749636334 46
1755977714797 0.27056089502114516 47
1755977714803 0.28266009306296325 48
1755977714809 0.26054764844668216 49
1755977714816 0.3088182058089819 50
1755977714822 0.24534890055656433 51
1755977714829 0.26368855054561907 52
1755977714835 0.2749029438082988 53
1755977714842 0.25023415550971645 54
1755977714848 0.25196016465242094 55
1755977714855 0.25639572223791707 56
1755977714862 0.29686259783995456 57
1755977714869 0.2719870219245935 58
1755977714876 0.22109537275555807 59
1755977714883 0.23327333804888603 60
1755977714889 0.22754247276446757 61
1755977714896 0.2567816519966492 62
1755977714902 0.24071762424248916 63
1755977714909 0.22752920117897865 64
1755977714916 0.2234963725010554 65
1755977714922 0.17984785922826865 66
