1756053652736 0.001922397188373583 1
1756053652744 0.003844794376747166 2
1756053652750 0.005767191565120749 3
1756053652757 0.007689588753494332 4
1756053652763 0.009611985941867915 5
1756053652770 0.009611985941867915 6
1756053652776 0.009609358573862825 7
1756053652782 0.009601479342835895 8
1756053652790 0.00958835686461057 9
1756053652796 0.009570005488424129 10
1756053652803 0.009546445281236996 11
1756053652809 0.009517702005789826 12
1756053652816 0.009483807092432317 13
1756053652822 0.009444797604754581 14
1756053652829 0.009400716199058665 15
1756053652836 0.0093516110777145 16
1756053652842 0.009297535936451324 17
1756053652849 0.009238549905642181 18
1756053652855 0.00917471748564574 19
1756053652862 0.009106108476276088 20
1756053652869 0.00903279790047766 21
1756053652875 0.008954865922288764 22
1756053652882 0.008872397759183354 23
1756053652889 0.00878548358888701 24
1756053652895 0.008694218450768884 25
1756053652902 0.00859870214191757 26
1756053652909 0.00849903910801444 27
1756053652916 0.008395338329123826 28
1756053652923 0.008287713200524929 29
1756053652930 0.008176281408715734 30
1756053652937 0.008061164802724561 31
1756053652943 0.007942489260869934 32
1756053652950 0.007820384553114497 33
1756053652957 0.007694984199163454 34
1756053652964 0.007566425322462744 35
1756053652971 0.007434848500256556 36
1756053652978 0.0073003976098681795 37
1756053652986 0.007163219671372269 38
1756053652992 0.0070234646868305405 39
1756053653000 0.006881285476266728 40
1756053653006 0.006736837510560135 41
1756053653014 0.00659027874144049 42
1756053653021 0.006441769428770078 43
1756053653028 0.006291471965301907 44
1756053653035 0.006139550699105637 45
1756053653042 0.005986171753855367 46
1756053653049 0.005831502847175843 47
1756053653056 0.005675713107245691 48
1756053653063 0.005518972887858243 49
1756053653070 0.005361453582142165 50
1756053653078 0.005203327435145579 51
1756053653085 0.0050447673554886415 52
1756053653092 0.004885946726290505 53
1756053653100 0.004727039215577412 54
1756053653107 0.004568218586379274 55
