1756053635206 4.416744816303253 1
1756053635215 2.433199393749237 2
1756053635219 2.1238816499710085 3
1756053635223 1.4172518730163575 4
1756053635228 1.094584161043167 5
1756053635232 0.7377003073692322 6
1756053635237 0.6850870847702026 7
1756053635241 0.5939065247774125 8
1756053635246 0.5617490500211716 9
1756053635250 0.6598634868860245 10
1756053635255 0.6705235749483108 11
1756053635259 0.6522996097803115 12
1756053635263 0.5464386165142059 13
1756053635268 0.4944199979305267 14
1756053635273 0.4647664040327072 15
1756053635277 0.44597268998622897 16
1756053635282 0.4989841431379318 17
1756053635286 0.4937447249889374 18
1756053635291 0.3189630299806595 19
1756053635296 0.2767576739192009 20
1756053635300 0.3456410229206085 21
1756053635305 0.24965041130781174 22
1756053635310 0.21243701875209808 23
1756053635314 0.223051980137825 24
1756053635319 0.28073677569627764 25
1756053635324 0.2192453846335411 26
1756053635328 0.25151476711034776 27
1756053635333 0.24473997801542283 28
1756053635338 0.26079893112182617 29
1756053635343 0.1888967126607895 30
1756053635347 0.17960553467273713 31
1756053635352 0.26139220148324965 32
1756053635357 0.2290531024336815 33
1756053635361 0.19594773054122924 34
1756053635366 0.16485167816281318 35
1756053635371 0.15768490433692933 36
1756053635376 0.14048702716827394 37
1756053635381 0.15559849590063096 38
1756053635386 0.2562728598713875 39
1756053635390 0.35414482206106185 40
1756053635396 0.2806763038039207 41
1756053635400 0.20328410491347312 42
1756053635405 0.18836349472403527 43
1756053635410 0.14721189811825752 44
1756053635415 0.14405485466122628 45
1756053635420 0.12830489203333856 46
1756053635425 0.09444607757031917 47
1756053635430 0.07973477691411972 48
1756053635435 0.0881447970867157 49
1756053635440 0.08278540968894958 50
1756053635445 0.13967259600758553 51
1756053635450 0.12670271769165992 52
1756053635455 0.1001716647297144 53
1756053635460 0.07076242230832577 54
1756053635465 0.06583463586866856 55
1756053635470 0.07689067646861077 56
1756053635475 0.07199233882129193 57
1756053635480 0.08424425683915615 58
1756053635485 0.09973247535526752 59
1756053635490 0.07296171858906746 60
1756053635496 0.07163907997310162 61
1756053635501 0.0914735659956932 62
1756053635506 0.07391688674688339 63
1756053635511 0.07015313990414143 64
1756053635516 0.06601301580667496 65
1756053635522 0.07068706415593624 66
1756053635527 0.05461242571473122 67
1756053635532 0.04776444062590599 68
1756053635538 0.04758077003061771 69
1756053635543 0.05018482897430658 70
1756053635548 0.06450638752430678 71
1756053635554 0.05126687437295914 72
1756053635559 0.0649134723469615 73
1756053635565 0.05519232749938965 74
1756053635570 0.04181986041367054 75
1756053635575 0.04182048477232456 76
1756053635581 0.036227643676102164 77
1756053635586 0.04050682634115219 78
1756053635592 0.04507014062255621 79
1756053635597 0.038339716754853724 80
1756053635603 0.03466719221323729 81
1756053635608 0.042893206141889094 82
1756053635614 0.04545638803392649 83
1756053635620 0.04501990210264921 84
1756053635625 0.037426540069282054 85
1756053635631 0.031804753467440605 86
1756053635636 0.043109283223748206 87
1756053635642 0.030270275473594666 88
1756053635647 0.04494731463491917 89
1756053635653 0.03330735210329294 90
1756053635658 0.032285351492464545 91
