1756345175782 0.9706436494986216 1
1756345175804 0.84016681710879 2
1756345175824 0.8183577756086985 3
1756345175844 0.8436341484387716 4
1756345175864 0.8032351533571879 5
1756345175884 0.8109917342662811 6
1756345175904 0.6022041936715444 7
1756345175924 0.7407469749450684 8
1756345175943 0.5574893057346344 9
1756345175963 0.5132221231857935 10
1756345175983 0.48209315041701 11
1756345176004 0.4331783503293991 12
1756345176024 0.39194605747858685 13
1756345176044 0.3836665004491806 14
1756345176064 0.3673184812068939 15
1756345176084 0.3578065037727356 16
1756345176104 0.35761192937692005 17
1756345176124 0.3337768216927846 18
1756345176145 0.32781513035297394 19
1756345176165 0.30763208866119385 20
1756345176185 0.2987133761246999 21
1756345176205 0.29077402253945667 22
1756345176226 0.3333599219719569 23
1756345176246 0.2941323220729828 24
1756345176267 0.289815753698349 25
1756345176287 0.2729162275791168 26
1756345176307 0.2855760380625725 27
1756345176328 0.2798072174191475 28
1756345176348 0.2822004755338033 29
1756345176369 0.2994169344504674 30
1756345176389 0.26369187980890274 31
1756345176410 0.2396361008286476 32
1756345176431 0.24621055523554483 33
1756345176452 0.25136518230040866 34
1756345176472 0.23268147309621176 35
1756345176493 0.24035057177146277 36
1756345176513 0.22706889609495798 37
1756345176534 0.22059039026498795 38
1756345176555 0.22169660776853561 39
1756345176576 0.22608602792024612 40
1756345176597 0.224517988661925 41
1756345176617 0.21679043024778366 42
1756345176638 0.2148744041721026 43
1756345176659 0.20949777215719223 44
1756345176680 0.21161782989899316 45
1756345176701 0.20424084117015204 46
1756345176722 0.20083014418681464 47
1756345176743 0.202521413564682 48
1756345176764 0.19711611916621527 49
1756345176785 0.19459297508001328 50
1756345176806 0.19185268133878708 51
1756345176827 0.20145470152298608 52
1756345176849 0.182704230149587 53
1756345176870 0.18861939758062363 54
1756345176891 0.19687260687351227 55
1756345176912 0.18419969330231348 56
1756345176933 0.18422378102938333 57
1756345176955 0.18218714743852615 58
1756345176976 0.17881899078687033 59
1756345176997 0.17466460168361664 60
1756345177019 0.17846548557281494 61
1756345177041 0.1704102878769239 62
1756345177062 0.16878845045963922 63
1756345177084 0.17093476156393686 64
1756345177105 0.16715179880460104 65
1756345177127 0.16838503628969193 66
1756345177149 0.16199646393458048 67
1756345177170 0.1758806655804316 68
