1756345161371 1.5462721586227417 1
1756345161386 1.3379018902778625 2
1756345161400 1.0460139214992523 3
1756345161413 1.09993772705396 4
1756345161427 0.7906593978404999 5
1756345161441 0.8154154717922211 6
1756345161454 0.5780692398548126 7
1756345161468 0.5968235631783804 8
1756345161482 0.49310548106829327 9
1756345161496 0.40711769958337146 10
1756345161510 0.3453655590613683 11
1756345161524 0.3453001081943512 12
1756345161537 0.31782738367716473 13
1756345161551 0.26126119246085483 14
1756345161565 0.2567116965850194 15
1756345161579 0.22707457343737283 16
1756345161593 0.23936445266008377 17
1756345161607 0.21842918048302332 18
1756345161622 0.2187109887599945 19
1756345161636 0.18262387067079544 20
1756345161650 0.17173007627328238 21
1756345161664 0.14198664699991545 22
1756345161678 0.14941459397474924 23
1756345161692 0.12811100607117018 24
1756345161707 0.13529989992578825 25
1756345161721 0.12532225623726845 26
1756345161735 0.14992952843507132 27
1756345161749 0.14444140469034514 28
1756345161764 0.14912607024113336 29
1756345161778 0.15127621094385782 30
1756345161792 0.13550191993514696 31
1756345161807 0.13742001603047052 32
1756345161821 0.14747809370358786 33
1756345161836 0.15436880787213644 34
1756345161850 0.14264634624123573 35
1756345161865 0.12303593133886655 36
1756345161879 0.1251516342163086 37
1756345161894 0.10180424029628436 38
1756345161909 0.09694986666242282 39
1756345161923 0.09197248766819636 40
1756345161938 0.1002267487347126 41
1756345161952 0.09238375599185626 42
1756345161967 0.08150833969314893 43
1756345161982 0.07461441246171792 44
1756345161997 0.06773406267166138 45
1756345162011 0.07170867485304673 46
1756345162026 0.07305687914292018 47
1756345162041 0.06774367578327656 48
1756345162056 0.07105638086795807 49
1756345162071 0.07282443903386593 50
1756345162086 0.06739330602188905 51
1756345162101 0.06781959719955921 52
1756345162116 0.06607537406186263 53
1756345162131 0.07291307672858238 54
1756345162146 0.07291241611043613 55
1756345162161 0.061695623522003494 56
1756345162176 0.06521230625609557 57
1756345162191 0.06729144416749477 58
1756345162206 0.06103424231211344 59
1756345162221 0.05765149804453055 60
1756345162237 0.049525595580538116 61
1756345162252 0.05285293236374855 62
