1756345467968 2.2943215469519296 1
1756345467976 1.7699373811483383 2
1756345467982 1.4565684149662654 3
1756345467988 1.2794767767190933 4
1756345467994 1.0104352434476216 5
1756345468000 0.8507855236530304 6
1756345468006 1.0371186857422192 7
1756345468012 0.49966349204381305 8
1756345468018 0.5995912750562032 9
1756345468024 0.6881602381666502 10
1756345468030 0.7017686143517494 11
1756345468036 0.4530332460999489 12
1756345468042 0.3531816452741623 13
1756345468048 0.35847798238197964 14
1756345468055 0.32957324013113976 15
1756345468061 0.2629051071902116 16
1756345468067 0.25774117931723595 17
1756345468073 0.3350229722758134 18
1756345468080 0.22771326700846353 19
1756345468087 0.22829002141952515 20
1756345468093 0.22727232923110327 21
1756345468100 0.24703785156210264 22
1756345468106 0.21023816739519438 23
1756345468113 0.21890313054124513 24
1756345468119 0.2540908195078373 25
1756345468126 0.20688158770402273 26
1756345468132 0.2082245343675216 27
1756345468139 0.15333525463938713 28
1756345468145 0.13946297392249107 29
1756345468152 0.12869440391659737 30
1756345468159 0.16058979431788126 31
1756345468166 0.15133675001561642 32
1756345468172 0.10678689554333687 33
1756345468179 0.10638778967161973 34
1756345468186 0.15185855887830257 35
1756345468193 0.18475977641840777 36
1756345468199 0.1563982293009758 37
1756345468207 0.1173426906267802 38
1756345468214 0.13918739929795265 39
1756345468221 0.19418630997339884 40
1756345468228 0.1570699835817019 41
1756345468235 0.1620827205479145 42
1756345468242 0.17100489139556885 43
1756345468249 0.13945729906360307 44
1756345468256 0.10801174802084763 45
1756345468263 0.10240404214709997 46
1756345468270 0.08734128500024478 47
1756345468278 0.10677704308182001 48
1756345468285 0.13758957386016846 49
1756345468292 0.10853697421650092 50
1756345468299 0.09647416789084673 51
1756345468307 0.08818462646255891 52
1756345468314 0.08371469626824062 53
1756345468321 0.07444156551112731 54
1756345468329 0.08595933175335328 55
1756345468336 0.08387673428903024 56
1756345468344 0.0645244987681508 57
1756345468351 0.07219447940587997 58
1756345468359 0.05570723551015059 59
1756345468367 0.07679957523941994 60
1756345468374 0.07358046310643356 61
1756345468382 0.06842640476922195 62
1756345468389 0.060000766068696976 63
1756345468397 0.08916751357416312 64
1756345468405 0.07694584255417188 65
1756345468413 0.09026954074700673 66
1756345468420 0.06760503134379785 67
1756345468428 0.08496566706647475 68
1756345468436 0.07318374142050743 69
1756345468444 0.07696632233758767 70
1756345468452 0.080848705333968 71
1756345468460 0.06731963064521551 72
1756345468468 0.05884651249895493 73
1756345468476 0.06332654816408952 74
1756345468484 0.06569741355876128 75
1756345468492 0.06624396797269583 76
1756345468500 0.062461731334527336 77
1756345468508 0.04538178242122134 78
1756345468517 0.052102798906465374 79
1756345468525 0.060058413383861385 80
1756345468533 0.05120091668019692 81
1756345468541 0.07244225932906072 82
1756345468549 0.06204553305481871 83
1756345468558 0.056462307926267385 84
1756345468566 0.05051999896143874 85
1756345468574 0.0457591099354128 86
1756345468583 0.0462800282984972 87
1756345468591 0.038205227038512625 88
1756345468599 0.04244141886010766 89
1756345468608 0.04822289509077867 90
1756345468616 0.043513666527966656 91
1756345468625 0.0413182278474172 92
1756345468633 0.03911449403191606 93
1756345468642 0.04806697151313225 94
1756345468650 0.04420355816061298 95
1756345468659 0.04090336663648486 96
1756345468668 0.042345542926341295 97
