1756345477085 1.5229721466700237 1
1756345477098 1.016354853908221 2
1756345477107 0.7357073277235031 3
1756345477117 0.6882035235563914 4
1756345477126 0.6989689220984777 5
1756345477136 0.6360849589109421 6
1756345477146 0.478177510201931 7
1756345477155 0.6077282304565111 8
1756345477165 0.5100906491279602 9
1756345477175 0.49200382083654404 10
1756345477184 0.35994606961806613 11
1756345477194 0.29093026866515476 12
1756345477204 0.29486972466111183 13
1756345477214 0.24215145905812582 14
1756345477223 0.32748333364725113 15
1756345477233 0.26181556036074954 16
1756345477243 0.2409176118671894 17
1756345477253 0.2617679958542188 18
1756345477263 0.2556152728696664 19
1756345477273 0.22160596773028374 20
1756345477283 0.21291060745716095 21
1756345477293 0.24375404914220175 22
1756345477303 0.18876495957374573 23
1756345477314 0.17245767824351788 24
1756345477324 0.15917130808035532 25
1756345477334 0.1708460139731566 26
1756345477349 0.14055456345280012 27
1756345477359 0.12966949989398321 28
1756345477369 0.11942225570480029 29
1756345477379 0.1518801481773456 30
1756345477390 0.1448232245941957 31
1756345477400 0.13960247921446958 32
1756345477410 0.14357994310557842 33
1756345477421 0.15292301215231419 34
1756345477433 0.12606019216279188 35
1756345477443 0.11078275367617607 36
1756345477455 0.09664416499435902 37
1756345477465 0.09547352728744347 38
1756345477476 0.09728813792268436 39
1756345477486 0.08986161959668 40
1756345477497 0.08253006512920062 41
1756345477507 0.08709188116093476 42
1756345477519 0.0762060188377897 43
1756345477529 0.1021900059034427 44
1756345477540 0.12351755735774834 45
1756345477550 0.11113515930871169 46
1756345477561 0.10777593776583672 47
1756345477572 0.07776160072535276 48
1756345477583 0.07776260127623875 49
1756345477594 0.07578505016863346 50
1756345477605 0.07351798005402088 51
1756345477615 0.08000789148112138 52
1756345477626 0.07124107393125693 53
1756345477637 0.06688929349184036 54
1756345477648 0.07255455292761326 55
1756345477659 0.06142437271773815 56
1756345477670 0.06155010716368755 57
1756345477681 0.055835491977632046 58
1756345477692 0.056986222974956036 59
1756345477703 0.05891540367156267 60
1756345477715 0.04783364199101925 61
1756345477726 0.05349671157697836 62
1756345477737 0.0608036487052838 63
1756345477748 0.06179930300762256 64
1756345477759 0.05783868363747994 65
1756345477773 0.053509134178360306 66
1756345477784 0.05426631619532903 67
1756345477796 0.06303312008579572 68
1756345477807 0.06877111364156008 69
1756345477819 0.06403991611053546 70
1756345477830 0.05626777745783329 71
1756345477842 0.0494961755660673 72
1756345477853 0.04749751867105564 73
1756345477865 0.044614992725352444 74
1756345477876 0.041985861801852785 75
