1756345486157 2.38159716129303 1
1756345486171 1.1427868256966274 2
1756345486184 1.0220847725868225 3
1756345486196 1.435228591163953 4
1756345486208 0.972146674990654 5
1756345486221 1.4274013315637906 6
1756345486233 1.2593590170145035 7
1756345486245 1.0003756508231163 8
1756345486258 0.6103085776170095 9
1756345486270 0.6621769095460573 10
1756345486283 0.4042714362343152 11
1756345486295 0.34854291131099063 12
1756345486308 0.3423052368064721 13
1756345486321 0.30658277372519177 14
1756345486333 0.2693052937587102 15
1756345486346 0.23760152608156204 16
1756345486359 0.2542221633096536 17
1756345486371 0.24793585514028868 18
1756345486384 0.21711619446674982 19
1756345486397 0.1908406006793181 20
1756345486410 0.16510624873141447 21
1756345486423 0.15884502542515597 22
1756345486435 0.15998169593513012 23
1756345486448 0.1425899937748909 24
1756345486461 0.17318088561296463 25
1756345486474 0.15948350603381792 26
1756345486488 0.19161905348300934 27
1756345486501 0.2076741668085257 28
1756345486514 0.16051542945206165 29
1756345486527 0.14666423512001833 30
1756345486540 0.13520811249812445 31
1756345486553 0.12210732698440552 32
1756345486566 0.11514850333333015 33
1756345486579 0.10782680784662564 34
1756345486592 0.11334491334855556 35
1756345486605 0.10547675844281912 36
1756345486618 0.11819927208125591 37
1756345486632 0.10323765842864911 38
1756345486646 0.12462253992756207 39
1756345486659 0.1605815732230743 40
1756345486672 0.1681860120346149 41
1756345486686 0.11553502889970939 42
1756345486699 0.10618942913909753 43
1756345486712 0.1071376372128725 44
1756345486726 0.09602898731827736 45
1756345486739 0.10601056025673945 46
1756345486753 0.10265345809360345 47
1756345486766 0.15341578299800554 48
1756345486780 0.16827885496119657 49
1756345486793 0.09847222982595365 50
1756345486807 0.09666632736722629 51
1756345486820 0.07566702459007502 52
1756345486834 0.1032560458406806 53
1756345486848 0.08573162058989207 54
1756345486862 0.08147304567197959 55
1756345486876 0.07147685748835404 56
1756345486890 0.11623661716779073 57
1756345486904 0.11380744352936745 58
1756345486917 0.11549092829227448 59
1756345486931 0.07538957272966702 60
1756345486945 0.06105160682151715 61
1756345486959 0.06361471613248189 62
1756345486973 0.05233499749253193 63
1756345486987 0.08397902734577656 64
1756345487001 0.10382331659396489 65
1756345487015 0.07407231784115235 66
1756345487029 0.04845332819968462 67
1756345487043 0.058013380194703736 68
1756345487058 0.060608684085309505 69
1756345487072 0.049863421047727265 70
1756345487086 0.06816124791900317 71
1756345487100 0.06309520577390988 72
1756345487114 0.05243462976068258 73
