1756345477085 0.9364411234855652 1
1756345477098 0.7687890579303106 2
1756345477107 0.642003575960795 3
1756345477117 0.6158494849999746 4
1756345477126 0.6232859243949255 5
1756345477136 0.5898888260126114 6
1756345477146 0.5096742783983549 7
1756345477155 0.561955730120341 8
1756345477165 0.5346183280150095 9
1756345477175 0.5198093404372534 10
1756345477184 0.4556304340561231 11
1756345477194 0.40784845252831775 12
1756345477204 0.41274551302194595 13
1756345477214 0.37406497945388156 14
1756345477223 0.4208673909306526 15
1756345477233 0.3862275704741478 16
1756345477243 0.3733251417676608 17
1756345477253 0.3856557756662369 18
1756345477263 0.3774735927581787 19
1756345477273 0.35021547476450604 20
1756345477283 0.3448458214600881 21
1756345477293 0.3701157992084821 22
1756345477303 0.3309832935531934 23
1756345477314 0.31640895704428357 24
1756345477324 0.30542851736148197 25
1756345477334 0.3112513795495033 26
1756345477349 0.2871364926298459 27
1756345477359 0.27259216581781703 28
1756345477369 0.26467642436424893 29
1756345477379 0.29502034684022266 30
1756345477390 0.2909282023708026 31
1756345477400 0.28693228711684543 32
1756345477410 0.28666778405507404 33
1756345477421 0.2894762170811494 34
1756345477433 0.2719663356741269 35
1756345477443 0.2532549264530341 36
1756345477455 0.2372633417447408 37
1756345477465 0.23582182948788008 38
1756345477476 0.23659415170550346 39
1756345477486 0.22629083568851152 40
1756345477497 0.21850432579716048 41
1756345477507 0.2281734955807527 42
1756345477519 0.20896232376495996 43
1756345477529 0.24485660468538603 44
1756345477540 0.2591048975785573 45
1756345477550 0.25057633469502133 46
1756345477561 0.24916723867257437 47
1756345477572 0.2130875028669834 48
1756345477583 0.21466425185402235 49
1756345477594 0.21118900055686632 50
1756345477605 0.20506337409218153 51
1756345477615 0.21373029177387556 52
1756345477626 0.20458590735991797 53
1756345477637 0.19494442020853361 54
1756345477648 0.20578139275312424 55
1756345477659 0.1899635891119639 56
1756345477670 0.18914934123555818 57
1756345477681 0.1784177782634894 58
1756345477692 0.18356211359302202 59
1756345477703 0.18416364739338556 60
1756345477715 0.1656425123413404 61
1756345477726 0.17693435897429785 62
1756345477737 0.18666925529638925 63
1756345477748 0.19164564336339632 64
1756345477759 0.1804176246126493 65
1756345477773 0.17558026934663454 66
1756345477784 0.17781925077239671 67
1756345477796 0.18924340481559435 68
1756345477807 0.19432984789212546 69
1756345477819 0.18858621641993523 70
1756345477830 0.1812830256919066 71
1756345477842 0.1693954182167848 72
1756345477853 0.16564537584781647 73
1756345477865 0.16234402482708296 74
1756345477876 0.15397591019670168 75
