1755907027652 1.2482694824794671 1
1755907027661 1.0055101691902457 2
1755907027665 0.8479880964407673 3
1755907027669 0.741492686527116 4
1755907027673 0.7297148994811169 5
1755907027676 0.6129833140543529 6
1755907027680 0.5628037435280813 7
1755907027684 0.5068259107602107 8
1755907027688 0.5058845217738833 9
1755907027692 0.4388177486789691 10
1755907027696 0.4435047646621605 11
1755907027700 0.4235969241950419 12
1755907027704 0.42179149756957957 13
1755907027709 0.3876119987531142 14
1755907027713 0.33669188425138397 15
1755907027717 0.38315035238281475 16
1755907027721 0.38192884565947893 17
1755907027725 0.36557344105336576 18
1755907027729 0.40589179698522987 19
1755907027733 0.3916952570343947 20
1755907027737 0.3521676460256824 21
1755907027741 0.33174086391151725 22
1755907027746 0.34524297830346345 23
1755907027750 0.3077818178511285 24
1755907027754 0.32130975140766665 25
1755907027758 0.29947893040907847 26
1755907027762 0.27813123611660745 27
1755907027766 0.30319536274129694 28
1755907027771 0.3158296654847535 29
1755907027775 0.35213525641661186 30
1755907027779 0.32516456579233144 31
1755907027783 0.33524850107632675 32
1755907027787 0.30951702933419833 33
1755907027791 0.3321467065191888 34
1755907027796 0.26897901848152084 35
1755907027800 0.26787643686130447 36
