1755907072839 1.128225702550504 1
1755907072853 0.9150572957156541 2
1755907072858 0.7618514533553805 3
1755907072863 0.7333770005346892 4
1755907072868 0.658307931833453 5
1755907072873 0.5990584568156825 6
1755907072878 0.5703292084591729 7
1755907072883 0.5127410426155313 8
1755907072888 0.5183509067668544 9
1755907072893 0.4721032610380804 10
1755907072898 0.4521515577450975 11
1755907072903 0.42787564129798444 12
1755907072908 0.44065095191555365 13
1755907072913 0.36611503473930546 14
1755907072918 0.3855398538244235 15
1755907072923 0.40774987715405303 16
1755907072929 0.36452417433648915 17
1755907072934 0.32574482813671035 18
1755907072939 0.40167475327268826 19
1755907072944 0.3441609714131851 20
1755907072950 0.3369041075567146 21
1755907072955 0.3219666241051315 22
1755907072960 0.321870673157565 23
1755907072965 0.3252780135575827 24
1755907072971 0.30225511185534587 25
1755907072976 0.30819467232598885 26
1755907072981 0.2979903320793982 27
1755907072986 0.3105381242447085 28
1755907072992 0.34267293787621833 29
1755907072997 0.28336548524630534 30
1755907073003 0.28921365312167574 31
1755907073008 0.3181558706156619 32
1755907073013 0.31068685892727466 33
1755907073019 0.3230730421937905 34
1755907073024 0.28924642580670196 35
