1755907072839 0.7974500338752548 1
1755907072853 0.7181288000051077 2
1755907072858 0.6525224002150746 3
1755907072863 0.6433791580138268 4
1755907072868 0.6026324200165736 5
1755907072873 0.5688775572683904 6
1755907072878 0.5581247496914554 7
1755907072883 0.5218516766250908 8
1755907072888 0.5305952433641855 9
1755907072893 0.507635853507302 10
1755907072898 0.504294490078827 11
1755907072903 0.4934780678965829 12
1755907072908 0.4856511022556912 13
1755907072913 0.4463954765301246 14
1755907072918 0.45939995909666087 15
1755907072923 0.4617688859050924 16
1755907072929 0.44899816927197694 17
1755907072934 0.43643389855112347 18
1755907072939 0.4628785980212224 19
1755907072944 0.4364889213791141 20
1755907072950 0.4301022974314628 21
1755907072955 0.42246393491695455 22
1755907072960 0.41962152390511004 23
1755907072965 0.4255291358991103 24
1755907072971 0.4096684908712065 25
1755907072976 0.4105269937933265 26
1755907072981 0.4036305424841968 27
1755907072986 0.40770751373334363 28
1755907072992 0.443700205583077 29
1755907072997 0.3997571027124083 30
1755907073003 0.39987121367609346 31
1755907073008 0.418930422756579 32
1755907073013 0.4152642542665655 33
1755907073019 0.41489072144031525 34
1755907073024 0.4061529626706978 35
