1755907072839 1.1282257356426932 1
1755907072853 0.9150573255179765 2
1755907072858 0.7618514816095303 3
1755907072863 0.7333770282082743 4
1755907072868 0.6583079593135165 5
1755907072873 0.5990584785868596 6
1755907072878 0.5703292360359972 7
1755907072883 0.5127410629352966 8
1755907072888 0.5183509292153569 9
1755907072893 0.47210328522827716 10
1755907072898 0.45215158270938055 11
1755907072903 0.4278756635529654 12
1755907072908 0.4406509688728816 13
1755907072913 0.3661150536560393 14
1755907072918 0.385539875402079 15
1755907072923 0.4077498996025556 16
1755907072929 0.3645241917534308 17
1755907072934 0.3257448442957618 18
1755907072939 0.4016747675932847 19
1755907072944 0.34416099153942875 20
1755907072950 0.3369041240060484 21
1755907072955 0.32196664045770446 22
1755907072960 0.32187068984880074 23
1755907072965 0.32527802865226546 24
1755907072971 0.30225512617594236 25
1755907072976 0.3081946875174324 26
1755907072981 0.29799035380219485 27
1755907072986 0.31053814495151694 28
1755907072992 0.34267295248709717 29
1755907072997 0.283365496760839 30
1755907073003 0.289213670732139 31
1755907073008 0.3181558880326036 32
1755907073013 0.31068687402195744 33
1755907073019 0.3230730588366459 34
1755907073024 0.28924643915969056 35
