1755988808771 0.0005987808391781228 1
1755988808783 0.0011975616783562455 2
1755988808790 0.0017963425175343683 3
1755988808797 0.002395123356712491 4
1755988808804 0.0029939041958906135 5
1755988808811 0.0029939041958906135 6
1755988808817 0.0029930860216914063 7
1755988808824 0.002990632393755258 8
1755988808830 0.0029865459950882945 9
1755988808836 0.002980831294107461 10
1755988808843 0.002973494539754378 11
1755988808849 0.0029645437546622134 12
1755988808856 0.0029539887263830516 13
1755988808863 0.0029418409966853487 14
1755988808870 0.002928113848933177 15
1755988808877 0.0029128222935610646 16
1755988808884 0.0028959830516603023 17
1755988808891 0.002877614536694677 18
1755988808899 0.00285773683436562 19
1755988808905 0.0028363716806487868 20
1755988808912 0.002813542438026086 21
1755988808919 0.0027892740699391513 22
1755988808926 0.002763593113492179 23
1755988808932 0.0027365276504340025 24
1755988808939 0.0027081072764511033 25
1755988808946 0.002678363068805168 26
1755988808952 0.0026473275523505578 27
1755988808959 0.0026150346639688565 28
1755988808966 0.0025815197154593905 29
1755988808972 0.002546819354926293 30
1755988808979 0.002510971526704342 31
1755988808986 0.0024740154298673847 32
1755988808992 0.002435991475364729 33
1755988808999 0.0023969412418323615 34
1755988809006 0.00235690743012732 35
1755988809014 0.0023159338166349338 36
1755988809021 0.002274065205399988 37
1755988809028 0.0022313473791341592 38
1755988809036 0.002187827049153292 39
1755988809043 0.0021435518042992614 40
1755988809051 0.0020985700589022742 41
1755988809058 0.0020529309998405043 42
