1755988808771 1.073756456375122 1
1755988808783 0.8401238322257996 2
1755988808790 0.7646508693695069 3
1755988808797 0.7002387106418609 4
1755988808804 0.6865009129047394 5
1755988808811 0.559612700343132 6
1755988808817 0.5129236340522766 7
1755988808824 0.48429201245307923 8
1755988808830 0.4478333592414856 9
1755988808836 0.40793888866901395 10
1755988808843 0.3796005040407181 11
1755988808849 0.40271681547164917 12
1755988808856 0.43022536039352416 13
1755988808863 0.39599219262599944 14
1755988808870 0.3620472103357315 15
1755988808877 0.3270277321338654 16
1755988808884 0.3343118757009506 17
1755988808891 0.3927796959877014 18
1755988808899 0.38842383325099944 19
1755988808905 0.3964409828186035 20
1755988808912 0.400244277715683 21
1755988808919 0.3677536815404892 22
1755988808926 0.3351673811674118 23
1755988808932 0.3007131814956665 24
1755988808939 0.2942043349146843 25
1755988808946 0.3471320256590843 26
1755988808952 0.2770873084664345 27
1755988808959 0.27879993468523023 28
1755988808966 0.2812953978776932 29
1755988808972 0.261637544631958 30
1755988808979 0.24688141494989396 31
1755988808986 0.26274449527263644 32
1755988808992 0.2585259974002838 33
1755988808999 0.24544541239738465 34
1755988809006 0.27283831387758256 35
1755988809014 0.2486885353922844 36
1755988809021 0.2263783782720566 37
1755988809028 0.22057410329580307 38
1755988809036 0.22512467205524445 39
1755988809043 0.21494168192148208 40
1755988809051 0.24855981022119522 41
1755988809058 0.22898174375295638 42
