1755988826926 2.0370838761329653 1
1755988826939 1.2242546737194062 2
1755988826947 1.0921811223030091 3
1755988826956 1.1553478837013245 4
1755988826964 0.8743756115436554 5
1755988826972 0.7554419875144959 6
1755988826980 0.7237971037626266 7
1755988826988 0.675876384973526 8
1755988826996 0.48929654657840727 9
1755988827004 0.35234668105840683 10
1755988827012 0.31747435927391054 11
1755988827019 0.3556256011128426 12
1755988827027 0.31082875430583956 13
1755988827035 0.28505963534116746 14
1755988827043 0.24041707664728165 15
1755988827050 0.3068196788430214 16
1755988827058 0.3353332504630089 17
1755988827066 0.25594971179962156 18
1755988827073 0.24807989597320557 19
1755988827081 0.21400874182581903 20
1755988827089 0.1997940570116043 21
1755988827098 0.20434264540672303 22
1755988827106 0.25797653943300247 23
1755988827116 0.19294727891683577 24
1755988827124 0.1561543807387352 25
1755988827133 0.18976569324731826 26
1755988827141 0.16809570044279099 27
1755988827149 0.1613465778529644 28
1755988827157 0.16991880759596825 29
1755988827165 0.20364812165498733 30
1755988827173 0.23815131932497025 31
1755988827182 0.24024157971143723 32
1755988827190 0.16907290741801262 33
1755988827198 0.16940140202641488 34
1755988827206 0.12096084430813789 35
1755988827214 0.11183520182967185 36
1755988827222 0.09115028232336045 37
1755988827230 0.11934711262583733 38
1755988827239 0.11095522344112396 39
1755988827248 0.11522368639707566 40
1755988827256 0.10796263441443443 41
1755988827265 0.09557609111070633 42
1755988827274 0.10705455616116524 43
1755988827283 0.09180050007998944 44
1755988827292 0.07856634296476842 45
1755988827302 0.08122733794152737 46
1755988827310 0.08495100624859334 47
1755988827319 0.0732193298637867 48
1755988827328 0.06218218021094799 49
1755988827337 0.0689209159463644 50
1755988827346 0.05586670041084289 51
1755988827355 0.05869766622781754 52
1755988827363 0.06504023224115371 53
1755988827371 0.07159218601882458 54
1755988827380 0.054126988723874093 55
1755988827389 0.05655765980482101 56
