1755988808771 1.958248460292816 1
1755988808783 1.1815650820732118 2
1755988808790 1.0029786050319671 3
1755988808797 0.839658772945404 4
1755988808804 0.7901825696229935 5
1755988808811 0.5433900713920593 6
1755988808817 0.4565259158611298 7
1755988808824 0.4305857211351395 8
1755988808830 0.3481102973222733 9
1755988808836 0.29095101058483125 10
1755988808843 0.24847347289323807 11
1755988808849 0.28305531442165377 12
1755988808856 0.32641329765319826 13
1755988808863 0.27469645738601683 14
1755988808870 0.23851371556520462 15
1755988808877 0.18264464139938355 16
1755988808884 0.20633537769317628 17
1755988808891 0.2954728052020073 18
1755988808899 0.27670674622058866 19
1755988808905 0.27800875157117844 20
1755988808912 0.30168906450271604 21
1755988808919 0.250848788022995 22
1755988808926 0.20555558055639267 23
1755988808932 0.1611152321100235 24
1755988808939 0.152908793091774 25
1755988808946 0.20900898724794387 26
1755988808952 0.13689258322119713 27
1755988808959 0.13718016296625138 28
1755988808966 0.13856159448623656 29
1755988808972 0.12014002799987793 30
1755988808979 0.10396434292197228 31
1755988808986 0.11917928978800774 32
1755988808992 0.11593275368213654 33
1755988808999 0.11140596121549606 34
1755988809006 0.12884506955742836 35
1755988809014 0.11301023736596108 36
1755988809021 0.08893852680921555 37
1755988809028 0.08675881996750831 38
1755988809036 0.08990911766886711 39
1755988809043 0.08115576542913913 40
1755988809051 0.10746618434786796 41
1755988809058 0.09027702547609806 42
