1756058534975 1.2973408937454223 1
1756058534983 1.1158754587173463 2
1756058534988 0.9807536244392395 3
1756058534993 1.076698863506317 4
1756058534998 0.6925535798072815 5
1756058535002 0.7228068947792053 6
1756058535007 0.5799649953842163 7
1756058535012 0.562381649017334 8
1756058535017 0.5920156419277192 9
1756058535021 0.50311558842659 10
1756058535026 0.4623302221298218 11
1756058535031 0.43593133687973024 12
1756058535036 0.38949301838874817 13
1756058535041 0.34729606509208677 14
1756058535045 0.3333018273115158 15
1756058535050 0.3466364979743958 16
1756058535055 0.2976031184196472 17
1756058535060 0.28862112760543823 18
1756058535065 0.26521713137626646 19
1756058535070 0.25132387280464175 20
1756058535075 0.25663754940032957 21
1756058535081 0.223140212893486 22
1756058535086 0.21691779792308807 23
1756058535091 0.21455877125263215 24
1756058535096 0.19712810814380646 25
1756058535101 0.2110696941614151 26
1756058535107 0.1918929010629654 27
1756058535112 0.18737452924251558 28
1756058535117 0.1777426481246948 29
1756058535123 0.18168635964393615 30
1756058535128 0.18252817690372466 31
1756058535133 0.1730946570634842 32
1756058535138 0.18194307684898375 33
1756058535143 0.15293607711791993 34
1756058535148 0.1505040258169174 35
1756058535154 0.1440972328186035 36
1756058535159 0.15135116279125213 37
1756058535164 0.1324423521757126 38
1756058535169 0.14478671848773955 39
1756058535176 0.12773689329624177 40
1756058535181 0.12798622101545334 41
1756058535187 0.11727009415626526 42
1756058535192 0.11852722465991974 43
1756058535198 0.11972245424985886 44
1756058535203 0.12388700693845749 45
1756058535209 0.11328485757112502 46
1756058535214 0.10932659208774567 47
1756058535219 0.11695861518383026 48
1756058535225 0.10389002412557602 49
1756058535230 0.10248522609472274 50
1756058535236 0.09715357571840286 51
1756058535241 0.09683481901884079 52
1756058535247 0.10513474643230439 53
1756058535252 0.09721763134002685 54
1756058535258 0.12137358039617538 55
1756058535263 0.10624403804540634 56
1756058535268 0.08994638323783874 57
1756058535274 0.09022386819124222 58
1756058535279 0.09302114844322204 59
1756058535285 0.09630403816699981 60
1756058535290 0.08480091989040375 61
1756058535296 0.09217449724674225 62
1756058535302 0.09245341271162033 63
1756058535307 0.08284275084733964 64
