1756058551976 2.4648263931274412 1
1756058551988 1.302163314819336 2
1756058551995 1.2116403341293336 3
1756058552003 1.242768359184265 4
1756058552011 1.0121771931648254 5
1756058552018 0.8615813612937927 6
1756058552026 0.7366104602813721 7
1756058552033 0.7064350128173829 8
1756058552041 0.775550639629364 9
1756058552051 0.6214022994041443 10
1756058552058 0.569323205947876 11
1756058552065 0.4514466285705566 12
1756058552073 0.3770226061344147 13
1756058552081 0.3594005763530731 14
1756058552090 0.32454146146774293 15
1756058552097 0.3319601595401764 16
1756058552104 0.34046772718429563 17
1756058552112 0.32283109426498413 18
1756058552118 0.3106613278388977 19
1756058552126 0.30501561760902407 20
1756058552132 0.3153678387403488 21
1756058552141 0.23760997354984284 22
1756058552148 0.2770288437604904 23
1756058552156 0.32202038168907166 24
1756058552163 0.19690476059913636 25
1756058552170 0.23823572993278502 26
1756058552178 0.26509158313274384 27
1756058552185 0.24276772141456604 28
1756058552193 0.25625444650650026 29
1756058552201 0.1768004447221756 30
1756058552209 0.1811677873134613 31
1756058552216 0.17027380764484407 32
1756058552225 0.16963837593793868 33
1756058552234 0.18022547364234925 34
1756058552244 0.14927974641323088 35
1756058552251 0.16176904439926149 36
1756058552258 0.15169526338577272 37
1756058552265 0.14223728477954864 38
1756058552272 0.15919392108917235 39
1756058552279 0.1593315601348877 40
1756058552287 0.17821581810712814 41
1756058552294 0.13971715569496154 42
1756058552301 0.12260453850030899 43
1756058552309 0.12584936916828154 44
1756058552316 0.15266753137111663 45
1756058552324 0.1467030182480812 46
1756058552331 0.134806352853775 47
1756058552338 0.12058389186859131 48
1756058552345 0.10170621424913406 49
1756058552352 0.10807202905416488 50
1756058552359 0.11497128009796143 51
1756058552366 0.117667755484581 52
1756058552373 0.10128510743379593 53
1756058552381 0.08919378519058227 54
1756058552389 0.12134390324354172 55
1756058552396 0.09226744920015335 56
1756058552404 0.10422245264053345 57
1756058552412 0.09842301160097122 58
1756058552420 0.09490228444337845 59
1756058552427 0.13302236497402192 60
1756058552434 0.09346356987953186 61
1756058552441 0.09798535853624343 62
1756058552449 0.10010148584842682 63
1756058552456 0.11745698004961014 64
1756058552463 0.10000962913036346 65
1756058552474 0.08185270503163337 66
1756058552482 0.12357218861579895 67
1756058552491 0.08825680315494537 68
1756058552498 0.1078089252114296 69
1756058552506 0.08805092126131057 70
1756058552514 0.08611546009778977 71
1756058552521 0.083656345307827 72
1756058552529 0.12095579952001571 73
1756058552537 0.091256982088089 74
1756058552545 0.10191737860441208 75
1756058552553 0.09501430839300155 76
1756058552561 0.07536202594637871 77
1756058552569 0.08443832397460938 78
1756058552576 0.08086789399385452 79
1756058552584 0.09336996972560882 80
1756058552591 0.09319707304239273 81
1756058552599 0.07051637694239617 82
1756058552606 0.10208170562982559 83
1756058552614 0.07102978378534316 84
1756058552622 0.08116034343838692 85
1756058552630 0.08114178478717804 86
1756058552639 0.0813447080552578 87
1756058552648 0.09331075698137284 88
1756058552656 0.07338006198406219 89
1756058552665 0.08464099615812301 90
