1756058551976 1.494353723526001 1
1756058551988 1.027407693862915 2
1756058551995 0.9013067245483398 3
1756058552003 0.8260000467300415 4
1756058552011 0.8489014983177186 5
1756058552018 0.6315832138061523 6
1756058552026 0.6244953036308288 7
1756058552033 0.5314687073230744 8
1756058552041 0.5385485172271729 9
1756058552051 0.5310163021087646 10
1756058552058 0.4670130252838135 11
1756058552065 0.4015684723854065 12
1756058552073 0.329669713973999 13
1756058552081 0.3413568139076233 14
1756058552090 0.296215158700943 15
1756058552097 0.2761599004268646 16
1756058552104 0.2814853072166443 17
1756058552112 0.25079892873764037 18
1756058552118 0.24836502373218536 19
1756058552126 0.25320610105991365 20
1756058552132 0.2323260486125946 21
1756058552141 0.21915735006332399 22
1756058552148 0.21814321279525756 23
1756058552156 0.21819462776184081 24
1756058552163 0.17009679973125458 25
1756058552170 0.18889302015304565 26
1756058552178 0.17546289265155793 27
1756058552185 0.18721173107624053 28
1756058552193 0.17423763275146484 29
1756058552201 0.1499744176864624 30
1756058552209 0.141380412876606 31
1756058552216 0.133349247276783 32
1756058552225 0.13657194525003433 33
1756058552234 0.13595085740089416 34
1756058552244 0.12366008460521698 35
1756058552251 0.14074788838624955 36
1756058552258 0.12278508245944977 37
1756058552265 0.107747021317482 38
1756058552272 0.11136189550161361 39
1756058552279 0.10888478308916091 40
1756058552287 0.10560681968927384 41
1756058552294 0.10072599202394486 42
1756058552301 0.1025172770023346 43
1756058552309 0.09141387492418289 44
1756058552316 0.0998072236776352 45
1756058552324 0.10467716902494431 46
1756058552331 0.0997205838561058 47
1756058552338 0.08703138530254365 48
1756058552345 0.08035913258790969 49
1756058552352 0.08916085362434387 50
1756058552359 0.08789063096046448 51
1756058552366 0.08426335006952286 52
1756058552373 0.0742112897336483 53
1756058552381 0.07120633870363235 54
1756058552389 0.08330489099025726 55
1756058552396 0.07345564216375351 56
1756058552404 0.07389809191226959 57
1756058552412 0.070846588909626 58
1756058552420 0.07452481240034103 59
1756058552427 0.07280226349830628 60
1756058552434 0.06939906477928162 61
1756058552441 0.06786633878946305 62
1756058552449 0.06899424120783806 63
1756058552456 0.07358415424823761 64
1756058552463 0.07103468030691147 65
1756058552474 0.0636562891304493 66
1756058552482 0.0731474630534649 67
1756058552491 0.0661518171429634 68
1756058552498 0.06829219236969948 69
1756058552506 0.06494621634483337 70
1756058552514 0.0628976732492447 71
1756058552521 0.06631720364093781 72
1756058552529 0.0657432459294796 73
1756058552537 0.05957847535610199 74
1756058552545 0.06118290349841118 75
1756058552553 0.06493159383535385 76
1756058552561 0.05984416604042053 77
1756058552569 0.05427527949213982 78
1756058552576 0.054807760566473004 79
1756058552584 0.054267368465662005 80
1756058552591 0.05614018514752388 81
1756058552599 0.05547953844070434 82
1756058552606 0.06323316171765328 83
1756058552614 0.05333599746227265 84
1756058552622 0.05156292095780372 85
1756058552630 0.05258860737085343 86
1756058552639 0.05474493727087974 87
1756058552648 0.05621274784207344 88
1756058552656 0.04971693828701973 89
1756058552665 0.048165027797222135 90
