1756346214757 2.0989669405895732 1
1756346214775 2.1534205286399177 2
1756346214791 1.611170610655909 3
1756346214808 1.6238017315449922 4
1756346214824 1.2323689305264016 5
1756346214840 0.9689127323420151 6
1756346214856 0.8658474333908247 7
1756346214873 1.0475616960421852 8
1756346214889 0.683958272571149 9
1756346214905 0.5598353788904522 10
1756346214922 0.5987634315438892 11
1756346214938 0.4420731650746387 12
1756346214955 0.41911571181338764 13
1756346214971 0.6413704895454905 14
1756346214988 0.5675276174493458 15
1756346215004 0.4414716090845025 16
1756346215021 0.3456581157186757 17
1756346215037 0.3322699756725975 18
1756346215054 0.33148385001265485 19
1756346215071 0.42659150841443433 20
1756346215087 0.3932630199453105 21
1756346215104 0.2591049658215564 22
1756346215121 0.3838156442279401 23
1756346215137 0.3942906001339788 24
1756346215154 0.28653673762860504 25
1756346215171 0.32009444742099097 26
1756346215187 0.3363333739664244 27
1756346215204 0.5194701986468356 28
1756346215221 0.33637969908506976 29
1756346215238 0.261708142640798 30
1756346215255 0.2603783924942431 31
1756346215272 0.24582140601199606 32
1756346215289 0.42281422861244367 33
1756346215305 0.2819171496059584 34
1756346215323 0.24580593050821967 35
1756346215340 0.20991969724064288 36
1756346215356 0.22252653344817783 37
1756346215373 0.23617498479459598 38
1756346215391 0.21265596183745758 39
1756346215408 0.20864998775979746 40
1756346215425 0.21401852207339328 41
1756346215442 0.26988627178513486 42
1756346215459 0.22037540311398712 43
1756346215477 0.21749569054531015 44
1756346215494 0.1841811434082363 45
1756346215511 0.21803248965221902 46
1756346215529 0.2925407044265581 47
1756346215546 0.29523115961448004 48
1756346215564 0.2223770074222399 49
1756346215581 0.19084792519393173 50
1756346215598 0.1801722431960313 51
1756346215616 0.16493298161936842 52
1756346215634 0.1583769729603892 53
1756346215651 0.19579130573117215 54
1756346215669 0.2178144053272579 55
1756346215686 0.1653974046525748 56
1756346215704 0.18436794404102408 57
1756346215722 0.2002831211556559 58
1756346215739 0.20773474936899933 59
1756346215757 0.1517688939752786 60
1756346215775 0.13596575577621875 61
1756346215793 0.11699133949435275 62
1756346215811 0.11374977830311526 63
1756346215828 0.13354681286474931 64
1756346215846 0.1325786965696708 65
1756346215864 0.16584113045879031 66
1756346215882 0.18341528462327045 67
1756346215900 0.17170970206675323 68
1756346215918 0.2010759338736534 69
1756346215936 0.12536185655904852 70
1756346215954 0.10743843083796294 71
1756346215972 0.09646100226951682 72
1756346215990 0.08824996731203535 73
1756346216009 0.09729748348826947 74
1756346216027 0.09689499421612076 75
1756346216045 0.12425710908744646 76
1756346216063 0.09460088400089223 77
1756346216084 0.09396398440003395 78
1756346216102 0.09626210991131223 79
1756346216121 0.09763618850189706 80
1756346216139 0.08709304099497588 81
1756346216158 0.10701145166936128 82
1756346216176 0.10651658766943475 83
1756346216195 0.109472357870444 84
