1756346228325 0.9670575701672098 1
1756346228346 0.8319945879604506 2
1756346228366 0.8717372806175895 3
1756346228385 0.7451364579408065 4
1756346228405 0.6794230886127638 5
1756346228424 0.7231947520504827 6
1756346228444 0.5925583295200182 7
1756346228463 0.558828873478848 8
1756346228482 0.5245082054449164 9
1756346228502 0.5163437568623087 10
1756346228521 0.482582776442818 11
1756346228541 0.48435805154883343 12
1756346228561 0.4693277555963267 13
1756346228581 0.4560173464858014 14
1756346228600 0.4206517870011537 15
1756346228620 0.48194381983383844 16
1756346228640 0.4796683555063994 17
1756346228659 0.45563150359236676 18
1756346228679 0.44605765912843787 19
1756346228699 0.48827634298283124 20
1756346228718 0.47732022922971973 21
1756346228738 0.4490106753681017 22
1756346228758 0.3862577041854029 23
1756346228778 0.40311333796252374 24
1756346228798 0.3864492838797362 25
1756346228818 0.37108371698338055 26
1756346228838 0.36949646926444507 27
1756346228858 0.33930527645608655 28
1756346228878 0.3300995878551317 29
1756346228898 0.32257841851400293 30
1756346228918 0.3247196220833322 31
1756346228938 0.29745533479296643 32
1756346228958 0.3078015019064364 33
1756346228978 0.3196335454349932 34
1756346228999 0.28917476793994074 35
1756346229019 0.28636836552101635 36
1756346229039 0.2876489214275194 37
1756346229059 0.288761960423511 38
1756346229079 0.2889250018026518 39
1756346229100 0.28582381100758264 40
1756346229120 0.2686841721120088 41
1756346229140 0.2619008771751238 42
1756346229161 0.2796418018963026 43
1756346229181 0.2911933939094129 44
1756346229201 0.28331378944542096 45
1756346229222 0.26787296520627063 46
1756346229242 0.2975193249142688 47
1756346229263 0.31554024245428003 48
1756346229284 0.2774253189563751 49
1756346229304 0.26550185356451117 50
1756346229325 0.2581606688706771 51
1756346229345 0.27982532394968945 52
1756346229366 0.24594347697237265 53
1756346229387 0.23841330732988275 54
1756346229408 0.22902167880016824 55
1756346229428 0.23868966685689014 56
1756346229449 0.22744322600572006 57
1756346229470 0.2215778860061065 58
1756346229491 0.2571487919144008 59
1756346229512 0.24532655334990958 60
1756346229533 0.2286815960770068 61
