1756346159508 1.3530754317408022 1
1756346159515 1.4310902201611062 2
1756346159521 1.0611895348714746 3
1756346159527 0.9227985221406688 4
1756346159533 1.058497252671615 5
1756346159539 0.756755336471226 6
1756346159545 0.7603665318178094 7
1756346159551 0.574145591777304 8
1756346159558 0.5643814024717911 9
1756346159564 0.5607152231361555 10
1756346159570 0.5429538242194963 11
1756346159576 0.43295725402624713 12
1756346159582 0.4246465265750885 13
1756346159588 0.4190501700276914 14
1756346159595 0.373312590562779 15
1756346159601 0.360204393449037 16
1756346159607 0.365948138029679 17
1756346159614 0.3652278618968051 18
1756346159620 0.44939216193945514 19
1756346159626 0.35601892872996954 20
1756346159633 0.3607850547717965 21
1756346159639 0.32652307398941205 22
1756346159646 0.35915526682915894 23
1756346159652 0.3229091614484787 24
1756346159659 0.32436401558958966 25
1756346159665 0.30775418812813965 26
1756346159672 0.25220927336941595 27
1756346159679 0.2663013824950094 28
1756346159685 0.25195716127105383 29
1756346159692 0.29769597818022187 30
1756346159699 0.36616800660672394 31
1756346159706 0.27106104855952057 32
1756346159712 0.2351403634833253 33
1756346159719 0.24740991061148437 34
1756346159726 0.2591812986394633 35
1756346159733 0.2907925960810288 36
1756346159740 0.28033817591874494 37
1756346159747 0.22366456233936807 38
1756346159754 0.21797563006048618 39
1756346159761 0.20001216751077902 40
1756346159768 0.24913404104502304 41
1756346159775 0.25774230710838153 42
1756346159782 0.21568199862604556 43
1756346159789 0.20193001919466516 44
1756346159796 0.2089527557077615 45
1756346159804 0.21144257550654205 46
1756346159811 0.29596644380818243 47
1756346159818 0.28121235772319464 48
1756346159825 0.23749733586674152 49
1756346159833 0.178149511632712 50
1756346159840 0.1782434385107911 51
1756346159847 0.17647391557693481 52
1756346159855 0.19941169088301453 53
1756346159862 0.16597969344128732 54
1756346159870 0.14945674655230148 55
1756346159877 0.152967211668906 56
1756346159884 0.14183557098326477 57
1756346159892 0.1335857345358185 58
1756346159899 0.158067324563213 59
1756346159907 0.1278680575930554 60
1756346159915 0.12313704970090286 61
1756346159922 0.1212565817910692 62
1756346159930 0.1345507726073265 63
1756346159938 0.13544035540974658 64
1756346159945 0.11807618419761243 65
1756346159953 0.1069361062153526 66
1756346159961 0.10959436582482379 67
1756346159969 0.11586918390315512 68
1756346159976 0.11375705330916074 69
1756346159984 0.10176626074573268 70
1756346159992 0.10049545797316925 71
1756346160000 0.10794269406925076 72
1756346160008 0.10899180983719618 73
1756346160017 0.0950043625805689 74
1756346160025 0.09674520790576935 75
1756346160033 0.10243390694908473 76
1756346160041 0.10506289290345233 77
1756346160049 0.08334070751848428 78
1756346160057 0.08128466619097668 79
1756346160065 0.08361624019301456 80
1756346160073 0.08558283632864123 81
1756346160081 0.09354569908717404 82
1756346160090 0.108520799194989 83
1756346160098 0.10092540020528047 84
1756346160106 0.09689846505289493 85
1756346160115 0.08685115789589674 86
1756346160123 0.09140092652776967 87
1756346160132 0.09068579048566196 88
1756346160140 0.08970871567726135 89
1756346160148 0.08211486527453297 90
1756346160157 0.07438178619612819 91
1756346160165 0.06784426032201103 92
1756346160174 0.07581102362145549 93
1756346160182 0.0851648613486601 94
1756346160191 0.08148120392275893 95
1756346160200 0.06972087126063264 96
1756346160208 0.08224588211463846 97
1756346160217 0.0660348447120708 98
1756346160225 0.05874752723004507 99
1756346160234 0.060341704474843064 100
1756346160243 0.06234434311804564 101
1756346160252 0.0550811470526716 102
1756346160260 0.061446448545093124 103
1756346160269 0.06589599229071451 104
1756346160278 0.06786667733736661 105
1756346160287 0.06930755564700002 106
1756346160296 0.06261101008757301 107
1756346160305 0.07298171811777612 108
1756346160314 0.07449164273946182 109
1756346160323 0.06826927610065626 110
1756346160332 0.055635937044154045 111
1756346160341 0.06597063269304193 112
