1755909381003 0.00038817727242996907 1
1755909381016 0.0007763545448599381 2
1755909381023 0.001164531817289907 3
1755909381029 0.0015527090897198763 4
1755909381036 0.0019408863621498452 5
1755909381042 0.0019408863621498452 6
1755909381048 0.0019403560528358738 7
1755909381056 0.0019387657047794079 8
1755909381063 0.0019361170570026981 9
1755909381069 0.0019324130057632016 10
1755909381076 0.001927657601386566 11
1755909381083 0.0019218560438376592 12
1755909381090 0.0019150146770344834 13
1755909381097 0.0019071409819111937 14
1755909381103 0.0018982435682378073 15
1755909381110 0.001888332165205545 16
1755909381117 0.0018774176107881056 17
1755909381123 0.0018655118398904981 18
1755909381129 0.0018526278712984005 19
1755909381136 0.0018387797934423075 20
1755909381142 0.0018239827489920396 21
1755909381148 0.0018082529182984553 22
1755909381155 0.0017916075017004743 23
1755909381161 0.0017740647007167616 24
1755909381168 0.001755643698142632 25
1755909381174 0.0017363646370739455 26
1755909381180 0.0017162485988809289 27
1755909381187 0.001695317580156005 28
1755909381193 0.001673594468660844 29
1755909381200 0.0016511030182989293 30
1755909381207 0.001627867823141017 31
1755909381213 0.0016039142905318756 32
1755909381220 0.0015792686133077312 33
1755909381226 0.001553957741154784 34
1755909381233 0.0015280093511401231 35
1755909381239 0.0015014518174472592 36
1755909381245 0.0014743141803493713 37
1755909381252 0.0014466261144541954 38
1755909381258 0.0014184178962552754 39
1755909381265 0.0013897203710250632 40
1755909381272 0.0013605649190860658 41
1755909381280 0.0013309834214969213 42
1755909381287 0.0013010082251909334 43
1755909381295 0.0012706721076051707 44
1755909381302 0.0012400082408388228 45
1755909381309 0.0012090501553799963 46
1755909381317 0.0011778317034406187 47
1755909381324 0.0011463870219395411 48
1755909381331 0.0011147504951743183 49
1755909381338 0.0010829567172224858 50
1755909381345 0.0010510404541134418 51
1755909381353 0.0010190366058123064 52
1755909381360 0.0009869801680573215 53
