1755909398762 0.8706103146076203 1
1755909398778 0.590725439786911 2
1755909398785 0.45643328726291654 3
1755909398793 0.4513814985752106 4
1755909398800 0.35948200821876525 5
1755909398808 0.29169682264328 6
1755909398816 0.29622663408517835 7
1755909398824 0.2588521808385849 8
1755909398832 0.2704657182097435 9
1755909398841 0.21096975952386857 10
1755909398849 0.18825166225433348 11
1755909398856 0.16601127982139588 12
1755909398864 0.17425227761268616 13
1755909398872 0.17672750651836394 14
1755909398880 0.1568814754486084 15
1755909398888 0.16024887338280677 16
1755909398896 0.13728580325841905 17
1755909398904 0.1280146837234497 18
1755909398913 0.10382539704442025 19
1755909398920 0.1045568697154522 20
1755909398928 0.09350138008594513 21
1755909398936 0.0986530039459467 22
1755909398943 0.08330534659326076 23
1755909398951 0.07798862680792809 24
1755909398959 0.07031609453260898 25
1755909398967 0.07045790031552315 26
1755909398976 0.06830706745386124 27
1755909398984 0.06964537501335144 28
1755909398993 0.06320501752197742 29
1755909399002 0.05751665160059929 30
1755909399010 0.059762104973196985 31
1755909399019 0.07159465067088604 32
1755909399028 0.056164688616991046 33
1755909399036 0.06194871515035629 34
1755909399044 0.05741299912333488 35
1755909399053 0.07106892354786395 36
1755909399060 0.0682525958865881 37
1755909399068 0.05771691240370273 38
1755909399076 0.05479595810174942 39
1755909399084 0.043768284097313884 40
1755909399092 0.04830531515181065 41
1755909399100 0.04831111673265696 42
1755909399109 0.04494965337216854 43
1755909399119 0.04889716263860464 44
1755909399127 0.046728551387786865 45
1755909399135 0.03989280741661787 46
1755909399144 0.04376006536185741 47
1755909399152 0.037642606534063816 48
1755909399160 0.04180194400250912 49
1755909399168 0.036763031408190726 50
1755909399176 0.03907826766371727 51
1755909399184 0.04439030047506094 52
1755909399193 0.0386009281501174 53
1755909399202 0.04737978726625443 54
1755909399210 0.039419614151120184 55
1755909399218 0.04561064839363098 56
1755909399226 0.04042324498295784 57
1755909399234 0.038730616495013234 58
