1755909381003 1.1462032794952393 1
1755909381016 0.6071977317333221 2
1755909381023 0.45925995111465456 3
1755909381029 0.45773073434829714 4
1755909381036 0.3846892505884171 5
1755909381042 0.3682651400566101 6
1755909381048 0.3185199677944183 7
1755909381056 0.26333409547805786 8
1755909381063 0.24026783406734467 9
1755909381069 0.23450292646884918 10
1755909381076 0.23150616139173508 11
1755909381083 0.17556509822607042 12
1755909381090 0.15040619149804116 13
1755909381097 0.1236556500196457 14
1755909381103 0.1176137626171112 15
1755909381110 0.11808455511927604 16
1755909381117 0.10672347620129585 17
1755909381123 0.10568075254559517 18
1755909381129 0.1087837353348732 19
1755909381136 0.11011787727475167 20
1755909381142 0.13195231407880784 21
1755909381148 0.12871633395552634 22
1755909381155 0.09964350685477256 23
1755909381161 0.0965411439538002 24
1755909381168 0.10322528332471848 25
1755909381174 0.10727370008826256 26
1755909381180 0.0790006585419178 27
1755909381187 0.07733525820076466 28
1755909381193 0.07359784916043281 29
1755909381200 0.09623801186680794 30
1755909381207 0.08362195268273354 31
1755909381213 0.0678090751171112 32
1755909381220 0.06821148693561555 33
1755909381226 0.07159125097095967 34
1755909381233 0.07862757593393326 35
1755909381239 0.06038036532700062 36
1755909381245 0.056314263865351676 37
1755909381252 0.05740092173218727 38
1755909381258 0.04313212260603905 39
1755909381265 0.04886139556765556 40
1755909381272 0.048953399434685706 41
1755909381280 0.052142098918557166 42
1755909381287 0.04449148140847683 43
1755909381295 0.043989140540361404 44
1755909381302 0.04047708474099636 45
1755909381309 0.04505328312516212 46
1755909381317 0.04293987061828375 47
1755909381324 0.041371455416083336 48
1755909381331 0.0331496462225914 49
1755909381338 0.037890071608126165 50
1755909381345 0.036452095955610275 51
1755909381353 0.04049465600401163 52
1755909381360 0.03502037022262812 53
