1755907423760 0.8807084109538641 1
1755907423776 0.6423041086930495 2
1755907423781 0.619388351837794 3
1755907423786 0.6034623353909223 4
1755907423790 0.615040021829116 5
1755907423796 0.5247135544434572 6
1755907423800 0.4916273240859692 7
1755907423805 0.46685752731103164 8
1755907423810 0.47999731699625653 9
1755907423815 0.5036510420151246 10
1755907423819 0.4639606047899295 11
1755907423826 0.4609123919254694 12
1755907423831 0.46131272728626543 13
1755907423836 0.4526871878367204 14
1755907423840 0.42091494492995435 15
1755907423844 0.41436392336319655 16
1755907423848 0.43853439734532285 17
1755907423852 0.43611545058397144 18
1755907423857 0.39529962035325855 19
1755907423861 0.4064809725834773 20
1755907423865 0.375460541401154 21
1755907423870 0.3957808751326341 22
1755907423874 0.3629938142421918 23
1755907423882 0.3596999083574002 24
1755907423886 0.36586819703762347 25
1755907423891 0.3614602356384962 26
1755907423896 0.35231474271187413 27
1755907423900 0.37703058734918254 28
1755907423904 0.41567755662477934 29
1755907423909 0.35215561397564715 30
1755907423914 0.3747827639946571 31
1755907423918 0.35615892479052913 32
1755907423923 0.38770411335504973 33
