1756344631067 2.242854496707087 1
1756344631084 1.2686696246914242 2
1756344631099 1.0740762288155763 3
1756344631114 1.5067194777986277 4
1756344631130 1.1256259887114815 5
1756344631145 1.167270180971726 6
1756344631160 0.938754396594089 7
1756344631175 0.8283783858237059 8
1756344631191 0.9320059690786444 9
1756344631206 0.8914285742718241 10
1756344631221 0.687430818443713 11
1756344631236 0.5815985073213992 12
1756344631252 0.5795850533506145 13
1756344631267 0.6129937606013339 14
1756344631283 0.5132743068363356 15
1756344631298 0.4710819526858952 16
1756344631314 0.4427324961061063 17
1756344631329 0.3737713934286781 18
1756344631345 0.45259247979392175 19
1756344631361 0.4561525168626205 20
1756344631376 0.43827003370160644 21
1756344631392 0.3640984601300696 22
1756344631407 0.40753132040086 23
1756344631423 0.3896160171083782 24
1756344631439 0.39125061942183453 25
1756344631454 0.34873328973417694 26
1756344631470 0.3802528737679772 27
1756344631486 0.3441873302926188 28
1756344631502 0.35619190691605856 29
1756344631518 0.3320100372252257 30
1756344631533 0.2908299675454264 31
1756344631549 0.27389817652495013 32
1756344631565 0.2808396673720816 33
1756344631581 0.2584149821296982 34
1756344631597 0.2310308470674183 35
1756344631613 0.25008416434992914 36
1756344631629 0.2525567169422689 37
1756344631645 0.20979543548563254 38
1756344631662 0.21179645735284555 39
1756344631678 0.213137686252594 40
1756344631694 0.36400271693001623 41
1756344631710 0.2595407765196717 42
1756344631726 0.250375263068987 43
1756344631743 0.21990123553120572 44
1756344631761 0.286696072505868 45
1756344631777 0.24049251753350961 46
1756344631793 0.23939725432706915 47
1756344631810 0.2884992056566736 48
1756344631826 0.2761604844228081 49
1756344631843 0.24856746682654257 50
1756344631859 0.3148490789791812 51
1756344631875 0.2991444494413293 52
1756344631892 0.21965562163487726 53
1756344631908 0.1839435026049614 54
1756344631925 0.19552991571633713 55
1756344631942 0.1890904517925304 56
1756344631958 0.16460405095763828 57
1756344631975 0.2844491542681404 58
1756344631992 0.20848434256470721 59
1756344632008 0.21537370396697003 60
1756344632025 0.2351522662717363 61
1756344632042 0.24209508332221405 62
1756344632059 0.21282396692296732 63
1756344632076 0.1734169995331246 64
1756344632094 0.19851390142803607 65
1756344632111 0.17011010452457095 66
1756344632128 0.16718669106131015 67
1756344632146 0.18107265962854677 68
1756344632163 0.1421557097979214 69
1756344632180 0.21214916978193366 70
1756344632197 0.1561063187925712 71
1756344632214 0.1614688987965169 72
1756344632231 0.1702037803504778 73
1756344632248 0.1849146397865337 74
1756344632266 0.18433695059755575 75
1756344632283 0.19255104920138483 76
1756344632300 0.17285895412382873 77
1756344632317 0.14843967119636742 78
1756344632335 0.13889225750513698 79
1756344632352 0.14785551069223363 80
1756344632369 0.11742510209264963 81
1756344632387 0.15666145183469937 82
1756344632404 0.12104246457633765 83
1756344632422 0.13957683304729668 84
1756344632439 0.14797877131596857 85
1756344632456 0.10719790277273758 86
1756344632474 0.10896425856196362 87
1756344632492 0.1532361740651338 88
1756344632509 0.13073629610564397 89
1756344632527 0.10762585505195287 90
1756344632544 0.12124708068111668 91
1756344632562 0.12420591906360957 92
1756344632580 0.1511663376637127 93
1756344632598 0.14274363673251608 94
1756344632615 0.10927104302074599 95
1756344632633 0.11356888484695683 96
1756344632651 0.1258907805642356 97
1756344632669 0.10690567286118217 98
1756344632687 0.09291131259954494 99
1756344632705 0.11939834803342819 100
1756344632723 0.11220436057318812 101
1756344632741 0.13020454055589178 102
1756344632759 0.11148910710345143 103
1756344632777 0.1254487379413584 104
1756344632795 0.0975315310060978 105
1756344632813 0.13900974943586017 106
1756344632831 0.11808454034769017 107
1756344632849 0.13461756819616194 108
1756344632867 0.08771967482955559 109
1756344632886 0.10174822693933612 110
1756344632904 0.09259534659593002 111
1756344632922 0.09334020016957885 112
1756344632940 0.09679717327589574 113
1756344632959 0.08435817079051681 114
1756344632977 0.09000991398225659 115
