1756344583671 2.36841663070347 1
1756344583679 1.2967169621716375 2
1756344583685 1.342296890590502 3
1756344583690 1.2270879460417705 4
1756344583696 0.8261894881725311 5
1756344583702 1.0315466885981353 6
1756344583708 1.0864008716914966 7
1756344583714 0.8995297421579775 8
1756344583720 0.7662953889888265 9
1756344583726 0.6099763175715571 10
1756344583732 0.6210747024287349 11
1756344583738 0.462013255642808 12
1756344583745 0.45520987718001654 13
1756344583751 0.4227018375759539 14
1756344583757 0.4564762251532596 15
1756344583763 0.44248637297879095 16
1756344583769 0.5574261384165805 17
1756344583776 0.7044558784236079 18
1756344583782 0.5559491424456887 19
1756344583788 0.34593795434288355 20
1756344583795 0.33612448884093243 21
1756344583801 0.4198220009389131 22
1756344583808 0.3914340967717378 23
1756344583814 0.30446957634842914 24
1756344583820 0.3549166969631029 25
1756344583827 0.3104102812383486 26
1756344583834 0.28625665669855865 27
1756344583840 0.3258545275615609 28
1756344583847 0.3506727652705234 29
1756344583853 0.2638216038113055 30
1756344583860 0.3286012262105942 31
1756344583867 0.30833768067152606 32
1756344583874 0.30652751611626666 33
1756344583880 0.30590034341034683 34
1756344583887 0.2878438545309979 35
1756344583894 0.24659920159889304 36
1756344583901 0.20828740298748016 37
1756344583908 0.28464421500330384 38
1756344583915 0.2996876265691674 39
1756344583921 0.2909910947732303 40
1756344583928 0.24094785134429517 41
1756344583935 0.22605800175148508 42
1756344583942 0.2551416842185933 43
1756344583949 0.21414078318554422 44
1756344583957 0.21313378052866977 45
1756344583964 0.23533123342887216 46
1756344583971 0.22024117539758267 47
1756344583978 0.2913959013379138 48
1756344583985 0.2742326583551324 49
1756344583992 0.18040495981340823 50
1756344584000 0.21606553767038428 51
1756344584007 0.21929324969001437 52
1756344584014 0.2073095512130986 53
1756344584022 0.2150520630504774 54
1756344584029 0.2429266601153042 55
1756344584036 0.19670380263224893 56
1756344584044 0.16889097217632376 57
1756344584051 0.19577528568713562 58
1756344584059 0.18114587729391846 59
1756344584066 0.14717321518970572 60
1756344584074 0.17227812176165375 61
1756344584081 0.17772226910228314 62
1756344584089 0.1521593170321506 63
1756344584096 0.17041596446348273 64
1756344584104 0.15007228890190955 65
1756344584112 0.12650054272102274 66
1756344584119 0.1255671174629875 67
1756344584127 0.1468916127215261 68
1756344584135 0.16928868902766186 69
1756344584143 0.17788276529830435 70
1756344584150 0.15907218339650528 71
1756344584158 0.14419249380412308 72
1756344584166 0.17230942213664885 73
1756344584174 0.14713533384644467 74
1756344584182 0.1269206139056579 75
1756344584190 0.133829762754233 76
1756344584198 0.11354385348765747 77
1756344584206 0.12699710464347963 78
1756344584214 0.11693237041649611 79
1756344584222 0.11631826570500499 80
1756344584230 0.11997834042362544 81
1756344584238 0.10922514809214551 82
1756344584247 0.10018843509580778 83
1756344584255 0.12934401631355286 84
1756344584263 0.11722622552643651 85
1756344584271 0.10876244986834734 86
1756344584280 0.11590063150810159 87
1756344584288 0.15172532573342323 88
1756344584296 0.1312720364202624 89
1756344584305 0.12945156544446945 90
1756344584313 0.11553447013315947 91
1756344584322 0.10384515672922134 92
1756344584330 0.11220860092536263 93
1756344584339 0.12817362955083017 94
1756344584347 0.11384885434223257 95
1756344584356 0.11052818434393924 96
1756344584364 0.1049390214940776 97
1756344584373 0.12284530180951823 98
1756344584382 0.14778586185496786 99
1756344584390 0.14008660225764566 100
1756344584399 0.08804759642352229 101
1756344584408 0.1021070545134337 102
1756344584416 0.10526736906689146 103
1756344584425 0.10777624453539433 104
1756344584434 0.113243801276321 105
1756344584443 0.09362665725790936 106
1756344584452 0.1047471470159033 107
1756344584461 0.12651536613702774 108
1756344584469 0.09792187728959581 109
1756344584478 0.09183601516744365 110
1756344584487 0.08496313639309096 111
1756344584497 0.11225905334172041 112
1756344584506 0.0875181426172671 113
1756344584515 0.08231470426139624 114
1756344584524 0.09242191084701082 115
1756344584533 0.09941625092988429 116
1756344584542 0.08603615394752959 117
1756344584551 0.08409381755020308 118
1756344584561 0.08966713852208594 119
1756344584570 0.08864499660937683 120
1756344584579 0.08010354330358298 121
1756344584588 0.09125357347985973 122
1756344584598 0.09972463515789612 123
1756344584607 0.07892634120324384 124
1756344584616 0.07470595083482888 125
1756344584626 0.07458295332996742 126
1756344584635 0.07774986585845119 127
1756344584645 0.07846031710505486 128
1756344584654 0.07067503229431484 129
