1756344599687 0.8447669822236766 1
1756344599699 0.750491308129352 2
1756344599710 0.6280727282814358 3
1756344599720 0.6488694574521936 4
1756344599730 0.6482198886249376 5
1756344599741 0.638587923153587 6
1756344599751 0.6188814925110858 7
1756344599762 0.5812572059424027 8
1756344599772 0.5175771013550137 9
1756344599783 0.5095619805481123 10
1756344599793 0.5091160561727441 11
1756344599804 0.48430789683176123 12
1756344599815 0.49853110831716785 13
1756344599825 0.4623769962269327 14
1756344599836 0.45875552814939746 15
1756344599847 0.49271379994309467 16
1756344599857 0.45120786324791284 17
1756344599868 0.42918725117393164 18
1756344599879 0.43986388133919757 19
1756344599890 0.4732746352320132 20
1756344599901 0.45335504283075745 21
1756344599911 0.44501588525979413 22
1756344599922 0.4293612125127212 23
1756344599933 0.40199190766915033 24
1756344599944 0.3972932424234307 25
1756344599955 0.38377785293952277 26
1756344599966 0.43342943036037945 27
1756344599977 0.45744932086571405 28
1756344599988 0.4244624259679214 29
1756344600000 0.4132293294305387 30
1756344600011 0.43070444075957587 31
1756344600022 0.40711928061817004 32
1756344600033 0.3945998238480609 33
1756344600044 0.37794393948886706 34
1756344600055 0.390161650336307 35
1756344600067 0.39301625801169354 36
1756344600078 0.359810207201087 37
1756344600089 0.3684206838193147 38
1756344600101 0.35263045456098474 39
1756344600112 0.35122453129809833 40
1756344600124 0.3498740701571755 41
1756344600135 0.35250439721605054 42
1756344600147 0.34320205450057983 43
1756344600158 0.3381185829639435 44
1756344600170 0.3294412701026253 45
1756344600181 0.32487287728682807 46
1756344600193 0.3498826908028644 47
1756344600204 0.3339398892029472 48
1756344600216 0.3023083307172941 49
1756344600228 0.321914729864701 50
1756344600239 0.30249825767848804 51
1756344600251 0.29193304090396216 52
1756344600263 0.3048725406760755 53
1756344600275 0.30114849494851154 54
1756344600286 0.29187582174073096 55
1756344600298 0.2911863825891329 56
1756344600310 0.2982021336970122 57
1756344600322 0.3052294604156328 58
1756344600334 0.3007341441900834 59
1756344600346 0.29571952249692834 60
1756344600358 0.28903314406457153 61
1756344600370 0.27367211359998456 62
1756344600382 0.2721763803907063 63
1756344600394 0.28280586652133777 64
1756344600406 0.27527437715426734 65
1756344600418 0.26964772913766943 66
1756344600430 0.2810829378988432 67
1756344600442 0.2748763988847318 68
1756344600455 0.2768081115639728 69
1756344600467 0.27995971752249676 70
1756344600479 0.26064370831717615 71
1756344600491 0.26471766246401746 72
1756344600504 0.25548737075017847 73
1756344600516 0.260927118037058 74
1756344600529 0.2474409186321756 75
1756344600541 0.25447141087573505 76
1756344600553 0.24469042666580365 77
1756344600566 0.2599965547737868 78
