1756344608567 1.2552679051523623 1
1756344608583 0.9839499385460563 2
1756344608597 0.8028469863145248 3
1756344608610 0.7347168598486029 4
1756344608623 0.8267615178357 5
1756344608637 0.7609284442404042 6
1756344608650 0.8025562465190887 7
1756344608663 0.7359970095364944 8
1756344608677 0.5791348503983539 9
1756344608690 0.5720789017884628 10
1756344608703 0.4385845440885295 11
1756344608717 0.4163582661877508 12
1756344608730 0.47063461723534955 13
1756344608744 0.3600765816543413 14
1756344608757 0.4132597057715706 15
1756344608771 0.3770747612351957 16
1756344608785 0.34030442652495013 17
1756344608798 0.3195974191893702 18
1756344608812 0.34910891367041547 19
1756344608826 0.28382019180318585 20
1756344608839 0.3135179993898972 21
1756344608853 0.32070763149987097 22
1756344608867 0.32146513850792596 23
1756344608881 0.3168009720418764 24
1756344608895 0.3552289559789326 25
1756344608908 0.3160114638183428 26
1756344608922 0.26819064824477484 27
1756344608936 0.24305204010528067 28
1756344608950 0.2845425016206244 29
1756344608964 0.30271115251209424 30
1756344608978 0.2534126146979954 31
1756344608992 0.2654250775990279 32
1756344609006 0.3200403387131898 33
1756344609020 0.2957290080578431 34
1756344609035 0.2532221040000086 35
1756344609049 0.25925104579199915 36
1756344609063 0.2393725132164748 37
1756344609077 0.2441525057606075 38
1756344609091 0.22041496116182077 39
1756344609106 0.21402374881765115 40
1756344609120 0.21079750521027524 41
