1756344651397 2.5216340915016504 1
1756344651418 1.2548984055933745 2
1756344651437 1.1400142454582711 3
1756344651457 0.8851653052412946 4
1756344651476 0.894491522208504 5
1756344651495 1.0688169961390288 6
1756344651515 1.1230342932369397 7
1756344651534 0.9511548721272013 8
1756344651553 0.6477932580139326 9
1756344651573 0.7313929498195648 10
1756344651592 0.632042707308479 11
1756344651612 0.5938724681087162 12
1756344651631 0.6396551559800687 13
1756344651651 0.5262466999499694 14
1756344651670 0.45667679867018823 15
1756344651690 0.47112163512603095 16
1756344651709 0.4796311116736868 17
1756344651729 0.45957380727581354 18
1756344651748 0.3804148791924767 19
1756344651768 0.43704217413197394 20
1756344651787 0.369426891207695 21
1756344651807 0.40644343067770416 22
1756344651827 0.35562207193478296 23
1756344651846 0.44602269387763477 24
1756344651866 0.4110266644021739 25
1756344651886 0.36621195401834405 26
1756344651905 0.26640026984007464 27
1756344651925 0.2718703238212544 28
1756344651945 0.2908697601245797 29
1756344651965 0.29008019618366077 30
1756344651984 0.2922019900187202 31
1756344652004 0.2729551416376363 32
1756344652024 0.262296457329522 33
1756344652044 0.2619863379260768 34
1756344652064 0.2349185911209687 35
1756344652084 0.2797112905460855 36
1756344652104 0.29120949364226795 37
1756344652124 0.2788021454344625 38
1756344652144 0.33772284116434015 39
1756344652164 0.24837357680434766 40
1756344652184 0.32000143307706586 41
1756344652205 0.3216416738603426 42
1756344652225 0.2597184207128442 43
1756344652245 0.25044500147518906 44
1756344652265 0.20865937387165817 45
1756344652285 0.2019263353684674 46
1756344652306 0.20860503808311795 47
1756344652326 0.1964489438611528 48
1756344652347 0.18921343690675238 49
1756344652367 0.20220376551151276 50
1756344652387 0.17900620757237726 51
1756344652408 0.17261713095333264 52
1756344652428 0.14319102044986642 53
1756344652449 0.1537517646084661 54
1756344652469 0.17232295158116714 55
1756344652490 0.17057167447131613 56
1756344652513 0.2265284006362376 57
1756344652534 0.15203362023052963 58
1756344652555 0.13517203457329585 59
1756344652575 0.14662348317063373 60
1756344652597 0.1591118655127028 61
1756344652618 0.16648280296636664 62
1756344652639 0.14664458159519278 63
1756344652660 0.1786905485002891 64
1756344652681 0.20265647347854532 65
1756344652702 0.16463233562915222 66
1756344652723 0.1521004425442737 67
1756344652744 0.1276893029394357 68
1756344652765 0.13859040662646294 69
1756344652786 0.13779162437371587 70
1756344652807 0.14972573016648708 71
1756344652829 0.15451019565048424 72
1756344652851 0.160485893163992 73
1756344652873 0.13425521957485573 74
1756344652894 0.11263400219056917 75
1756344652915 0.16879440649696018 76
1756344652937 0.15626170146076576 77
1756344652958 0.1583968579121258 78
1756344652979 0.13145674003855043 79
1756344653000 0.12178699882782024 80
1756344653022 0.18962336785119513 81
1756344653043 0.2109209629504577 82
1756344653065 0.14757663043944733 83
1756344653086 0.13599993288516998 84
1756344653107 0.14169866316344426 85
1756344653129 0.10991660375957904 86
1756344653150 0.09420449108533237 87
1756344653172 0.11560694614182347 88
1756344653193 0.11096791793470798 89
1756344653215 0.12136642375717992 90
1756344653237 0.11334788297181544 91
1756344653258 0.11122358396001485 92
1756344653280 0.1100220186230929 93
1756344653302 0.09510091999950616 94
1756344653323 0.11352696415522824 95
