1755977098792 1.7301902113816676 1
1755977098815 1.5165273661796863 2
1755977098823 1.353262613981198 3
1755977098833 1.0432657240292964 4
1755977098839 0.9183910045868311 5
1755977098846 0.7435010855014508 6
1755977098853 0.6391100787963623 7
1755977098861 0.6678090347693517 8
1755977098869 0.8300392383184189 9
1755977098876 0.7457900070227109 10
1755977098885 0.6763607362906138 11
1755977098895 0.7221575027857071 12
1755977098903 0.7110748948195041 13
1755977098913 0.6337275035106219 14
1755977098922 0.6393580505481133 15
1755977098932 0.6039120195767819 16
1755977098941 0.5713395804930956 17
1755977098949 0.5424997852398799 18
1755977098956 0.557160245684477 19
1755977098963 0.5311974034859583 20
1755977098971 0.508932976768567 21
1755977098978 0.5954712071479895 22
1755977098985 0.617456085406817 23
1755977098992 0.5296762983004252 24
1755977098999 0.5679273868982608 25
1755977099006 0.542944575731571 26
1755977099013 0.49119381109873456 27
1755977099020 0.38127566415529984 28
1755977099027 0.44235321000600475 29
1755977099035 0.399667447194075 30
