1755977098792 2.290073634722294 1
1755977098815 2.075191529133381 2
1755977098823 1.7308298624478853 3
1755977098833 1.185715138912201 4
1755977098839 1.1059437929055629 5
1755977098846 0.7964544739478674 6
1755977098853 0.7342911026416681 7
1755977098861 0.7249727363769825 8
1755977098869 0.9389723929075094 9
1755977098876 0.9183030487635196 10
1755977098885 0.7303968247694846 11
1755977098895 0.7867036950893891 12
1755977098903 0.7702059493615077 13
1755977098913 0.7559577218997173 14
1755977098922 0.7144740552474291 15
1755977098932 0.6498483472909683 16
1755977098941 0.6799078919948676 17
1755977098949 0.5997063723894266 18
1755977098956 0.5946625173091888 19
1755977098963 0.5668254567262454 20
1755977098971 0.5634886584220788 21
1755977098978 0.6597087551385928 22
1755977098985 0.6681306293377509 23
1755977098992 0.5936443003324362 24
1755977098999 0.558961224097472 25
1755977099006 0.5834881281241392 26
1755977099013 0.5430818643325415 27
1755977099020 0.40527062385510176 28
1755977099027 0.4695521787955211 29
1755977099035 0.449670258240822 30
