1755977025646 0.0008601213074846427 1
1755977025655 0.0017202426149692854 2
1755977025660 0.0025803639224539284 3
1755977025664 0.003440485229938571 4
1755977025668 0.004300606537423214 5
1755977025672 0.004300606537423214 6
1755977025676 0.004299431148267593 7
1755977025680 0.004295906266071513 8
1755977025684 0.004290035745241906 9
1755977025688 0.004281826005107107 10
1755977025693 0.00427128602289742 11
1755977025697 0.004258427323928646 12
1755977025701 0.004243263968999315 13
1755977025706 0.004225812539015419 14
1755977025711 0.004206092116859425 15
1755977025715 0.004184124266523427 16
1755977025720 0.0041599330095292405 17
1755977025724 0.004133544798661216 18
1755977025728 0.004104988489040508 19
1755977025733 0.004074295306572429 20
1755977025737 0.004041498813801375 21
1755977025742 0.0040066348732106785 22
1755977025747 0.003969741608007506 23
1755977025751 0.003930859360435697 24
1755977025755 0.0038900306476621085 25
1755977025760 0.0038473001152847168 26
1755977025765 0.0038027144885133127 27
1755977025769 0.0037563225210761712 28
1755977025774 0.0037081749419085653 29
1755977025778 0.0036583243996814187 30
1755977025783 0.0036068254052307597 31
1755977025788 0.0035537342719509177 32
1755977025792 0.003499109054216659 33
1755977025796 0.003443009483901577 34
