1755977025646 1.8116461680485652 1
1755977025655 1.9030489432506073 2
1755977025660 1.4766690043302684 3
1755977025664 1.3351872739119408 4
1755977025668 1.0887682697711847 5
1755977025672 1.2213202699636803 6
1755977025676 0.9825353821118673 7
1755977025680 0.8626462664359655 8
1755977025684 0.7140311805101541 9
1755977025688 0.5540752708911896 10
1755977025693 0.5590911920254047 11
1755977025697 0.5167247316776178 12
1755977025701 0.5687408240941855 13
1755977025706 0.4842070036878188 14
1755977025711 0.4457210573630455 15
1755977025715 0.5049599141646655 16
1755977025720 0.5508648500992701 17
1755977025724 0.5360078685558759 18
1755977025728 0.5191651976261383 19
1755977025733 0.486152223788966 20
1755977025737 0.5679616951025449 21
1755977025742 0.5067650106472846 22
1755977025747 0.5082786465302492 23
1755977025751 0.4478829059845362 24
1755977025755 0.42365817458201677 25
1755977025760 0.4513830290390895 26
1755977025765 0.5754011460603812 27
1755977025769 0.5914642604497763 28
1755977025774 0.4745237219792146 29
1755977025778 0.4019993593295415 30
1755977025783 0.4072636033479984 31
1755977025788 0.3535857842518733 32
1755977025792 0.34323720672191715 33
1755977025796 0.3343973580079201 34
