1755909784102 1.5704553842544555 1
1755909784115 1.1215505003929138 2
1755909784123 1.1267745077610016 3
1755909784131 0.7684562742710114 4
1755909784139 0.7689501404762268 5
1755909784148 0.9017706394195557 6
1755909784157 0.8429499864578247 7
1755909784165 0.7826703429222107 8
1755909784173 0.7601264238357544 9
1755909784182 0.6972371280193329 10
1755909784189 0.6401127785444259 11
1755909784197 0.4355860710144043 12
1755909784204 0.30254564583301546 13
1755909784212 0.2824703812599182 14
1755909784219 0.2269143283367157 15
1755909784227 0.2016882821917534 16
1755909784234 0.17386991977691652 17
1755909784242 0.16703107357025146 18
1755909784250 0.1453981578350067 19
1755909784258 0.15230015069246292 20
1755909784265 0.13378608599305153 21
1755909784273 0.13704409301280976 22
1755909784281 0.11015352308750152 23
1755909784289 0.12607062831521035 24
1755909784297 0.11154807582497597 25
1755909784305 0.09378182590007782 26
1755909784314 0.10560919418931007 27
1755909784322 0.08922633826732636 28
1755909784331 0.10047621242702007 29
1755909784340 0.10335886403918267 30
1755909784348 0.10793173238635063 31
1755909784357 0.08567553758621216 32
1755909784365 0.08199157267808914 33
1755909784374 0.07110394090414048 34
1755909784383 0.0730412095785141 35
1755909784391 0.0845093421638012 36
1755909784400 0.07032063417136669 37
1755909784408 0.069123375415802 38
1755909784417 0.06849758587777614 39
1755909784425 0.058806614577770235 40
1755909784434 0.08233321011066437 41
1755909784443 0.07701678685843945 42
1755909784452 0.05741118676960468 43
1755909784461 0.05061930492520332 44
1755909784470 0.05400054082274437 45
1755909784478 0.07045611403882504 46
1755909784486 0.06041045039892197 47
1755909784494 0.06582793705165386 48
