1755909748556 1.5782925724983214 1
1755909748565 1.2727197885513306 2
1755909748569 1.0794561624526977 3
1755909748573 0.9483839929103851 4
1755909748578 0.7718205213546753 5
1755909748582 0.7323820531368256 6
1755909748587 0.5593225508928299 7
1755909748591 0.478356146812439 8
1755909748596 0.4418570905923843 9
1755909748601 0.391121444106102 10
1755909748607 0.34366021752357484 11
1755909748612 0.3352617025375366 12
1755909748617 0.32715681493282317 13
1755909748622 0.27202084213495253 14
1755909748627 0.24738758355379104 15
1755909748632 0.28972104489803313 16
1755909748637 0.24583358764648439 17
1755909748642 0.2640752010047436 18
1755909748647 0.19980970472097398 19
1755909748652 0.2293180450797081 20
1755909748656 0.18107692301273345 21
1755909748661 0.16187049001455306 22
1755909748665 0.17308524772524833 23
1755909748669 0.13639801144599914 24
1755909748674 0.11888695359230042 25
1755909748678 0.11691788509488106 26
1755909748682 0.11746031790971756 27
1755909748687 0.10959299132227898 28
1755909748692 0.10280060321092606 29
1755909748696 0.1064219519495964 30
1755909748701 0.10306537374854088 31
1755909748705 0.10328565314412116 32
1755909748710 0.09772145673632622 33
1755909748714 0.08760545663535595 34
1755909748719 0.09245063737034798 35
1755909748723 0.08956918753683567 36
1755909748727 0.07171356417238713 37
1755909748732 0.06312117949128151 38
1755909748737 0.07404356598854064 39
1755909748742 0.05978150181472301 40
1755909748746 0.061320947110652925 41
1755909748751 0.06604970805346966 42
1755909748756 0.07965168952941895 43
1755909748761 0.07420757003128528 44
1755909748766 0.06032678782939911 45
1755909748771 0.06007128171622753 46
1755909748776 0.05535192489624023 47
1755909748781 0.051501399278640746 48
1755909748786 0.056364208832383154 49
1755909748791 0.044719265028834346 50
1755909748796 0.0668540883809328 51
1755909748801 0.04712996259331703 52
1755909748806 0.05334321968257427 53
1755909748812 0.04826645478606224 54
1755909748817 0.04454223867505789 55
1755909748822 0.05034610480070114 56
1755909748827 0.04840431325137615 57
1755909748833 0.06241088546812534 58
1755909748838 0.06026929244399071 59
1755909748843 0.054831238463521004 60
1755909748848 0.04513334296643734 61
1755909748854 0.0356411324813962 62
1755909748860 0.036901607736945154 63
1755909748865 0.03583693038672209 64
1755909748871 0.03845561444759369 65
1755909748877 0.03307366408407688 66
1755909748882 0.03419726882129907 67
