1755908733639 0.8715045571327209 1
1755908733656 0.7444724082946778 2
1755908733664 0.6526897311210632 3
1755908733671 0.6166253328323364 4
1755908733679 0.6140841245651245 5
1755908733686 0.5623297691345215 6
1755908733694 0.5208654910326004 7
1755908733701 0.47271680533885957 8
1755908733709 0.4631348758935928 9
1755908733717 0.4391533434391022 10
1755908733725 0.42766701579093935 11
1755908733732 0.40907595455646517 12
1755908733740 0.39364396333694457 13
1755908733747 0.4014312535524368 14
1755908733755 0.38383168280124663 15
1755908733763 0.34667000770568845 16
1755908733771 0.33655495941638947 17
1755908733778 0.3193276017904282 18
1755908733786 0.32767197489738464 19
1755908733794 0.3006118893623352 20
1755908733802 0.320502957701683 21
1755908733810 0.2819045066833496 22
1755908733825 0.2726543113589287 23
1755908733833 0.26133898049592974 24
1755908733841 0.26132487803697585 25
1755908733849 0.24880655407905578 26
1755908733858 0.23589345216751098 27
1755908733865 0.25367989391088486 28
1755908733873 0.24658515006303788 29
1755908733881 0.2503110557794571 30
1755908733889 0.23264437019824982 31
1755908733896 0.22723516523838044 32
1755908733904 0.20675447583198547 33
1755908733912 0.20958203375339507 34
1755908733921 0.21019334197044373 35
1755908733929 0.1967177003622055 36
1755908733937 0.18999528437852858 37
1755908733945 0.1931665062904358 38
1755908733953 0.19208267480134963 39
1755908733961 0.20078521072864533 40
1755908733969 0.20009149461984635 41
1755908733977 0.19113938510417938 42
1755908733984 0.17773401588201523 43
1755908733992 0.16945973336696624 44
1755908734005 0.17085142582654952 45
1755908734013 0.18264044523239137 46
1755908734022 0.17172031104564667 47
1755908734030 0.17453690320253373 48
1755908734038 0.16497146487236022 49
1755908734047 0.1639729246497154 50
1755908734055 0.15986247956752778 51
1755908734063 0.15896305739879607 52
1755908734071 0.1700012892484665 53
1755908734080 0.16065881848335267 54
1755908734091 0.15800011456012725 55
1755908734099 0.16352486833930016 56
1755908734108 0.16277487426996232 57
1755908734117 0.14770187735557555 58
1755908734125 0.159799462556839 59
1755908734134 0.15112083852291108 60
1755908734142 0.14730322882533073 61
1755908734150 0.15244678407907486 62
1755908734159 0.1494644820690155 63
1755908734167 0.14204339012503625 64
1755908734175 0.1372621014714241 65
1755908734184 0.13511177003383637 66
1755908734192 0.14021240323781967 67
