1755908699780 0.0005618592663089535 1
1755908699790 0.001123718532617907 2
1755908699794 0.0016855777989268606 3
1755908699798 0.002247437065235814 4
1755908699802 0.0028092963315447675 5
1755908699806 0.0028092963315447675 6
1755908699810 0.0028085286238428795 7
1755908699815 0.0028062263402143153 8
1755908699819 0.0028023919981724215 9
1755908699823 0.002797029790513925 10
1755908699827 0.002790145580734174 11
1755908699831 0.0027817468966154896 12
1755908699835 0.002771842921995647 13
1755908699840 0.002760444486725484 14
1755908699844 0.0027475640548266195 15
1755908699848 0.002733215710862225 16
1755908699853 0.0027174151445357665 17
1755908699857 0.00270017963353454 18
1755908699862 0.0026815280246367756 19
1755908699866 0.002661480713102963 20
1755908699870 0.002640059620373933 21
1755908699875 0.002617288170100084 22
1755908699879 0.002593191262527962 23
1755908699884 0.0025677952472722117 24
1755908699889 0.002541127894502653 25
1755908699893 0.0025132183645780147 26
1755908699898 0.0024840971761595047 27
1755908699902 0.002453796172839106 28
1755908699907 0.002422348488319075 29
1755908699911 0.002389788510180723 30
1755908699915 0.0023561518422821055 31
1755908699920 0.0023214752658257194 32
1755908699924 0.002285796699138804 33
1755908699929 0.0022491551562102037 34
1755908699934 0.002211590704029145 35
1755908699938 0.002173144418772573 36
1755908699943 0.002133858340888953 37
1755908699947 0.0020937754291276574 38
1755908699952 0.002052939513564207 39
1755908699956 0.0020113952476727218 40
1755908699961 0.00196918805949801 41
1755908699966 0.0019263641019806581 42
1755908699970 0.0018829702024894786 43
1755908699975 0.001839053811616461 44
1755908699979 0.0017946629512902517 45
1755908699984 0.0017498461622648769 46
1755908699989 0.0017046524510411427 47
1755908699994 0.0016591312362787445 48
1755908699998 0.0016133322947576895 49
1755908700003 0.0015673057069481178 50
1755908700010 0.0015211018022480434 51
1755908700014 0.0014747711039488965 52
1755908700020 0.001428364273989048 53
1755908700025 0.0013819320575557195 54
1755908700031 0.0013355252275958705 55
1755908700036 0.0012891945292967243 56
1755908700041 0.0012429906245966496 57
1755908700046 0.0011969640367870777 58
1755908700051 0.0011511650952660232 59
1755908700057 0.001105643880503625 60
1755908700062 0.0010604501692798906 61
1755908700067 0.001015633380254516 62
1755908700071 0.0009712425199283064 63
1755908700077 0.0009273261290552888 64
1755908700081 0.0008839322295641089 65
1755908700086 0.0008411082720467582 66
1755908700092 0.0007989010838720456 67
1755908700097 0.0007573568179805609 68
1755908700102 0.0007165209024171106 69
1755908700107 0.0006764379906558151 70
1755908700112 0.0006371519127721946 71
1755908700117 0.0005987056275156224 72
1755908700122 0.0005611411753345641 73
1755908700127 0.0005244996324059637 74
1755908700132 0.000488821065719048 75
1755908700138 0.0004541444892626622 76
1755908700144 0.00042050782136404414 77
1755908700150 0.00038794784322569275 78
1755908700155 0.000356500158705662 79
1755908700160 0.00032619915538526336 80
1755908700166 0.00029707796696675333 81
1755908700171 0.00026916843704211454 82
