1755908733639 1.3142626702785491 1
1755908733656 0.9558244943618774 2
1755908733664 0.7474811315536499 3
1755908733671 0.680266159772873 4
1755908733679 0.6675485640764236 5
1755908733686 0.5544548809528351 6
1755908733694 0.48823813796043397 7
1755908733701 0.3925249487161636 8
1755908733709 0.3840914726257324 9
1755908733717 0.3490676641464233 10
1755908733725 0.3277106791734695 11
1755908733732 0.3080685496330261 12
1755908733740 0.28333550691604614 13
1755908733747 0.3009110793471336 14
1755908733755 0.27167702913284303 15
1755908733763 0.21902775764465332 16
1755908733771 0.20334659814834594 17
1755908733778 0.18632347583770753 18
1755908733786 0.1940399006009102 19
1755908733794 0.16321377605199813 20
1755908733802 0.18253010585904123 21
1755908733810 0.14372577294707298 22
1755908733825 0.13707131147384644 23
1755908733833 0.12194827049970627 24
1755908733841 0.12132278755307198 25
1755908733849 0.1151397168636322 26
1755908733858 0.10156586691737175 27
1755908733865 0.11069721207022667 28
1755908733873 0.11102603971958161 29
1755908733881 0.11241988092660904 30
1755908733889 0.09629997387528419 31
1755908733896 0.09156281873583794 32
1755908733904 0.07102172598242759 33
1755908733912 0.07995293624699115 34
1755908733921 0.07642309330403804 35
1755908733929 0.06652940101921559 36
1755908733937 0.0622397430241108 37
1755908733945 0.06719781868159772 38
1755908733953 0.06772311739623546 39
1755908733961 0.07134099900722504 40
1755908733969 0.07140608094632625 41
1755908733977 0.066057750582695 42
1755908733984 0.05639776922762394 43
1755908733992 0.050420867279171944 44
1755908734005 0.050758768990635875 45
1755908734013 0.05797336436808109 46
1755908734022 0.051579532027244565 47
1755908734030 0.05246969014406204 48
1755908734038 0.047533944994211194 49
1755908734047 0.04613925740122795 50
1755908734055 0.04605751167982817 51
1755908734063 0.04420749470591545 52
1755908734071 0.05003560744225979 53
1755908734080 0.04397513009607792 54
1755908734091 0.04306621067225933 55
1755908734099 0.04638123065233231 56
1755908734108 0.04862829931080341 57
1755908734117 0.03754671011120081 58
1755908734125 0.045245856419205664 59
1755908734134 0.040445555560290815 60
1755908734142 0.03814255967736244 61
1755908734150 0.04106622040271759 62
1755908734159 0.03907790929079056 63
1755908734167 0.03495232183486223 64
1755908734175 0.03276525940746069 65
1755908734184 0.03189785368740559 66
1755908734192 0.03354385495185852 67
