1756055682214 1.4211989028379322 1
1756055682233 1.05152488052845 2
1756055682242 1.1009158462285995 3
1756055682251 0.9823405034840107 4
1756055682260 0.7177210822701454 5
1756055682269 0.6851392805576324 6
1756055682278 0.6941150516271591 7
1756055682287 0.5937218487262725 8
1756055682295 0.5311476111412048 9
1756055682304 0.5146518722176552 10
1756055682313 0.4890699416399002 11
1756055682322 0.4663801096379757 12
1756055682331 0.4749183624982834 13
1756055682340 0.5053774416446686 14
1756055682349 0.4890217885375023 15
1756055682358 0.46778409779071806 16
1756055682367 0.5655646815896034 17
1756055682376 0.6094209045171738 18
1756055682385 0.5098365858197212 19
1756055682394 0.7400219321250916 20
1756055682403 0.5045778661966324 21
1756055682412 0.44471684098243713 22
1756055682420 0.44226412028074263 23
1756055682429 0.49290762171149255 24
1756055682438 0.4212057814002037 25
1756055682447 0.4370222292840481 26
1756055682456 0.36517910435795786 27
1756055682465 0.3504268676042557 28
1756055682474 0.3151852622628212 29
1756055682483 0.46448819264769553 30
1756055682492 0.5584110304713249 31
1756055682501 0.5277147054672241 32
1756055682510 0.39155894368886945 33
1756055682519 0.5159371346235275 34
1756055682528 0.3532040514051914 35
1756055682538 0.4445985808968544 36
1756055682547 0.44624160379171374 37
1756055682556 0.4678502261638641 38
1756055682565 0.4336326435208321 39
1756055682575 0.40146753899753096 40
1756055682584 0.2796063546091318 41
1756055682594 0.28694861978292463 42
1756055682603 0.37705034464597703 43
1756055682612 0.3480031732469797 44
1756055682621 0.34221710413694384 45
1756055682631 0.2552750423550606 46
1756055682640 0.2703534498810768 47
1756055682649 0.31239827498793604 48
1756055682659 0.26919049844145776 49
1756055682668 0.388382863253355 50
1756055682677 0.3373597040772438 51
1756055682686 0.28813725560903547 52
1756055682696 0.33350388929247854 53
1756055682705 0.24642435684800149 54
1756055682715 0.2506328299641609 55
1756055682724 0.23297677114605903 56
1756055682734 0.2971606209874153 57
1756055682744 0.29124224446713926 58
1756055682754 0.28687129020690916 59
1756055682765 0.299421064555645 60
1756055682774 0.24944311678409575 61
1756055682784 0.2074827842414379 62
1756055682793 0.1986220322549343 63
1756055682803 0.3040577579289675 64
1756055682812 0.23863645717501641 65
1756055682822 0.193527302891016 66
1756055682832 0.2006528854370117 67
1756055682842 0.1925876121968031 68
1756055682852 0.1904452396556735 69
1756055682861 0.18969879746437074 70
1756055682871 0.18571129776537418 71
1756055682880 0.25429048836231233 72
1756055682890 0.18219266571104525 73
1756055682900 0.25719876401126385 74
1756055682910 0.22012245506048203 75
1756055682919 0.19052536301314832 76
1756055682929 0.22289343252778054 77
1756055682939 0.16958246305584906 78
1756055682948 0.20701826810836793 79
1756055682958 0.18150973096489906 80
1756055682968 0.16753333546221255 81
1756055682978 0.19164746291935444 82
1756055682988 0.19308877885341644 83
1756055683001 0.17081263549625875 84
1756055683012 0.18884649239480494 85
1756055683022 0.15001566894352436 86
1756055683032 0.14964670203626157 87
1756055683042 0.20213322304189205 88
1756055683052 0.19944309033453464 89
1756055683062 0.17628037557005882 90
1756055683072 0.13980315774679183 91
1756055683082 0.1930953435599804 92
1756055683092 0.17558904737234116 93
1756055683102 0.1656559556722641 94
1756055683112 0.15636780560016633 95
1756055683122 0.14631232805550098 96
1756055683132 0.15492742732167245 97
1756055683142 0.16215888261795045 98
1756055683153 0.16460991241037845 99
1756055683163 0.16598000265657903 100
