1756055641254 0.0010816936137561888 1
1756055641266 0.0021633872275123775 2
1756055641273 0.003245080841268566 3
1756055641281 0.004326774455024755 4
1756055641287 0.005408468068780944 5
1756055641294 0.005408468068780944 6
1756055641301 0.005406989822045552 7
1756055641308 0.00540255669828048 8
1756055641314 0.005395173545041477 9
1756055641321 0.005384848435698211 10
1756055641328 0.005371592660606159 11
1756055641334 0.005355420714760764 12
1756055641341 0.005336350281947373 13
1756055641348 0.005314402215404279 14
1756055641355 0.005289600515020009 15
1756055641363 0.0052619723010897965 16
1756055641372 0.005231547784659944 17
1756055641379 0.005198360234492477 18
1756055641387 0.005162445940686248 19
1756055641394 0.005123844174994248 20
1756055641401 0.005082597147880515 21
1756055641409 0.005038749962363615 22
1756055641416 0.004992350564697152 23
1756055641425 0.004943449691941247 24
1756055641435 0.004892100816482303 25
1756055641445 0.0048383600875617355 26
1756055641455 0.004782286269877608 27
1756055641466 0.00472394067932629 28
1756055641473 0.004663387115954427 29
1756055641481 0.004600691794194528 30
1756055641489 0.004535923270460457 31
1756055641497 0.004469152368181991 32
1756055641504 0.0044004521003604535 33
1756055641512 0.004329897589730059 34
1756055641519 0.004257565986612311 35
1756055641527 0.004183536384553259 36
1756055641535 0.004107889733835861 37
1756055641543 0.0040307087529620434 38
1756055641550 0.003952077838201232 39
1756055641558 0.0038720829713042707 40
1756055641567 0.0037908116254836395 41
1756055641575 0.003708352669762777 42
1756055641583 0.003624796271799116 43
1756055641591 0.0035402337992870665 44
1756055641598 0.0034547577200487864 45
1756055641607 0.0033684615009219755 46
1756055641614 0.003281439505555261 47
1756055641623 0.0031937868912229324 48
1756055641632 0.003105599504771858 49
1756055641641 0.0030169737778143707 50
1756055641649 0.002928006621281706 51
1756055641657 0.002838795319453331 52
1756055641666 0.002749437423578008 53
1756055641675 0.0026600306452029365 54
1756055641683 0.002570672749327613 55
1756055641691 0.0024814614474992385 56
1756055641699 0.002392494290966574 57
1756055641707 0.0023038685640090857 58
1756055641716 0.002215681177558013 59
1756055641724 0.002128028563225684 60
1756055641734 0.002041006567858969 61
1756055641743 0.0019547103487321587 62
1756055641751 0.0018692342694938777 63
1756055641760 0.0017846717969818276 64
1756055641768 0.0017011153990181662 65
1756055641776 0.0016186564432973055 66
1756055641784 0.0015373850974766735 67
1756055641792 0.0014573902305797123 68
1756055641799 0.0013787593158189019 69
1756055641807 0.001301578334945084 70
1756055641815 0.0012259316842276853 71
1756055641822 0.0011519020821686324 72
1756055641830 0.001079570479050885 73
1756055641838 0.0010090159684204908 74
1756055641846 0.0009403157005989529 75
1756055641854 0.0008735447983204879 76
1756055641862 0.0008087762745864153 77
1756055641870 0.0007460809528265172 78
1756055641878 0.0006855273894546555 79
1756055641886 0.0006271817989033368 80
1756055641894 0.0005711079812192089 81
1756055641901 0.0005173672522986419 82
1756055641909 0.00046601837683969666 83
1756055641917 0.00041711750408379125 84
1756055641925 0.00037071810641732875 85
1756055641933 0.00032687092090042936 86
1756055641941 0.00028562389378669595 87
1756055641949 0.0002470221280946959 88
1756055641957 0.00021110783428846764 89
1756055641965 0.00017792028412100055 90
1756055641973 0.00014749576769114694 91
1756055641982 0.0001198675537609353 92
1756055641990 9.506585337666526e-05 93
1756055641998 7.311778683357135e-05 94
1756055642006 5.404735402018043e-05 95
1756055642014 3.7875408174785176e-05 96
