1756055601611 1.9622052311897278 1
1756055601620 1.8384157240390777 2
1756055601625 1.6105990022420884 3
1756055601629 1.5653010547161101 4
1756055601634 1.1226450130343437 5
1756055601639 1.1773954063653946 6
1756055601644 0.8866966456174851 7
1756055601649 0.6676221340894699 8
1756055601653 0.7117973864078522 9
1756055601659 0.6610900104045868 10
1756055601663 0.5431214913725853 11
1756055601668 0.5404767770320177 12
1756055601673 0.5665906220674515 13
1756055601677 0.6137488692998886 14
1756055601682 0.8065542489290237 15
1756055601686 0.4296637028455734 16
1756055601692 0.42112751454114916 17
1756055601697 0.43399073258042337 18
1756055601701 0.4336569495499134 19
1756055601706 0.45154875665903094 20
1756055601711 0.39353700429201127 21
1756055601716 0.3396012857556343 22
1756055601721 0.4116764023900032 23
1756055601726 0.42522981241345403 24
1756055601731 0.46084383223205805 25
1756055601736 0.5128467619419098 26
1756055601741 0.4581547573208809 27
1756055601746 0.3305971771478653 28
1756055601751 0.4846424125134945 29
1756055601756 0.5752773188054562 30
1756055601761 0.2766923697665334 31
1756055601766 0.29156638234853743 32
1756055601770 0.378661934286356 33
1756055601775 0.3173909433186054 34
1756055601780 0.3481941014528275 35
1756055601785 0.33553278595209124 36
1756055601790 0.4375734940171242 37
1756055601795 0.3232295658439398 38
1756055601800 0.33991090655326844 39
1756055601805 0.2763368099927902 40
1756055601810 0.22090396396815776 41
1756055601815 0.35867774561047555 42
1756055601819 0.30023069083690646 43
1756055601825 0.22646384835243225 44
1756055601830 0.20560697913169862 45
1756055601835 0.2658657174557447 46
1756055601840 0.2793563142418861 47
1756055601845 0.25636734925210475 48
1756055601849 0.2567254342138767 49
1756055601855 0.28240611404180527 50
1756055601860 0.38195381313562393 51
1756055601865 0.28526758328080176 52
1756055601870 0.19668410792946817 53
1756055601875 0.3595172241330147 54
1756055601880 0.3365509483963251 55
1756055601886 0.17133365981280804 56
1756055601891 0.21000366434454917 57
1756055601896 0.30677826404571534 58
1756055601901 0.2004157959483564 59
1756055601906 0.28437673561275006 60
1756055601912 0.37520763017237185 61
1756055601917 0.16170380599796771 62
1756055601922 0.29235532209277154 63
1756055601927 0.17895271740853785 64
1756055601933 0.4912957318127155 65
1756055601938 0.23302076943218708 66
1756055601943 0.1692096207290888 67
1756055601948 0.15582579299807547 68
1756055601954 0.17864392772316934 69
1756055601959 0.1535425443202257 70
1756055601965 0.18208543173968791 71
1756055601970 0.2220648217946291 72
1756055601976 0.2254468437284231 73
1756055601981 0.16864238269627094 74
1756055601987 0.1453958261758089 75
1756055601993 0.21012622974812983 76
1756055601998 0.1532681836746633 77
1756055602003 0.11607603468000889 78
1756055602009 0.416052171215415 79
1756055602015 0.17895675934851168 80
1756055602020 0.23034586124122142 81
1756055602026 0.21495433524250984 82
1756055602031 0.1060083832591772 83
1756055602037 0.2812084466218948 84
1756055602043 0.21466791965067386 85
1756055602048 0.13084142580628394 86
1756055602054 0.20154790226370095 87
1756055602060 0.20785092562437057 88
1756055602065 0.30746303852647544 89
1756055602071 0.14103951025754213 90
1756055602077 0.10261454787105322 91
1756055602083 0.13221923746168612 92
1756055602088 0.20548936277627944 93
1756055602094 0.42393282875418664 94
1756055602100 0.12826424539089204 95
1756055602106 0.15573267918080091 96
1756055602112 0.15547981783747672 97
1756055602118 0.20025278590619564 98
1756055602125 0.10309707801789045 99
1756055602131 0.10618431959301233 100
