1756053876964 2.17177015542984 1
1756053876978 1.1320521354675293 2
1756053876986 1.1416382908821106 3
1756053876994 1.1396734297275544 4
1756053877002 1.069206702709198 5
1756053877011 0.9896508038043976 6
1756053877019 0.6708738625049591 7
1756053877027 0.48982004821300507 8
1756053877036 0.4182404726743698 9
1756053877044 0.4041247993707657 10
1756053877052 0.3913930207490921 11
1756053877061 0.3701690971851349 12
1756053877069 0.3539653033018112 13
1756053877078 0.3883982837200165 14
1756053877087 0.39963470697402953 15
1756053877095 0.3791877269744873 16
1756053877104 0.31726731956005094 17
1756053877112 0.281881046295166 18
1756053877120 0.28194891661405563 19
1756053877129 0.24457502514123916 20
1756053877138 0.23080366253852844 21
1756053877146 0.25439408272504804 22
1756053877155 0.19554743468761443 23
1756053877163 0.20440634489059448 24
1756053877172 0.2049409717321396 25
1756053877181 0.2147754803299904 26
1756053877189 0.20416076332330704 27
1756053877198 0.16220079511404037 28
1756053877207 0.19693005010485648 29
1756053877217 0.2040370523929596 30
1756053877226 0.19524136185646057 31
1756053877235 0.18787744641304016 32
1756053877243 0.19259229451417922 33
1756053877252 0.1908341109752655 34
1756053877260 0.18013176172971726 35
1756053877269 0.1590685747563839 36
1756053877278 0.14784448891878127 37
1756053877287 0.14655870869755744 38
1756053877296 0.13380765840411185 39
1756053877305 0.1251441180706024 40
1756053877315 0.11052935943007469 41
1756053877324 0.09534192085266113 42
1756053877333 0.09901504069566727 43
1756053877342 0.1413527950644493 44
1756053877351 0.10162506550550461 45
1756053877360 0.09653684720396996 46
1756053877368 0.10149600729346275 47
1756053877377 0.09247443303465844 48
1756053877386 0.11134352833032608 49
1756053877395 0.12617894038558006 50
1756053877404 0.10387212932109832 51
1756053877413 0.10550960153341293 52
1756053877422 0.09725866988301277 53
1756053877431 0.08053606376051903 54
1756053877440 0.07975945919752121 55
1756053877449 0.08670963868498802 56
1756053877458 0.08802455887198449 57
1756053877467 0.0818642046302557 58
1756053877476 0.06464979313313961 59
1756053877485 0.07130656428635121 60
1756053877494 0.06737347766757011 61
1756053877503 0.08828510716557503 62
1756053877512 0.08554459810256958 63
1756053877522 0.06653847433626651 64
1756053877531 0.06751691848039627 65
1756053877540 0.06816424019634723 66
1756053877549 0.06064746491611004 67
1756053877558 0.048461069166660306 68
1756053877567 0.05988024696707726 69
1756053877577 0.04548410177230835 70
1756053877586 0.05366174392402172 71
1756053877595 0.05344220511615276 72
1756053877604 0.04810985811054706 73
1756053877613 0.046979404613375665 74
1756053877623 0.04963867552578449 75
1756053877632 0.049109522998332975 76
1756053877641 0.04278265610337258 77
1756053877650 0.04484936371445656 78
1756053877660 0.043643861263990405 79
1756053877670 0.046057900227606294 80
1756053877680 0.045741477608680726 81
1756053877689 0.04242327120155096 82
1756053877699 0.0430499479174614 83
1756053877708 0.04058939795941115 84
1756053877717 0.038409321755170825 85
1756053877727 0.040038499794900415 86
1756053877736 0.037172111123800276 87
1756053877746 0.04318960122764111 88
1756053877755 0.04156043399125338 89
1756053877765 0.04125124886631966 90
1756053877775 0.041355624422430994 91
1756053877785 0.03412466421723366 92
1756053877794 0.0424348346889019 93
1756053877804 0.043358597159385684 94
