1756053851678 1.014883917570114 1
1756053851690 0.8615801453590393 2
1756053851696 0.791408485174179 3
1756053851703 0.71066335439682 4
1756053851709 0.7052600026130676 5
1756053851717 0.6409308671951294 6
1756053851724 0.562345165014267 7
1756053851730 0.5133619964122772 8
1756053851737 0.46373366713523867 9
1756053851744 0.4333115518093109 10
1756053851751 0.4487541079521179 11
1756053851757 0.44475447237491605 12
1756053851764 0.4436109304428101 13
1756053851770 0.4143353432416916 14
1756053851777 0.38374831676483157 15
1756053851784 0.4111711591482162 16
1756053851791 0.3821855455636978 17
1756053851797 0.3726442664861679 18
1756053851804 0.37984977960586547 19
1756053851811 0.362177312374115 20
1756053851817 0.348606538772583 21
1756053851824 0.33225034475326537 22
1756053851831 0.2992794632911682 23
1756053851839 0.3078965276479721 24
1756053851846 0.3174424797296524 25
1756053851853 0.3652716875076294 26
1756053851860 0.3390955090522766 27
1756053851867 0.3284456253051758 28
1756053851874 0.35848653614521026 29
1756053851881 0.31272236704826356 30
1756053851888 0.3061635732650757 31
1756053851895 0.32778418958187105 32
1756053851903 0.33362516164779665 33
1756053851910 0.29460203647613525 34
1756053851917 0.3118983119726181 35
1756053851924 0.2824341654777527 36
1756053851932 0.25251672565937044 37
1756053851940 0.24950900822877883 38
1756053851946 0.23566792160272598 39
1756053851954 0.2286999300122261 40
1756053851970 0.2455960050225258 41
1756053851985 0.24405168890953063 42
1756053851993 0.23814441710710527 43
1756053852001 0.25588961243629454 44
1756053852008 0.24408509135246276 45
1756053852016 0.2175397530198097 46
1756053852023 0.23154230564832687 47
1756053852030 0.21493456065654754 48
1756053852041 0.22088638991117476 49
1756053852048 0.22599128037691116 50
1756053852056 0.21899301409721375 51
1756053852064 0.1863793060183525 52
1756053852071 0.19539317190647126 53
1756053852078 0.20466937124729156 54
1756053852086 0.22903822213411332 55
1756053852094 0.20769210457801818 56
1756053852101 0.21657440662384034 57
1756053852109 0.19837378561496735 58
1756053852116 0.19816145598888396 59
1756053852124 0.2113238111138344 60
1756053852131 0.19086138010025025 61
1756053852140 0.18755507469177246 62
1756053852147 0.19812364280223846 63
1756053852155 0.1861647054553032 64
1756053852162 0.1700380861759186 65
1756053852170 0.16750954538583757 66
1756053852181 0.1728410542011261 67
1756053852191 0.18493356704711914 68
1756053852206 0.16648924499750137 69
1756053852213 0.16314716637134552 70
1756053852223 0.15674953013658524 71
1756053852230 0.15875947028398513 72
1756053852238 0.16010891795158386 73
1756053852246 0.1744729086756706 74
1756053852254 0.15416403040289878 75
1756053852262 0.16837355643510818 76
1756053852270 0.15192261338233948 77
1756053852277 0.15562157034873964 78
1756053852285 0.15365568697452545 79
1756053852293 0.15338881611824035 80
1756053852301 0.157908333837986 81
