1756053876964 1.144305956363678 1
1756053876978 0.8257390856742859 2
1756053876986 0.8211120784282684 3
1756053876994 0.8126427948474884 4
1756053877002 0.7768461227416992 5
1756053877011 0.7402974188327789 6
1756053877019 0.624234926700592 7
1756053877027 0.5364029556512833 8
1756053877036 0.4877352476119995 9
1756053877044 0.4805010825395584 10
1756053877052 0.4754391223192215 11
1756053877061 0.45542828142642977 12
1756053877069 0.44909530580043794 13
1756053877078 0.4585155189037323 14
1756053877087 0.4739414006471634 15
1756053877095 0.4589955031871796 16
1756053877104 0.4217089593410492 17
1756053877112 0.39530453979969027 18
1756053877120 0.404232981801033 19
1756053877129 0.3679144740104675 20
1756053877138 0.36160662174224856 21
1756053877146 0.3751844555139542 22
1756053877155 0.3299943208694458 23
1756053877163 0.3421732038259506 24
1756053877172 0.35045655965805056 25
1756053877181 0.3455621302127838 26
1756053877189 0.3429236888885498 27
1756053877198 0.30248160660266876 28
1756053877207 0.3310782849788666 29
1756053877217 0.3305245518684387 30
1756053877226 0.3311642646789551 31
1756053877235 0.3244535982608795 32
1756053877243 0.3272492289543152 33
1756053877252 0.32714023590087893 34
1756053877260 0.3165410578250885 35
1756053877269 0.30048988461494447 36
1756053877278 0.2872519835829735 37
1756053877287 0.2904938071966171 38
1756053877296 0.2725896194577217 39
1756053877305 0.2650956869125366 40
1756053877315 0.25340901166200636 41
1756053877324 0.23528979271650313 42
1756053877333 0.23905825316905976 43
1756053877342 0.275638847053051 44
1756053877351 0.23976417928934096 45
1756053877360 0.23396350294351578 46
1756053877368 0.2388251543045044 47
1756053877377 0.22752413004636765 48
1756053877386 0.2502113178372383 49
1756053877395 0.26593062430620196 50
1756053877404 0.24138863533735275 51
1756053877413 0.24617585241794587 52
1756053877422 0.24002865701913834 53
1756053877431 0.21301064342260362 54
1756053877440 0.21205046772956848 55
1756053877449 0.21877941340208054 56
1756053877458 0.2233233243227005 57
1756053877467 0.21468791365623474 58
1756053877476 0.19426245838403702 59
1756053877485 0.20425524115562438 60
1756053877494 0.20142746865749359 61
1756053877503 0.22629161179065704 62
1756053877512 0.22325531840324403 63
1756053877522 0.19589787274599074 64
1756053877531 0.19843950867652893 65
1756053877540 0.2020472690463066 66
1756053877549 0.18797627240419387 67
1756053877558 0.1675378754734993 68
1756053877567 0.1830870196223259 69
1756053877577 0.16239791512489318 70
1756053877586 0.17780815958976745 71
1756053877595 0.1798974022269249 72
1756053877604 0.16512710452079774 73
1756053877613 0.16708028614521026 74
1756053877623 0.17085770294070243 75
1756053877632 0.16558387130498886 76
1756053877641 0.16129162162542343 77
1756053877650 0.163338503241539 78
1756053877660 0.1605828359723091 79
1756053877670 0.16384974420070647 80
1756053877680 0.16449934840202332 81
1756053877689 0.15723990947008132 82
1756053877699 0.1599942773580551 83
1756053877708 0.15432030260562896 84
1756053877717 0.15240523517131804 85
1756053877727 0.15463873296976088 86
1756053877736 0.14966775178909303 87
1756053877746 0.16138144731521606 88
1756053877755 0.15693643540143967 89
1756053877765 0.1539187066257 90
1756053877775 0.15527812391519547 91
1756053877785 0.1452054724097252 92
1756053877794 0.1577972248196602 93
1756053877804 0.15597370266914368 94
