1755987465026 2.015205478668213 1
1755987465042 0.8062587380409241 2
1755987465050 0.7423066675662995 3
1755987465058 0.7467510849237442 4
1755987465067 0.6585232943296433 5
1755987465076 0.9435015976428985 6
1755987465087 0.9554851889610291 7
1755987465096 0.7319008350372315 8
1755987465104 0.49244981706142427 9
1755987465112 0.3995177000761032 10
1755987465120 0.28554673939943315 11
1755987465128 0.22451144307851792 12
1755987465137 0.16876550316810607 13
1755987465148 0.17467305138707162 14
1755987465156 0.2130971521139145 15
1755987465165 0.2386058211326599 16
1755987465173 0.23880245983600618 17
1755987465182 0.1671166092157364 18
1755987465190 0.17165878117084504 19
1755987465198 0.18431813269853592 20
1755987465206 0.1307375580072403 21
1755987465214 0.14091983288526536 22
1755987465224 0.16350247487425804 23
1755987465234 0.1363220751285553 24
1755987465243 0.15509286224842073 25
1755987465251 0.14977368637919425 26
1755987465259 0.12912793308496476 27
1755987465267 0.1119859591126442 28
1755987465275 0.12285015061497688 29
1755987465283 0.13672845661640168 30
1755987465292 0.11871146708726883 31
1755987465302 0.08396121188998222 32
1755987465312 0.0977094367146492 33
1755987465320 0.08926016427576541 34
1755987465328 0.09877953380346298 35
1755987465336 0.09497002400457859 36
1755987465346 0.07751041762530804 37
1755987465355 0.07959799990057945 38
1755987465363 0.06628636568784714 39
1755987465371 0.07849147133529186 40
1755987465379 0.06664501503109932 41
