1755987449027 0.7314715206623077 1
1755987449041 0.6406830310821533 2
1755987449051 0.5647789418697358 3
1755987449058 0.5712433397769928 4
1755987449066 0.5579387187957764 5
1755987449072 0.5524596929550171 6
1755987449079 0.505133131146431 7
1755987449086 0.44469895362854006 8
1755987449092 0.4804301202297211 9
1755987449099 0.42514854967594146 10
1755987449105 0.3839086055755615 11
1755987449111 0.3883217364549637 12
1755987449118 0.3488589316606522 13
1755987449125 0.3278390973806381 14
1755987449132 0.3028615415096283 15
1755987449139 0.32193821370601655 16
1755987449145 0.31406116783618926 17
1755987449152 0.29114092141389847 18
1755987449159 0.30269365906715395 19
1755987449165 0.32007889449596405 20
1755987449172 0.34870513081550597 21
1755987449178 0.3177420228719711 22
1755987449187 0.2842394679784775 23
1755987449194 0.2561525970697403 24
1755987449202 0.2527006983757019 25
1755987449210 0.2329349011182785 26
1755987449216 0.24228203743696214 27
1755987449223 0.2672844991087914 28
1755987449230 0.24583278447389603 29
1755987449237 0.24654938876628876 30
1755987449244 0.22148913741111756 31
1755987449251 0.24163679033517838 32
1755987449258 0.22243431210517883 33
1755987449264 0.23922413736581802 34
1755987449271 0.22351639866828918 35
1755987449279 0.21176604479551314 36
1755987449285 0.2136249616742134 37
1755987449292 0.24283333271741867 38
1755987449298 0.22960150241851807 39
1755987449306 0.22802072316408156 40
1755987449312 0.2165860190987587 41
