1755987465026 0.0002296082084281504 1
1755987465042 0.0004592164168563008 2
1755987465050 0.0006888246252844513 3
1755987465058 0.0009184328337126016 4
1755987465067 0.001148041042140752 5
1755987465076 0.001148041042140752 6
1755987465087 0.0011477274740060285 7
1755987465096 0.0011467871124840095 8
1755987465104 0.0011452209858462132 9
1755987465112 0.0011430308066291241 10
1755987465120 0.0011402189697615607 11
1755987465128 0.0011367885499458542 12
1755987465137 0.0011327432982957083 13
1755987465148 0.001128087638234411 14
1755987465156 0.0011228266606578851 15
1755987465165 0.0011169661183678698 16
1755987465173 0.0011105124197813157 17
1755987465182 0.0011034726219228753 18
1755987465190 0.0010958544227081487 19
1755987465198 0.0010876661525261286 20
1755987465206 0.00107891676513004 21
1755987465214 0.001069615827846543 22
1755987465224 0.0010597735111140022 23
1755987465234 0.0010494005773612615 24
1755987465243 0.0010385083692390853 25
1755987465251 0.0010271087972171377 26
1755987465259 0.0010152143265600576 27
1755987465267 0.001002837963696876 28
1755987465275 0.0009899932419986752 29
1755987465283 0.0009766942069800485 30
1755987465292 0.0009629554009405344 31
1755987465302 0.0009487918470628254 32
1755987465312 0.00093421903298514 33
1755987465320 0.0009192528938657161 34
1755987465328 0.0009039097949579502 35
1755987465336 0.0008882065137152329 36
1755987465346 0.0008721602214450497 37
1755987465355 0.0008557884645324088 38
1755987465363 0.0008391091452531265 39
1755987465371 0.0008221405021979513 40
1755987465379 0.0008049010903289333 41
