1755729556297 0.0007923735580813168 1
1755729556300 0.0015847471161626336 2
1755729556303 0.00237712067424395 3
1755729556306 0.0031694942323252672 4
1755729556309 0.003961867790406584 5
1755729556312 0.003961867790406584 6
1755729556315 0.003961755489835713 7
1755729556318 0.0039614186008591155 8
1755729556321 0.003960857161683393 9
1755729556324 0.003960071235981401 10
1755729556328 0.003959060912885025 11
1755729556331 0.003957826306975077 12
1755729556334 0.003956367558268295 13
1755729556337 0.00395468483220147 14
1755729556340 0.003952778319612679 15
1755729556343 0.003950648236719641 16
1755729556346 0.003948294825095203 17
1755729556349 0.003945718351639934 18
1755729556353 0.003942919108551866 19
1755729556356 0.0039398974132933435 20
1755729556359 0.003936653608555029 21
1755729556362 0.00393318806221704 22
1755729556365 0.00392950116730722 23
1755729556368 0.003925593341956568 24
1755729556371 0.003921465029351821 25
1755729556375 0.003917116697685191 26
1755729556378 0.0039125488401012655 27
1755729556381 0.003907761974641082 28
1755729556384 0.003902756644183375 29
1755729556387 0.0038975334163830087 30
1755729556391 0.0038920928836066026 31
1755729556394 0.0038864356628653444 32
1755729556397 0.0038805623957450202 33
1755729556401 0.003874473748333252 34
1755729556404 0.0038681704111439524 35
1755729556407 0.0038616530990390184 36
1755729556411 0.003854922551147255 37
1755729556415 0.0038479795307805537 38
1755729556418 0.0038408248253473227 39
1755729556422 0.0038334592462631882 40
1755729556425 0.003825883628858971 41
1755729556429 0.0038180988322859526 42
1755729556432 0.0038101057394184378 43
1755729556436 0.0038019052567536283 44
1755729556439 0.0037934983143088166 45
1755729556442 0.003784885865515913 46
1755729556446 0.003776068887113316 47
1755729556449 0.0037670483790351417 48
1755729556453 0.0037578253642978213 49
1755729556456 0.003748400888884077 50
1755729556460 0.003738776021624302 51
