1755729556297 1.5935993377978985 1
1755729556300 1.4372844971143282 2
1755729556303 1.3359817083065326 3
1755729556306 1.0647046107512255 4
1755729556309 0.9075240997167734 5
1755729556312 0.7390341116831853 6
1755729556315 0.5941402751665849 7
1755729556318 0.5540712452851809 8
1755729556321 0.4599555409871615 9
1755729556324 0.4423613456579355 10
1755729556328 0.41387247351499706 11
1755729556331 0.402445898606227 12
1755729556334 0.3752251061109396 13
1755729556337 0.34995741569078886 14
1755729556340 0.33685289094081294 15
1755729556343 0.32600815708820635 16
1755729556346 0.32725536594024074 17
1755729556349 0.2956217917112204 18
1755729556353 0.2732990819674272 19
1755729556356 0.2646398120201551 20
1755729556359 0.25658086171517 21
1755729556362 0.2327974782540248 22
1755729556365 0.21890617104677054 23
1755729556368 0.2425261105482395 24
1755729556371 0.2250687571672293 25
1755729556375 0.19518813032370347 26
1755729556378 0.21965308716663948 27
1755729556381 0.20877773715899542 28
1755729556384 0.19049212737725332 29
1755729556387 0.24732351646973535 30
1755729556391 0.2233322675411518 31
1755729556394 0.22240128425451425 32
1755729556397 0.2015515726346236 33
1755729556401 0.18884797566212141 34
1755729556404 0.18285867113333482 35
1755729556407 0.17302372306585312 36
1755729556411 0.15538324530308062 37
1755729556415 0.16540602422677553 38
1755729556418 0.15632160007953644 39
1755729556422 0.16405958166489235 40
1755729556425 0.1642595403469526 41
1755729556429 0.1575107637506265 42
1755729556432 0.1326153536255543 43
1755729556436 0.15323433795800576 44
1755729556439 0.14865021579540694 45
1755729556442 0.1398360706292666 46
1755729556446 0.14894218972096077 47
1755729556449 0.12820878968789026 48
1755729556453 0.14168755423564178 49
1755729556456 0.14328794754468477 50
1755729556460 0.14638486963052016 51
