1755988565556 1.04541255235672 1
1755988565569 0.5347012788057327 2
1755988565576 0.382038938999176 3
1755988565582 0.3279589056968689 4
1755988565589 0.35476397424936296 5
1755988565595 0.3265739232301712 6
1755988565602 0.3091214746236801 7
1755988565608 0.24864040464162826 8
1755988565615 0.2815490007400513 9
1755988565622 0.24594320505857467 10
1755988565629 0.24817496836185454 11
1755988565635 0.1799728825688362 12
1755988565642 0.19262581467628478 13
1755988565649 0.19691381901502608 14
1755988565656 0.18769138008356095 15
1755988565663 0.1598777264356613 16
1755988565669 0.13543003126978875 17
1755988565677 0.11000712588429451 18
1755988565683 0.11110486835241318 19
1755988565690 0.0986277163028717 20
1755988565697 0.09589857012033462 21
1755988565704 0.08396235220134259 22
1755988565711 0.08241136446595192 23
1755988565718 0.10229897722601891 24
1755988565725 0.0878143809735775 25
1755988565732 0.09351465702056885 26
1755988565739 0.09356992542743683 27
1755988565747 0.10323175452649594 28
1755988565754 0.07805153802037239 29
1755988565761 0.08193647228181362 30
1755988565769 0.07748897448182106 31
1755988565776 0.07403046116232873 32
1755988565783 0.06560504250228405 33
1755988565790 0.0640498235821724 34
1755988565797 0.058651548251509665 35
1755988565804 0.059161261469125745 36
1755988565811 0.05572939291596413 37
1755988565818 0.06352690234780312 38
1755988565825 0.056017065048217775 39
1755988565833 0.06285455897450447 40
