1755976615817 1.2070171403420435 1
1755976615828 0.9648882483507132 2
1755976615833 0.7668159925318384 3
1755976615840 0.7355867173377569 4
1755976615846 0.7707399683339256 5
1755976615852 0.6850858369430939 6
1755976615858 0.6231535924719526 7
1755976615864 0.5234688289173237 8
1755976615869 0.5592650473117828 9
1755976615875 0.5692529438377975 10
1755976615881 0.5282750876692982 11
1755976615887 0.5691766765984622 12
1755976615893 0.46650907048931367 13
1755976615899 0.4202008484439416 14
1755976615905 0.4579359260085341 15
1755976615910 0.4478313157504255 16
1755976615916 0.46062390970719325 17
1755976615922 0.3967070622103555 18
