1755976615817 0.8238131895467833 1
1755976615828 0.7339636265457451 2
1755976615833 0.6629919700034252 3
1755976615840 0.6644278040954045 4
1755976615846 0.6686367760230969 5
1755976615852 0.637342189426546 6
1755976615858 0.6084502598682007 7
1755976615864 0.5501896837702045 8
1755976615869 0.5632300303353892 9
1755976615875 0.5691485788140979 10
1755976615881 0.5445232588749427 11
1755976615887 0.5640130550056309 12
1755976615893 0.5191199500839432 13
1755976615899 0.4898348125544461 14
1755976615905 0.5163974220102484 15
1755976615910 0.5063237996844502 16
1755976615916 0.5067719519138336 17
1755976615922 0.460467724056987 18
