1755976688498 1.6981110048371475 1
1755976688515 1.4194936140791161 2
1755976688521 1.1591069009396937 3
1755976688528 0.8677684556354176 4
1755976688535 0.8054957602705274 5
1755976688541 0.8765516234682752 6
1755976688549 0.7557036799269837 7
1755976688555 0.5974477397931086 8
1755976688562 0.6186386456156706 9
1755976688569 0.5993210011488431 10
1755976688576 0.6247846594491562 11
1755976688582 0.4882718696222677 12
1755976688589 0.5847145862780608 13
1755976688595 0.5360201297255306 14
1755976688602 0.6059733821780651 15
1755976688609 0.7603314718255749 16
1755976688616 0.6206652554985764 17
1755976688623 0.5236810846375181 18
1755976688629 0.47283879948126806 19
1755976688636 0.4386584119169743 20
1755976688643 0.372722141928487 21
1755976688650 0.5711883291505374 22
1755976688656 0.5544890311437768 23
1755976688663 0.4659289200971653 24
1755976688670 0.43578667203327276 25
1755976688677 0.4428843625567176 26
1755976688684 0.4749883222696069 27
1755976688690 0.46218022655744057 28
1755976688697 0.4216469270842416 29
1755976688704 0.47753452596726353 30
1755976688711 0.39445096196292284 31
1755976688718 0.37964400107210333 32
1755976688725 0.32642429118806665 33
1755976688733 0.33952444191876946 34
1755976688740 0.3247698543520717 35
1755976688747 0.5439235632876297 36
1755976688754 0.4546309471517414 37
1755976688761 0.37253072103122614 38
1755976688768 0.3750675944732381 39
1755976688775 0.3914524833490322 40
1755976688782 0.3854336401133181 41
1755976688790 0.35347606444900687 42
1755976688796 0.35368839380416 43
1755976688804 0.31371077711318995 44
1755976688811 0.2752270919645762 45
1755976688818 0.2748749570122787 46
1755976688825 0.27776367343091346 47
1755976688832 0.25278940274343864 48
1755976688839 0.24428279146358564 49
1755976688847 0.2340123819598517 50
1755976688854 0.30740946782873824 51
1755976688861 0.2575701507074492 52
1755976688869 0.2569407210624837 53
1755976688876 0.23211056032738128 54
