1755976586285 1.3422433861664362 1
1755976586297 1.0826967946894757 2
1755976586302 0.9621158455099378 3
1755976586306 0.806822803887454 4
1755976586313 0.8649500066583807 5
1755976586317 0.6501479222402944 6
1755976586321 0.6190973756375251 7
1755976586326 0.6671084995901624 8
1755976586330 0.5957879218962285 9
1755976586335 0.5418219949517932 10
1755976586339 0.5558824020546752 11
1755976586344 0.5567149978566479 12
1755976586349 0.4930750604767304 13
1755976586353 0.4833884314670191 14
1755976586358 0.48210441272754173 15
1755976586362 0.4952500385123414 16
1755976586367 0.6214817355979573 17
1755976586371 0.5443409721959721 18
1755976586375 0.4811111356059162 19
1755976586380 0.42344854617273653 20
1755976586384 0.4691311732515112 21
1755976586389 0.4331678902464254 22
1755976586394 0.46939128105129513 23
1755976586398 0.4510266784723703 24
1755976586403 0.37749836632570666 25
1755976586408 0.39501426968868675 26
1755976586412 0.4095447427266604 27
1755976586417 0.40078607124167603 28
1755976586423 0.3706225643490816 29
1755976586427 0.3633965580881416 30
1755976586432 0.3140139328194903 31
1755976586437 0.3400415096964155 32
1755976586442 0.3382252703432913 33
1755976586446 0.31104103214554973 34
1755976586451 0.29687529521716105 35
1755976586456 0.33211936453333146 36
1755976586461 0.27489495925702057 37
1755976586466 0.2878796329552477 38
1755976586470 0.32622256749249123 39
1755976586475 0.31764067699769877 40
1755976586480 0.26871908601228295 41
1755976586484 0.3265248921203923 42
1755976586489 0.28017404244898203 43
1755976586494 0.24169775234027344 44
1755976586499 0.27361636831388847 45
1755976586504 0.3199859219905618 46
1755976586509 0.27531339257181464 47
1755976586514 0.2826680452018589 48
1755976586519 0.27556819207482525 49
1755976586524 0.23665399225307748 50
