1756059431397 1.328903365135193 1
1756059431408 1.0862220227718353 2
1756059431414 0.8403973713517189 3
1756059431419 0.8975170254707336 4
1756059431425 0.7805871590971947 5
1756059431431 0.6929514065384865 6
1756059431437 0.9068257570266723 7
1756059431442 0.5591559305787086 8
1756059431448 0.5142738044261932 9
1756059431454 0.5705745026469231 10
1756059431460 0.6319813638925552 11
1756059431466 0.600206758081913 12
1756059431472 0.5721437841653824 13
1756059431477 0.6381878063082695 14
1756059431483 0.48169595301151275 15
1756059431489 0.4768699869513512 16
1756059431495 0.41571886241436007 17
1756059431501 0.35017977505922315 18
1756059431508 0.40493174493312833 19
1756059431514 0.44403560012578963 20
1756059431521 0.41591420248150823 21
1756059431527 0.34840059503912923 22
1756059431533 0.4707441501319408 23
1756059431539 0.33285290002822876 24
1756059431545 0.3349406078457832 25
1756059431551 0.3592457488179207 26
1756059431557 0.3683121733367443 27
1756059431563 0.5593268722295761 28
1756059431570 0.37179664373397825 29
1756059431576 0.3051339350640774 30
1756059431582 0.29349872916936875 31
1756059431588 0.3434320278465748 32
1756059431594 0.2803941383957863 33
1756059431600 0.2663943126797676 34
1756059431607 0.3034330181777477 35
1756059431614 0.23319667875766753 36
1756059431620 0.4063997447490692 37
1756059431626 0.29310096278786657 38
1756059431632 0.28567766696214675 39
1756059431639 0.23758761584758759 40
1756059431645 0.22909915447235107 41
1756059431651 0.3511475592851639 42
1756059431658 0.3137127958238125 43
1756059431664 0.342309395968914 44
1756059431670 0.22435845509171487 45
1756059431677 0.2403000056743622 46
1756059431683 0.26575842797756194 47
1756059431690 0.22566084787249566 48
1756059431699 0.2285921409726143 49
1756059431705 0.34904309920966625 50
1756059431711 0.28130248486995696 51
1756059431718 0.23664896339178085 52
1756059431724 0.24733108282089233 53
1756059431731 0.24700738713145257 54
1756059431737 0.2571504723280668 55
1756059431744 0.2151365414261818 56
1756059431750 0.38846066072583196 57
1756059431757 0.2741196438670158 58
