1756059404636 0.0003942318081334434 1
1756059404645 0.0007884636162668868 2
1756059404650 0.0011826954244003303 3
1756059404655 0.0015769272325337736 4
1756059404660 0.001971159040667217 5
1756059404664 0.001971159040667217 6
1756059404669 0.0019706204556708706 7
1756059404674 0.001969005289616617 8
1756059404679 0.0019663153086648235 9
1756059404684 0.0019625534542701663 10
1756059404689 0.0019577238399651952 11
1756059404694 0.001951831746862245 12
1756059404699 0.0019448836178786173 13
1756059404704 0.001936887050691344 14
1756059404709 0.00192785078942924 15
1756059404713 0.0019177847151113261 16
1756059404719 0.0019066998348420809 17
1756059404724 0.001894608269775332 18
1756059404728 0.0018815232418599528 19
1756059404734 0.001867459059381857 20
1756059404739 0.001852431101318096 21
1756059404744 0.0018364558005201743 22
1756059404749 0.0018195506257449668 23
1756059404754 0.0018017340625528918 24
1756059404759 0.0017830255930942193 25
1756059404765 0.0017634456748056274 26
1756059404770 0.001743015718040295 27
1756059404775 0.0017217580626559957 28
1756059404780 0.0016996959535867905 29
1756059404785 0.0016768535154250335 30
1756059404790 0.001653255726041486 31
1756059404796 0.001628928389272379 32
1756059404801 0.0016038981067032995 33
1756059404806 0.0015781922485807458 34
1756059404811 0.0015518389238831653 35
1756059404816 0.0015248669495841994 36
1756059404822 0.001497305819141745 37
1756059404827 0.001469185670247293 38
1756059404833 0.0014405372518708033 39
