1755908839325 1.528312051296234 1
1755908839339 1.0015151262283326 2
1755908839346 0.8860782742500305 3
1755908839354 0.7313368022441864 4
1755908839361 0.6667785584926605 5
1755908839368 0.6262321591377258 6
1755908839375 0.5759891510009766 7
1755908839382 0.48706261813640594 8
1755908839389 0.44996337890625 9
1755908839397 0.376302233338356 10
1755908839404 0.3396308392286301 11
1755908839411 0.29288395047187804 12
1755908839419 0.2625724241137505 13
1755908839426 0.28657485395669935 14
1755908839434 0.2778801754117012 15
1755908839441 0.2587079867720604 16
1755908839448 0.23170352280139922 17
1755908839456 0.21374947875738143 18
1755908839463 0.2581723377108574 19
1755908839471 0.21989825069904329 20
1755908839478 0.1745568260550499 21
1755908839486 0.18661243170499803 22
1755908839493 0.17312139570713042 23
1755908839501 0.18109260648488998 24
1755908839508 0.19680660963058472 25
1755908839516 0.13769218400120736 26
1755908839523 0.11515605673193932 27
1755908839531 0.1157869577407837 28
1755908839538 0.11895978376269341 29
1755908839546 0.11045721471309662 30
1755908839554 0.1031734399497509 31
1755908839561 0.1382142685353756 32
1755908839569 0.12828550189733506 33
1755908839577 0.09935481175780296 34
1755908839584 0.09031209051609039 35
1755908839592 0.07812867984175682 36
1755908839600 0.07630442753434181 37
1755908839607 0.09375686049461365 38
1755908839615 0.09316384084522725 39
1755908839623 0.08808810487389565 40
1755908839630 0.09135958477854729 41
1755908839639 0.07964059114456176 42
1755908839647 0.08549380153417588 43
1755908839654 0.06453635953366757 44
1755908839662 0.07601781785488129 45
1755908839670 0.06775738894939423 46
1755908839678 0.08897994048893451 47
1755908839686 0.07751445472240448 48
1755908839695 0.06276841834187508 49
1755908839703 0.05818529278039932 50
1755908839710 0.06362929865717888 51
1755908839718 0.06107221245765686 52
1755908839726 0.05305877551436424 53
1755908839734 0.049184088781476024 54
