1755908822683 1.4086527407169342 1
1755908822695 0.8644937157630921 2
1755908822701 0.8690842926502228 3
1755908822707 0.7679279744625092 4
1755908822712 0.7168379247188568 5
1755908822718 0.6108421683311462 6
1755908822724 0.5749818831682205 7
1755908822730 0.47096169292926787 8
1755908822736 0.3926489055156708 9
1755908822741 0.36864695847034457 10
1755908822748 0.4000041618943214 11
1755908822753 0.3594411998987198 12
1755908822759 0.3097296103835106 13
1755908822765 0.24168257117271424 14
1755908822771 0.2642708048224449 15
1755908822777 0.25748804211616516 16
1755908822784 0.1865418076515198 17
1755908822790 0.20351592749357222 18
1755908822796 0.20935537219047545 19
1755908822803 0.2148407518863678 20
1755908822809 0.1747083529829979 21
1755908822815 0.16326981484889985 22
1755908822821 0.13927993327379226 23
1755908822827 0.12444815412163734 24
1755908822833 0.14154816865921022 25
1755908822840 0.14012167006731033 26
1755908822846 0.1411605015397072 27
1755908822852 0.13473389521241189 28
1755908822859 0.12219920083880424 29
1755908822865 0.11647758409380912 30
1755908822871 0.11170742809772491 31
1755908822877 0.0950507327914238 32
1755908822883 0.10140336230397225 33
1755908822890 0.09692097455263138 34
1755908822896 0.08565258905291558 35
1755908822902 0.08638511523604393 36
1755908822908 0.09650012962520123 37
1755908822915 0.0911632239818573 38
1755908822921 0.08435477539896966 39
1755908822928 0.07832023203372955 40
1755908822934 0.08031894527375698 41
1755908822941 0.06452685706317425 42
1755908822948 0.06816724017262459 43
1755908822954 0.06482200287282466 44
1755908822961 0.05319742001593113 45
1755908822967 0.05783485136926174 46
1755908822974 0.05828799121081829 47
1755908822980 0.06175173595547676 48
1755908822987 0.057000285014510155 49
1755908822993 0.04854891486465931 50
1755908823000 0.04568912237882614 51
1755908823007 0.05426107719540596 52
1755908823013 0.0548310175538063 53
1755908823020 0.05517101250588894 54
1755908823026 0.05231440886855125 55
