1755908806301 1.2869041204452514 1
1755908806312 1.0214809358119965 2
1755908806317 0.8035417318344116 3
1755908806321 0.7726588606834411 4
1755908806325 0.7197526276111603 5
1755908806329 0.6249433010816574 6
1755908806333 0.5699783563613892 7
1755908806337 0.48043673634529116 8
1755908806342 0.4295320600271225 9
1755908806346 0.4214587599039078 10
1755908806350 0.38055776357650756 11
1755908806354 0.3236812770366669 12
1755908806359 0.3148567467927933 13
1755908806363 0.3177832320332527 14
1755908806367 0.296846541762352 15
1755908806372 0.3057433977723122 16
1755908806376 0.25149437189102175 17
1755908806380 0.19702662974596025 18
1755908806384 0.1865908309817314 19
1755908806389 0.1717833586037159 20
1755908806393 0.16787081211805344 21
1755908806398 0.1780630275607109 22
1755908806402 0.1505201518535614 23
1755908806407 0.13951482251286507 24
1755908806411 0.1414712429046631 25
1755908806416 0.1419193908572197 26
1755908806420 0.1652039222419262 27
1755908806425 0.12856628447771073 28
1755908806429 0.12573795840144159 29
1755908806434 0.13061274737119674 30
1755908806439 0.14133482724428176 31
1755908806443 0.12188368141651154 32
1755908806447 0.1362858906388283 33
1755908806452 0.13397625982761383 34
1755908806457 0.1247735820710659 35
1755908806465 0.10527514219284058 36
1755908806470 0.09896548390388489 37
1755908806476 0.09181971214711666 38
1755908806480 0.08067607507109642 39
1755908806485 0.0851741798222065 40
1755908806490 0.08587543368339538 41
1755908806498 0.07979757823050022 42
1755908806503 0.0690546352416277 43
1755908806508 0.06325059980154038 44
1755908806513 0.06082687452435494 45
1755908806518 0.06254183277487754 46
1755908806523 0.05888507179915905 47
1755908806528 0.061672605201601984 48
1755908806533 0.06766902022063732 49
1755908806538 0.061089663207530974 50
1755908806543 0.07414685823023319 51
