1755908806301 0.0004935946601664879 1
1755908806312 0.0009871893203329757 2
1755908806317 0.0014807839804994636 3
1755908806321 0.0019743786406659514 4
1755908806325 0.0024679733008324393 5
1755908806329 0.0024679733008324393 6
1755908806333 0.0024672989010612583 7
1755908806337 0.0024652764391939644 8
1755908806342 0.0024619081267629153 9
1755908806346 0.002457197646968302 10
1755908806350 0.00245115015065062 11
1755908806354 0.002443772250658306 12
1755908806359 0.0024350720146166793 13
1755908806363 0.002425058956106116 14
1755908806367 0.002413744024259087 15
1755908806372 0.0024011395917874433 16
1755908806376 0.002387259441453036 17
1755908806380 0.0023721187509964698 18
1755908806384 0.002355734076540465 19
1755908806389 0.0023381233344859824 20
1755908806393 0.0023193057819208994 21
1755908806398 0.0022993019955626706 22
1755908806402 0.002278133849257985 23
1755908806407 0.00225582449006404 24
1755908806411 0.0022323983129375713 25
1755908806416 0.0022078809340593266 26
1755908806420 0.002182299162823149 27
1755908806425 0.0021556809725202975 28
1755908806429 0.0021280554697510642 29
1755908806434 0.0020994528625971325 30
1755908806439 0.002069904427589488 31
1755908806443 0.0020394424755079844 32
1755908806447 0.0020081003160499853 33
1755908806452 0.0019759122214066966 34
1755908806457 0.0019429133887870305 35
1755908806465 0.0019091399019299728 36
1755908806470 0.0018746286916475439 37
1755908806476 0.0018394174954414991 38
1755908806480 0.0018035448162379245 39
1755908806485 0.0017670498802848512 40
1755908806490 0.001729972594258932 41
1755908806498 0.0016923535016280713 42
1755908806503 0.0016542337383177441 43
1755908806508 0.0016156549877294612 44
1755908806513 0.0015766594351605834 45
1755908806518 0.0015372897216753179 46
1755908806523 0.0014975888974773403 47
1755908806528 0.0014576003748350299 48
1755908806533 0.00141736788061079 49
1755908806538 0.0013769354084463676 50
1755908806543 0.0013363471706564507 51
