1755908906299 0.9147843986749649 1
1755908906308 0.7101742208003998 2
1755908906312 0.6870124936103821 3
1755908906316 0.6704013049602509 4
1755908906321 0.6280289754271507 5
1755908906325 0.59503273665905 6
1755908906329 0.5351173043251037 7
1755908906334 0.5407108962535858 8
1755908906338 0.505318509042263 9
1755908906345 0.5208906322717667 10
1755908906350 0.5325879037380219 11
1755908906354 0.4418043870478868 12
1755908906359 0.4420716464519501 13
1755908906363 0.48113357871770857 14
1755908906367 0.46971153765916823 15
1755908906372 0.457903553545475 16
1755908906377 0.4486235648393631 17
1755908906381 0.42523373663425446 18
1755908906386 0.3952354595065117 19
1755908906390 0.4051706850528717 20
1755908906394 0.37072450667619705 21
1755908906399 0.37138102352619173 22
1755908906404 0.4010844126343727 23
1755908906408 0.39701509326696394 24
1755908906413 0.36996051520109174 25
1755908906417 0.3598932459950447 26
1755908906421 0.34789372980594635 27
