1755908098018 1.6438328623771667 1
1755908098029 1.0455335140228272 2
1755908098037 0.7840411841869355 3
1755908098045 0.68735830783844 4
1755908098052 0.675735867023468 5
1755908098060 0.6195656836032868 6
1755908098068 0.5325249791145324 7
1755908098076 0.45995925068855287 8
1755908098083 0.38681677281856536 9
1755908098091 0.3586281269788742 10
1755908098099 0.34625789523124695 11
1755908098107 0.29953240007162096 12
1755908098114 0.32217397093772887 13
1755908098123 0.2836222678422928 14
1755908098130 0.3146427318453789 15
1755908098139 0.2627718299627304 16
1755908098146 0.2549264907836914 17
1755908098154 0.2396628201007843 18
1755908098162 0.22554391771554946 19
1755908098170 0.2070218726992607 20
1755908098178 0.19379972666502 21
1755908098186 0.17651723623275756 22
1755908098194 0.1550072491168976 23
1755908098203 0.17486003339290618 24
1755908098211 0.16009583175182343 25
1755908098220 0.15642417669296266 26
1755908098228 0.15015541017055511 27
1755908098237 0.1367611899971962 28
1755908098245 0.15701861679553986 29
1755908098253 0.13001260682940483 30
1755908098262 0.1283787176012993 31
1755908098270 0.12383153513073922 32
1755908098278 0.11775262504816056 33
1755908098286 0.11198574528098107 34
1755908098294 0.10112242251634598 35
1755908098302 0.09330896064639091 36
1755908098311 0.08875057771801949 37
1755908098319 0.08593662530183792 38
1755908098327 0.08810864463448524 39
1755908098335 0.11063546538352967 40
1755908098344 0.11188294887542724 41
1755908098352 0.1148551344871521 42
1755908098361 0.1007108174264431 43
1755908098369 0.08080850765109063 44
1755908098378 0.0821997132152319 45
1755908098387 0.08020345903933049 46
1755908098396 0.06576888225972652 47
1755908098404 0.0777021624147892 48
1755908098413 0.06882993690669537 49
1755908098421 0.07067906931042671 50
1755908098430 0.061529006063938144 51
1755908098438 0.06221532598137856 52
1755908098447 0.05991229005157948 53
1755908098456 0.06201499626040459 54
1755908098465 0.0646011333912611 55
1755908098474 0.05956920199096203 56
1755908098482 0.06479938142001629 57
1755908098491 0.052481229230761525 58
1755908098499 0.04917157031595707 59
1755908098508 0.054068322852253915 60
1755908098517 0.061543865501880644 61
1755908098525 0.0570353589951992 62
1755908098534 0.056500481069087984 63
1755908098543 0.05296269617974758 64
1755908098551 0.044616399332880974 65
1755908098560 0.0560208510607481 66
1755908098568 0.05235529541969299 67
1755908098577 0.0432909557595849 68
1755908098586 0.046022909507155416 69
1755908098596 0.047613655030727384 70
1755908098604 0.039254744350910184 71
1755908098613 0.04741862528026104 72
1755908098622 0.04225015696138144 73
1755908098631 0.044072849303483964 74
1755908098640 0.041448434069752696 75
1755908098649 0.04469379242509604 76
1755908098658 0.04122302010655403 77
1755908098666 0.040807454660534856 78
1755908098675 0.04045358877629042 79
1755908098684 0.05577137060463429 80
1755908098693 0.04564055856317282 81
1755908098702 0.04521215595304966 82
1755908098712 0.03908121585845947 83
1755908098721 0.039276864007115365 84
1755908098730 0.036449133045971395 85
1755908098739 0.03750760946422815 86
1755908098748 0.04090971052646637 87
1755908098757 0.03807123061269522 88
1755908098766 0.03623173292726278 89
1755908098776 0.03515052702277899 90
1755908098785 0.037315736338496205 91
1755908098794 0.03767029345035553 92
1755908098803 0.035830152221024036 93
1755908098812 0.034867515228688716 94
1755908098821 0.04409967698156834 95
1755908098830 0.03772347811609507 96
1755908098839 0.04073326606303453 97
1755908098848 0.03517609890550375 98
