1755908055225 0.00028297311755759083 1
1755908055234 0.0005659462351151817 2
1755908055238 0.0008489193526727725 3
1755908055243 0.0011318924702303633 4
1755908055249 0.0014148655877879541 5
1755908055254 0.0014148655877879541 6
1755908055258 0.001414479077472434 7
1755908055264 0.0014133199691692287 8
1755908055269 0.00141138953034625 9
1755908055273 0.0014086898719100087 10
1755908055278 0.0014052239458973684 11
1755908055282 0.0014009955422475378 12
1755908055286 0.0013960092846578276 13
1755908055290 0.0013902706255277042 14
1755908055295 0.0013837858399966725 15
1755908055300 0.0013765620190825016 16
1755908055305 0.0013686070619273027 17
1755908055309 0.0013599296671599312 18
1755908055314 0.001350539323384165 19
1755908055318 0.0013404462988030551 20
1755908055323 0.0013296616299907967 21
1755908055327 0.0013181971098243977 22
1755908055331 0.0013060652745883385 23
1755908055337 0.0012932793902663332 24
1755908055342 0.0012798534380351666 25
1755908055347 0.001265802098976486 26
1755908055351 0.001251140738023252 27
1755908055356 0.0012358853871584114 28
1755908055361 0.0012200527278841582 29
1755908055366 0.0012036600729809553 30
1755908055370 0.001186725347576266 31
1755908055375 0.0011692670695436862 32
1755908055380 0.001151304329253925 33
1755908055385 0.0011328567686997631 34
1755908055390 0.0011139445600178218 35
1755908055395 0.0010945883834306291 36
1755908055400 0.001074809404633098 37
1755908055405 0.0010546292516481518 38
1755908055410 0.0010340699911767974 39
1755908055415 0.0010131541044685122 40
1755908055420 0.0009919044627383284 41
1755908055425 0.000970344302157493 42
1755908055431 0.0009484971984450584 43
1755908055436 0.0009263870410881781 44
1755908055441 0.000904038007219304 45
1755908055446 0.0008814745351788463 46
1755908055452 0.0008587212977922078 47
1755908055457 0.0008358031753904112 48
1755908055462 0.000812745228603822 49
1755908055467 0.0007895726709587185 50
1755908055472 0.000766310841306669 51
1755908055477 0.0007429851761168717 52
1755908055482 0.0007196211816617478 53
1755908055487 0.0006962444061262066 54
1755908055493 0.0006728804116710825 55
1755908055499 0.0006495547464812853 56
1755908055504 0.000626292916829236 57
1755908055508 0.0006031203591841323 58
1755908055513 0.0005800624123975434 59
1755908055518 0.0005571442899957466 60
1755908055524 0.000534391052609108 61
1755908055529 0.0005118275805686505 62
1755908055535 0.0004894785466997762 63
1755908055540 0.0004673683893428959 64
1755908055545 0.0004455212856304611 65
1755908055551 0.000423961125049626 66
1755908055556 0.0004027114833194418 67
1755908055562 0.00038179559661115673 68
1755908055567 0.00036123633613980265 69
1755908055573 0.0003410561831548564 70
1755908055578 0.00032127720435732525 71
1755908055584 0.00030192102777013225 72
1755908055589 0.00028300881908819106 73
1755908055595 0.00026456125853402905 74
1755908055601 0.00024659851824426787 75
1755908055605 0.00022914024021168826 76
1755908055612 0.00021220551480699863 77
1755908055617 0.00019581285990379605 78
1755908055623 0.0001799802006295429 79
1755908055628 0.00016472484976470228 80
