1755908098018 0.9913973927497863 1
1755908098029 0.794484943151474 2
1755908098037 0.6753822565078735 3
1755908098045 0.6299820423126221 4
1755908098052 0.6198764383792877 5
1755908098060 0.596629923582077 6
1755908098068 0.546563121676445 7
1755908098076 0.5167716801166534 8
1755908098083 0.46613864302635194 9
1755908098091 0.45026386380195615 10
1755908098099 0.43621293306350706 11
1755908098107 0.4110531657934189 12
1755908098114 0.41555504202842714 13
1755908098123 0.40106315314769747 14
1755908098130 0.41872681081295016 15
1755908098139 0.3830577939748764 16
1755908098146 0.3770100951194763 17
1755908098154 0.36572187542915346 18
1755908098162 0.3506617248058319 19
1755908098170 0.33680410385131837 20
1755908098178 0.3291172325611115 21
1755908098186 0.31217684745788576 22
1755908098194 0.2950808465480804 23
1755908098203 0.31575686037540435 24
1755908098211 0.3001917481422424 25
1755908098220 0.2934145450592041 26
1755908098228 0.2928530156612396 27
1755908098237 0.2719524249434471 28
1755908098245 0.2970720142126083 29
1755908098253 0.27228738069534303 30
1755908098262 0.27871821224689486 31
1755908098270 0.258673919737339 32
1755908098278 0.2586937487125397 33
1755908098286 0.24715253263711928 34
1755908098294 0.23920396119356155 35
1755908098302 0.22890933156013488 36
1755908098311 0.22598954141139985 37
1755908098319 0.22200271338224412 38
1755908098327 0.2175888866186142 39
1755908098335 0.2501136749982834 40
1755908098344 0.2497171714901924 41
1755908098352 0.2533709019422531 42
1755908098361 0.23825298696756364 43
1755908098369 0.21743314415216447 44
1755908098378 0.217741759121418 45
1755908098387 0.2168070927262306 46
1755908098396 0.1966792419552803 47
1755908098404 0.20655365735292436 48
1755908098413 0.1985657885670662 49
1755908098421 0.2001359775662422 50
1755908098430 0.1908864125609398 51
1755908098438 0.18637255430221558 52
1755908098447 0.1842586949467659 53
1755908098456 0.19034665673971177 54
1755908098465 0.19194610118865968 55
1755908098474 0.18492508977651595 56
1755908098482 0.19250691682100296 57
1755908098491 0.1738466054201126 58
1755908098499 0.16646371632814408 59
1755908098508 0.17609140723943711 60
1755908098517 0.18626368194818496 61
1755908098525 0.180048306286335 62
1755908098534 0.17849516421556472 63
1755908098543 0.17575737088918686 64
1755908098551 0.16243432462215424 65
1755908098560 0.17924937158823012 66
1755908098568 0.17178061008453369 67
1755908098577 0.15929718166589737 68
1755908098586 0.161395063996315 69
1755908098596 0.16597458124160766 70
1755908098604 0.15152032673358917 71
1755908098613 0.1639937564730644 72
1755908098622 0.15534234493970872 73
1755908098631 0.1580531045794487 74
1755908098640 0.15704556852579116 75
1755908098649 0.1592455640435219 76
1755908098658 0.15784315168857574 77
1755908098666 0.15621043145656585 78
1755908098675 0.15271230340003966 79
1755908098684 0.17376680821180343 80
1755908098693 0.15929800420999526 81
1755908098702 0.15730032026767732 82
1755908098712 0.15159665197134017 83
1755908098721 0.15140899121761323 84
1755908098730 0.14468857496976853 85
1755908098739 0.14802250415086746 86
1755908098748 0.15652209818363189 87
1755908098757 0.14956427961587906 88
1755908098766 0.14567576795816423 89
1755908098776 0.14535826444625854 90
1755908098785 0.14555094093084336 91
1755908098794 0.15043794363737106 92
1755908098803 0.14627820253372192 93
1755908098812 0.13925153836607934 94
1755908098821 0.1603063464164734 95
1755908098830 0.14965923130512238 96
1755908098839 0.15523601770401002 97
1755908098848 0.14280294850468636 98
