1755908055225 1.5385993003845215 1
1755908055234 0.868951004743576 2
1755908055238 0.6743571937084198 3
1755908055243 0.6423739612102508 4
1755908055249 0.5872755527496338 5
1755908055254 0.5551573067903519 6
1755908055258 0.49659913778305054 7
1755908055264 0.4149857312440872 8
1755908055269 0.40631253123283384 9
1755908055273 0.3606137692928314 10
1755908055278 0.3367412745952606 11
1755908055282 0.36344108581542967 12
1755908055286 0.3748560845851898 13
1755908055290 0.27779643386602404 14
1755908055295 0.24875003844499588 15
1755908055300 0.2374785304069519 16
1755908055305 0.2353280946612358 17
1755908055309 0.2249135598540306 18
1755908055314 0.21342644989490508 19
1755908055318 0.19636928886175156 20
1755908055323 0.1915427103638649 21
1755908055327 0.17042980194091797 22
1755908055331 0.17149749100208284 23
1755908055337 0.1688814342021942 24
1755908055342 0.1679862767457962 25
1755908055347 0.1645752966403961 26
1755908055351 0.13467140942811967 27
1755908055356 0.1324131704866886 28
1755908055361 0.12312826663255691 29
1755908055366 0.12452853545546531 30
1755908055370 0.12347399592399597 31
1755908055375 0.10872653946280479 32
1755908055380 0.10782853737473488 33
1755908055385 0.10623529329895973 34
1755908055390 0.10222979560494423 35
1755908055395 0.10137030929327011 36
1755908055400 0.10021640211343766 37
1755908055405 0.10262342914938927 38
1755908055410 0.10349383056163788 39
1755908055415 0.09489249140024185 40
1755908055420 0.09247025772929192 41
1755908055425 0.09304306432604789 42
1755908055431 0.08845368213951588 43
1755908055436 0.08400278240442276 44
1755908055441 0.07159243784844875 45
1755908055446 0.08479043170809746 46
1755908055452 0.07699800431728362 47
1755908055457 0.07924490720033646 48
1755908055462 0.09391326904296875 49
1755908055467 0.0789911076426506 50
1755908055472 0.0677416518330574 51
1755908055477 0.06874889247119427 52
1755908055482 0.06800237745046615 53
1755908055487 0.06382416635751724 54
1755908055493 0.05927607640624046 55
1755908055499 0.05902913399040699 56
1755908055504 0.055508998781442644 57
1755908055508 0.05375042967498302 58
1755908055513 0.05919981263577938 59
1755908055518 0.052322739735245705 60
1755908055524 0.05249236188828945 61
1755908055529 0.057929227128624916 62
1755908055535 0.05701381042599678 63
1755908055540 0.0519332766532898 64
1755908055545 0.04839963354170322 65
1755908055551 0.05728174485266209 66
1755908055556 0.04726655185222626 67
1755908055562 0.05023115016520023 68
1755908055567 0.05301632694900036 69
1755908055573 0.04644605368375778 70
1755908055578 0.05295102559030056 71
1755908055584 0.049246108159422874 72
1755908055589 0.0436217401176691 73
1755908055595 0.04176478423178196 74
1755908055601 0.04472650624811649 75
1755908055605 0.04359393697232008 76
1755908055612 0.0473924808204174 77
1755908055617 0.045199711248278616 78
1755908055623 0.043687619641423224 79
1755908055628 0.044093948975205424 80
