1755908074412 0.00028297311755759083 1
1755908074427 0.0005659462351151817 2
1755908074434 0.0008489193526727725 3
1755908074441 0.0011318924702303633 4
1755908074447 0.0014148655877879541 5
1755908074454 0.0014148655877879541 6
1755908074461 0.001414479077472434 7
1755908074467 0.0014133199691692287 8
1755908074473 0.00141138953034625 9
1755908074479 0.0014086898719100087 10
1755908074485 0.0014052239458973684 11
1755908074492 0.0014009955422475378 12
1755908074500 0.0013960092846578276 13
1755908074506 0.0013902706255277042 14
1755908074513 0.0013837858399966725 15
1755908074520 0.0013765620190825016 16
1755908074527 0.0013686070619273027 17
1755908074534 0.0013599296671599312 18
1755908074540 0.001350539323384165 19
1755908074547 0.0013404462988030551 20
1755908074553 0.0013296616299907967 21
1755908074559 0.0013181971098243977 22
1755908074566 0.0013060652745883385 23
1755908074572 0.0012932793902663332 24
1755908074579 0.0012798534380351666 25
1755908074586 0.001265802098976486 26
1755908074593 0.001251140738023252 27
1755908074600 0.0012358853871584114 28
1755908074607 0.0012200527278841582 29
1755908074614 0.0012036600729809553 30
1755908074621 0.001186725347576266 31
1755908074629 0.0011692670695436862 32
1755908074635 0.001151304329253925 33
1755908074642 0.0011328567686997631 34
1755908074650 0.0011139445600178218 35
1755908074657 0.0010945883834306291 36
1755908074663 0.001074809404633098 37
1755908074670 0.0010546292516481518 38
1755908074678 0.0010340699911767974 39
1755908074685 0.0010131541044685122 40
1755908074692 0.0009919044627383284 41
1755908074700 0.000970344302157493 42
1755908074706 0.0009484971984450584 43
1755908074713 0.0009263870410881781 44
1755908074721 0.000904038007219304 45
1755908074729 0.0008814745351788463 46
1755908074736 0.0008587212977922078 47
1755908074743 0.0008358031753904112 48
1755908074749 0.000812745228603822 49
1755908074757 0.0007895726709587185 50
1755908074764 0.000766310841306669 51
1755908074772 0.0007429851761168717 52
1755908074779 0.0007196211816617478 53
1755908074787 0.0006962444061262066 54
1755908074795 0.0006728804116710825 55
1755908074802 0.0006495547464812853 56
1755908074809 0.000626292916829236 57
1755908074816 0.0006031203591841323 58
1755908074824 0.0005800624123975434 59
1755908074831 0.0005571442899957466 60
1755908074838 0.000534391052609108 61
1755908074846 0.0005118275805686505 62
1755908074853 0.0004894785466997762 63
