1755908099690 0.9892041907682048 1
1755908099706 0.8992326306058215 2
1755908099714 0.8262272929990446 3
1755908099721 0.7961824497619232 4
1755908099728 0.7258829981475682 5
1755908099736 0.6581647740556048 6
1755908099745 0.6431025936231984 7
1755908099751 0.6070780726996335 8
1755908099759 0.6092318795718156 9
1755908099767 0.5682119700041685 10
1755908099773 0.5456482373274766 11
1755908099780 0.5663465454980925 12
1755908099787 0.5256508492030106 13
1755908099796 0.5347054353008023 14
1755908099803 0.5430230258347152 15
1755908099810 0.541953984986652 16
1755908099816 0.5188868823763612 17
1755908099823 0.5265753528514465 18
1755908099830 0.4948616352948276 19
1755908099837 0.5148321738490811 20
1755908099844 0.5190608706567195 21
1755908099851 0.49934609582671874 22
1755908099859 0.4916461470065179 23
1755908099866 0.48277220168671053 24
1755908099874 0.4699640906863398 25
1755908099881 0.4607942069505716 26
1755908099888 0.4970687163340581 27
1755908099896 0.46093742433306456 28
1755908099903 0.4939570055379496 29
1755908099910 0.4581778059145073 30
1755908099917 0.47031233837078146 31
1755908099924 0.453397397097055 32
1755908099932 0.4478798680878305 33
1755908099940 0.46149523478823823 34
1755908099947 0.42323077750670446 35
1755908099954 0.42645550722425635 36
1755908099963 0.440024139432164 37
1755908099970 0.4288474236215864 38
1755908099977 0.4238520001436209 39
1755908099985 0.43577583211582976 40
1755908099993 0.4167445209119227 41
1755908100000 0.42583860882690977 42
1755908100011 0.42572644198095644 43
1755908100018 0.4372853356135356 44
1755908100026 0.42806012347921146 45
1755908100034 0.4146479621723101 46
1755908100046 0.4088290136355858 47
