1755908029372 0.000464006284939967 1
1755908029386 0.000928012569879934 2
1755908029396 0.0013920188548199011 3
1755908029401 0.001856025139759868 4
1755908029407 0.002320031424699835 5
1755908029412 0.002320031424699835 6
1755908029418 0.002319397467996027 7
1755908029423 0.00231749629110695 8
1755908029429 0.00231432997294162 9
1755908029435 0.0023099019758224633 10
1755908029441 0.002304217141699318 11
1755908029447 0.0022972816868548347 12
1755908029453 0.00228910319510706 13
1755908029459 0.002279690609516645 14
1755908029465 0.002269054222607738 15
1755908029471 0.0022572056651132626 16
1755908029477 0.0022441578932568805 17
1755908029483 0.0022299251745855507 18
1755908029489 0.0022145230723681773 19
1755908029494 0.0021979684285774043 20
1755908029500 0.0021802793454731638 21
1755908029505 0.002161475165808122 22
1755908029512 0.0021415764516766614 23
1755908029518 0.0021206049620305363 24
1755908029524 0.002098583628885774 25
1755908029531 0.0020755365322468536 26
1755908029537 0.0020514888737755764 27
1755908029542 0.002026466949233416 28
1755908029549 0.002000498119727492 29
1755908029555 0.0019736107817915974 30
1755908029562 0.0019458343363350102 31
1755908029568 0.001917199156493027 32
1755908029573 0.0018877365544143878 33
1755908029579 0.0018574787470218997 34
1755908029585 0.001826458820783706 35
1755908029592 0.0017947106955337184 36
1755908029598 0.0017622690873807761 37
1755908029605 0.0017291694707470915 38
1755908029610 0.00169544803957749 39
1755908029617 0.001661141667761862 40
1755908029622 0.001626287868814108 41
1755908029629 0.0015909247548516576 42
1755908029636 0.0015550909949204339 43
1755908029642 0.001518825772710815 44
1755908029649 0.0014821687437108467 45
1755908029654 0.0014451599918435475 46
1755908029661 0.0014078399856357275 47
1755908029668 0.0013702495339662476 48
1755908029675 0.001332429741442111 49
1755908029681 0.0012944219634511789 50
1755908029687 0.001256267760940659 51
1755908029694 0.0012180088549708222 52
1755908029699 0.0011796870810936357 53
1755908029706 0.001141344343606199 54
