1755908029372 1.9948555680064413 1
1755908029386 1.338326360498156 2
1755908029396 1.1387510257107871 3
1755908029401 1.0794199546436212 4
1755908029407 0.8214323346490984 5
1755908029412 0.7218807927973858 6
1755908029418 0.6278689567531858 7
1755908029423 0.5900811475592774 8
1755908029429 0.5779322422557063 9
1755908029435 0.5450137400781954 10
1755908029441 0.5462637878470606 11
1755908029447 0.52285409360737 12
1755908029453 0.5457253676730317 13
1755908029459 0.5230371485669891 14
1755908029465 0.5436818464235826 15
1755908029471 0.4962428730803651 16
1755908029477 0.5271612516084274 17
1755908029483 0.4707868288863789 18
1755908029489 0.45960540140604045 19
1755908029494 0.4554389685198858 20
1755908029500 0.4456792454440872 21
1755908029505 0.4217705339580387 22
1755908029512 0.40812213428608785 23
1755908029518 0.38679582557894965 24
1755908029524 0.3980350767250185 25
1755908029531 0.40764106810092926 26
1755908029537 0.3851541123993985 27
1755908029542 0.42239206642299504 28
1755908029549 0.38670112289391556 29
1755908029555 0.3172714691851046 30
1755908029562 0.40096475967726153 31
1755908029568 0.3981019569101272 32
1755908029573 0.32123260112938945 33
1755908029579 0.34013214455796525 34
1755908029585 0.31112774026084256 35
1755908029592 0.349696053506492 36
1755908029598 0.30660950489245453 37
1755908029605 0.3042347304910034 38
1755908029610 0.3000858184192088 39
1755908029617 0.3127110224072035 40
1755908029622 0.3045956953005357 41
1755908029629 0.29642109311633297 42
1755908029636 0.30252730440009723 43
1755908029642 0.27174072064362564 44
1755908029649 0.3099801902260099 45
1755908029654 0.26404559099442 46
1755908029661 0.30350507902247564 47
1755908029668 0.32684963467446243 48
1755908029675 0.2748193247364713 49
1755908029681 0.32813316346569493 50
1755908029687 0.2846319334847586 51
1755908029694 0.2739397089009161 52
1755908029699 0.23059350213447175 53
1755908029706 0.28089925085569356 54
