1755908029372 1.095958864534056 1
1755908029386 0.9054782305444989 2
1755908029396 0.8103676860208635 3
1755908029401 0.7893720675598491 4
1755908029407 0.6957128651730426 5
1755908029412 0.65085296313484 6
1755908029418 0.6020326273781913 7
1755908029423 0.5736553761866185 8
1755908029429 0.5766763253645464 9
1755908029435 0.5578140999589648 10
1755908029441 0.5636566002647598 11
1755908029447 0.5436431316586284 12
1755908029453 0.5489792618658635 13
1755908029459 0.544485412828334 14
1755908029465 0.5445574088530107 15
1755908029471 0.5373225099854655 16
1755908029477 0.5490915694020011 17
1755908029483 0.5153945463818389 18
1755908029489 0.5076377335693929 19
1755908029494 0.5118177215774338 20
1755908029500 0.49479597032844247 21
1755908029505 0.48916723588844396 22
1755908029512 0.48150851858126653 23
1755908029518 0.46321836578381526 24
1755908029524 0.4732798713368255 25
1755908029531 0.48587501745719414 26
1755908029537 0.4599921614318699 27
1755908029542 0.48590772608657934 28
1755908029549 0.466059721522517 29
1755908029555 0.4220254308991618 30
1755908029562 0.4667114141312512 31
1755908029568 0.4711285852766656 32
1755908029573 0.4234306692303001 33
1755908029579 0.4375270554771671 34
1755908029585 0.42277348854325036 35
1755908029592 0.44797389693074413 36
1755908029598 0.41042687153661406 37
1755908029605 0.40960998678362215 38
1755908029610 0.4173479378223419 39
1755908029617 0.4214003922103287 40
1755908029622 0.4092777373341771 41
1755908029629 0.4022367037348933 42
1755908029636 0.40828241659449294 43
1755908029642 0.3811767755390762 44
1755908029649 0.4136814536986413 45
1755908029654 0.38878027862542636 46
1755908029661 0.4051955769975464 47
1755908029668 0.4244575241169372 48
1755908029675 0.3947167791329421 49
1755908029681 0.4063385094141031 50
1755908029687 0.391107162484875 51
1755908029694 0.39354179857613203 52
1755908029699 0.3583419824188406 53
1755908029706 0.39060282784622985 54
