1755907945888 1.781506820158525 1
1755907945896 1.4343140369111842 2
1755907945900 1.295659871070416 3
1755907945905 1.1551279386916717 4
1755907945909 0.8597579780337098 5
1755907945913 0.8328995187948276 6
1755907945918 0.7069359295941019 7
1755907945923 0.6608637172680396 8
1755907945928 0.6724053505179169 9
1755907945933 0.5654401022505451 10
1755907945937 0.5849386279459123 11
1755907945941 0.46335297474613435 12
1755907945946 0.5601859110129344 13
1755907945950 0.48246031380318977 14
1755907945955 0.4662047578142835 15
1755907945960 0.49701032565011605 16
1755907945966 0.5418251671574332 17
1755907945971 0.5229825205230093 18
1755907945977 0.4646666512473837 19
1755907945981 0.41648473716401435 20
1755907945986 0.4234364112573011 21
1755907945990 0.3995275448088522 22
1755907945995 0.41072672774845903 23
1755907946001 0.4104827590189971 24
1755907946006 0.3851391714695212 25
1755907946011 0.4516601043862182 26
1755907946016 0.40217413666186397 27
1755907946021 0.3962948725788624 28
1755907946026 0.37491985284662865 29
1755907946031 0.3778997580339382 30
1755907946036 0.3802451595857546 31
1755907946041 0.3685199352247374 32
1755907946046 0.35735301421834276 33
1755907946052 0.3526568733058967 34
1755907946057 0.3440809911721713 35
1755907946062 0.32415989167117454 36
1755907946067 0.35765266844204496 37
1755907946072 0.31780281837110397 38
1755907946077 0.37384300098403705 39
1755907946083 0.3127444271336902 40
