1755908273881 0.9687793193719326 1
1755908273898 0.7540891674848703 2
1755908273905 0.6530538529921801 3
1755908273911 0.6389086857820169 4
1755908273918 0.6172746817270914 5
1755908273924 0.5620509622952877 6
1755908273931 0.5427020001105773 7
1755908273937 0.5120780613177862 8
1755908273944 0.48314094925538087 9
1755908273951 0.4692355241530981 10
1755908273958 0.4504259358613919 11
1755908273965 0.44040615703815067 12
1755908273972 0.45813180926518565 13
1755908273979 0.4773699312638014 14
1755908273985 0.46247388078616214 15
1755908273992 0.44521155724158656 16
1755908273999 0.43224332195061904 17
1755908274006 0.413009789509651 18
1755908274013 0.40050144990285236 19
1755908274020 0.3937162107382065 20
1755908274026 0.42750309828000194 21
1755908274033 0.489047286602167 22
1755908274040 0.4801112657938248 23
1755908274047 0.501853631857114 24
1755908274054 0.44388806361418504 25
1755908274061 0.4188338143703265 26
1755908274068 0.4492357862301362 27
1755908274075 0.43507610910978073 28
1755908274081 0.41979382129815906 29
1755908274088 0.4038988749186198 30
1755908274095 0.39896980080849087 31
1755908274102 0.41838783484238845 32
1755908274109 0.4157701952335162 33
1755908274116 0.41097790537736356 34
1755908274123 0.3707868319291335 35
1755908274130 0.36284644022966045 36
1755908274137 0.3708362632837051 37
1755908274144 0.37594308990698594 38
1755908274151 0.38928684286582166 39
1755908274158 0.3958072257347596 40
