1755908209452 0.9612990220387777 1
1755908209461 0.7649325040670542 2
1755908209466 0.6703157990406721 3
1755908209469 0.6270656516918769 4
1755908209474 0.6183232573362497 5
1755908209478 0.575815064784808 6
1755908209482 0.5637191465267768 7
1755908209486 0.5204069041288816 8
1755908209490 0.48866724280210644 9
1755908209494 0.47007222435413265 10
1755908209498 0.46317274753863996 11
1755908209502 0.4675591664436536 12
1755908209506 0.4419429783637707 13
1755908209511 0.43749232246325565 14
1755908209515 0.4343807605596689 15
1755908209520 0.4290895286278847 16
1755908209524 0.4168718166840382 17
1755908209529 0.4008978055073665 18
1755908209533 0.4122429726979671 19
1755908209538 0.3958119868468016 20
1755908209542 0.3988309219861642 21
1755908209546 0.4184712614768591 22
1755908209552 0.4071393005358867 23
1755908209556 0.40256173373797 24
1755908209560 0.38681372159566635 25
1755908209565 0.3773207840247032 26
1755908209570 0.3778735200564067 27
1755908209575 0.3576221435497969 28
1755908209580 0.3478874827806766 29
1755908209584 0.32989884798343366 30
1755908209589 0.3687574095450915 31
1755908209594 0.3403079555584834 32
1755908209600 0.3709261318047841 33
1755908209604 0.36148089399704564 34
1755908209609 0.3566472045122049 35
1755908209614 0.36826004011508745 36
1755908209620 0.3556518676953438 37
1755908209625 0.3357317963471779 38
1755908209630 0.32198647123116714 39
