1755908209452 1.5737273616668506 1
1755908209461 0.9929424715347779 2
1755908209466 0.7589395695771927 3
1755908209469 0.6724957716770661 4
1755908209474 0.6700407793888679 5
1755908209478 0.5776320344362503 6
1755908209482 0.544870491211231 7
1755908209486 0.46438214068229383 8
1755908209490 0.4213240574567746 9
1755908209494 0.39497204201343733 10
1755908209498 0.3909040422011644 11
1755908209502 0.384435494740804 12
1755908209506 0.3484971339886005 13
1755908209511 0.38227174870478803 14
1755908209515 0.35061888282115644 15
1755908209520 0.3286994898166412 16
1755908209524 0.3339137939306406 17
1755908209529 0.2825094004854178 18
1755908209533 0.30835971771142423 19
1755908209538 0.2825966695180306 20
1755908209542 0.2873114790671911 21
1755908209546 0.3571904515608763 22
1755908209552 0.30997321544549405 23
1755908209556 0.2904518449153656 24
1755908209560 0.26364018959112656 25
1755908209565 0.26350490061136395 26
1755908209570 0.26113578830009854 27
1755908209575 0.23196393843644705 28
1755908209580 0.21306868986441538 29
1755908209584 0.20974558400802124 30
1755908209589 0.2828820097522858 31
1755908209594 0.23471001191781118 32
1755908209600 0.24550287903119355 33
1755908209604 0.24226599492323705 34
1755908209609 0.2280632937565828 35
1755908209614 0.2639735406025862 36
1755908209620 0.22362415951031905 37
1755908209625 0.2022604709252333 38
1755908209630 0.19011840186057946 39
