1755908209452 1.6997336527475944 1
1755908209461 1.0462344678548665 2
1755908209466 0.8166696719634228 3
1755908209469 0.7138116886982551 4
1755908209474 0.7371039910194201 5
1755908209478 0.6380346929415678 6
1755908209482 0.5832285712926816 7
1755908209486 0.485803274007944 8
1755908209490 0.4568348431434387 9
1755908209494 0.418026188818308 10
1755908209498 0.42035472240203464 11
1755908209502 0.41614522956884825 12
1755908209506 0.35761209099720687 13
1755908209511 0.4036542597489479 14
1755908209515 0.3622467040251463 15
1755908209520 0.3409527368270434 16
1755908209524 0.3516480047733356 17
1755908209529 0.2941948435245416 18
1755908209533 0.3210754027733436 19
1755908209538 0.2917384073520318 20
1755908209542 0.3052731895676026 21
1755908209546 0.38531474444346553 22
1755908209552 0.33112963269918394 23
1755908209556 0.3079956576992304 24
1755908209560 0.2717798317854221 25
1755908209565 0.2757316457155423 26
1755908209570 0.2757448168137135 27
1755908209575 0.24776459771853226 28
1755908209580 0.2199647361651445 29
1755908209584 0.21652836438554984 30
1755908209589 0.29165758708348644 31
1755908209594 0.2500461246340703 32
1755908209600 0.2656479445405496 33
1755908209604 0.25529274344444275 34
1755908209609 0.23503209707828668 35
1755908209614 0.2860411468606729 36
1755908209620 0.23162468618307358 37
1755908209625 0.21062264094750086 38
1755908209630 0.19628148640577608 39
