1755908239766 1.220898979749435 1
1755908239780 0.7729687988758087 2
1755908239785 0.722677217844205 3
1755908239791 0.8279863687661978 4
1755908239796 0.7722207957353348 5
1755908239801 0.5564559124983274 6
1755908239807 0.5532447565824558 7
1755908239812 0.4586173460269586 8
1755908239817 0.4330175824654408 9
1755908239823 0.44727171666156024 10
1755908239828 0.3902363838293614 11
1755908239834 0.4385308699730115 12
1755908239839 0.40726583890425855 13
1755908239844 0.35569984790606374 14
1755908239850 0.40624631253572613 15
1755908239855 0.3220587846560356 16
1755908239860 0.36431903143723804 17
1755908239866 0.33133697242308885 18
1755908239872 0.36067293698971087 19
1755908239877 0.31200881932790464 20
1755908239883 0.2825846704534995 21
1755908239888 0.3175769188465216 22
1755908239894 0.29801161262469417 23
1755908239900 0.3001268110596217 24
1755908239906 0.29298059011881167 25
1755908239912 0.28406828489059055 26
1755908239918 0.2876205163506361 27
1755908239924 0.3292970731854439 28
1755908239929 0.28837557633717853 29
1755908239935 0.30197427975825775 30
1755908239941 0.2801843919815161 31
1755908239947 0.2509391112969472 32
