1755987036608 1.0239129304885863 1
1755987036619 0.9492073476314544 2
1755987036625 0.8408240616321564 3
1755987036632 0.8006582021713257 4
1755987036638 0.7623313844203949 5
1755987036644 0.753453403711319 6
1755987036650 0.636348307132721 7
1755987036656 0.6248760938644409 8
1755987036661 0.608024263381958 9
1755987036667 0.6139312505722045 10
1755987036674 0.5495265543460846 11
1755987036680 0.5241143584251404 12
1755987036686 0.5008309632539749 13
1755987036692 0.48432915806770327 14
1755987036698 0.5048966646194458 15
1755987036703 0.47964886724948885 16
1755987036710 0.4616795390844345 17
1755987036716 0.43178458511829376 18
1755987036722 0.5032830208539962 19
1755987036728 0.4532019108533859 20
1755987036734 0.4755352079868317 21
1755987036740 0.448949870467186 22
1755987036746 0.415211945772171 23
1755987036752 0.37774482667446135 24
1755987036758 0.3805000394582748 25
1755987036764 0.38474781811237335 26
1755987036770 0.3533331364393234 27
1755987036776 0.36091944575309753 28
1755987036782 0.3247231602668762 29
1755987036788 0.32893483638763427 30
1755987036795 0.32274600565433503 31
1755987036801 0.3228109985589981 32
1755987036807 0.31279638409614563 33
1755987036813 0.30134976506233213 34
1755987036819 0.3118092954158783 35
1755987036825 0.34443227350711825 36
1755987036832 0.3273607581853867 37
1755987036838 0.3205483973026276 38
1755987036844 0.30470544993877413 39
1755987036850 0.270008297264576 40
1755987036856 0.2985304981470108 41
1755987036862 0.2827993452548981 42
1755987036869 0.2886806264519691 43
1755987036876 0.2727550834417343 44
1755987036882 0.27872597277164457 45
1755987036889 0.29994128793478014 46
1755987036895 0.28871928751468656 47
1755987036901 0.3057169526815414 48
1755987036907 0.28329468965530397 49
1755987036914 0.2846780151128769 50
1755987036920 0.26783333271741866 51
1755987036927 0.26261531710624697 52
1755987036933 0.25008498728275297 53
1755987036940 0.24732303917407988 54
1755987036946 0.23259327560663223 55
1755987036953 0.22529021948575972 56
1755987036960 0.22938152551651 57
1755987036969 0.23247153013944627 58
1755987036976 0.22083179652690887 59
1755987036983 0.22933283150196077 60
1755987036990 0.21857572346925735 61
1755987036997 0.22587440609931947 62
1755987037004 0.21281999200582505 63
1755987037011 0.20315841734409332 64
1755987037018 0.21662105321884156 65
1755987037025 0.19330222755670548 66
1755987037032 0.20165664553642274 67
1755987037039 0.19773083329200744 68
1755987037046 0.19307805299758912 69
1755987037053 0.2002095103263855 70
1755987037059 0.203267502784729 71
1755987037066 0.1955706760287285 72
1755987037072 0.1888899639248848 73
1755987037079 0.1849262982606888 74
1755987037090 0.1759510412812233 75
1755987037099 0.19080206751823425 76
1755987037106 0.18919028490781784 77
1755987037118 0.17957732379436492 78
1755987037129 0.19656893163919448 79
1755987037137 0.17982225567102433 80
