1755987012601 0.0005509637938229965 1
1755987012612 0.001101927587645993 2
1755987012616 0.0016528913814689897 3
1755987012621 0.002203855175291986 4
1755987012626 0.0027548189691149827 5
1755987012630 0.0027548189691149827 6
1755987012635 0.0027540661539620917 7
1755987012640 0.002751808531695735 8
1755987012645 0.0027480485709927152 9
1755987012650 0.0027427903833148583 10
1755987012655 0.002736039718413189 11
1755987012660 0.002727803958040666 12
1755987012665 0.00271809210788034 13
1755987012670 0.0027069147876977733 14
1755987012674 0.0026942842197284823 15
1755987012679 0.0026802142153131005 16
1755987012684 0.002664720159794883 17
1755987012688 0.0026478189956960574 18
1755987012693 0.002629529204191425 19
1755987012698 0.0026098707848994686 20
1755987012703 0.0025888652340130616 21
1755987012707 0.0025665355207936985 22
1755987012712 0.002542906062454942 23
1755987012717 0.0025180026974625626 24
1755987012721 0.0024918526572805513 25
1755987012726 0.002464484536593916 26
1755987012731 0.002435928262040813 27
1755987012737 0.002406215059488207 28
1755987012742 0.002375377419886845 29
1755987012747 0.002343449063742876 30
1755987012752 0.0023104649042449783 31
1755987012758 0.002276461009087292 32
1755987012763 0.0022414745610299337 33
1755987012769 0.002205543817240187 34
1755987012774 0.0021687080674588567 35
1755987012779 0.0021310075910375113 36
1755987012784 0.0020924836128936052 37
1755987012789 0.0020531782584316356 38
1755987012794 0.00201313450747963 39
1755987012799 0.0019723961472913392 40
1755987012804 0.0019310077246655142 41
