1755912057569 0.7624850630760193 1
1755912057585 0.6867377102375031 2
1755912057596 0.6150995194911957 3
1755912057605 0.6169423401355744 4
1755912057615 0.5442978799343109 5
1755912057624 0.48907771408557893 6
1755912057634 0.41773218512535093 7
1755912057645 0.3771630048751831 8
1755912057654 0.3510595738887787 9
1755912057664 0.36883653700351715 10
1755912057673 0.33161331713199615 11
1755912057682 0.3409838378429413 12
1755912057691 0.3087734207510948 13
1755912057700 0.2941483423113823 14
1755912057711 0.2967023700475693 15
1755912057721 0.2786753088235855 16
1755912057733 0.26665875911712644 17
1755912057741 0.22450798153877258 18
1755912057751 0.21280760765075685 19
1755912057760 0.20382056683301925 20
1755912057769 0.20532987266778946 21
1755912057780 0.20060139149427414 22
1755912057789 0.20869619846343995 23
1755912057799 0.22227006107568742 24
1755912057809 0.2418041244149208 25
1755912057818 0.2157403275370598 26
1755912057827 0.20417040586471558 27
1755912057837 0.20044700056314468 28
1755912057846 0.19351055324077607 29
1755912057857 0.19525861889123916 30
1755912057867 0.19657164216041564 31
1755912057877 0.18226871639490128 32
1755912057887 0.1622314050793648 33
1755912057896 0.1602580264210701 34
1755912057906 0.1589882791042328 35
1755912112744 0.8151895642280579 1
1755912112770 0.5704259932041168 2
1755912112783 0.4978862017393112 3
1755912112795 0.4706864058971405 4
1755912112807 0.414158022403717 5
1755912112820 0.42107501029968264 6
1755912112832 0.41841200590133665 7
1755912112844 0.4007223069667816 8
1755912112857 0.4085664927959442 9
1755912112870 0.3885930508375168 10
1755912112882 0.3506369173526764 11
1755912112895 0.35219607055187224 12
1755912112907 0.3332397162914276 13
1755912112919 0.30773512423038485 14
1755912112932 0.2864234924316406 15
1755912112944 0.2737681046128273 16
1755912112956 0.262907837331295 17
1755912112968 0.26106356680393217 18
1755912112981 0.23959995359182357 19
1755912112993 0.23425244837999343 20
1755912113006 0.2317776381969452 21
1755912113018 0.23258834183216096 22
1755912113031 0.21697278916835785 23
1755912113043 0.21357560753822327 24
1755912113055 0.2193717986345291 25
1755912113068 0.22875820994377136 26
1755912113082 0.20942569226026536 27
1755912245896 0.8337208674504206 1
1755912245942 0.7324538674110022 2
1755912245974 0.6327017450179809 3
1755912246008 0.6653185601417835 4
1755912246040 0.625371012932215 5
1755912246071 0.581235673947212 6
1755912246102 0.5540253925017822 7
1755912246135 0.5245775821117254 8
1755912246166 0.5161438454420139 9
1755912246197 0.5674927188799932 10
1755912246230 0.5448226409080701 11
1755912246262 0.507454874423834 12
1755912246293 0.4905060048286731 13
1755912246326 0.44782164769294935 14
1755912246359 0.478196993852273 15
1755912246391 0.510942994019924 16
1755912246423 0.4818878769874573 17
1755912246455 0.4668545256822537 18
1755912246487 0.4639055453813993 19
1755912246519 0.4354105240259415 20
1755912246552 0.47763227270199704 21
1755912246582 0.4769095602707985 22
1755912246613 0.4270274295256688 23
1755912246645 0.41091874394661343 24
1755912246678 0.4136312485505373 25
1755912246710 0.38625022768974304 26
1755912246740 0.3993593775309049 27
1755912246772 0.42899070336268497 28
1755912246803 0.42031504863347763 29
1755912246836 0.39403505279467654 30
1755912246868 0.4280019578261253 31
1755912246901 0.39815507790981197 32
1755912246934 0.3956337494727893 33
1755912246965 0.3774099839039338 34
1755912246995 0.3983831848853674 35
1755912247026 0.35370873564328903 36
1755912247058 0.35768217383286893 37
1755912247091 0.3449207788858658 38
1755912247123 0.34030891152528614 39
1755912247154 0.3508095458531991 40
1755912247185 0.31290190189312667 41
1755912247218 0.3237932244172463 42
1755912247249 0.36002595264178056 43
1755912247282 0.3803724081088335 44
1755912247320 0.3398044758882278 45
1755912247366 0.3254400476431235 46
1755912247401 0.3232493205712392 47
1755912247433 0.34551528363655776 48
1755912247468 0.35326461493968964 49
1755912247501 0.3283350440936211 50
1755912247535 0.3178050567706426 51
1755912247567 0.3129930614660948 52
1755912247600 0.3000641270325734 53
1755912247633 0.2987570243004041 54
1755912247665 0.2905321717262268 55
1755912247699 0.30610902187151784 56
1755912247733 0.3206187074001019 57
1755912247766 0.31196736219601756 58
1755912247800 0.321828577762995 59
1755912247834 0.2929083372537906 60
1755912247868 0.27552618392002887 61
1755912247901 0.3029044473018402 62
1755912247933 0.3241926313210756 63
1755912247965 0.30865461513017994 64
1755912247999 0.30319484915488804 65
1755912320474 0.7554452359676361 1
1755912320656 0.5598678231239319 2
1755912320813 0.44984189569950106 3
1755912321161 0.41912312507629396 4
1755912321321 0.43531420826911926 5
1755912321479 0.409606471657753 6
1755912321638 0.39140465259552004 7
1755912321906 0.39716294705867766 8
1755912322064 0.4089458853006363 9
1755912322223 0.34072127640247346 10
1755912322381 0.30822703093290327 11
1755912322538 0.3001983106136322 12
1755912322805 0.2671240955591202 13
1755912322965 0.24593624323606492 14
1755912323122 0.24121679365634918 15
1755912323389 0.23509515672922135 16
1755912323545 0.21320806443691254 17
1755912323702 0.21497243344783784 18
1755912323860 0.19283030778169633 19
1755912324016 0.2039364069700241 20
1755912324282 0.2130456045269966 21
1755912324442 0.1789771020412445 22
1755912324606 0.1745251551270485 23
1755912324878 0.1774181380867958 24
1755912325034 0.16753819286823274 25
1755912325191 0.19531917870044707 26
1755912325349 0.16702576726675034 27
1755912325505 0.1655995413661003 28
1755912325771 0.14217257723212243 29
1755912325948 0.14318957179784775 30
1755912326108 0.1748051702976227 31
1755912326265 0.1598610207438469 32
1755912326536 0.15541415214538573 33
1755912326693 0.14067486822605133 34
1755912326853 0.15011409670114517 35
1755912507373 0.8385397076606751 1
1755912509275 0.7323523998260498 2
1755912510966 0.6910341680049896 3
1755912512773 0.5939910411834717 4
1755912514473 0.5350139081478119 5
1755912516328 0.4779205858707428 6
1755912518199 0.45496773421764375 7
1755912520030 0.4069565922021866 8
1755912521746 0.37614572048187256 9
1755912523497 0.36138273775577545 10
1755912525340 0.3310352206230164 11
1755912527092 0.331598699092865 12
1755912528919 0.3379492998123169 13
1755912530586 0.2945383250713348 14
1755912532267 0.27437606900930406 15
1755912533939 0.2670162796974182 16
1755912535611 0.2551661774516106 17
1755912537200 0.27747171372175217 18
1755912538786 0.29041962027549745 19
1755912540276 0.2548990368843079 20
1755912541753 0.2340790420770645 21
1755912543324 0.21479858309030533 22
1755912544791 0.2125696286559105 23
1755912546263 0.2115894928574562 24
1755912547744 0.21316303163766862 25
1755912549342 0.20777404606342315 26
1755912550852 0.19938373416662217 27
1755912552458 0.2110004171729088 28
1755912553934 0.21664056181907654 29
