1755911995870 1.2183139324188232 1
1755911995876 0.9821406483650208 2
1755911995881 0.836983734369278 3
1755911995885 0.7979580819606781 4
1755911995889 0.6871409714221954 5
1755911995893 0.768416166305542 6
1755911995898 0.6214566886425018 7
1755911995902 0.5148646116256714 8
1755911995906 0.4769077807664871 9
1755911995911 0.4505037635564804 10
1755911995915 0.3992840588092804 11
1755911995920 0.41127273440361023 12
1755911995926 0.36359402239322663 13
1755911995931 0.34446018636226655 14
1755911995936 0.31710743606090547 15
1755911995942 0.3007611408829689 16
1755911995947 0.23884886056184768 17
1755911995951 0.255732050538063 18
1755911995955 0.276874677836895 19
1755911995959 0.2646644711494446 20
1755911995965 0.24675647914409637 21
1755911995970 0.2267112836241722 22
1755911995974 0.2093191847205162 23
1755911995979 0.2092221423983574 24
1755911995983 0.18895689249038697 25
1755911995988 0.18434912860393524 26
1755911995993 0.17325501292943954 27
1755911995997 0.14949340894818305 28
1755911996002 0.1528569243848324 29
1755911996007 0.15329186990857124 30
1755911996011 0.13449346050620078 31
1755911996016 0.14719623401761056 32
1755911996023 0.1322074316442013 33
1755911996028 0.12528106123208999 34
1755911996032 0.15290929675102233 35
1755911996036 0.14925912842154504 36
1755911996041 0.13124505057930946 37
1755911996046 0.1155658446252346 38
1755911996051 0.1043679766356945 39
1755911996056 0.11905426904559135 40
1755912019139 1.0604475796222688 1
1755912019155 0.7006743013858795 2
1755912019162 0.7306021332740784 3
1755912019168 0.7016733944416046 4
1755912019174 0.601375263929367 5
1755912019183 0.40703210830688474 6
1755912019194 0.33660429418087007 7
1755912019202 0.2940896451473236 8
1755912019207 0.2339463859796524 9
1755912019213 0.18195669651031493 10
1755912019218 0.16100314110517502 11
1755912019224 0.17967002093791962 12
1755912019229 0.16443559750914574 13
1755912019235 0.16393859684467316 14
1755912019240 0.12926319614052773 15
1755912019246 0.14972112700343132 16
1755912019252 0.1384769782423973 17
1755912019257 0.10627060085535049 18
1755912019263 0.09615007340908051 19
1755912019269 0.10049470141530037 20
1755912019275 0.0988511510193348 21
1755912019280 0.09093923345208169 22
1755912019286 0.10614663250744343 23
1755912019291 0.07745773121714591 24
1755912019296 0.07171139791607857 25
1755912019302 0.07559090554714203 26
1755912019308 0.07428399808704853 27
1755912019314 0.07057822495698929 28
1755912019320 0.07110390439629555 29
1755912019326 0.05724255815148353 30
1755912019331 0.06698957197368145 31
1755912019338 0.057921319454908374 32
1755912019343 0.09256872385740281 33
1755912019349 0.06757393181324005 34
1755912019354 0.059974854812026024 35
1755912019360 0.05132108815014362 36
1755912019365 0.04092379249632359 37
1755912019371 0.04851416274905205 38
1755912019376 0.06630546152591706 39
1755912019382 0.05812485069036484 40
1755912019388 0.06085116676986217 41
1755912019394 0.06444746404886245 42
1755912019401 0.06966346986591816 43
1755912019407 0.050166649743914604 44
1755912019421 0.05653291381895542 45
1755912019427 0.06196776069700718 46
1755912019433 0.04795067198574543 47
1755912019438 0.04418331086635589 48
1755912019444 0.04121357444673777 49
1755912019450 0.035557647794485094 50
1755912019455 0.045504795759916304 51
1755912019461 0.04354030415415764 52
1755912019467 0.03667223211377859 53
1755912019472 0.0387883048504591 54
1755912019478 0.0369631614536047 55
1755912019484 0.03737376425415277 56
1755912019490 0.04021309036761522 57
1755912019496 0.03356397189199924 58
1755912019502 0.04971580756828189 59
1755912019508 0.04899230785667896 60
1755912019514 0.0397596575319767 61
1755912019520 0.03104489017277956 62
1755912019526 0.026206566765904427 63
1755912019532 0.02547465767711401 64
1755912019539 0.03040363285690546 65
1755912019544 0.025316363107413052 66
1755912019550 0.023984159342944622 67
1755912019556 0.028067423216998576 68
1755912077670 0.8496430337429046 1
1755912077693 0.5953336805105209 2
1755912077706 0.4237940102815628 3
1755912077717 0.3431328505277634 4
1755912077728 0.3534738302230835 5
1755912077739 0.30958870649337766 6
1755912077749 0.2965319067239761 7
1755912077761 0.288509863615036 8
1755912077770 0.26827376782894136 9
1755912077780 0.2607936426997185 10
1755912077790 0.2311074763536453 11
1755912077801 0.20708282589912413 12
1755912077811 0.22854845821857453 13
1755912077822 0.2196407660841942 14
1755912077832 0.1629476673901081 15
1755912077843 0.15916421562433242 16
1755912077853 0.13976320028305053 17
1755912077863 0.124130579829216 18
1755912077873 0.13409267961978913 19
1755912077883 0.11828451454639435 20
1755912077893 0.12462569698691368 21
1755912077903 0.12100424990057945 22
1755912077913 0.09554774835705757 23
1755912077923 0.09195751734077931 24
1755912077933 0.09204973876476288 25
1755912077947 0.08469689786434173 26
1755912077957 0.08405752032995224 27
1755912077968 0.09201986603438854 28
1755912077978 0.06712953932583332 29
1755912077989 0.06739568822085858 30
1755912077999 0.07303841225802898 31
1755912078009 0.061546029150485994 32
1755912078019 0.059230242297053336 33
1755912078029 0.06106169335544109 34
1755912078040 0.07097897976636887 35
1755912078051 0.06897486038506032 36
1755912078061 0.0751484788954258 37
1755912078072 0.06297950372099877 38
1755912078082 0.061877259612083436 39
1755912078092 0.050779076665639876 40
1755912078102 0.05498981103301048 41
1755912078112 0.0491119708865881 42
1755912078123 0.05040958672761917 43
1755912078133 0.052924590185284615 44
1755912078143 0.05721217766404152 45
1755912078153 0.06794355399906635 46
1755912078163 0.062875896692276 47
1755912078173 0.05239547826349735 48
1755912078184 0.04136490263044834 49
1755912078196 0.04769117087125778 50
1755912078208 0.049886596575379374 51
1755912154099 1.1744787937555559 1
1755912154132 0.8946400185426077 2
1755912154158 0.7585155428984226 3
1755912154183 0.6534015184793717 4
1755912154209 0.654909875912544 5
1755912154237 0.6065433598481692 6
1755912154261 0.5750048405084854 7
1755912154284 0.4748539752685107 8
1755912154303 0.5185632839416846 9
1755912154321 0.632212071846693 10
1755912154341 0.4635019757044621 11
1755912154360 0.4233902291609691 12
1755912154378 0.40371255309153825 13
1755912154398 0.4352725201692337 14
1755912154416 0.35758142784619945 15
1755912154434 0.36260539025832444 16
1755912154453 0.3434420434328226 17
1755912154470 0.30431943596937716 18
1755912154487 0.3419523586829503 19
1755912154504 0.31693079150640047 20
1755912154522 0.28239643344512355 21
1755912154541 0.2849068378026669 22
1755912154561 0.26756037809909916 23
1755912154580 0.27366796384255093 24
1755912154598 0.2595040475328763 25
1755912154616 0.4007483651527228 26
1755912154634 0.3415782761115294 27
1755912154651 0.2618626507046895 28
1755912154670 0.25151858736689275 29
1755912154688 0.25340662266199404 30
1755912154707 0.21554501010821417 31
1755912154725 0.2318496843561148 32
1755912154744 0.23815313669351432 33
1755912154763 0.294466434380947 34
1755912154784 0.2590005306097177 35
1755912154803 0.24402631229112068 36
1755912154821 0.251766331302814 37
1755912154838 0.24059178221684235 38
1755912154856 0.217844769740716 39
1755912154876 0.1871851445772709 40
1755912154895 0.21959718278585336 41
1755912269923 0.8847181618213653 1
1755912269994 0.48255389332771303 2
1755912270045 0.3815391778945923 3
1755912270098 0.34057663977146146 4
1755912270148 0.34740489572286604 5
1755912270199 0.36534568667411804 6
1755912270250 0.2889278918504715 7
1755912270300 0.20059551447629928 8
1755912270352 0.16397759169340134 9
1755912270403 0.16268037706613542 10
1755912270455 0.16243501380085945 11
1755912270505 0.13720051050186158 12
1755912270556 0.10943366326391697 13
1755912270609 0.10429485738277436 14
1755912270901 0.09823227971792221 15
1755912270952 0.09654457867145538 16
1755912271003 0.08966554850339889 17
1755912271060 0.08797768875956535 18
1755912271111 0.07488192655146123 19
1755912271162 0.06859550550580025 20
1755912271215 0.07279410138726235 21
1755912271264 0.06590562351047993 22
1755912271319 0.07312963679432868 23
1755912271373 0.06782023794949055 24
1755912271424 0.0693600382655859 25
1755912271475 0.07365043610334396 26
1755912271529 0.0569456622004509 27
1755912271580 0.05532660372555256 28
1755912271631 0.04855087250471115 29
1755912271682 0.04714127294719219 30
1755912271733 0.05275634154677391 31
1755912271784 0.049502914398908617 32
1755912271835 0.05241142697632313 33
1755912271886 0.042278490401804446 34
1755912271938 0.044505354948341846 35
1755912271988 0.03983987979590893 36
1755912272040 0.04321953915059566 37
1755912272091 0.03647927101701498 38
1755912272143 0.042739702574908736 39
1755912272193 0.039671467058360575 40
1755912272244 0.03967547081410885 41
1755912272296 0.029643356800079346 42
1755912272348 0.03282274026423693 43
1755912272400 0.02628769353032112 44
1755912272454 0.03177435453981161 45
1755912272505 0.03498171791434288 46
1755912272556 0.02961370013654232 47
1755912272607 0.03267296962440014 48
1755912272657 0.033635185658931734 49
1755912272710 0.0349935969337821 50
1755912272761 0.029284127056598663 51
1755912358124 1.2067019820213318 1
1755912358608 1.0314046561717987 2
1755912359026 0.8373478412628174 3
1755912359437 0.8186740577220917 4
1755912359855 0.5427507013082504 5
1755912360154 0.4480141460895538 6
1755912360567 0.30414214432239534 7
1755912360983 0.27091509401798247 8
1755912361399 0.24973518252372742 9
1755912361814 0.2413769468665123 10
1755912362235 0.2413058415055275 11
1755912362538 0.1787128984928131 12
1755912362951 0.17161140441894532 13
1755912363354 0.19554462879896164 14
1755912363764 0.22625085711479187 15
1755912364170 0.25137376636266706 16
1755912364579 0.2155653640627861 17
1755912364987 0.15688861832022666 18
1755912365395 0.1383681334555149 19
1755912365693 0.12149663120508195 20
1755912366100 0.09698707833886147 21
1755912366508 0.12870216146111488 22
1755912366921 0.15625123232603072 23
1755912367328 0.12626973390579224 24
1755912367736 0.1266653925180435 25
1755912368150 0.12983957454562187 26
1755912368452 0.09775248989462852 27
1755912368868 0.10320614427328109 28
1755912369282 0.09963734298944474 29
1755912369706 0.09529809057712554 30
1755912370116 0.07819380089640618 31
1755912370523 0.07348568849265576 32
1755912370932 0.07969950847327709 33
1755912371344 0.08472496978938579 34
1755912371651 0.08420938737690449 35
1755912372071 0.06986397802829743 36
1755912372481 0.0757296871393919 37
1755912372888 0.07875678688287735 38
1755912373297 0.060715562850236895 39
1755912373710 0.05391403213143349 40
1755912374123 0.055492103844881055 41
1755912374551 0.052187230065464975 42
1755912374853 0.05862313695251942 43
1755912375270 0.05687189027667046 44
1755912375724 0.05629829838871956 45
1755912653628 1.4907379865646362 1
1755912657286 1.1549634695053101 2
1755912660393 0.9685898363590241 3
1755912663613 0.6328155696392059 4
1755912666990 0.5570369809865952 5
1755912670514 0.3882970899343491 6
1755912674095 0.37909687161445615 7
1755912677703 0.2754180893301964 8
1755912681489 0.24043623954057694 9
1755912685702 0.21875208020210266 10
1755912689111 0.22050204277038574 11
1755912692309 0.1976906716823578 12
1755912695769 0.168683984875679 13
1755912699626 0.17730926498770713 14
1755912703570 0.15438128113746644 15
1755912706832 0.1510060526430607 16
1755912710428 0.20734510570764542 17
1755912715222 0.15735761150717736 18
1755912718457 0.13567510172724723 19
1755912721690 0.12595520541071892 20
1755912724889 0.12865447029471397 21
1755912728131 0.12916748300194741 22
1755912731352 0.10860244482755661 23
1755912734589 0.10756956189870834 24
1755912737988 0.11600897908210754 25
1755912741608 0.09207438379526138 26
1755912745458 0.08530381396412849 27
1755912749040 0.07770904302597045 28
1755912752647 0.07080938704311848 29
1755912756227 0.08070112466812134 30
1755912759869 0.08954517170786858 31
1755912763589 0.13637546077370644 32
1755912767256 0.1452832318842411 33
1755912770871 0.18325901478528978 34
1755912774500 0.12158308252692222 35
1755912778142 0.1002161182463169 36
1755912782134 0.08110937625169753 37
1755912785784 0.06394165195524693 38
1755912789418 0.06654287241399288 39
1755912793055 0.0632308479398489 40
