1755912039061 0.7214943528175354 1
1755912039078 0.6105666816234588 2
1755912039085 0.572501677274704 3
1755912039094 0.5154496371746063 4
1755912039101 0.545381686091423 5
1755912039109 0.4456149250268936 6
1755912039116 0.4218880504369736 7
1755912039124 0.40635092556476593 8
1755912039131 0.36041327714920046 9
1755912039138 0.33695871829986573 10
1755912039145 0.38981029987335203 11
1755912039152 0.38521994948387145 12
1755912039162 0.34280763268470765 13
1755912039170 0.3047104626893997 14
1755912039177 0.29058205485343935 15
1755912039185 0.2778568997979164 16
1755912039193 0.24576072245836258 17
1755912039200 0.2439236655831337 18
1755912039208 0.2397865578532219 19
1755912039216 0.2195363998413086 20
1755912039225 0.2340827167034149 21
1755912039233 0.20212521255016327 22
1755912039242 0.21013579219579698 23
1755912039250 0.19417459666728973 24
1755912039258 0.18366037011146547 25
1755912039266 0.18183765709400176 26
1755912039273 0.1764015257358551 27
1755912039281 0.17974129915237427 28
1755912039288 0.17042840421199798 29
1755912039354 0.18815802782773972 30
1755912039402 0.1794658824801445 31
1755912039440 0.17619671523571015 32
1755912039491 0.1699218139052391 33
1755912039515 0.17892237454652787 34
1755912039565 0.16131678521633147 35
1755912039595 0.17375651150941848 36
1755912039605 0.1540253058075905 37
1755912039641 0.15797586515545844 38
1755912039662 0.16629177927970887 39
1755912039708 0.17151804715394975 40
1755912039720 0.17639294117689133 41
1755912039730 0.14801780581474305 42
1755912039738 0.15868930369615555 43
1755912039747 0.14964687675237656 44
1755912039761 0.15048709511756897 45
1755912039770 0.15719592496752738 46
1755912039778 0.13290173411369324 47
1755912039801 0.13603552877902986 48
1755912039810 0.13396377712488175 49
1755912039819 0.1388875387609005 50
1755912039827 0.1361553266644478 51
1755912039836 0.126961537450552 52
1755912039845 0.13765662536025047 53
1755912039853 0.14430756568908693 54
1755912039861 0.14899848476052285 55
1755912097482 0.8831571817398072 1
1755912097504 0.6505520582199097 2
1755912097516 0.5457959234714508 3
1755912097528 0.5003650158643722 4
1755912097540 0.42605942487716675 5
1755912097553 0.4194807976484299 6
1755912097565 0.40751197934150696 7
1755912097578 0.409298238158226 8
1755912097589 0.3978741616010666 9
1755912097601 0.34955358803272246 10
1755912097612 0.31600254476070405 11
1755912097623 0.3058470726013184 12
1755912097634 0.3015111029148102 13
1755912097652 0.29040167331695554 14
1755912097669 0.30618501007556914 15
1755912097695 0.28003421276807783 16
1755912097709 0.3058874845504761 17
1755912097720 0.29214970767498016 18
1755912097734 0.2614714205265045 19
1755912097746 0.25414088666439055 20
1755912097758 0.2290271759033203 21
1755912097770 0.2345646008849144 22
1755912097781 0.23575679659843446 23
1755912097792 0.26712725311517715 24
1755912097804 0.23757726550102234 25
1755912097815 0.24219436198472977 26
1755912097827 0.2265869691967964 27
1755912097838 0.20270425081253052 28
1755912097850 0.206255903840065 29
1755912097861 0.19713756144046785 30
1755912097873 0.20044389963150025 31
1755912097885 0.19425032585859298 32
1755912097897 0.18692324161529542 33
1755912097908 0.1888610914349556 34
1755912097920 0.18427140712738038 35
1755912097931 0.18603845536708832 36
1755912097943 0.18118907511234283 37
1755912097956 0.16586254090070723 38
1755912097967 0.17240262776613235 39
1755912097979 0.1823273316025734 40
1755912097990 0.17542427778244019 41
1755912098002 0.17465830743312835 42
1755912098016 0.16555027216672896 43
1755912098029 0.17749558985233307 44
1755912098040 0.16786835193634034 45
1755912098054 0.17659083157777786 46
1755912098069 0.1720263972878456 47
1755912098081 0.1654208704829216 48
1755912098097 0.14978099018335342 49
1755912184780 0.8091400487300677 1
1755912184818 0.7256717605468554 2
1755912184840 0.6793170601893694 3
1755912184863 0.5990470838852417 4
1755912184888 0.590948529732533 5
1755912184911 0.5682140088234192 6
1755912184932 0.5589325252251748 7
1755912184956 0.483722841892487 8
1755912184978 0.5061421142174647 9
1755912184999 0.5077191041066096 10
1755912185037 0.5102385672239157 11
1755912185060 0.4771818228257008 12
1755912185083 0.5132624675066043 13
1755912185105 0.4757442336816054 14
1755912185127 0.47009068727493286 15
1755912185148 0.4773978919554979 16
1755912185170 0.43073966258611435 17
1755912185192 0.4558171156125191 18
1755912185217 0.5026292227781736 19
1755912185240 0.43526480136773527 20
1755912185262 0.4055368151420202 21
1755912185285 0.41252550177085096 22
1755912185307 0.3990935148336949 23
1755912185330 0.4261601712459173 24
1755912294176 0.7563597023487091 1
1755912294279 0.5459952056407928 2
1755912294367 0.4596457213163376 3
1755912294456 0.4030211836099625 4
1755912294542 0.3901607394218445 5
1755912294854 0.395809143781662 6
1755912294940 0.4051986634731293 7
1755912295030 0.36988535821437835 8
1755912295120 0.338599756360054 9
1755912295207 0.328805148601532 10
1755912295295 0.3019539326429367 11
1755912295382 0.28300389647483826 12
1755912295468 0.2796459659934044 13
1755912295555 0.2632263332605362 14
1755912295641 0.26315357685089114 15
1755912295727 0.2457343026995659 16
1755912295814 0.2172066256403923 17
1755912295899 0.20674864947795868 18
1755912295986 0.19145942032337188 19
1755912296070 0.2001989558339119 20
1755912296260 0.19500768780708314 21
1755912296351 0.18226330876350402 22
1755912296444 0.17199622988700866 23
1755912296530 0.1647301971912384 24
1755912296617 0.17984868884086608 25
1755912296705 0.1787590578198433 26
1755912296796 0.17043510675430298 27
1755912296885 0.18417295664548874 28
1755912296972 0.1773691326379776 29
1755912297061 0.15886038392782212 30
1755912297150 0.15776114165782928 31
1755912297240 0.1639726385474205 32
1755912297328 0.15960845351219177 33
1755912297416 0.1569347858428955 34
1755912297504 0.14463662952184678 35
1755912297593 0.15285500437021254 36
1755912297800 0.14650286138057708 37
1755912297907 0.1385405957698822 38
1755912297997 0.1513066254556179 39
1755912298117 0.13891339898109437 40
1755912298208 0.12562777772545813 41
1755912298298 0.13139957636594773 42
1755912298387 0.1458793669939041 43
1755912298475 0.13960888609290123 44
1755912417152 0.8458488881587982 1
1755912418056 0.7704218089580536 2
1755912418988 0.6847858130931854 3
1755912419784 0.6178728461265564 4
1755912420585 0.5282974004745483 5
1755912421480 0.42780418395996095 6
1755912422267 0.43655597865581514 7
1755912423065 0.37808599770069123 8
1755912423836 0.39081503450870514 9
1755912424730 0.384345555305481 10
1755912425514 0.35168379843235015 11
1755912426408 0.3327464073896408 12
1755912427198 0.3660455048084259 13
1755912427989 0.3385108470916748 14
1755912428879 0.31095032691955565 15
1755912429666 0.26607696861028673 16
1755912430462 0.2618232563138008 17
1755912431260 0.27101642042398455 18
1755912432165 0.23351635038852692 19
1755912432953 0.24282788932323457 20
1755912433736 0.26180280894041064 21
1755912434627 0.24827827960252763 22
1755912435420 0.22818557173013687 23
1755912436218 0.21410733610391616 24
1755912437009 0.2138673946261406 25
1755912437916 0.22905411571264267 26
1755912438706 0.2020891711115837 27
1755912439484 0.19414820224046708 28
1755912440384 0.1956523910164833 29
1755912441178 0.22412096112966537 30
1755912441976 0.24971751719713212 31
1755912442884 0.22516169548034667 32
1755912443674 0.20893327444791793 33
1755912444461 0.20163328051567078 34
1755912445354 0.20231083929538726 35
1755912446147 0.20087175369262694 36
1755912446924 0.17976413667201996 37
1755912447826 0.16864535808563233 38
1755912448662 0.18504262268543242 39
1755912993258 0.854407113790512 1
1755913000777 0.808780986070633 2
1755913008033 0.6655246019363403 3
1755913015274 0.627735361456871 4
1755913022503 0.503659388422966 5
1755913029736 0.4721445947885513 6
1755913037068 0.42656766772270205 7
1755913044519 0.392393559217453 8
1755913051691 0.3675782769918442 9
1755913058924 0.34844149351119996 10
1755913066180 0.33065250515937805 11
1755913073480 0.29452230632305143 12
1755913080819 0.2694168478250504 13
1755913088035 0.27096316665410997 14
1755913095281 0.2677455171942711 15
1755913102891 0.2676322102546692 16
1755913109994 0.32246073633432387 17
1755913117331 0.34423290491104125 18
1755913124443 0.30331136882305143 19
1755913131818 0.2855043441057205 20
1755913139049 0.26995900124311445 21
1755913146320 0.24771729856729507 22
1755913153654 0.21850267201662063 23
1755913161189 0.23882765918970109 24
1755913168576 0.2103571832180023 25
1755913176035 0.21171107590198518 26
1755913183414 0.23322232216596603 27
1755913190752 0.2218892678618431 28
1755913198201 0.21458367258310318 29
1755913205517 0.21145052313804627 30
1755913212844 0.19052543342113495 31
1755913220277 0.2221971794962883 32
1755913227623 0.21507079005241395 33
1755913234822 0.19239988476037978 34
1755913242144 0.1801608234643936 35
1755913249267 0.19427606016397475 36
1755913256574 0.22367910146713257 37
1755913263649 0.1991520494222641 38
1755913270973 0.1752516120672226 39
1755913278168 0.17422979772090913 40
1755913285379 0.16320384293794632 41
1755913292697 0.16414084881544114 42
1755913299895 0.1453017011284828 43
1755913307239 0.13496192768216134 44
