1755911995870 0.8341784238815307 1
1755911995876 0.7393981456756592 2
1755911995881 0.6838915348052979 3
1755911995885 0.665400356054306 4
1755911995889 0.618526178598404 5
1755911995893 0.6430662274360657 6
1755911995898 0.5830375164747238 7
1755911995902 0.5263174951076508 8
1755911995906 0.5222431242465972 9
1755911995911 0.4952307611703873 10
1755911995915 0.47206475138664244 11
1755911995920 0.47720631659030915 12
1755911995926 0.45710969567298887 13
1755911995931 0.43675746619701383 14
1755911995936 0.4200518250465393 15
1755911995942 0.4043634057044983 16
1755911995947 0.36840530633926394 17
1755911995951 0.3766461431980133 18
1755911995955 0.39651539325714114 19
1755911995959 0.38479842245578766 20
1755911995965 0.3728801816701889 21
1755911995970 0.3567376583814621 22
1755911995974 0.34131371080875395 23
1755911995979 0.3391460210084915 24
1755911995983 0.31380760967731475 25
1755911995988 0.31460467278957366 26
1755911995993 0.3116950750350952 27
1755911995997 0.2884813532233238 28
1755911996002 0.29322239458560945 29
1755911996007 0.2951894819736481 30
1755911996011 0.2743701457977295 31
1755911996016 0.2906724035739899 32
1755911996023 0.27676834762096403 33
1755911996028 0.2656392380595207 34
1755911996032 0.29033865928649905 35
1755911996036 0.2885021805763245 36
1755911996041 0.2723935887217522 37
1755911996046 0.25177680253982543 38
1755911996051 0.23917797654867173 39
1755911996056 0.2565357133746147 40
1755912019139 0.7702809631824493 1
1755912019155 0.6248234510421753 2
1755912019162 0.6330923616886139 3
1755912019168 0.6270916759967804 4
1755912019174 0.5826790809631348 5
1755912019183 0.4687046349048615 6
1755912019194 0.4417059987783432 7
1755912019202 0.40273135602474214 8
1755912019207 0.36008323132991793 9
1755912019213 0.32380162477493285 10
1755912019218 0.3019862800836563 11
1755912019224 0.31919434666633606 12
1755912019229 0.3045781284570694 13
1755912019235 0.30330732762813567 14
1755912019240 0.27000871300697327 15
1755912019246 0.2897360235452652 16
1755912019252 0.2786069601774216 17
1755912019257 0.24198584705591203 18
1755912019263 0.22940459847450256 19
1755912019269 0.23426492065191268 20
1755912019275 0.23934749960899354 21
1755912019280 0.23245883882045745 22
1755912019286 0.24725851863622667 23
1755912019291 0.2112111434340477 24
1755912019296 0.19938372820615768 25
1755912019302 0.20909221470355988 26
1755912019308 0.2010565772652626 27
1755912019314 0.1968935549259186 28
1755912019320 0.20115478783845903 29
1755912019326 0.1796028882265091 30
1755912019331 0.19520212709903717 31
1755912019338 0.17958251982927323 32
1755912019343 0.22015686184167862 33
1755912019349 0.19723681658506392 34
1755912019354 0.18208405524492263 35
1755912019360 0.17159441709518433 36
1755912019365 0.15382571071386336 37
1755912019371 0.16072054505348204 38
1755912019376 0.19050149917602538 39
1755912019382 0.17319574505090712 40
1755912019388 0.17938032895326614 41
1755912019394 0.1829455830156803 42
1755912019401 0.19664706587791442 43
1755912019407 0.16654649376869202 44
1755912019421 0.1777814209461212 45
1755912019427 0.18268245160579683 46
1755912019433 0.16574967205524443 47
1755912019438 0.154453307390213 48
1755912019444 0.15266725346446036 49
1755912019450 0.13674024119973183 50
1755912019455 0.15676891654729844 51
1755912019461 0.15842205286026 52
1755912019467 0.1425066351890564 53
1755912019472 0.14650547057390212 54
1755912019478 0.13892031610012054 55
1755912019484 0.14605658501386642 56
1755912019490 0.14824780598282813 57
1755912019496 0.13771953210234641 58
1755912019502 0.15632642209529876 59
1755912019508 0.15964350551366807 60
1755912019514 0.14548960328102112 61
1755912019520 0.13032690733671187 62
1755912019526 0.12004780247807503 63
1755912019532 0.12138736993074417 64
1755912019539 0.12834785059094428 65
1755912019544 0.11767641454935074 66
1755912019550 0.11470654383301734 67
1755912019556 0.12823368832468987 68
1755912077670 0.6931517541408538 1
1755912077693 0.5815904796123504 2
1755912077706 0.4936021059751511 3
1755912077717 0.441942423582077 4
1755912077728 0.44111819863319396 5
1755912077739 0.4252717882394791 6
1755912077749 0.4077040731906891 7
1755912077761 0.41188236474990847 8
1755912077770 0.3823993504047394 9
1755912077780 0.3763271331787109 10
1755912077790 0.35268278419971466 11
1755912077801 0.32970004677772524 12
1755912077811 0.34903967678546904 13
1755912077822 0.3530071884393692 14
1755912077832 0.30025823712348937 15
1755912077843 0.29686749279499053 16
1755912077853 0.27727548182010653 17
1755912077863 0.26598143577575684 18
1755912077873 0.2719271585345268 19
1755912077883 0.2556723147630692 20
1755912077893 0.26344497352838514 21
1755912077903 0.25604388415813445 22
1755912077913 0.2348278433084488 23
1755912077923 0.22501729279756547 24
1755912077933 0.22953507006168367 25
1755912077947 0.21370685547590257 26
1755912077957 0.2171424224972725 27
1755912077968 0.2247444674372673 28
1755912077978 0.19471483379602433 29
1755912077989 0.1928119346499443 30
1755912077999 0.20084847807884215 31
1755912078009 0.18594215512275697 32
1755912078019 0.18538194000720978 33
1755912078029 0.18601738214492797 34
1755912078040 0.1959324985742569 35
1755912078051 0.1969423085451126 36
1755912078061 0.2045469641685486 37
1755912078072 0.19098300784826278 38
1755912078082 0.18317415118217467 39
1755912078092 0.169415645301342 40
1755912078102 0.1762572079896927 41
1755912078112 0.1664506196975708 42
1755912078123 0.16485635638237 43
1755912078133 0.1723470777273178 44
1755912078143 0.17351406067609787 45
1755912078153 0.19220528602600098 46
1755912078163 0.18827700316905976 47
1755912078173 0.17070143520832062 48
1755912078184 0.15396371781826018 49
1755912078196 0.16561066657304763 50
1755912078208 0.16120821386575698 51
1755912154099 0.8208354573983413 1
1755912154132 0.7049261698356042 2
1755912154158 0.6751796740752 3
1755912154183 0.6068905171675559 4
1755912154209 0.6101922209446247 5
1755912154237 0.5909076875601059 6
1755912154261 0.5756051143010458 7
1755912154284 0.521786684409166 8
1755912154303 0.5285669442934867 9
1755912154321 0.5918570947952759 10
1755912154341 0.5296689707499284 11
1755912154360 0.4950157159414047 12
1755912154378 0.46994972916749805 13
1755912154398 0.4940310090016096 14
1755912154416 0.4635968552185939 15
1755912154434 0.4455237350402734 16
1755912154453 0.43771165150862473 17
1755912154470 0.4259587770853287 18
1755912154487 0.441999057164559 19
1755912154504 0.4253622048940414 20
1755912154522 0.4049341961359366 21
1755912154541 0.403710778707113 22
1755912154561 0.3941840185568883 23
1755912154580 0.3844434359134772 24
1755912154598 0.3874696218050443 25
1755912154616 0.4594724396100411 26
1755912154634 0.4410198697677025 27
1755912154651 0.3759117080615117 28
1755912154670 0.3687664725077458 29
1755912154688 0.3716945013938806 30
1755912154707 0.35038685645812595 31
1755912154725 0.36181174791776216 32
1755912154744 0.36165205179116666 33
1755912154763 0.3758675379630847 34
1755912154784 0.3841818112593431 35
1755912154803 0.355771181675104 36
1755912154821 0.369390640885402 37
1755912154838 0.3672456015379001 38
1755912154856 0.3508596087877567 39
1755912154876 0.32242580636953694 40
1755912154895 0.34520055506473935 41
1755912269923 0.7079367339611053 1
1755912269994 0.5242187052965164 2
1755912270045 0.4722893714904785 3
1755912270098 0.4358829915523529 4
1755912270148 0.4406819432973862 5
1755912270199 0.45165897011756895 6
1755912270250 0.39730573296546934 7
1755912270300 0.3351419359445572 8
1755912270352 0.3115453541278839 9
1755912270403 0.31112278401851656 10
1755912270455 0.2999128341674805 11
1755912270505 0.27689488530158995 12
1755912270556 0.24802300781011583 13
1755912270609 0.24858843833208083 14
1755912270901 0.23852754086256028 15
1755912270952 0.2306863933801651 16
1755912271003 0.2254122868180275 17
1755912271060 0.22445229589939117 18
1755912271111 0.20385078638792037 19
1755912271162 0.19678114205598832 20
1755912271215 0.1994045540690422 21
1755912271264 0.19084565639495848 22
1755912271319 0.20525282323360444 23
1755912271373 0.19438353031873704 24
1755912271424 0.1973572388291359 25
1755912271475 0.20076608061790466 26
1755912271529 0.177129764854908 27
1755912271580 0.17705533653497696 28
1755912271631 0.1643245190382004 29
1755912271682 0.16267057359218598 30
1755912271733 0.17243070155382156 31
1755912271784 0.16570428162813186 32
1755912271835 0.17123824656009673 33
1755912271886 0.15577073097229005 34
1755912271938 0.15611043870449065 35
1755912271988 0.15002373084425927 36
1755912272040 0.1593219242990017 37
1755912272091 0.1443738743662834 38
1755912272143 0.1546377383172512 39
1755912272193 0.15147640854120253 40
1755912272244 0.14847943112254142 41
1755912272296 0.13035352230072023 42
1755912272348 0.13708250373601913 43
1755912272400 0.1241831362247467 44
1755912272454 0.13219275325536728 45
1755912272505 0.13892950117588043 46
1755912272556 0.1284330293536186 47
1755912272607 0.13465136140584946 48
1755912272657 0.1367463633418083 49
1755912272710 0.14230274707078933 50
1755912272761 0.12922741696238518 51
1755912358124 0.8284197688102722 1
1755912358608 0.7655496776103974 2
1755912359026 0.6703438997268677 3
1755912359437 0.6647589564323425 4
1755912359855 0.5462494045495987 5
1755912360154 0.49936866760253906 6
1755912360567 0.41174711287021637 7
1755912360983 0.38752748668193815 8
1755912361399 0.3753510475158691 9
1755912361814 0.3644396483898163 10
1755912362235 0.3714983969926834 11
1755912362538 0.31397777497768403 12
1755912362951 0.30735057294368745 13
1755912363354 0.3307750761508942 14
1755912363764 0.3427389204502106 15
1755912364170 0.3802603751420975 16
1755912364579 0.34232181012630464 17
1755912364987 0.2944175064563751 18
1755912365395 0.2851685345172882 19
1755912365693 0.2652622938156128 20
1755912366100 0.23211683332920074 21
1755912366508 0.2594151347875595 22
1755912366921 0.2846972018480301 23
1755912367328 0.2553796172142029 24
1755912367736 0.2552223905920982 25
1755912368150 0.2645772874355316 26
1755912368452 0.23482198864221573 27
1755912368868 0.23880373686552048 28
1755912369282 0.23160022795200347 29
1755912369706 0.23163335621356965 30
1755912370116 0.20644330531358718 31
1755912370523 0.2042274534702301 32
1755912370932 0.20643344521522522 33
1755912371344 0.21254028230905533 34
1755912371651 0.21274439096450806 35
1755912372071 0.19793159663677215 36
1755912372481 0.19682666510343552 37
1755912372888 0.2084171637892723 38
1755912373297 0.18289861232042312 39
1755912373710 0.17383611798286439 40
1755912374123 0.17193904221057893 41
1755912374551 0.1672036498785019 42
1755912374853 0.1689767837524414 43
1755912375270 0.17735610604286195 44
1755912375724 0.17360990196466447 45
1755912653628 0.9085694134235383 1
1755912657286 0.7993701815605163 2
1755912660393 0.7328600823879242 3
1755912663613 0.6036614060401917 4
1755912666990 0.557787424325943 5
1755912670514 0.4663000017404556 6
1755912674095 0.46385654211044314 7
1755912677703 0.39655084908008575 8
1755912681489 0.36344064474105836 9
1755912685702 0.3465270459651947 10
1755912689111 0.3545517444610596 11
1755912692309 0.33397101163864135 12
1755912695769 0.30757717192173006 13
1755912699626 0.3121473863720894 14
1755912703570 0.2904782548546791 15
1755912706832 0.29215218126773834 16
1755912710428 0.33889094889163973 17
1755912715222 0.3013726681470871 18
1755912718457 0.277981698513031 19
1755912721690 0.2614453598856926 20
1755912724889 0.27052109092473986 21
1755912728131 0.26343985497951505 22
1755912731352 0.24838603138923646 23
1755912734589 0.24035287499427796 24
1755912737988 0.2553547412157059 25
1755912741608 0.22384361773729325 26
1755912745458 0.21514900773763657 27
1755912749040 0.2092294380068779 28
1755912752647 0.1977676823735237 29
1755912756227 0.21116957068443298 30
1755912759869 0.21835258603096008 31
1755912763589 0.2684387981891632 32
1755912767256 0.2827125519514084 33
1755912770871 0.3104460507631302 34
1755912774500 0.2535748466849327 35
1755912778142 0.23719310611486435 36
1755912782134 0.2137504145503044 37
1755912785784 0.19043203741312026 38
1755912789418 0.1914787322282791 39
1755912793055 0.18746296912431717 40
