1756344088983 0.0002225770634981146 1
1756344088998 0.0004451541269962292 2
1756344089009 0.0006677311904943438 3
1756344089021 0.0008903082539924584 4
1756344089033 0.001112885317490573 5
1756344089044 0.001112885317490573 6
1756344089056 0.0011127548366469562 7
1756344089068 0.0011123634553643312 8
1756344089080 0.001111711357358623 9
1756344089091 0.0011107988487272194 10
1756344089103 0.001109626357805289 11
1756344089115 0.0011081944349647164 12
1756344089127 0.0011065037523557584 13
1756344089139 0.0011045551035915315 14
1756344089150 0.001102349403375488 15
1756344089162 0.0010998876870720513 16
1756344089174 0.0010971711102206094 17
1756344089186 0.0010942009479931025 18
1756344089198 0.0010909785945954508 19
1756344089210 0.00108750556261311 20
1756344089222 0.0010837834823010557 21
1756344089236 0.0010798141008185377 22
1756344089249 0.001075599281408954 23
1756344089261 0.0010711410025252398 24
1756344089273 0.0010664413569011705 25
1756344089286 0.0010615025505690276 26
1756344089298 0.0010563269018240757 27
1756344089311 0.0010509168401363468 28
1756344089323 0.0010452749050102377 29
1756344089335 0.0010394037447924555 30
1756344089348 0.0010333061154288743 31
1756344089360 0.0010269848791708825 32
1756344089373 0.0010204430032318304 33
1756344089385 0.0010136835583942098 34
1756344089398 0.0010067097175682153 35
1756344089410 0.000999524754302368 36
1756344089423 0.0009921320412468995 37
1756344089435 0.0009845350485706156 38
1756344089448 0.0009767373423319851 39
1756344089461 0.0009687425828052196 40
1756344089474 0.0009605545227621241 41
1756344089486 0.0009521770057105325 42
1756344089499 0.0009436139640901491 43
1756344089512 0.0009348694174266462 44
1756344089525 0.0009259474704448824 45
1756344089537 0.0009168523111421291 46
1756344089550 0.0009075882088222073 47
1756344089563 0.00089815951209146 48
1756344089576 0.0008885706468174987 49
1756344089589 0.0008788261140516842 50
1756344089602 0.0008689304879163144 51
1756344089615 0.0008588884134575139 52
1756344089629 0.0008487046044648312 53
1756344089642 0.0008383838412585656 54
1756344089655 0.000827930968445868 55
1756344089668 0.0008173508926466618 56
1756344089681 0.0008066485801904562 57
1756344089694 0.0007958290547851316 58
1756344089708 0.0007848973951587915 59
1756344089721 0.0007738587326757871 60
1756344089734 0.0007627182489280346 61
1756344089747 0.0007514811733027549 62
1756344089761 0.0007401527805277796 63
1756344089774 0.0007287383881955721 64
1756344089787 0.0007172433542671289 65
1756344089801 0.0007056730745569308 66
1756344089814 0.0006940329802001274 67
1756344089828 0.0006823285351031397 68
1756344089841 0.0006705652333788815 69
1756344089855 0.0006587485967678004 70
1756344089868 0.0006468841720459515 71
1756344089882 0.000634977528421318 72
1756344089895 0.0006230342549196039 73
1756344089909 0.0006110599577607228 74
1756344089923 0.000599060257727215 75
1756344089936 0.0005870407875258316 76
1756344089950 0.000575007189143519 77
1756344089964 0.000562965111199047 78
1756344089978 0.0005509202062915263 79
1756344089992 0.0005388781283470542 80
1756344090005 0.0005268445299647415 81
1756344090019 0.0005148250597633582 82
1756344090033 0.0005028253597298505 83
1756344090047 0.0004908510625709693 84
1756344090061 0.0004789077890692552 85
1756344090075 0.00046700114544462177 86
1756344090089 0.00045513672072277267 87
1756344090103 0.00044332008411169176 88
1756344090117 0.00043155678238743347 89
1756344090132 0.0004198523372904459 90
1756344090146 0.0004082122429336426 91
1756344090160 0.0003966419632234444 92
1756344090174 0.0003851469292950011 93
1756344090188 0.00037373253696279356 94
1756344090203 0.0003624041441878183 95
1756344090217 0.0003511670685625386 96
1756344090231 0.000340026584814786 97
1756344090246 0.00032898792233178163 98
1756344090260 0.00031805626270544165 99
1756344090275 0.00030723673730011724 100
1756344090289 0.0002965344248439114 101
1756344090304 0.00028595434904470513 102
1756344090318 0.00027550147623200754 103
1756344090333 0.0002651807130257421 104
