1756344106086 2.040021220842997 1
1756344106106 1.7509665886561077 2
1756344106124 1.7994649608929951 3
1756344106143 1.2352800965309143 4
1756344106161 0.9808700780073801 5
1756344106180 1.1393181681632996 6
1756344106198 0.6978093187014262 7
1756344106216 0.7120758096377054 8
1756344106235 0.6481799980004629 9
1756344106253 0.5706168909867605 10
1756344106272 0.48217525084813434 11
1756344106290 0.47180696328481037 12
1756344106309 0.44314882655938465 13
1756344106327 0.46669551233450574 14
1756344106346 0.3996361742417018 15
1756344106365 0.3620455016692479 16
1756344106384 0.3724619646867116 17
1756344106402 0.3734511236349742 18
1756344106421 0.35111941397190094 19
1756344106440 0.3359035750230153 20
1756344106458 0.3472302109003067 21
1756344106477 0.31988755365212757 22
1756344106496 0.30617886781692505 23
1756344106515 0.3058440685272217 24
1756344106534 0.2801435912648837 25
1756344106553 0.287322461605072 26
1756344106572 0.2851706047852834 27
1756344106591 0.27856838206450146 28
1756344106610 0.27141180137793225 29
1756344106629 0.25285790612300235 30
1756344106648 0.23106436183055243 31
1756344106667 0.2420015757282575 32
1756344106686 0.24442141751448312 33
1756344106705 0.24507771929105124 34
1756344106724 0.20829101651906967 35
1756344106744 0.21175109098354974 36
1756344106763 0.19754919658104578 37
1756344106783 0.19495435307423273 38
1756344106802 0.20174923539161682 39
1756344106821 0.1946127563714981 40
1756344106841 0.18141792714595795 41
1756344106860 0.17812222987413406 42
1756344106879 0.177152285973231 43
1756344106899 0.1712944284081459 44
1756344106918 0.17431774735450745 45
1756344106938 0.18538504342238107 46
1756344106957 0.18588726470867792 47
1756344106977 0.15809590617815653 48
1756344106996 0.164566899339358 49
1756344107016 0.14754891643921533 50
1756344107036 0.16191250334183374 51
1756344107055 0.14689099912842116 52
1756344107075 0.1419047291080157 53
1756344107095 0.15188066537181535 54
1756344107114 0.14326167354981104 55
1756344107134 0.1367067458728949 56
1756344107154 0.1346327612797419 57
1756344107174 0.1301684466501077 58
1756344107194 0.13577723875641823 59
1756344107214 0.12399106845259666 60
1756344107233 0.14086459328730902 61
1756344107253 0.1344227765997251 62
1756344107273 0.1292224327723185 63
1756344107293 0.13222925861676535 64
1756344107313 0.12454066673914592 65
1756344107333 0.12258173897862434 66
1756344107354 0.11113812153538068 67
1756344107374 0.11696060001850128 68
1756344107394 0.12048917636275291 69
1756344107414 0.11311335116624832 70
1756344107434 0.10261583079894383 71
1756344107455 0.10785471151272456 72
1756344107475 0.10754683737953503 73
1756344107495 0.10457120463252068 74
1756344107515 0.11079121381044388 75
1756344107536 0.10450702036420505 76
1756344107556 0.09274228041370709 77
1756344107577 0.1088496061662833 78
1756344107597 0.09670849020282428 79
1756344107618 0.10258898759881656 80
1756344107638 0.10292161007722218 81
1756344107659 0.09421419724822044 82
1756344107679 0.09848208477099736 83
1756344107700 0.10040368388096492 84
1756344107721 0.09547243764003117 85
1756344107741 0.08889736731847127 86
1756344107762 0.09596332783500354 87
1756344107783 0.10468459501862526 88
1756344107803 0.08839032178123792 89
1756344107824 0.09367832044760387 90
1756344107845 0.08777962997555733 91
1756344107866 0.08723813792069753 92
1756344107887 0.09664838016033173 93
1756344107908 0.0872187688946724 94
1756344107929 0.08404688288768132 95
1756344107950 0.08400060360630353 96
1756344107971 0.08542327831188838 97
1756344107991 0.08324579894542694 98
1756344108013 0.08547456189990044 99
1756344108034 0.08878643810749054 100
1756344108055 0.0787292222181956 101
1756344108076 0.08101120342810948 102
1756344108097 0.08455285554130872 103
1756344108118 0.07841870933771133 104
1756344108140 0.07899244874715805 105
1756344108161 0.08109701052308083 106
1756344108182 0.08083061377207439 107
1756344108204 0.07535949225227039 108
1756344108225 0.08691787098844846 109
1756344108246 0.07790196935335796 110
1756344108268 0.0750794243067503 111
1756344108289 0.07182737564047177 112
1756344108311 0.07891699795921643 113
1756344108332 0.0739819308121999 114
1756344108354 0.07052328810095787 115
1756344108375 0.0806594801445802 116
1756344108397 0.07714641590913136 117
1756344108419 0.07083830361564954 118
1756344108441 0.07488057638208072 119
1756344108462 0.07298679898182552 120
1756344108484 0.08039374525348346 121
1756344108506 0.0679155836502711 122
1756344108528 0.07419442385435104 123
1756344108550 0.07399718835949898 124
1756344108572 0.07084606836239497 125
1756344108593 0.06379057839512825 126
1756344108615 0.0698765218257904 127
1756344108637 0.07333635787169139 128
1756344108659 0.07561932938794295 129
1756344108681 0.07901730264226596 130
1756344108703 0.07030511709551017 131
1756344108724 0.07691848588486512 132
1756344108747 0.08179261659582455 133
1756344108769 0.06842118377486865 134
1756344108791 0.06645146198570728 135
