1756344074363 0.9703480899333954 1
1756344074370 1.0823163092136383 2
1756344074376 0.9565243124961853 3
1756344074382 0.8010875085989634 4
1756344074388 0.7464298109213511 5
1756344074394 0.7308211823304495 6
1756344074400 0.6521034836769104 7
1756344074406 0.6167891124884287 8
1756344074412 0.6083348592122396 9
1756344074418 0.5766046543916067 10
1756344074424 0.5827319423357645 11
1756344074430 0.57040736079216 12
1756344074436 0.5344250400861105 13
1756344074442 0.5117226441701254 14
1756344074448 0.5005593200524648 15
1756344074454 0.497619887193044 16
1756344074460 0.4804691771666209 17
1756344074467 0.46394047141075134 18
1756344074473 0.47141769031683606 19
1756344074479 0.45760874450206757 20
1756344074486 0.4616563022136688 21
1756344074492 0.46423471967379254 22
1756344074498 0.4408544252316157 23
1756344074505 0.436304971575737 24
1756344074511 0.43829164405663806 25
1756344074518 0.4334481805562973 26
1756344074524 0.4277763217687607 27
1756344074531 0.4114619493484497 28
1756344074537 0.40698691705862683 29
1756344074544 0.39856792489687604 30
1756344074551 0.40077854692935944 31
1756344074557 0.4028434157371521 32
1756344074564 0.40390195945898694 33
1756344074571 0.4009675284226735 34
1756344074577 0.3861776540676753 35
1756344074584 0.37945059935251874 36
1756344074591 0.3755282362302144 37
1756344074598 0.3790416717529297 38
1756344074605 0.36677464346090954 39
1756344074612 0.35933763285477954 40
1756344074618 0.348852202296257 41
1756344074625 0.3486643930276235 42
1756344074632 0.3619821270306905 43
1756344074639 0.35644016166528064 44
1756344074646 0.3328039099772771 45
1756344074653 0.355021854241689 46
1756344074661 0.3319794088602066 47
1756344074668 0.35006636877854663 48
1756344074675 0.33936749895413715 49
1756344074682 0.32388463119665784 50
1756344074689 0.32754174371560413 51
1756344074697 0.3410620739062627 52
1756344074704 0.33206863701343536 53
