1755975371425 0.0005769450401234253 1
1755975371429 0.0011538900802468507 2
1755975371434 0.0017308351203702763 3
1755975371438 0.0023077801604937014 4
1755975371442 0.002884725200617127 5
1755975371447 0.002884725200617127 6
1755975371451 0.0028843867926077607 7
1755975371456 0.0028833717274297233 8
1755975371460 0.002881680481558632 9
1755975371464 0.0028793138488720006 10
1755975371469 0.002876272940276592 11
1755975371473 0.002872559183186951 12
1755975371477 0.0028681743208553746 13
1755975371482 0.002863120411553618 14
1755975371486 0.002857399827606735 15
1755975371491 0.0028510152542795034 16
1755975371496 0.002843969688515944 17
1755975371500 0.0028362664375325476 18
1755975371505 0.002827909117265855 19
1755975371509 0.0028189016506751196 20
1755975371514 0.0028092482659008555 21
1755975371519 0.0027989534942801323 22
1755975371524 0.0027880221682195475 23
1755975371529 0.0027764594189268756 24
1755975371533 0.0027642706740024577 25
1755975371538 0.0027514616548914655 26
1755975371543 0.0027380383741982327 27
1755975371547 0.002724007132863913 28
1755975371554 0.0027093745172087954 29
1755975371560 0.002694147395840658 30
1755975371567 0.0026783329164306166 31
1755975371573 0.0026619385023579794 32
1755975371577 0.0026449718492256836 33
1755975371582 0.002627440921247949 34
1755975371587 0.0026093539475118437 35
1755975371592 0.002590719418114519 36
1755975371597 0.0025715460801779234 37
1755975371601 0.0025518429337428685 38
1755975371607 0.002531619227544375 39
1755975371612 0.0025108844546702803 40
1755975371617 0.002489648348105144 41
1755975371622 0.002467920876161546 42
1755975371627 0.002445712237800925 43
1755975371632 0.002423032857846139 44
1755975371637 0.00239989338208802 45
1755975371642 0.0023763046722881896 46
1755975371650 0.002352277801080512 47
1755975371655 0.0023278240467735503 48
1755975371661 0.002302954888056488 49
1755975371666 0.0022776819986109836 50
1755975371671 0.0022520172416315 51
1755975371677 0.002225972664256674 52
1755975371682 0.002199560491914341 53
1755975371687 0.0021727931225828698 54
1755975371694 0.002145683120971506 55
1755975371699 0.0021182432126224423 56
1755975371704 0.0020904862779374043 57
1755975371709 0.0020624253461315337 58
1755975371714 0.002034073589117427 59
1755975371719 0.002005444315322186 60
1755975371725 0.001976550963440388 61
1755975371730 0.0019474070961259114 62
1755975371735 0.0019180263936255727 63
1755975371741 0.0018884226473575617 64
1755975371747 0.0018586097534376979 65
1755975371752 0.0018286017061565356 66
1755975371758 0.001798412591410392 67
1755975371765 0.0017680565800893692 68
1755975371770 0.0017375479214254833 69
1755975371776 0.001706900936304018 70
1755975371783 0.001676130010541244 71
1755975371791 0.0016452495881316604 72
1755975371798 0.0016142741644679267 73
1755975371804 0.0015832182795366676 74
1755975371810 0.0015520965110933445 75
1755975371817 0.001520923467819401 76
1755975371823 0.001489713782464891 77
1755975371828 0.0014584821049798034 78
1755975371836 0.0014272430956373233 79
1755975371843 0.001396011418152236 80
1755975371850 0.0013648017327977256 81
1755975371857 0.0013336286895237826 82
1755975371863 0.0013025069210804597 83
1755975371869 0.0012714510361492 84
1755975371875 0.0012404756124854664 85
1755975371881 0.001209595190075883 86
1755975371887 0.0011788242643131087 87
1755975371893 0.0011481772791916438 88
1755975371899 0.0011176686205277577 89
1755975371905 0.001087312609206735 90
1755975371911 0.0010571234944605917 91
1755975371917 0.0010271154471794292 92
1755975371923 0.000997302553259565 93
1755975371928 0.0009676988069915543 94
1755975371934 0.0009383181044912155 95
1755975371941 0.0009091742371767394 96
1755975371947 0.0008802808852949414 97
1755975371954 0.0008516516114997 98
1755975371960 0.0008232998544855935 99
1755975371966 0.0007952389226797233 100
1755975371972 0.0007674819879946846 101
1755975371978 0.0007400420796456214 102
1755975371983 0.000712932078034257 103
1755975371989 0.0006861647087027863 104
1755975371995 0.0006597525363604529 105
1755975372001 0.0006337079589856272 106
1755975372007 0.000608043202006144 107
1755975372014 0.0005827703125606397 108
1755975372020 0.0005579011538435768 109
1755975372027 0.0005334473995366154 110
1755975372033 0.0005094205283289373 111
1755975372040 0.00048583181852910733 112
1755975372046 0.00046269234277098776 113
1755975372051 0.0004400129628162025 114
1755975372058 0.00041780432445558124 115
1755975372064 0.00039607685251198384 116
1755975372070 0.00037484074594684675 117
1755975372076 0.00035410597307275216 118
1755975372082 0.0003338822668742585 119
1755975372088 0.0003141791204392039 120
1755975372094 0.0002950057825026079 121
1755975372100 0.00027637125310528345 122
1755975372108 0.0002582842793691784 123
1755975372114 0.00024075335139144385 124
1755975372121 0.00022378669825914778 125
1755975372127 0.00020739228418651065 126
1755975372133 0.00019157780477646887 127
1755975372139 0.00017635068340833167 128
1755975372146 0.000161718067753214 129
1755975372152 0.00014768682641889464 130
1755975372159 0.0001342635457256618 131
1755975372165 0.00012145452661466945 132
1755975372172 0.00010926578169025142 133
1755975372178 9.77030323975795e-05 134
1755975372184 8.677170633699477e-05 135
1755975372191 7.647693471627185e-05 136
1755975372198 6.682354994200743e-05 137
1755975372207 5.781608335127183e-05 138
1755975372215 4.945876308457936e-05 139
1755975372223 4.17555121011832e-05 140
1755975372233 3.4709946337623643e-05 141
1755975372241 2.8325373010391737e-05 142
1755975372250 2.2604789063509488e-05 143
1755975372257 1.755087976175263e-05 144
1755975372264 1.3166017430175857e-05 145
1755975372271 9.452260340535283e-06 146
1755975372277 6.411351745126439e-06 147
1755975372283 4.0447190584950195e-06 148
1755975372290 2.3534731874035513e-06 149
1755975372296 1.3384080093660482e-06 150
