1755975371425 1.6032781728676386 1
1755975371429 1.436159691640309 2
1755975371434 1.0649491165365492 3
1755975371438 1.056011872632163 4
1755975371442 1.2311226427555084 5
1755975371447 0.813521717275892 6
1755975371451 0.6272007886852536 7
1755975371456 0.656016720192773 8
1755975371460 0.4984689716781889 9
1755975371464 0.4978660132203783 10
1755975371469 0.44108794203826357 11
1755975371473 0.39392591054950443 12
1755975371477 0.3853665611573628 13
1755975371482 0.3167079836130142 14
1755975371486 0.33096142751829966 15
1755975371491 0.34682170514549526 16
1755975371496 0.2722229851143701 17
1755975371500 0.2765332300748144 18
1755975371505 0.24323321878910065 19
1755975371509 0.25793064492089407 20
1755975371514 0.2644898093172482 21
1755975371519 0.24705335710729873 22
1755975371524 0.2455784816827093 23
1755975371529 0.21562518072979792 24
1755975371533 0.21994007911000932 25
1755975371538 0.21169240985597884 26
1755975371543 0.17306820728949138 27
1755975371547 0.14414779096841812 28
1755975371554 0.15500103416187422 29
1755975371560 0.16999386197754315 30
1755975371567 0.2916478557246072 31
1755975371573 0.2768834126847131 32
1755975371577 0.31311071876968655 33
1755975371582 0.2220247382564204 34
1755975371587 0.16020815074443817 35
1755975371592 0.1502422360437257 36
1755975371597 0.1389034672507218 37
1755975371601 0.15198046235101564 38
1755975371607 0.1402378651712622 39
1755975371612 0.13444001813020026 40
1755975371617 0.13227209076285362 41
1755975371622 0.1412195281258651 42
1755975371627 0.12315052694508008 43
1755975371632 0.13470170327595302 44
1755975371637 0.14799465824450767 45
1755975371642 0.13579497912100383 46
1755975371650 0.11333175748586655 47
1755975371655 0.13181971598948752 48
1755975371661 0.12859801123184816 49
1755975371666 0.11416248604655266 50
1755975371671 0.13323661631771497 51
1755975371677 0.12545979688210146 52
1755975371682 0.10937762100781713 53
1755975371687 0.10642165158476148 54
1755975371694 0.13585824838706426 55
1755975371699 0.12993177292602404 56
1755975371704 0.0858278830668756 57
1755975371709 0.08728977079902377 58
1755975371714 0.09537268323557717 59
1755975371719 0.1232670537595238 60
1755975371725 0.11550471133419446 61
1755975371730 0.08244126343301364 62
1755975371735 0.1205801402351686 63
1755975371741 0.13578628535781587 64
1755975371747 0.09424390723662716 65
1755975371752 0.07457240750747067 66
1755975371758 0.08473987797541278 67
1755975371765 0.06529879383742809 68
1755975371770 0.09633865313870567 69
1755975371776 0.08273537217506341 70
1755975371783 0.08288674615323544 71
1755975371791 0.09941462453986917 72
1755975371798 0.080253680901868 73
1755975371804 0.08621419300990445 74
1755975371810 0.07465311592178685 75
1755975371817 0.08511207093085561 76
1755975371823 0.08020224954400744 77
1755975371828 0.09013486493911062 78
1755975371836 0.07863385283521243 79
1755975371843 0.09320579203111785 80
1755975371850 0.07498031694974218 81
1755975371857 0.07347862369247846 82
1755975371863 0.08257595529513699 83
1755975371869 0.07052326415266309 84
1755975371875 0.07740203796752862 85
1755975371881 0.08369728071349007 86
1755975371887 0.05876821146479675 87
1755975371893 0.07430284417101315 88
1755975371899 0.06547843691493783 89
1755975371905 0.055553742817470005 90
1755975371911 0.0635461195238999 91
1755975371917 0.05318844757441964 92
1755975371923 0.06673936040273734 93
1755975371928 0.06902892807764667 94
1755975371934 0.06560993833201272 95
1755975371941 0.04863091065947499 96
1755975371947 0.06118606563125338 97
1755975371954 0.04761797655373812 98
1755975371960 0.046907730134470124 99
1755975371966 0.055489448830485344 100
1755975371972 0.041520653292536736 101
1755975371978 0.046450021277580945 102
1755975371983 0.045289182636354654 103
1755975371989 0.05019999987312725 104
1755975371995 0.048845289408096244 105
1755975372001 0.04362836120916264 106
1755975372007 0.06518713544522013 107
1755975372014 0.06107932595270021 108
1755975372020 0.05553472467831203 109
1755975372027 0.04691289724516017 110
1755975372033 0.04438190108963421 111
1755975372040 0.04811520009700741 112
1755975372046 0.048962212832910676 113
1755975372051 0.047269314261419434 114
1755975372058 0.04806011728942394 115
1755975372064 0.049187074548431804 116
1755975372070 0.05142038515103715 117
1755975372076 0.0638740359406386 118
1755975372082 0.040781364643148015 119
1755975372088 0.042000171462340016 120
1755975372094 0.038989429362118244 121
1755975372100 0.036565221047827175 122
1755975372108 0.036956356439207284 123
1755975372114 0.03428843870226826 124
1755975372121 0.033681672997772694 125
1755975372127 0.0385205318619098 126
1755975372133 0.03384687245956489 127
1755975372139 0.03371493664703199 128
1755975372146 0.03416833960052047 129
1755975372152 0.041219944799585004 130
1755975372159 0.03857759452824082 131
1755975372165 0.032224398771567006 132
1755975372172 0.033049010538629124 133
1755975372178 0.03341401434902634 134
1755975372184 0.034844470609511645 135
1755975372191 0.03532830931778465 136
1755975372198 0.040398347723696916 137
1755975372207 0.03655106108635664 138
1755975372215 0.039185765864593644 139
1755975372223 0.03495792844997985 140
1755975372233 0.03582594290907894 141
1755975372241 0.03298067221684115 142
1755975372250 0.03515892010182142 143
1755975372257 0.04209243519497769 144
1755975372264 0.033794301162873 145
1755975372271 0.034348905352609496 146
1755975372277 0.029791533946990967 147
1755975372283 0.03352595267019102 148
1755975372290 0.03144295047968626 149
1755975372296 0.032007994529392035 150
