1755975371425 0.8221541132245745 1
1755975371429 0.7959421915667397 2
1755975371434 0.6869412916047233 3
1755975371438 0.6733088961669377 4
1755975371442 0.6832721914563861 5
1755975371447 0.6131638714245388 6
1755975371451 0.5564398212092263 7
1755975371456 0.5433963111468724 8
1755975371460 0.506359189748764 9
1755975371464 0.49812972971371244 10
1755975371469 0.47621345945766996 11
1755975371473 0.44348990491458345 12
1755975371477 0.4398972690105438 13
1755975371482 0.40099826880863737 14
1755975371486 0.4048463595764978 15
1755975371491 0.4113577050822122 16
1755975371496 0.37052926208291737 17
1755975371500 0.3710416385105678 18
1755975371505 0.3576449177094868 19
1755975371509 0.34640316665172577 20
1755975371514 0.3635378118072237 21
1755975371519 0.36479178283895763 22
1755975371524 0.35214172090802875 23
1755975371529 0.3186353253466742 24
1755975371533 0.3204508253506252 25
1755975371538 0.3086211809090206 26
1755975371543 0.2781442755034992 27
1755975371547 0.2774678074887821 28
1755975371554 0.28127637931278776 29
1755975371560 0.27343433243887766 30
1755975371567 0.33663850809846607 31
1755975371573 0.3543436899781227 32
1755975371577 0.35679900646209717 33
1755975371582 0.319227754005364 34
1755975371587 0.28622840344905853 35
1755975371592 0.27355613878795076 36
1755975371597 0.25505845355136053 37
1755975371601 0.2567352546112878 38
1755975371607 0.2558911847216742 39
1755975371612 0.2403964517371995 40
1755975371617 0.24947370163031987 41
1755975371622 0.25504198883261 42
1755975371627 0.2382573527949197 43
1755975371632 0.240849963256291 44
1755975371637 0.24921499618462153 45
1755975371642 0.24337671910013473 46
1755975371650 0.23042464788470948 47
1755975371655 0.2399683286036764 48
1755975371661 0.22563260900122778 49
1755975371666 0.23093126394918986 50
1755975371671 0.2256090577159609 51
1755975371677 0.24211677270276205 52
1755975371682 0.23238605473722732 53
1755975371687 0.2337299053158079 54
1755975371694 0.23670548732791627 55
1755975371699 0.2391164962734495 56
1755975371704 0.20171537143843515 57
1755975371709 0.20171102668557847 58
1755975371714 0.2121060916355678 59
1755975371719 0.2200673765369824 60
1755975371725 0.22280959891421454 61
1755975371730 0.20615135984761374 62
1755975371735 0.2143377321107047 63
1755975371741 0.22693448194435664 64
1755975371747 0.21017832841191972 65
1755975371752 0.18903631397656032 66
1755975371758 0.19447368809155055 67
1755975371765 0.1799941999571664 68
1755975371770 0.20315924073968614 69
1755975371776 0.19344314081328257 70
1755975371783 0.1887596994638443 71
1755975371791 0.20139176079205104 72
1755975371798 0.19040123160396302 73
1755975371804 0.19247291662863322 74
1755975371810 0.19392751902341843 75
1755975371817 0.1958849909050124 76
1755975371823 0.183953552373818 77
1755975371828 0.19143285495894297 78
1755975371836 0.17651199230125972 79
1755975371843 0.19245362068925584 80
1755975371850 0.18698920735291072 81
1755975371857 0.19076421218258993 82
1755975371863 0.1759201937488147 83
1755975371869 0.1655334574835641 84
1755975371875 0.17362655379942485 85
1755975371881 0.17835702747106552 86
1755975371887 0.16821481606789998 87
1755975371893 0.1660877838730812 88
1755975371899 0.16909361417804444 89
1755975371905 0.15701640503747122 90
1755975371911 0.16479200231177465 91
1755975371917 0.15931026211806706 92
1755975371923 0.16011877677270345 93
1755975371928 0.16156585195234843 94
1755975371934 0.163781682827643 95
1755975371941 0.15279700394187654 96
1755975371947 0.15460996702313423 97
1755975371954 0.14617824022259032 98
1755975371960 0.1448940331382411 99
1755975371966 0.15528306045702525 100
1755975371972 0.14344526188714163 101
1755975371978 0.1477311493030616 102
1755975371983 0.1422162875533104 103
1755975371989 0.14321983020220483 104
1755975371995 0.14797578964914596 105
1755975372001 0.13465831109455653 106
1755975372007 0.1573627106845379 107
1755975372014 0.16505454693521773 108
1755975372020 0.155231702540602 109
1755975372027 0.1474729542221342 110
1755975372033 0.1424658734883581 111
1755975372040 0.14649401232600212 112
1755975372046 0.14085746609738894 113
1755975372051 0.14541143391813552 114
1755975372058 0.145217735852514 115
1755975372064 0.15163469314575195 116
1755975372070 0.15021715951817377 117
1755975372076 0.14966507202812604 118
1755975372082 0.13446699189288275 119
1755975372088 0.13784803875855037 120
1755975372094 0.13318971012319838 121
1755975372100 0.13134127589208738 122
1755975372108 0.12691279447504453 123
1755975372114 0.12908709794282913 124
1755975372121 0.12740408575960568 125
1755975372127 0.12683184444904327 126
1755975372133 0.12591729579227312 127
1755975372139 0.1268730168896062 128
1755975372146 0.1357509387390954 129
1755975372152 0.12679210464869226 130
1755975372159 0.1261903244469847 131
1755975372165 0.12079305148550443 132
1755975372172 0.12171032439385142 133
1755975372178 0.1321838902575629 134
1755975372184 0.12552830736551965 135
1755975372191 0.1296908530805792 136
1755975372198 0.1289115228823253 137
1755975372207 0.12927063235214778 138
1755975372215 0.12907239635075843 139
1755975372223 0.12655809362019813 140
1755975372233 0.12557663662093027 141
1755975372241 0.11993987060018949 142
1755975372250 0.1323456716324602 143
1755975372257 0.13208758352058275 144
1755975372264 0.1265275233558246 145
1755975372271 0.12555501290730067 146
1755975372277 0.12299091528568949 147
1755975372283 0.12217182027442115 148
1755975372290 0.11902254660214696 149
1755975372296 0.12449289219720024 150
