1756053330908 0.0007542684402629331 1
1756053330922 0.0015085368805258662 2
1756053330930 0.0022628053207887993 3
1756053330938 0.0030170737610517324 4
1756053330946 0.0037713422013146655 5
1756053330954 0.0037713422013146655 6
1756053330962 0.0037703114978542827 7
1756053330970 0.0037672205145322353 8
1756053330978 0.003762072631293405 9
1756053330986 0.0037548734772725333 10
1756053330996 0.003745630924638844 11
1756053331004 0.0037343550799879455 12
1756053331014 0.003721058273290412 13
1756053331023 0.0037057550444091467 14
1756053331032 0.003688462127200251 15
1756053331041 0.0036691984312148002 16
1756053331050 0.0036479850210215294 17
1756053331059 0.0036248450931730307 18
1756053331068 0.003599803950840671 19
1756053331077 0.003572888976145939 20
1756053331086 0.003544129600218503 21
1756053331095 0.0035135572710136985 22
1756053331103 0.0034812054189246513 23
1756053331112 0.003447109420226637 24
1756053331121 0.0034113065583936397 25
1756053331130 0.0033738359833294204 26
1756053331139 0.0033347386685576752 27
1756053331148 0.003294057366418085 28
1756053331157 0.0032518365613172636 29
1756053331167 0.0032081224210857083 30
1756053331176 0.0031629627464939596 31
1756053331185 0.0031164069189831534 32
1756053331194 0.0030685058466671483 33
1756053331204 0.0030193119086652457 34
1756053331213 0.0029688788978263917 35
1756053331222 0.002917261961907489 36
1756053331231 0.0028645175432701333 37
1756053331241 0.002810703317161718 38
1756053331251 0.0027558781286484 39
1756053331260 0.002700101928268883 40
1756053331270 0.0026434357064793862 41
1756053331280 0.002585941426961469 42
1756053331289 0.0025276819588656626 43
1756053331298 0.0024687210080649733 44
1756053331307 0.002409123047493445 45
1756053331316 0.002348953246645955 46
1756053331325 0.002288277400316325 47
1756053331334 0.0022271618566516833 48
1756053331343 0.002165673444601737 49
1756053331352 0.0021038794008423002 50
1756053331362 0.002041847296252972 51
1756053331371 0.0019796449620293746 52
1756053331381 0.0019173404155107363 53
1756053331389 0.001855001785803929 54
1756053331399 0.0017926972392852908 55
1756053331407 0.001730494905061694 56
1756053331417 0.0016684628004723654 57
1756053331426 0.0016066687567129283 58
1756053331436 0.001545180344662983 59
1756053331445 0.001484064800998341 60
1756053331454 0.0014233889546687109 61
1756053331463 0.0013632191538212209 62
1756053331472 0.0013036211932496923 63
1756053331482 0.0012446602424490026 64
1756053331491 0.0011864007743531961 65
1756053331500 0.0011289064948352798 66
1756053331509 0.0010722402730457823 67
1756053331518 0.001016464072666266 68
1756053331528 0.0009616388841529487 69
