1756053290497 1.099154031276703 1
1756053290506 0.9926213920116425 2
1756053290512 0.9082506358623504 3
1756053290517 0.7185184955596924 4
1756053290522 0.6317194998264313 5
1756053290526 0.569254869222641 6
1756053290535 0.607890659570694 7
1756053290541 0.5637143135070801 8
1756053290548 0.46980996131896974 9
1756053290557 0.43756484389305117 10
1756053290562 0.3918534517288208 11
1756053290566 0.41967121660709383 12
1756053290571 0.41813519299030305 13
1756053290576 0.38651556670665743 14
1756053290581 0.36726721227169035 15
1756053290586 0.3256535679101944 16
1756053290592 0.3090395092964172 17
1756053290597 0.2909659057855606 18
1756053290601 0.3157712757587433 19
1756053290607 0.33476007878780367 20
1756053290612 0.37314008474349974 21
1756053290617 0.33545011281967163 22
1756053290623 0.2921056002378464 23
1756053290628 0.31794936060905454 24
1756053290633 0.30101947486400604 25
1756053290639 0.2811022400856018 26
1756053290644 0.2688224971294403 27
1756053290649 0.27646201848983765 28
1756053290653 0.26557894647121427 29
1756053290659 0.27749059796333314 30
1756053290664 0.26710091680288317 31
1756053290670 0.23991925567388533 32
1756053290676 0.2554421827197075 33
1756053290680 0.2356826677918434 34
1756053290685 0.26880652606487276 35
1756053290691 0.25872249603271485 36
1756053290697 0.24207665920257568 37
1756053290702 0.2381766825914383 38
1756053290707 0.21929058730602263 39
1756053290713 0.20892510563135147 40
1756053290718 0.20009010136127472 41
1756053290724 0.1795943036675453 42
1756053290728 0.17921193689107895 43
1756053290734 0.1951385259628296 44
1756053290739 0.1718660667538643 45
1756053290745 0.1920693188905716 46
1756053290750 0.22683242112398147 47
1756053290756 0.20050483494997023 48
1756053290761 0.17714450061321257 49
1756053290767 0.1859168142080307 50
1756053290773 0.18033657521009444 51
1756053290778 0.173106150329113 52
1756053290783 0.16304748356342316 53
1756053290790 0.14195749908685684 54
1756053290795 0.15672111958265306 55
1756053290800 0.153923412412405 56
1756053290806 0.1592211440205574 57
1756053290811 0.14720239490270615 58
1756053290816 0.14786057770252228 59
1756053290821 0.14136509820818902 60
1756053290827 0.13933493345975875 61
1756053290832 0.13894338309764862 62
1756053290838 0.15011921226978303 63
1756053290844 0.1549984484910965 64
1756053290851 0.15001053288578986 65
1756053290857 0.1600363537669182 66
1756053290863 0.143601743131876 67
1756053290868 0.13874935135245323 68
1756053290875 0.14280468299984933 69
1756053290882 0.13263782411813735 70
1756053290887 0.135476016998291 71
1756053290893 0.12202004864811897 72
1756053290899 0.13375380486249924 73
1756053290905 0.12043963447213173 74
1756053290912 0.1094434067606926 75
1756053290917 0.110134157538414 76
1756053290924 0.11413216292858124 77
1756053290930 0.11437585130333901 78
1756053290937 0.11362053975462913 79
1756053290943 0.11344529613852501 80
1756053290949 0.0964136429131031 81
1756053290955 0.09734044522047043 82
1756053290961 0.09065931662917137 83
1756053290968 0.10371106192469597 84
1756053290974 0.0963137149810791 85
1756053290979 0.10027337297797204 86
1756053290985 0.10330301597714424 87
1756053290992 0.09915856793522834 88
1756053290998 0.08743975535035134 89
1756053291004 0.09469591528177261 90
