1756053290497 3.2904958724975586 1
1756053290506 2.7180327773094177 2
1756053290512 1.7708115696907043 3
1756053290517 0.8999409258365632 4
1756053290522 0.7511775135993958 5
1756053290526 0.7336605131626129 6
1756053290535 0.6635456919670105 7
1756053290541 0.5735882967710495 8
1756053290548 0.4035127848386765 9
1756053290557 0.32927682250738144 10
1756053290562 0.28376064300537107 11
1756053290566 0.3509808048605919 12
1756053290571 0.32531376034021375 13
1756053290576 0.26285958886146543 14
1756053290581 0.23269687592983246 15
1756053290586 0.1856753021478653 16
1756053290592 0.16738190427422522 17
1756053290597 0.15672298967838288 18
1756053290601 0.20131106451153755 19
1756053290607 0.24906119406223298 20
1756053290612 0.29822137355804446 21
1756053290617 0.21561026200652122 22
1756053290623 0.1647694230079651 23
1756053290628 0.168683759868145 24
1756053290633 0.15711429715156555 25
1756053290639 0.13710852488875389 26
1756053290644 0.12689939886331558 27
1756053290649 0.13894397392868996 28
1756053290653 0.1451456293463707 29
1756053290659 0.12876351326704025 30
1756053290664 0.16214789301156998 31
1756053290670 0.1088508777320385 32
1756053290676 0.11813302114605903 33
1756053290680 0.09897247217595577 34
1756053290685 0.13054059818387032 35
1756053290691 0.12761025875806808 36
1756053290697 0.12339343577623367 37
1756053290702 0.1016667753458023 38
1756053290707 0.08659830316901207 39
1756053290713 0.07446894533932209 40
1756053290718 0.06704512275755406 41
1756053290724 0.05106781870126724 42
1756053290728 0.05214633457362652 43
1756053290734 0.06458125002682209 44
1756053290739 0.049907784536480905 45
1756053290745 0.0570403303951025 46
1756053290750 0.09240414053201676 47
1756053290756 0.0702500194311142 48
1756053290761 0.055012718215584754 49
1756053290767 0.061933428049087524 50
1756053290773 0.05978456027805805 51
1756053290778 0.05336043648421764 52
1756053290783 0.044172263517975804 53
1756053290790 0.037007365562021735 54
1756053290795 0.04347668569535017 55
1756053290800 0.041989715211093424 56
1756053290806 0.043780607357621196 57
1756053290811 0.0372025016695261 58
1756053290816 0.03644114471971989 59
1756053290821 0.03590419925749302 60
1756053290827 0.04040712537243962 61
1756053290832 0.04167495798319578 62
1756053290838 0.03980875853449106 63
1756053290844 0.04516002777963877 64
1756053290851 0.041842193156480786 65
1756053290857 0.051689908280968665 66
1756053290863 0.039773153327405456 67
1756053290868 0.034941122867166996 68
1756053290875 0.03884134795516729 69
1756053290882 0.03287508143112063 70
1756053290887 0.032325228303670885 71
1756053290893 0.028279782738536596 72
1756053290899 0.03093151319772005 73
1756053290905 0.02806690540164709 74
1756053290912 0.018583467230200768 75
1756053290917 0.0199084491468966 76
1756053290924 0.021390669234097003 77
1756053290930 0.021706136129796504 78
1756053290937 0.020965236611664294 79
1756053290943 0.021768881101161243 80
1756053290949 0.01437785462476313 81
1756053290955 0.01735197277739644 82
1756053290961 0.014180727675557137 83
1756053290968 0.018136396445333956 84
1756053290974 0.015828908141702413 85
1756053290979 0.016238977015018464 86
1756053290985 0.017259585857391357 87
1756053290992 0.0190762703306973 88
1756053290998 0.012777877692133188 89
1756053291004 0.014908843394368886 90
