1756053330908 1.0444569706916809 1
1756053330922 0.8702910602092743 2
1756053330930 0.6803562819957734 3
1756053330938 0.6251221001148224 4
1756053330946 0.5926765531301499 5
1756053330954 0.4962357133626938 6
1756053330962 0.4536719977855682 7
1756053330970 0.4369459807872772 8
1756053330978 0.4267125904560089 9
1756053330986 0.4431720346212387 10
1756053330996 0.4104375928640366 11
1756053331004 0.47598413825035096 12
1756053331014 0.4754807442426682 13
1756053331023 0.40919595658779145 14
1756053331032 0.36521839797496797 15
1756053331041 0.3435808837413788 16
1756053331050 0.347175669670105 17
1756053331059 0.3238519340753555 18
1756053331068 0.28264131844043733 19
1756053331077 0.286357381939888 20
1756053331086 0.2793073862791061 21
1756053331095 0.2824036866426468 22
1756053331103 0.28527683615684507 23
1756053331112 0.2902964174747467 24
1756053331121 0.26252979338169097 25
1756053331130 0.24800501763820648 26
1756053331139 0.2543835029006004 27
1756053331148 0.23805051296949387 28
1756053331157 0.24167713522911072 29
1756053331167 0.2228770911693573 30
1756053331176 0.2231409728527069 31
1756053331185 0.20664804726839064 32
1756053331194 0.1924394503235817 33
1756053331204 0.20041053593158722 34
1756053331213 0.1979214608669281 35
1756053331222 0.1797184631228447 36
1756053331231 0.17656295150518417 37
1756053331241 0.19365515410900117 38
1756053331251 0.1937728136777878 39
1756053331260 0.18496128618717195 40
1756053331270 0.2088247701525688 41
1756053331280 0.18361561447381974 42
1756053331289 0.20974650233983994 43
1756053331298 0.18831310868263246 44
1756053331307 0.18740124255418777 45
1756053331316 0.16897607296705247 46
1756053331325 0.1621180556714535 47
1756053331334 0.17360409051179887 48
1756053331343 0.15946373268961905 49
1756053331352 0.14573074132204056 50
1756053331362 0.1507553741335869 51
1756053331371 0.14366736337542535 52
1756053331381 0.16155475676059722 53
1756053331389 0.138430817425251 54
1756053331399 0.12993890941143035 55
1756053331407 0.12832798287272454 56
1756053331417 0.13139694482088088 57
1756053331426 0.12547173649072646 58
1756053331436 0.1274466797709465 59
1756053331445 0.137983288615942 60
1756053331454 0.12860836312174798 61
1756053331463 0.12571684569120406 62
1756053331472 0.11496308073401451 63
1756053331482 0.10897394344210624 64
1756053331491 0.10478019788861274 65
1756053331500 0.11831098422408104 66
1756053331509 0.11836443617939948 67
1756053331518 0.12373332232236862 68
1756053331528 0.11079825237393379 69
