1755988710348 0.0005245138027474432 1
1755988710381 0.0010490276054948863 2
1755988710390 0.0015735414082423294 3
1755988710397 0.0020980552109897727 4
1755988710406 0.0026225690137372157 5
1755988710414 0.0026225690137372157 6
1755988710422 0.0026218523519304575 7
1755988710429 0.0026197031501693463 8
1755988710437 0.002616123758574454 9
1755988710445 0.0026111180911579366 10
1755988710454 0.0026046916215436227 11
1755988710463 0.0025968513769816823 12
1755988710471 0.0025876059306644355 13
1755988710478 0.0025769653923516885 14
1755988710487 0.002564941397315865 15
1755988710495 0.002551547093619001 16
1755988710502 0.002536797127735537 17
1755988710510 0.0025207076285366082 18
1755988710519 0.0025032961896533663 19
1755988710530 0.0024845818502385974 20
1755988710538 0.00246458507414769 21
1755988710546 0.0024433277275617113 22
1755988710555 0.002420833055077054 23
1755988710563 0.002397125654287818 24
1755988710571 0.002372231448888697 25
1755988710580 0.0023461776603278016 26
1755988710588 0.0023189927780404066 27
1755988710596 0.0022907065282961677 28
1755988710604 0.0022613498416938858 29
1755988710612 0.00223095481933935 30
1755988710620 0.0021995546977432506 31
1755988710628 0.00216718381247754 32
1755988710636 0.0021338775606299923 33
