1755988710348 1.9106839537620544 1
1755988710381 1.270377081632614 2
1755988710390 1.0449333548545838 3
1755988710397 0.8827257931232453 4
1755988710406 0.7501538574695588 5
1755988710414 0.7693598687648773 6
1755988710422 0.6181239247322082 7
1755988710429 0.5894989222288132 8
1755988710437 0.46263172626495364 9
1755988710445 0.4527779817581177 10
1755988710454 0.33340092450380326 11
1755988710463 0.2721333310008049 12
1755988710471 0.25019099861383437 13
1755988710478 0.2644532650709152 14
1755988710487 0.2502840369939804 15
1755988710495 0.2133565217256546 16
1755988710502 0.16029650568962098 17
1755988710510 0.15839653313159943 18
1755988710519 0.15314976349473 19
1755988710530 0.11645961254835129 20
1755988710538 0.1016128696501255 21
1755988710546 0.08129908218979835 22
1755988710555 0.08164516352117061 23
1755988710563 0.07473554797470569 24
1755988710571 0.0789396621286869 25
1755988710580 0.10582655817270278 26
1755988710588 0.09467505067586898 27
1755988710596 0.0872285921126604 28
1755988710604 0.08807921856641769 29
1755988710612 0.07865316867828369 30
1755988710620 0.10688515231013299 31
1755988710628 0.12254731357097626 32
1755988710636 0.144228258728981 33
