1755988710348 3.1433425545692444 1
1755988710381 1.7629874348640442 2
1755988710390 1.4114494740962982 3
1755988710397 0.9546730995178223 4
1755988710406 0.9007683634757996 5
1755988710414 0.9420523643493652 6
1755988710422 0.7355244785547257 7
1755988710429 0.7535979866981506 8
1755988710437 0.5772763282060623 9
1755988710445 0.5553575724363327 10
1755988710454 0.37219793200492857 11
1755988710463 0.3425093501806259 12
1755988710471 0.2694598287343979 13
1755988710478 0.32128280997276304 14
1755988710487 0.25717198848724365 15
1755988710495 0.23267349004745483 16
1755988710502 0.1721040427684784 17
1755988710510 0.1805199109017849 18
1755988710519 0.1582330957055092 19
1755988710530 0.12584312185645102 20
1755988710538 0.11293045803904533 21
1755988710546 0.08762859776616097 22
1755988710555 0.08028783276677132 23
1755988710563 0.08301207795739174 24
1755988710571 0.09772017672657966 25
1755988710580 0.1296939343214035 26
1755988710588 0.11629107519984246 27
1755988710596 0.09442436322569847 28
1755988710604 0.09460183531045914 29
1755988710612 0.09741639383137227 30
1755988710620 0.14501399919390678 31
1755988710628 0.1664829969406128 32
1755988710636 0.1819652408361435 33
