1755988683518 1.1191683650016784 1
1755988683526 0.9511025369167327 2
1755988683531 0.8590381979942322 3
1755988683535 0.7230531454086304 4
1755988683539 0.6432568728923798 5
1755988683544 0.5810068607330322 6
1755988683548 0.5374685227870941 7
1755988683553 0.4990230053663254 8
1755988683557 0.4489635765552521 9
1755988683561 0.4760000556707382 10
1755988683566 0.4244904160499573 11
1755988683570 0.37396433055400846 12
1755988683575 0.385397857427597 13
1755988683580 0.32234965562820433 14
1755988683584 0.32144530713558195 15
1755988683588 0.29895348846912384 16
1755988683593 0.2773277714848518 17
1755988683598 0.2748887866735458 18
1755988683602 0.2621979400515556 19
1755988683607 0.2499739870429039 20
1755988683612 0.25102450847625735 21
1755988683616 0.2660482242703438 22
1755988683621 0.26494605392217635 23
1755988683626 0.3077193766832352 24
1755988683631 0.2636663392186165 25
1755988683635 0.2559557005763054 26
1755988683640 0.25983501225709915 27
1755988683645 0.2785952091217041 28
1755988683650 0.2661383643746376 29
1755988683654 0.24073028117418288 30
1755988683659 0.25121346563100816 31
1755988683664 0.24108256548643112 32
1755988683669 0.23238788545131683 33
1755988683673 0.2203395411372185 34
1755988683678 0.21892935037612915 35
1755988683683 0.21438806354999543 36
1755988683688 0.22680530548095704 37
1755988683693 0.2318892151117325 38
1755988683698 0.20787653028964997 39
1755988683703 0.2140739381313324 40
1755988683708 0.21095215082168578 41
1755988683713 0.2134634420275688 42
1755988683717 0.19349608570337296 43
1755988683723 0.18086110353469848 44
1755988683728 0.19094520509243013 45
1755988683733 0.17066539078950882 46
1755988683738 0.1711241766810417 47
