1755913604945 0.8874432682991028 1
1755913604957 0.7406859338283539 2
1755913604961 0.6676597356796264 3
1755913604966 0.6515907526016236 4
1755913604974 0.5132461607456207 5
1755913604987 0.477578142285347 6
1755913604994 0.4513298898935318 7
1755913605000 0.4015130430459976 8
1755913605005 0.40640184581279754 9
1755913605010 0.3828270435333252 10
1755913605015 0.33667805790901184 11
1755913605020 0.32253111004829405 12
1755913605024 0.3065194398164749 13
1755913605029 0.29309077113866805 14
1755913605033 0.291621333360672 15
1755913605037 0.3261119157075882 16
1755913605042 0.2761833518743515 17
1755913605047 0.2887107491493225 18
1755913605051 0.2576799675822258 19
1755913605057 0.2503864333033562 20
1755913605062 0.2631096005439758 21
1755913605067 0.23390063494443894 22
1755913605072 0.22101605087518691 23
1755913605077 0.2494451954960823 24
1755913605081 0.23547201454639435 25
1755913605087 0.2472791016101837 26
1755913605092 0.30563358664512635 27
1755913605096 0.2503179728984833 28
1755913605101 0.24024628698825837 29
1755913605106 0.21484404653310776 30
1755913605111 0.1963950663805008 31
1755913605117 0.19211592823266982 32
1755913605122 0.19385404884815216 33
1755913605128 0.1962928757071495 34
1755913605134 0.1893051117658615 35
1755913605139 0.17713710218667983 36
1755913605145 0.17592959851026535 37
1755913605150 0.16780589520931244 38
1755913605156 0.18145817816257476 39
1755913605162 0.1860096499323845 40
1755913605167 0.15434320718050004 41
1755913605172 0.1760835565626621 42
1755913605177 0.1826012447476387 43
1755913605182 0.2178758502006531 44
1755913605187 0.21368353217840194 45
