1755913631197 0.001259342534272624 1
1755913631211 0.002518685068545248 2
1755913631218 0.0037780276028178727 3
1755913631223 0.005037370137090496 4
1755913631230 0.006296712671363121 5
1755913631236 0.006296712671363121 6
1755913631241 0.006294991604019767 7
1755913631247 0.006289830283951578 8
1755913631253 0.006281234354986271 9
1755913631260 0.006269213216645965 10
1755913631266 0.006253780013868942 11
1755913631273 0.006234951622635851 12
1755913631279 0.00621274863151607 13
1755913631285 0.006187195319154407 14
1755913631290 0.00615831962772276 15
1755913631297 0.00612615313236576 16
1755913631304 0.006090731006673819 17
1755913631311 0.006052091984221315 18
1755913631317 0.006010278316212009 19
1755913631323 0.0059653357252779675 20
1755913631329 0.005917313355482535 21
1755913631335 0.005866263718582028 22
1755913631341 0.005812242636604891 23
1755913631348 0.005755309180811139 24
1755913631355 0.005695525607098792 25
1755913631361 0.005632957287927972 26
1755913631367 0.005567672640837074 27
1755913631374 0.00549974305362919 28
1755913631380 0.005429242806310602 29
1755913631386 0.0053562489898666766 30
1755913631392 0.005280841421964015 31
1755913631398 0.00520310255967099 32
1755913631406 0.005123117409292174 33
1755913631413 0.0050409734334151725 34
1755913631420 0.004956760455271582 35
1755913631429 0.004870570560516602 36
1755913631436 0.004782497996534718 37
1755913631443 0.004692639069381576 38
1755913631451 0.004601092038474723 39
1755913631458 0.004507957009148374 40
1755913631464 0.004413335823189706 41
1755913631471 0.004317331947476346 42
1755913631477 0.004220050360836877 43
1755913631484 0.004121597439258012 44
1755913631491 0.004022080839564027 45
1755913631497 0.003921609381695599 46
1755913631504 0.0038202929297168017 47
1755913631511 0.003718242271680359 48
1755913631518 0.003615568998482541 49
1755913631524 0.003512385381840158 50
1755913631531 0.0034088042515230785 51
1755913631538 0.0033049388719765434 52
1755913631544 0.0032009028184681516 53
1755913631551 0.0030968098528949698 54
1755913631558 0.002992773799386577 55
1755913631565 0.002888908419840043 56
1755913631571 0.002785327289522964 57
1755913631578 0.0026821436728805795 58
1755913631585 0.0025794703996827634 59
1755913631592 0.00247741974164632 60
1755913631599 0.002376103289667522 61
1755913631607 0.0022756318317990946 62
1755913631615 0.0021761152321051096 63
1755913631623 0.0020776623105262437 64
1755913631630 0.0019803807238867733 65
1755913631638 0.0018843768481734162 66
1755913631646 0.001789755662214747 67
1755913631652 0.0016966206328883986 68
1755913631660 0.0016050736019815463 69
1755913631667 0.001515214674828404 70
