1756056975679 1.5207619190216064 1
1756056975697 1.3211568862199783 2
1756056975705 1.0453116178512574 3
1756056975714 0.7693278968334198 4
1756056975722 0.6838049247860909 5
1756056975731 0.6767046436667442 6
1756056975739 0.5684899225831032 7
1756056975748 0.6180843636393547 8
1756056975757 0.6161641135811806 9
1756056975766 0.4491534367203712 10
1756056975774 0.4906214982271194 11
1756056975783 0.42988556921482085 12
1756056975792 0.47836969792842865 13
1756056975801 0.3943977728486061 14
1756056975809 0.5104229792952537 15
1756056975818 0.44961070269346237 16
1756056975826 0.4082144185900688 17
1756056975835 0.347971473634243 18
1756056975844 0.40542528331279754 19
1756056975853 0.38738188371062277 20
1756056975862 0.31179834678769114 21
1756056975871 0.3492360502481461 22
1756056975881 0.38034178093075754 23
1756056975892 0.3352491192519665 24
1756056975902 0.26080210572108625 25
1756056975912 0.26711874827742577 26
1756056975921 0.4060698762536049 27
1756056975932 0.3673210874199867 28
1756056975941 0.2740905903279781 29
1756056975952 0.3493476346135139 30
1756056975961 0.25360358580946923 31
1756056975970 0.2294939562678337 32
1756056975980 0.21534311920404434 33
1756056975989 0.3478173393756151 34
1756056975999 0.3226386159658432 35
1756056976008 0.31951588243246076 36
1756056976017 0.28020629212260245 37
1756056976027 0.2161433856934309 38
1756056976036 0.2779699802398682 39
1756056976045 0.22216895557940006 40
1756056976055 0.19306729808449746 41
1756056976065 0.20363355427980423 42
1756056976074 0.2177819773554802 43
1756056976083 0.2134227581322193 44
1756056976092 0.16603595428168774 45
1756056976102 0.16999692134559155 46
1756056976111 0.21917256340384483 47
1756056976122 0.24899822622537612 48
1756056976131 0.3111239455640316 49
1756056976141 0.38708548694849015 50
1756056976150 0.28967125415802003 51
1756056976160 0.36152054220438 52
1756056976169 0.279836455732584 53
1756056976178 0.4824195861816406 54
1756056976188 0.27801967188715937 55
1756056976197 0.2756913430988789 56
1756056976207 0.2848743923008442 57
1756056976217 0.234094687923789 58
1756056976227 0.1939125657081604 59
1756056976237 0.17061907052993774 60
1756056976246 0.21221408396959304 61
1756056976256 0.20950840190052986 62
1756056976265 0.2745008751749992 63
1756056976275 0.24197594486176968 64
1756056976285 0.1991182804107666 65
1756056976295 0.21891665868461133 66
1756056976304 0.16387308426201344 67
1756056976314 0.26289520040154457 68
1756056976323 0.2086426939815283 69
1756056976333 0.1575776059180498 70
1756056976342 0.16240485943853855 71
1756056976352 0.17441853731870652 72
1756056976361 0.2102716639637947 73
1756056976371 0.19467947855591775 74
1756056976380 0.1966582376509905 75
1756056976390 0.18606409691274167 76
1756056976399 0.1661065213382244 77
1756056976409 0.1374757017940283 78
1756056976419 0.1840140037238598 79
1756056976429 0.14323710650205612 80
1756056976439 0.13895926624536514 81
1756056976449 0.1230699174106121 82
1756056976458 0.17145666666328907 83
1756056976468 0.16709993965923786 84
1756056976478 0.11499974839389324 85
1756056976488 0.21830647587776184 86
1756056976498 0.1300874598324299 87
1756056976508 0.22526427805423738 88
