1756056938115 0.000901605458686322 1
1756056938128 0.001803210917372644 2
1756056938136 0.002704816376058966 3
1756056938144 0.003606421834745288 4
1756056938151 0.00450802729343161 5
1756056938158 0.00450802729343161 6
1756056938165 0.004506795201388145 7
1756056938172 0.00450310027253231 8
1756056938180 0.004496946547214562 9
1756056938188 0.004488340754443185 10
1756056938195 0.004477292304526229 11
1756056938202 0.004463813278781463 12
1756056938209 0.0044479184163256445 13
1756056938220 0.004429625097957501 14
1756056938228 0.00440895332715209 15
1756056938235 0.004385925708187286 16
1756056938242 0.00436056742142634 17
1756056938250 0.004332906195783518 18
1756056938257 0.004302972278402942 19
1756056938264 0.004270798401583782 20
1756056938271 0.004236419746987969 21
1756056938278 0.004199873907169561 22
1756056938286 0.004161200844467836 23
1756056938293 0.004120442847309071 24
1756056938301 0.004077644483964753 25
1756056938308 0.0040328525538168404 26
1756056938316 0.003986116036183322 27
1756056938323 0.0039374860367600495 28
1756056938331 0.003887015731737416 29
1756056938338 0.0038347603096529647 30
1756056938346 0.003780776911043541 31
1756056938353 0.003725124565962945 32
1756056938360 0.0036678641294334447 33
1756056938367 0.003609058214901695 34
1756056938374 0.003548771125771857 35
1756056938381 0.0034870687850907683 36
1756056938388 0.0034240186634620583 37
1756056938396 0.003359689705268036 38
1756056938403 0.0032941522532800188 39
1756056938410 0.0032274779717395424 40
1756056938417 0.0031597397679945724 41
1756056938424 0.003091011712776379 42
1756056938431 0.0030213689592042898 43
1756056938439 0.00295088766060685 44
1756056938446 0.002879644887249281 45
1756056938453 0.0028077185420582735 46
1756056938460 0.002735187275436281 47
1756056938468 0.0026621303992584618 48
1756056938476 0.0025886278001463056 49
1756056938483 0.0025147598521127884 50
1756056938491 0.0024406073286745654 51
1756056938498 0.00236625131452732 52
1756056938506 0.0022917731168808396 53
1756056938514 0.002217254176550771 54
1756056938522 0.00214277597890429 55
1756056938530 0.0020684199647570452 56
1756056938537 0.0019942674413188223 57
1756056938545 0.0019203994932853042 58
1756056938552 0.0018468968941731492 59
1756056938560 0.0017738400179953297 60
1756056938568 0.001701308751373337 61
1756056938575 0.0016293824061823293 62
1756056938583 0.0015581396328247599 63
1756056938590 0.0014876583342273203 64
1756056938598 0.0014180155806552304 65
1756056938606 0.0013492875254370383 66
1756056938614 0.0012815493216920674 67
1756056938622 0.0012148750401515917 68
1756056938630 0.0011493375881635748 69
1756056938639 0.0010850086299695524 70
1756056938647 0.0010219585083408424 71
1756056938654 0.0009602561676597533 72
1756056938662 0.0008999690785299152 73
1756056938670 0.0008411631639981657 74
1756056938677 0.000783902727468665 75
1756056938685 0.0007282503823880697 76
1756056938693 0.000674266983778645 77
1756056938700 0.0006220115616941943 78
1756056938708 0.0005715412566715615 79
1756056938716 0.0005229112572482895 80
1756056938724 0.0004761747396147704 81
