1756056975679 0.9353871464729309 1
1756056975697 0.8504532098770141 2
1756056975705 0.7472952425479888 3
1756056975714 0.656899380683899 4
1756056975722 0.6198672726750374 5
1756056975731 0.6207272201776505 6
1756056975739 0.5709515020251275 7
1756056975748 0.5957985371351242 8
1756056975757 0.5856697916984558 9
1756056975766 0.5097298800945282 10
1756056975774 0.535697229206562 11
1756056975783 0.49887060225009916 12
1756056975792 0.5233652919530869 13
1756056975801 0.48981332778930664 14
1756056975809 0.5393251284956933 15
1756056975818 0.5222800672054291 16
1756056975826 0.48875032514333727 17
1756056975835 0.45154294818639756 18
1756056975844 0.46519347578287124 19
1756056975853 0.4655459653586149 20
1756056975862 0.4339293509721756 21
1756056975871 0.45124669224023817 22
1756056975881 0.4638698175549507 23
1756056975892 0.4460960850119591 24
1756056975902 0.37742472141981126 25
1756056975912 0.3951803132891655 26
1756056975921 0.44397438913583753 27
1756056975932 0.4506506249308586 28
1756056975941 0.3964658543467522 29
1756056975952 0.4194533362984657 30
1756056975961 0.3875821024179459 31
1756056975970 0.37105290293693544 32
1756056975980 0.3546123683452606 33
1756056975989 0.40958173871040343 34
1756056975999 0.42069893777370454 35
1756056976008 0.42794415205717085 36
1756056976017 0.3978861510753632 37
1756056976027 0.34368227124214173 38
1756056976036 0.3733283311128616 39
1756056976045 0.3543762475252151 40
1756056976055 0.3353270962834358 41
1756056976065 0.3300181604921818 42
1756056976074 0.3523532129824162 43
1756056976083 0.35489722192287443 44
1756056976092 0.30904427766799925 45
1756056976102 0.3163969308137894 46
1756056976111 0.350834447145462 47
1756056976122 0.34743850082159045 48
1756056976131 0.39878467172384263 49
1756056976141 0.45636308640241624 50
1756056976150 0.41809780299663546 51
1756056976160 0.43499953150749204 52
1756056976169 0.391055329144001 53
1756056976178 0.4766805976629257 54
1756056976188 0.4060640215873718 55
1756056976197 0.40621296018362046 56
1756056976207 0.37509027123451233 57
1756056976217 0.36778914034366605 58
1756056976227 0.33642195612192155 59
1756056976237 0.31287880390882494 60
1756056976246 0.3391156166791916 61
1756056976256 0.34431716054677963 62
1756056976265 0.34879557937383654 63
1756056976275 0.3515611946582794 64
1756056976285 0.333517699688673 65
1756056976295 0.33548659831285477 66
1756056976304 0.3105605661869049 67
1756056976314 0.3419158846139908 68
1756056976323 0.33869305029511454 69
1756056976333 0.30538576990365984 70
1756056976342 0.3056129775941372 71
1756056976352 0.3133939325809479 72
1756056976361 0.3259260319173336 73
1756056976371 0.31801788657903673 74
1756056976380 0.3154812216758728 75
1756056976390 0.31496462821960447 76
1756056976399 0.2945013165473938 77
1756056976409 0.28870163634419443 78
1756056976419 0.29177574515342714 79
1756056976429 0.28543300181627274 80
1756056976439 0.281120191514492 81
1756056976449 0.2697825461626053 82
1756056976458 0.29519018307328226 83
1756056976468 0.29709398448467256 84
1756056976478 0.2552867367863655 85
1756056976488 0.29105981439352036 86
1756056976498 0.2777142323553562 87
1756056976508 0.3249178074300289 88
