1756056902508 2.1503358229994776 1
1756056902522 1.4426309373229742 2
1756056902526 2.0041862711310388 3
1756056902531 1.228357842564583 4
1756056902537 1.1518113523721696 5
1756056902541 0.634478226583451 6
1756056902546 0.4802636127918959 7
1756056902551 0.5952972382307052 8
1756056902556 0.48605837002396585 9
1756056902561 0.47469944432377814 10
1756056902565 0.5295706540346146 11
1756056902570 0.41558896750211716 12
1756056902575 0.4604589447379112 13
1756056902579 0.4635379105806351 14
1756056902584 0.3538711816072464 15
1756056902588 0.5121863901615142 16
1756056902593 0.5105141267180443 17
1756056902597 0.34611634016036985 18
1756056902602 0.3310462966561317 19
1756056902607 0.3509354807436466 20
1756056902611 0.31743678729981184 21
1756056902617 0.3822126843035221 22
1756056902621 0.42232163697481157 23
1756056902626 0.29496155604720115 24
1756056902631 0.3345196023583412 25
1756056902636 0.2769113354384899 26
1756056902641 0.3325413346290588 27
1756056902646 0.28319247514009477 28
1756056902651 0.2814539112150669 29
1756056902657 0.4272924967110157 30
1756056902662 0.4480133406817913 31
1756056902667 0.29034720584750173 32
1756056902673 0.29876622930169106 33
1756056902679 0.26944178603589536 34
1756056902685 0.3198432080447674 35
1756056902690 0.23523082807660103 36
1756056902695 0.22084397822618484 37
1756056902700 0.3205998629331589 38
1756056902706 0.2813682794570923 39
1756056902712 0.25001490525901315 40
1756056902717 0.2429011408239603 41
1756056902722 0.20742740109562874 42
1756056902728 0.21179599575698377 43
1756056902734 0.2059383202344179 44
1756056902739 0.4028551109135151 45
1756056902748 0.22508156076073646 46
1756056902754 0.27891159541904925 47
1756056902759 0.15785990357398988 48
1756056902765 0.16376434601843357 49
1756056902772 0.17724072970449925 50
1756056902778 0.19651913531124593 51
1756056902784 0.25361663177609445 52
1756056902791 0.18457072861492635 53
1756056902797 0.18560155518352986 54
1756056902804 0.19973332174122332 55
1756056902809 0.32580370344221593 56
1756056902816 0.24564596712589265 57
1756056902821 0.14829479716718197 58
1756056902827 0.1162700328975916 59
1756056902834 0.13885330893099307 60
1756056902842 0.223794199898839 61
1756056902848 0.15762087032198907 62
1756056902854 0.11997872926294803 63
1756056902861 0.1298294035717845 64
1756056902867 0.1383382983505726 65
1756056902875 0.14526596944779158 66
1756056902882 0.19229383058845997 67
1756056902890 0.14800817966461183 68
1756056902897 0.17065978087484837 69
1756056902905 0.1826321128755808 70
1756056902912 0.11719091255217791 71
1756056902919 0.11013007164001465 72
1756056902927 0.17343281172215938 73
1756056902934 0.23072612471878529 74
1756056902941 0.11486483979970216 75
1756056902948 0.13492955788969993 76
1756056902955 0.18398455567657948 77
1756056902963 0.13970686234533786 78
1756056902970 0.2609014851972461 79
1756056902978 0.1723458282649517 80
1756056902986 0.08496950380504131 81
1756056902994 0.11881584338843823 82
1756056903002 0.09492201618850231 83
1756056903010 0.09285307712852955 84
1756056903017 0.08686207504943014 85
1756056903024 0.09883019663393497 86
1756056903045 0.10738641936331987 87
1756056903054 0.23002038206905126 88
1756056903061 0.098962358571589 89
1756056903069 0.12769487164914609 90
1756056903076 0.16624126695096492 91
1756056903083 0.0908684367313981 92
1756056903090 0.19628167394548654 93
1756056903097 0.0965299155563116 94
1756056903103 0.08716718088835478 95
1756056903110 0.0999481737613678 96
1756056903118 0.08399318132142071 97
1756056903124 0.0903939601033926 98
1756056903132 0.12282583620399237 99
1756056903140 0.180757219158113 100
