1756056902508 0.9104977458715439 1
1756056902522 0.7556869983673096 2
1756056902526 0.8425900369882584 3
1756056902531 0.7561931103467942 4
1756056902537 0.7302284479141236 5
1756056902541 0.5443931229412555 6
1756056902546 0.5059746369719506 7
1756056902551 0.5098332226276397 8
1756056902556 0.5253584414720536 9
1756056902561 0.46259724497795107 10
1756056902565 0.469482333958149 11
1756056902570 0.4612772807478905 12
1756056902575 0.47679913938045504 13
1756056902579 0.48422151505947114 14
1756056902584 0.42762429267168045 15
1756056902588 0.46044461727142333 16
1756056902593 0.5047168895602226 17
1756056902597 0.41897171884775164 18
1756056902602 0.40671863704919814 19
1756056902607 0.428057873249054 20
1756056902611 0.40571912527084353 21
1756056902617 0.4237109571695328 22
1756056902621 0.45311022400856016 23
1756056902626 0.3854591488838196 24
1756056902631 0.4108087196946144 25
1756056902636 0.3940182477235794 26
1756056902641 0.4174393892288208 27
1756056902646 0.3798052787780762 28
1756056902651 0.38199145197868345 29
1756056902657 0.43227179944515226 30
1756056902662 0.4186708852648735 31
1756056902667 0.38267485052347183 32
1756056902673 0.37486242800951003 33
1756056902679 0.3518193870782852 34
1756056902685 0.3818164333701134 35
1756056902690 0.3480707101523876 36
1756056902695 0.3394936718046665 37
1756056902700 0.36260800808668137 38
1756056902706 0.37397056072950363 39
1756056902712 0.3509447187185287 40
1756056902717 0.34546048641204835 41
1756056902722 0.3283359959721565 42
1756056902728 0.3261583335697651 43
1756056902734 0.31472571566700935 44
1756056902739 0.3835763707756996 45
1756056902748 0.34723144620656965 46
1756056902754 0.3361433774232864 47
1756056902759 0.2953521437942982 48
1756056902765 0.28905792608857156 49
1756056902772 0.2935300685465336 50
1756056902778 0.31114682257175447 51
1756056902784 0.33450676649808886 52
1756056902791 0.29855686649680135 53
1756056902797 0.31076784878969194 54
1756056902804 0.3170116662979126 55
1756056902809 0.3479049377143383 56
1756056902816 0.3252610996365547 57
1756056902821 0.2776984512805939 58
1756056902827 0.2463647358119488 59
1756056902834 0.2655538506805897 60
1756056902842 0.31597219929099085 61
1756056902848 0.27101619765162466 62
1756056902854 0.252522648870945 63
1756056902861 0.2543189570307732 64
1756056902867 0.2694649092853069 65
1756056902875 0.24999190047383307 66
1756056902882 0.2891352340579033 67
1756056902890 0.2627353295683861 68
1756056902897 0.2907162055373192 69
1756056902905 0.30819285064935686 70
1756056902912 0.2467483289539814 71
1756056902919 0.23292583152651786 72
1756056902927 0.273390831798315 73
1756056902934 0.3020353652536869 74
1756056902941 0.25691207125782967 75
1756056902948 0.27400108650326727 76
1756056902955 0.28064010515809057 77
1756056902963 0.2659693121910095 78
1756056902970 0.2902598910033703 79
1756056902978 0.26934872195124626 80
1756056902986 0.21996310502290725 81
1756056902994 0.2429910846054554 82
1756056903002 0.22158230543136598 83
1756056903010 0.23011915162205696 84
1756056903017 0.20803216397762297 85
1756056903024 0.2261887662112713 86
1756056903045 0.23085110113024712 87
1756056903054 0.2778719365596771 88
1756056903061 0.23400078788399697 89
1756056903069 0.24492197036743163 90
1756056903076 0.2505370669066906 91
1756056903083 0.22760142758488655 92
1756056903090 0.2460828259587288 93
1756056903097 0.22119767367839813 94
1756056903103 0.21393949687480926 95
1756056903110 0.22422068417072297 96
1756056903118 0.20217147916555406 97
1756056903124 0.21645199581980706 98
1756056903132 0.23826150596141815 99
1756056903140 0.2681617334485054 100
