1755906846588 2.214429825157314 1
1755906846606 1.3783207435112494 2
1755906846614 0.8801197088384008 3
1755906846627 0.8476912278633613 4
1755906846635 0.7490521884196765 5
1755906846654 0.8627090783088238 6
1755906846672 0.7450616255209044 7
1755906846682 0.8094521226821008 8
1755906846700 0.7122340502289982 9
1755906846723 0.667632424792686 10
1755906846738 0.5406991707814204 11
1755906846749 0.5984404526360623 12
1755906846758 0.5760671860211856 13
1755906846767 0.5508892052359395 14
1755906846776 0.6405300041297813 15
1755906846786 0.5759320270705532 16
1755906846795 0.5472631139027608 17
1755906846803 0.5324305617190027 18
1755906846813 0.5246245393698866 19
1755906846821 0.5022008949285978 20
1755906846829 0.5712840727397374 21
1755906846837 0.5846366832008609 22
1755906846844 0.5712859733151151 23
1755906846852 0.543021873607264 24
