1755906846588 2.2144297988383803 1
1755906846606 1.3783207175793586 2
1755906846614 0.880119680197208 3
1755906846627 0.8476911988351252 4
1755906846635 0.7490521677128681 5
1755906846654 0.8627090494741093 6
1755906846672 0.7450616081039627 7
1755906846682 0.8094520948149941 8
1755906846700 0.7122340306833193 9
1755906846723 0.6676323996348814 10
1755906846738 0.5406991525903925 11
1755906846749 0.5984404251559988 12
1755906846758 0.5760671695718518 13
1755906846767 0.5508891831744801 14
1755906846776 0.6405299870998828 15
1755906846786 0.5759320071378311 16
1755906846795 0.5472630980339918 17
1755906846803 0.5324305361741549 18
1755906846813 0.5246245154699722 19
1755906846821 0.5022008740282679 20
1755906846829 0.5712840564839252 21
1755906846837 0.58463666094588 22
1755906846844 0.5712859545435224 23
1755906846852 0.5430218552227144 24
