1755906744507 2.2086556050684547 1
1755906744518 1.2428814830718102 2
1755906744522 1.039280700606185 3
1755906744525 0.9246642577957798 4
1755906744529 0.8913439330342529 5
1755906744533 0.790707932857724 6
1755906744537 0.8488365554964388 7
1755906744541 0.8532809055857844 8
1755906744545 0.7248810872242049 9
1755906744549 0.6970509637098807 10
1755906744553 0.6545163021459208 11
1755906744557 0.5826567576883676 12
1755906744561 0.6503739914336761 13
1755906744565 0.5926766945170118 14
1755906744569 0.6100632505757468 15
1755906744573 0.6304167456828155 16
1755906744578 0.5652419071305882 17
1755906744582 0.5932896436228381 18
1755906744586 0.583871061538721 19
1755906744592 0.5471651507662488 20
1755906744596 0.4586962124744019 21
1755906744600 0.5600412408639859 22
1755906744606 0.5936591478137226 23
1755906744610 0.5215062430346167 24
1755906744616 0.4955653215383554 25
1755906744621 0.5434461162461863 26
1755906744625 0.530832584995728 27
1755906744630 0.45106895064765756 28
1755906744635 0.4674503787771448 29
1755906744639 0.4647560870976417 30
1755906744644 0.44164135897314394 31
1755906744649 0.5567605207105736 32
1755906744653 0.4836656658293365 33
1755906744658 0.4757470918166173 34
1755906744663 0.4305576659835778 35
1755906744668 0.5277361335692468 36
1755906744673 0.43843233440216484 37
1755906744678 0.44681438184403754 38
1755906744683 0.5035824688611092 39
1755906744688 0.44991789893670514 40
1755906744693 0.47365149652416055 41
1755906744697 0.4649241417646408 42
1755906744702 0.38256684671361724 43
1755906744707 0.3642209524458105 44
1755906744712 0.3847438332612638 45
