1756059882318 2.8102736324071884 1
1756059882331 2.0863376021385194 2
1756059882339 1.8053350627422333 3
1756059882347 1.8790058702230454 4
1756059882355 1.6784795194864273 5
1756059882364 1.2899450480937957 6
1756059882372 1.3095802664756775 7
1756059882380 1.0886350691318512 8
1756059882388 0.947428771853447 9
1756059882396 0.7890314579010009 10
1756059882404 0.6341545358300209 11
1756059882412 0.626122136414051 12
1756059882420 0.5460772611200809 13
1756059882429 0.582256118953228 14
1756059882438 0.8324032068252564 15
1756059882446 0.5580080896615982 16
1756059882454 0.4811148583889008 17
1756059882463 0.5270529836416245 18
1756059882471 0.4657887265086174 19
1756059882479 0.4812436565756798 20
1756059882487 0.5390766382217407 21
1756059882496 0.4444607675075531 22
1756059882504 0.43682966828346254 23
1756059882513 0.35359062999486923 24
1756059882521 0.34396553635597227 25
1756059882530 0.353808331489563 26
1756059882538 0.33844216391444204 27
1756059882547 0.2826201535761356 28
1756059882555 0.3372271448373795 29
1756059882563 0.3232549369335175 30
1756059882572 0.30629109442234037 31
1756059882580 0.34370608888566495 32
1756059882588 0.2962336171418428 33
1756059882597 0.2725511722266674 34
1756059882605 0.2694744661450386 35
1756059882613 0.2604700453579426 36
1756059882622 0.2555595800280571 37
1756059882630 0.23989051282405854 38
1756059882639 0.23410968333482743 39
1756059882650 0.33014742136001585 40
1756059882659 0.3201077230274677 41
1756059882667 0.290904051810503 42
1756059882676 0.3272536270320415 43
1756059882685 0.4168271616101265 44
1756059882693 0.33786607421934606 45
1756059882702 0.3249694466590881 46
1756059882711 0.3374606713652611 47
1756059882719 0.310383016616106 48
1756059882728 0.2815429396927357 49
1756059882736 0.23360536843538285 50
1756059882745 0.2196164272725582 51
1756059882754 0.3885706029832363 52
1756059882762 0.37111174315214157 53
1756059882771 0.32899846136569977 54
1756059882780 0.28471885845065115 55
1756059882788 0.29535457491874695 56
