1756059882318 1.8024889171123504 1
1756059882331 1.5377907574176788 2
1756059882339 1.2971539199352264 3
1756059882347 1.3705430209636689 4
1756059882355 1.2916563630104065 5
1756059882364 1.0188868790864944 6
1756059882372 1.0284679025411605 7
1756059882380 0.8877598643302917 8
1756059882388 0.7323805719614029 9
1756059882396 0.6364412367343902 10
1756059882404 0.5798398502171039 11
1756059882412 0.5801908776164055 12
1756059882420 0.4801507942378521 13
1756059882429 0.5346584871411324 14
1756059882438 0.7953395813703537 15
1756059882446 0.5020883068442344 16
1756059882454 0.42521306276321413 17
1756059882463 0.4741737335920334 18
1756059882471 0.40900818780064585 19
1756059882479 0.4541447892785072 20
1756059882487 0.5165805891156197 21
1756059882496 0.4299797125160694 22
1756059882504 0.40138582438230513 23
1756059882513 0.32838150709867475 24
1756059882521 0.30629400387406347 25
1756059882530 0.3229637823998928 26
1756059882538 0.32271852493286135 27
1756059882547 0.2795118108391762 28
1756059882555 0.31462297514081 29
1756059882563 0.3003100261092186 30
1756059882572 0.27989448308944703 31
1756059882580 0.3273673765361309 32
1756059882588 0.26851371601223945 33
1756059882597 0.26577749028801917 34
1756059882605 0.25175456404685975 35
1756059882613 0.24317728206515313 36
1756059882622 0.2484113320708275 37
1756059882630 0.23274299651384353 38
1756059882639 0.21864574514329432 39
1756059882650 0.29913754388689995 40
1756059882659 0.30687258914113047 41
1756059882667 0.29606425762176514 42
1756059882676 0.28955288976430893 43
1756059882685 0.40735472068190576 44
1756059882693 0.2634272877126932 45
1756059882702 0.31272355690598486 46
1756059882711 0.32087531238794326 47
1756059882719 0.2920112684369087 48
1756059882728 0.2577772580087185 49
1756059882736 0.20929066836833954 50
1756059882745 0.20669437125325202 51
1756059882754 0.32510617226362226 52
1756059882762 0.3427531339228153 53
1756059882771 0.3247699551284313 54
1756059882780 0.2615489140152931 55
1756059882788 0.29105438366532327 56
