1756059882318 0.0004260106667625858 1
1756059882331 0.0008520213335251716 2
1756059882339 0.0012780320002877574 3
1756059882347 0.0017040426670503431 4
1756059882355 0.002130053333812929 5
1756059882364 0.002130053333812929 6
1756059882372 0.002129471311672409 7
1756059882380 0.002127725881683516 8
1756059882388 0.0021248189524483156 9
1756059882396 0.002120753702651248 10
1756059882404 0.0021155345775832803 11
1756059882412 0.0021091672842810487 12
1756059882420 0.002101658785286295 13
1756059882429 0.002093017291032431 14
1756059882438 0.002083252250866551 15
1756059882446 0.0020723743427167067 16
1756059882454 0.002060395461415753 17
1756059882463 0.0020473287056945195 18
1756059882471 0.0020331883638585436 19
1756059882479 0.0020179898981640167 20
1756059882487 0.0020017499279100332 21
1756059882496 0.0019844862112656345 22
1756059882504 0.0019662176258515066 23
1756059882513 0.0019469641480975835 24
1756059882521 0.001926746831399113 25
1756059882530 0.0019055877830950767 26
1756059882538 0.0018835101402941412 27
1756059882547 0.0018605380445745686 28
1756059882555 0.0018366966155857552 29
1756059882563 0.0018120119235802638 30
1756059882572 0.0017865109609063864 31
1756059882580 0.0017602216124924044 32
1756059882588 0.0017331726253548326 33
1756059882597 0.0017053935771639767 34
1756059882605 0.0016769148439011853 35
1756059882613 0.0016477675666431613 36
1756059882622 0.0016179836175096499 37
1756059882630 0.001587595564811745 38
1756059882639 0.0015566366374389188 39
1756059882650 0.0015251406885237193 40
1756059882659 0.001493142158423867 41
1756059882667 0.001460676037062227 42
1756059882676 0.0014277778256658468 43
1756059882685 0.0013944834979458809 44
1756059882693 0.0013608294607608687 45
1756059882702 0.001326852514306369 46
1756059882711 0.0012925898118744848 47
1756059882719 0.0012580788192272858 48
1756059882728 0.0012233572736285456 49
1756059882736 0.0011884631425786011 50
1756059882745 0.0011534345822974438 51
1756059882754 0.0011183098960014575 52
1756059882762 0.0010831274920194117 53
1756059882771 0.0010479258417935172 54
1756059882780 0.001012743437811471 55
1756059882788 0.000977618751515485 56
