1755982826235 2.286318759639542 1
1755982826257 1.8462323182589049 2
1755982826267 1.3860380080613224 3
1755982826274 1.1937175273121177 4
1755982826283 1.1617146862017644 5
1755982826291 1.145806856356658 6
1755982826299 0.9558247825155011 7
1755982826307 0.9422210942615162 8
1755982826315 0.7999695363369855 9
1755982826322 0.8370401293232843 10
1755982826330 0.8031767310647221 11
1755982826338 0.6753820380220166 12
1755982826347 0.6911148738551449 13
1755982826354 0.6344911475460251 14
1755982826365 0.5855884934207062 15
1755982826373 0.6813131775948909 16
1755982826381 0.5523171614516865 17
1755982826390 0.5774817137749164 18
1755982826398 0.5695516310341946 19
1755982826406 0.5583347980078165 20
1755982826414 0.484716901628228 21
1755982826424 0.5273610831468136 22
1755982826433 0.48306935764365383 23
1755982826441 0.5818572024052794 24
1755982826450 0.5151686166207512 25
1755982826459 0.5153213263332069 26
1755982826469 0.46910028836943884 27
1755982826478 0.461235139857639 28
1755982826487 0.4923783808753088 29
1755982826495 0.4635712620499846 30
1755982826504 0.3923976580043892 31
1755982826511 0.40351069437993037 32
1755982826520 0.41361126052094743 33
1755982826528 0.4553000975351829 34
1755982826537 0.4219249188899994 35
1755982826546 0.33938293023542926 36
1755982826556 0.3758379255796408 37
1755982826565 0.36497682555542366 38
1755982826574 0.3592555492922857 39
1755982826582 0.41608541178238856 40
1755982826591 0.4137038599167551 41
1755982826600 0.34269322290436016 42
1755982826609 0.39714677457685593 43
1755982826618 0.37371414048331125 44
1755982826627 0.2979690678320922 45
1755982826636 0.3789678868148234 46
1755982826645 0.33966708396162304 47
1755982826655 0.36351409496425036 48
1755982826664 0.35547764512238567 49
1755982826673 0.39205141220386924 50
1755982826682 0.3445043386770533 51
1755982826693 0.4020072098385978 52
1755982826703 0.30584293584544936 53
1755982826714 0.30313233179705484 54
1755982826725 0.38412972462254685 55
1755982826738 0.3437285251044608 56
