1755982746543 0.0003099986683479027 1
1755982746560 0.0006199973366958054 2
1755982746569 0.0009299960050437081 3
1755982746575 0.0012399946733916108 4
1755982746581 0.0015499933417395136 5
1755982746588 0.0015499933417395136 6
1755982746594 0.0015495698913702382 7
1755982746601 0.0015483000032991742 8
1755982746607 0.0015461850661302827 9
1755982746613 0.0015432273925163069 10
1755982746620 0.0015394302166299193 11
1755982746626 0.0015347976906272024 12
1755982746632 0.0015293348801073258 13
1755982746638 0.001523047758573389 14
1755982746645 0.001515943200900483 15
1755982746652 0.0015080289758181143 16
1755982746658 0.0014993137374152159 17
1755982746664 0.001489807015677025 18
1755982746670 0.001479519206064186 19
1755982746677 0.0014684615581454668 20
1755982746684 0.0014566461632965193 21
1755982746690 0.0014440859414781395 22
1755982746696 0.0014307946271084778 23
1755982746703 0.001416786754044657 24
1755982746709 0.0014020776396902104 25
1755982746715 0.0013866833682457276 26
1755982746722 0.0013706207731210172 27
1755982746729 0.0013539074185280188 28
1755982746735 0.001336561580274597 29
1755982746742 0.001318602225780213 30
1755982746748 0.00130004899333533 31
1755982746754 0.0012809221706272303 32
1755982746760 0.0012612426725557284 33
1755982746767 0.0012410320183630337 34
1755982746773 0.001220312308102776 35
1755982746780 0.0011991061984739217 36
1755982746786 0.0011774368780460046 37
1755982746793 0.0011553280419027668 38
1755982746799 0.0011328038657319325 39
1755982746806 0.0011098889793894474 40
1755982746812 0.0010866084399670948 41
1755982746819 0.0010629877043929312 42
1755982746826 0.0010390526015945107 43
1755982746832 0.001014829304255332 44
1755982746839 0.0009903443001953922 45
1755982746845 0.0009656243634071464 46
1755982746852 0.0009406965247785372 47
1755982746859 0.0009155880425351188 48
1755982746865 0.0008903263724335849 49
