1755982676272 1.062448996228057 1
1755982676286 0.877645518872645 2
1755982676290 0.8354023509211355 3
1755982676295 0.8420242527862648 4
1755982676299 0.7632928579658657 5
1755982676304 0.7171811233093213 6
1755982676309 0.73376849564639 7
1755982676313 0.673952022156158 8
1755982676319 0.6289143736486311 9
1755982676324 0.6329889649694617 10
1755982676328 0.6126647123268673 11
1755982676333 0.5667466486429239 12
1755982676338 0.5880282157427305 13
1755982676342 0.5441567313361477 14
1755982676346 0.5839393978769128 15
1755982676351 0.5342305012337574 16
1755982676356 0.5294625894589857 17
1755982676360 0.5502230896578206 18
1755982676365 0.5171707415735567 19
1755982676369 0.5077139762314883 20
1755982676374 0.5185013641784717 21
1755982676379 0.5182989491270734 22
1755982676383 0.504650794066392 23
1755982676388 0.502160150509376 24
1755982676393 0.5077612583900427 25
1755982676397 0.49609643782114055 26
1755982676402 0.4692730206947822 27
1755982676407 0.4861845621814975 28
1755982676412 0.486173584863737 29
1755982676417 0.4736799280364792 30
1755982676422 0.4750943317428812 31
1755982676427 0.48397572203115985 32
1755982676431 0.47752781192977706 33
1755982676436 0.5017274192401341 34
1755982676441 0.47377826292793473 35
1755982676447 0.4561697523315231 36
1755982676452 0.45551264866605984 37
1755982676457 0.4459194184897782 38
1755982676461 0.4714340219249973 39
1755982676467 0.4413834225821805 40
1755982676471 0.4485408894040368 41
1755982676477 0.42801311437959794 42
1755982676482 0.43555991699943297 43
1755982676487 0.42570669233024894 44
1755982676493 0.4370332354461992 45
1755982676498 0.42258380121224887 46
1755982676503 0.42584876445206726 47
1755982676508 0.4195603598634918 48
1755982676513 0.4066834089817939 49
1755982676518 0.4331162680279125 50
1755982676524 0.4010989402795767 51
1755982676529 0.38502142433222236 52
1755982676534 0.416757214379001 53
1755982676539 0.4016981537078882 54
1755982676544 0.4113539730186586 55
1755982676549 0.3907434760363071 56
1755982676554 0.37198523693270497 57
1755982676559 0.3935751982710578 58
1755982676564 0.40135853592451515 59
1755982676570 0.38565246451210666 60
1755982676575 0.38699178494416275 61
1755982676580 0.3811104938194349 62
