1755908174152 1.7372251152992249 1
1755908174168 1.1078770250082015 2
1755908174176 1.0467455059289932 3
1755908174184 0.8157651722431183 4
1755908174191 0.6884356319904328 5
1755908174199 0.6316666647791862 6
1755908174206 0.7330997005105019 7
1755908174213 0.6291687414050102 8
1755908174221 0.6187851905822754 9
1755908174228 0.5595549494028091 10
1755908174235 0.6248440772294999 11
1755908174242 0.6435819640755653 12
1755908174250 0.5686961010098457 13
1755908174257 0.4348911643028259 14
1755908174264 0.5500230312347412 15
1755908174272 0.6355582296848297 16
1755908174280 0.4758253201842308 17
1755908174288 0.5901858538389206 18
1755908174295 0.4921798914670944 19
1755908174302 0.41640820577740667 20
1755908174310 0.6558990642428398 21
1755908174318 0.619932298362255 22
1755908174326 0.588832437992096 23
1755908174334 0.5341452226042748 24
1755908174342 0.5088717207312584 25
1755908174349 0.39193755835294725 26
1755908174357 0.3872189000248909 27
1755908174364 0.42530354410409926 28
1755908174371 0.39626720249652864 29
1755908174379 0.3984031043946743 30
1755908174387 0.3555311121046543 31
1755908174395 0.550047442317009 32
1755908174403 0.5500308826565743 33
1755908174411 0.4497475400567055 34
1755908174418 0.46694041341543197 35
1755908174425 0.5284090995788574 36
1755908174433 0.4511838063597679 37
1755908174440 0.3962875097990036 38
1755908174448 0.44256593883037565 39
1755908174456 0.4347016543149948 40
1755908174463 0.3832057543098927 41
1755908174471 0.32292575389146805 42
1755908174478 0.4833524912595749 43
1755908174486 0.5101978734135628 44
1755908174493 0.49732928425073625 45
1755908174501 0.47207603305578233 46
1755908174509 0.39165745228528975 47
