1755908148744 0.8909892231225968 1
1755908148756 0.7080762386322021 2
1755908148762 0.7368828773498535 3
1755908148767 0.7472213298082352 4
1755908148773 0.6496401757001877 5
1755908148778 0.5666162148118019 6
1755908148784 0.5780233561992645 7
1755908148789 0.5538224011659623 8
1755908148794 0.5885143876075745 9
1755908148800 0.5613113388419151 10
1755908148805 0.5358103320002556 11
1755908148810 0.5374717846512794 12
1755908148816 0.5430799767374992 13
1755908148824 0.5518743172287941 14
1755908148830 0.4768100678920746 15
1755908148835 0.505582220852375 16
1755908148841 0.4883049175143242 17
1755908148847 0.5332975655794143 18
1755908148853 0.5178222537040711 19
1755908148858 0.4872035250067711 20
1755908148864 0.4862860396504402 21
1755908148869 0.49965520650148393 22
1755908148875 0.5155746743083001 23
1755908148880 0.44601270407438276 24
1755908148886 0.43379608243703843 25
1755908148891 0.4288080021739006 26
1755908148897 0.4371176466345787 27
1755908148902 0.49136906415224074 28
1755908148908 0.4143656715750694 29
1755908148913 0.4119574099779129 30
1755908148919 0.4796006977558136 31
1755908148927 0.4615540519356728 32
1755908148935 0.451854345202446 33
1755908148940 0.4509744271636009 34
1755908148947 0.39969312250614164 35
1755908148952 0.43549023270606996 36
1755908148958 0.451719257235527 37
1755908148964 0.4186606779694557 38
1755908148969 0.4002546712756157 39
1755908148975 0.3937509171664715 40
1755908148981 0.40667991787195207 41
1755908148987 0.41042593121528625 42
1755908148992 0.43619539886713027 43
1755908148998 0.4167570978403091 44
1755908149004 0.364883291721344 45
1755908149009 0.36367636919021606 46
1755908149015 0.3660863921046257 47
1755908149021 0.3383394479751587 48
1755908149026 0.344004413485527 49
1755908149033 0.3511843949556351 50
1755908149038 0.3360100403428078 51
1755908149044 0.3439563050866127 52
1755908149050 0.32762438654899595 53
1755908149056 0.333716855943203 54
1755908149063 0.33372963815927503 55
1755908149069 0.3229588150978088 56
1755908149075 0.33328143805265426 57
1755908149081 0.33355357944965364 58
1755908149087 0.3227602817118168 59
1755908149093 0.31556573808193206 60
