1755913762224 1.4577063024044037 1
1755913762239 1.0997155010700226 2
1755913762248 0.8535029411315918 3
1755913762258 0.7476910531520844 4
1755913762266 0.61991086602211 5
1755913762275 0.4711530089378357 6
1755913762283 0.38999907672405243 7
1755913762292 0.2995046883821487 8
1755913762301 0.2826882839202881 9
1755913762309 0.2721536949276924 10
1755913762317 0.16218825951218604 11
1755913762325 0.14196761548519135 12
1755913762334 0.13129739314317704 13
1755913762342 0.12585304975509642 14
1755913762350 0.10888837724924087 15
1755913762358 0.08810611069202423 16
1755913762367 0.10518264323472977 17
1755913762375 0.09813935831189155 18
1755913762384 0.11147954389452934 19
1755913762393 0.08589251041412353 20
1755913762401 0.09394078031182289 21
1755913762410 0.0735325612127781 22
1755913762418 0.08616900220513343 23
1755913762426 0.08696502260863781 24
1755913762435 0.0770524077117443 25
1755913762443 0.07202211320400238 26
1755913762451 0.054553921520709994 27
1755913762459 0.06122325882315636 28
1755913762468 0.05496457852423191 29
1755913762477 0.06218796409666538 30
1755913762485 0.052865537256002425 31
1755913762494 0.045817035064101216 32
1755913762503 0.05142100006341934 33
1755913762511 0.05877730548381806 34
1755913762520 0.07050970159471034 35
1755913762528 0.05239794850349426 36
1755913762536 0.06768779456615448 37
1755913762545 0.05450353287160396 38
1755913762554 0.06049174871295691 39
1755913762563 0.04937114343047142 40
