1756054371877 2.5429648637771605 1
1756054371889 1.6498565375804901 2
1756054371898 1.2490608036518096 3
1756054371906 0.9853380739688873 4
1756054371914 0.7562958359718323 5
1756054371922 0.6838869094848633 6
1756054371930 0.527653020620346 7
1756054371939 0.49286686182022094 8
1756054371947 0.38966860473155973 9
1756054371955 0.29332985877990725 10
1756054371963 0.27458790838718417 11
1756054371972 0.2619476139545441 12
1756054371980 0.230647474527359 13
1756054371989 0.20443578958511352 14
1756054371997 0.24943456351757048 15
1756054372006 0.2088570162653923 16
1756054372015 0.28234651535749433 17
1756054372023 0.2756843462586403 18
1756054372032 0.26280670762062075 19
1756054372041 0.1929672822356224 20
1756054372049 0.1883845493197441 21
1756054372058 0.19561877250671386 22
1756054372066 0.18689565509557723 23
1756054372075 0.1652539037168026 24
1756054372083 0.12805152013897897 25
1756054372092 0.11549350246787071 26
1756054372101 0.10381702929735184 27
1756054372110 0.09833467155694961 28
1756054372119 0.07975892722606659 29
1756054372129 0.109080458432436 30
1756054372138 0.12170752361416817 31
1756054372147 0.11839119493961334 32
1756054372156 0.08227937631309032 33
1756054372165 0.07668975256383419 34
1756054372174 0.0630543079227209 35
1756054372183 0.07385578155517578 36
1756054372192 0.06779732368886471 37
1756054372202 0.056324397400021556 38
1756054372211 0.06134570799767971 39
1756054372220 0.05274415276944637 40
1756054372229 0.06866219229996204 41
1756054372239 0.06292351335287094 42
1756054372248 0.06188968308269978 43
1756054372257 0.058628137409687045 44
1756054372266 0.03935172576457262 45
1756054372275 0.03718880452215671 46
1756054372284 0.037154640443623065 47
1756054372293 0.03566613309085369 48
1756054372303 0.041846722923219205 49
1756054372312 0.037889753468334675 50
1756054372321 0.04398284908384085 51
1756054372330 0.03840667251497507 52
1756054372339 0.034926033578813076 53
1756054372349 0.03445905186235905 54
1756054372358 0.03481356762349606 55
1756054372367 0.03691340964287519 56
1756054372377 0.042364365234971044 57
1756054372386 0.03230614438652992 58
1756054372396 0.030306828022003175 59
1756054372405 0.03454227950423956 60
1756054372414 0.02798715718090534 61
1756054372423 0.028008243627846242 62
1756054372432 0.0274827697314322 63
1756054372441 0.03344838991761208 64
1756054372450 0.021151638496667145 65
1756054372459 0.04217389263212681 66
1756054372468 0.027469254471361636 67
1756054372477 0.02119467072188854 68
1756054372486 0.02375189624726772 69
1756054372496 0.0237829745747149 70
