1756054328606 2.824633264541626 1
1756054328613 1.6739460110664368 2
1756054328618 1.4148646712303161 3
1756054328623 1.1519021272659302 4
1756054328628 1.0343449890613556 5
1756054328634 0.6661830127239228 6
1756054328638 0.46409361958503725 7
1756054328643 0.46108071506023407 8
1756054328648 0.4261359006166458 9
1756054328653 0.33099300116300584 10
1756054328657 0.2826211184263229 11
1756054328662 0.2522656485438347 12
1756054328667 0.22305713295936586 13
1756054328672 0.19375247806310653 14
1756054328678 0.19500501304864884 15
1756054328683 0.19697664752602578 16
1756054328688 0.17258077412843703 17
1756054328693 0.12970635965466498 18
1756054328699 0.13523589223623275 19
1756054328704 0.18060660883784294 20
1756054328710 0.18256919234991073 21
1756054328716 0.1855056516826153 22
1756054328721 0.1512766681611538 23
1756054328727 0.1433311440050602 24
1756054328732 0.132476819306612 25
1756054328738 0.11212585568428039 26
1756054328743 0.09551233723759651 27
1756054328748 0.11672296673059464 28
1756054328754 0.13417500928044318 29
1756054328758 0.1254312802106142 30
1756054328764 0.13333230540156366 31
1756054328769 0.13693768233060838 32
1756054328775 0.11595537513494492 33
1756054328780 0.1196251779794693 34
1756054328786 0.11341162100434303 35
1756054328791 0.10764384120702744 36
1756054328797 0.07917189374566078 37
1756054328802 0.07835315316915512 38
1756054328808 0.09452748857438564 39
1756054328814 0.09119534604251385 40
1756054328819 0.11492842361330986 41
1756054328825 0.0880823090672493 42
1756054328830 0.09503731206059456 43
1756054328836 0.08495892658829689 44
1756054328841 0.0701495785266161 45
1756054328847 0.05199726894497871 46
1756054328853 0.06382797695696354 47
1756054328858 0.07031250186264515 48
1756054328863 0.049038007855415344 49
1756054328870 0.046407848969101904 50
1756054328875 0.051822783425450325 51
1756054328882 0.06680668406188488 52
1756054328888 0.05414028130471706 53
1756054328894 0.0491093672811985 54
1756054328900 0.03554236851632595 55
1756054328906 0.03848877474665642 56
1756054328912 0.045371320098638535 57
1756054328919 0.050757364556193355 58
1756054328925 0.05003651455044746 59
1756054328931 0.04783461382612586 60
1756054328936 0.0359631597995758 61
1756054328942 0.035462043620646 62
1756054328948 0.030671109072864057 63
1756054328953 0.03587786238640547 64
1756054328959 0.038030271604657176 65
1756054328965 0.02816964704543352 66
1756054328970 0.026962077617645262 67
1756054328976 0.026624533534049987 68
1756054328981 0.021380677074193954 69
1756054328987 0.02720450470224023 70
1756054328993 0.03035998549312353 71
1756054328998 0.027078920416533946 72
1756054329004 0.018800526577979326 73
1756054329010 0.01988201681524515 74
1756054329016 0.02083228509873152 75
1756054329023 0.01776767522096634 76
1756054329029 0.019052677508443593 77
1756054329036 0.01450713537633419 78
1756054329042 0.01615206282585859 79
1756054329048 0.01455364292487502 80
1756054329054 0.015691088419407605 81
