1756054328606 1.0760297179222107 1
1756054328613 0.855594664812088 2
1756054328618 0.8352843999862671 3
1756054328623 0.724683302640915 4
1756054328628 0.7254335820674896 5
1756054328634 0.6169306218624115 6
1756054328638 0.5017332464456559 7
1756054328643 0.4809469997882843 8
1756054328648 0.4827016830444336 9
1756054328653 0.44262678623199464 10
1756054328657 0.38670818507671356 11
1756054328662 0.38488373458385466 12
1756054328667 0.3583936750888824 13
1756054328672 0.3276337027549744 14
1756054328678 0.3264466106891632 15
1756054328683 0.331600746512413 16
1756054328688 0.31516887843608854 17
1756054328693 0.2772448092699051 18
1756054328699 0.2753560945391655 19
1756054328704 0.29686881601810455 20
1756054328710 0.31142081022262574 21
1756054328716 0.32242718040943147 22
1756054328721 0.2988643407821655 23
1756054328727 0.28387879133224486 24
1756054328732 0.273907345533371 25
1756054328738 0.2475220963358879 26
1756054328743 0.24325914978981017 27
1756054328748 0.25764185935258865 28
1756054328754 0.24922244250774384 29
1756054328758 0.2541128367185593 30
1756054328764 0.2647438421845436 31
1756054328769 0.25395797938108444 32
1756054328775 0.25147001892328263 33
1756054328780 0.2553352743387222 34
1756054328786 0.2549711510539055 35
1756054328791 0.24330345243215562 36
1756054328797 0.20825461447238922 37
1756054328802 0.21490796506404877 38
1756054328808 0.23294034004211425 39
1756054328814 0.20371091663837432 40
1756054328819 0.22724087536334991 41
1756054328825 0.21817221045494078 42
1756054328830 0.2166669934988022 43
1756054328836 0.2139865607023239 44
1756054328841 0.1871774300932884 45
1756054328847 0.16891116350889207 46
1756054328853 0.17744653970003127 47
1756054328858 0.183758445084095 48
1756054328863 0.16605966985225679 49
1756054328870 0.16844332218170166 50
1756054328875 0.17738772481679915 51
1756054328882 0.189540895819664 52
1756054328888 0.18007020354270936 53
1756054328894 0.15818846970796585 54
1756054328900 0.14685511440038682 55
1756054328906 0.14559132382273673 56
1756054328912 0.15023967996239662 57
1756054328919 0.1673063173890114 58
1756054328925 0.1686554178595543 59
1756054328931 0.16937957629561423 60
1756054328936 0.14785311818122865 61
1756054328942 0.1449333220720291 62
1756054328948 0.13134367316961287 63
1756054328953 0.13963290750980378 64
1756054328959 0.1483374737203121 65
1756054328965 0.13353402838110923 66
1756054328970 0.12899694517254828 67
1756054328976 0.11957809627056122 68
1756054328981 0.11336804255843162 69
1756054328987 0.1281551592051983 70
1756054328993 0.1348035030066967 71
1756054328998 0.1282162956893444 72
1756054329004 0.11027235016226769 73
1756054329010 0.11341976746916771 74
1756054329016 0.11433993950486183 75
1756054329023 0.1035475917160511 76
1756054329029 0.10616931691765785 77
1756054329036 0.09508588537573814 78
1756054329042 0.09980065599083901 79
1756054329048 0.09147966876626015 80
1756054329054 0.0973930075764656 81
