1756052274331 2.2052950859069824 1
1756052274341 1.8702508687973023 2
1756052274349 1.6590986490249633 3
1756052274358 1.1264817595481873 4
1756052274366 1.007416832447052 5
1756052274374 0.8834965825080872 6
1756052274382 0.8347806096076965 7
1756052274390 0.7133608102798462 8
1756052274398 0.5876873850822448 9
1756052274406 0.5241995632648468 10
1756052274415 0.49842230081558225 11
1756052274423 0.4816612184047699 12
1756052274431 0.4451263189315796 13
1756052274441 0.41513070464134216 14
1756052274450 0.4492507755756378 15
1756052274459 0.3985933125019073 16
1756052274468 0.38122568726539613 17
1756052274478 0.3752197027206421 18
1756052274487 0.36075158715248107 19
1756052274496 0.3530729115009308 20
1756052274504 0.3350947558879852 21
1756052274513 0.3332054853439331 22
1756052274521 0.33248414397239684 23
1756052274530 0.3189199149608612 24
1756052274538 0.3194322109222412 25
1756052274548 0.30119622945785524 26
1756052274556 0.28295602202415465 27
1756052274566 0.29956111311912537 28
1756052274575 0.3182655036449432 29
1756052274584 0.2883114993572235 30
1756052274592 0.28459540009498596 31
1756052274601 0.276471871137619 32
1756052274610 0.2641741633415222 33
1756052274618 0.2317019671201706 34
1756052274627 0.18666436672210693 35
1756052274636 0.19589623510837556 36
1756052274644 0.20171304047107697 37
1756052274653 0.16192649006843568 38
1756052274662 0.1856142908334732 39
1756052274671 0.1795123666524887 40
1756052274680 0.16525694727897644 41
1756052274689 0.1503515809774399 42
1756052274699 0.14288519322872162 43
1756052274708 0.12423973381519318 44
1756052274716 0.1517354056239128 45
1756052274726 0.13960823267698289 46
1756052274734 0.11370038092136384 47
1756052274743 0.12438366860151291 48
1756052274752 0.11299242228269576 49
1756052274761 0.10111600011587143 50
1756052274770 0.10364315956830979 51
1756052274779 0.10745739936828613 52
1756052274788 0.10044278502464295 53
1756052274797 0.10480879843235016 54
1756052274806 0.10070399343967437 55
1756052274815 0.10297872871160507 56
1756052274824 0.09845141470432281 57
1756052274833 0.0956539824604988 58
1756052274842 0.09270324856042862 59
1756052274851 0.08719197660684586 60
1756052274860 0.0906627893447876 61
1756052274869 0.09244802743196487 62
1756052274878 0.09354959279298783 63
1756052274888 0.08584610372781754 64
1756052274897 0.07982808202505112 65
1756052274906 0.08444100618362427 66
1756052274915 0.07792293578386307 67
1756052274924 0.08369284123182297 68
1756052274933 0.08011508584022523 69
1756052274943 0.07729061245918274 70
1756052274952 0.08699524998664857 71
1756052274961 0.07888509780168533 72
1756052274970 0.07005170881748199 73
1756052274979 0.07067385166883469 74
1756052274988 0.07793551832437515 75
1756052274997 0.0713798686861992 76
1756052275007 0.07269791960716247 77
1756052275016 0.0747627004981041 78
1756052275025 0.06985236182808877 79
1756052275035 0.06869574040174484 80
1756052275044 0.07183419093489647 81
1756052275054 0.07093042731285096 82
1756052275063 0.06751896664500237 83
1756052275072 0.06888297945261002 84
1756052275082 0.07692863270640374 85
1756052275091 0.07358825951814651 86
1756052275100 0.06834055930376053 87
1756052275110 0.06593530625104904 88
1756052275119 0.06729735136032104 89
1756052275129 0.06630514711141586 90
1756052275138 0.06766582131385804 91
1756052275147 0.06357511281967163 92
1756052275157 0.06437536254525185 93
1756052275167 0.06859018057584762 94
1756052275176 0.07016839683055878 95
1756052275186 0.06596066057682037 96
1756052275195 0.06669836491346359 97
1756052275205 0.07345171645283699 98
1756052275215 0.06741853654384614 99
1756052275224 0.06363414749503135 100
