1756052240886 0.9933972716331482 1
1756052240892 0.9526355028152466 2
1756052240896 0.8891766309738159 3
1756052240901 0.768869423866272 4
1756052240905 0.6832358837127686 5
1756052240909 0.6427930951118469 6
1756052240914 0.5913747549057007 7
1756052240918 0.5883132219314575 8
1756052240922 0.5679578304290771 9
1756052240927 0.5203136801719666 10
1756052240931 0.4850434482097626 11
1756052240935 0.4884063363075256 12
1756052240940 0.4708399772644043 13
1756052240944 0.4795505106449127 14
1756052240949 0.4360492706298828 15
1756052240953 0.42205172777175903 16
1756052240958 0.4344612419605255 17
1756052240962 0.4071546673774719 18
1756052240966 0.4147621989250183 19
1756052240971 0.37568161487579343 20
1756052240975 0.40310474634170534 21
1756052240980 0.3911304593086243 22
1756052240985 0.38020854592323305 23
1756052240989 0.36701802015304563 24
1756052240994 0.35483689308166505 25
1756052240999 0.360685396194458 26
1756052241003 0.3453885316848755 27
1756052241008 0.3367851674556732 28
1756052241013 0.35470208525657654 29
1756052241017 0.33531889915466306 30
1756052241022 0.33056468367576597 31
1756052241027 0.3357060968875885 32
1756052241031 0.3152878701686859 33
1756052241036 0.3109575569629669 34
1756052241041 0.3117551028728485 35
1756052241045 0.30842195749282836 36
1756052241050 0.2940334856510162 37
1756052241055 0.31963986754417417 38
1756052241060 0.3093967020511627 39
1756052241064 0.29942719340324403 40
1756052241069 0.2995669603347778 41
1756052241074 0.28995866775512696 42
1756052241079 0.29771742820739744 43
1756052241084 0.270548552274704 44
1756052241089 0.2840415954589844 45
1756052241094 0.28721356987953184 46
1756052241099 0.2836096465587616 47
1756052241103 0.26739129424095154 48
1756052241108 0.27060666382312776 49
1756052241113 0.2783484816551208 50
1756052241118 0.2856292128562927 51
1756052241123 0.2532557874917984 52
1756052241128 0.26412692964076995 53
1756052241133 0.2719233751296997 54
1756052241138 0.2629361182451248 55
1756052241143 0.2729846179485321 56
1756052241148 0.25376989543437956 57
1756052241153 0.2518105536699295 58
1756052241158 0.25661541521549225 59
1756052241164 0.2479911655187607 60
1756052241169 0.25173069834709166 61
1756052241174 0.24574793577194215 62
1756052241179 0.24003713130950927 63
1756052241184 0.2500907272100449 64
1756052241189 0.22997091412544252 65
1756052241195 0.2453387349843979 66
1756052241200 0.2408131718635559 67
1756052241205 0.24651037454605101 68
1756052241211 0.23308058381080626 69
1756052241216 0.23928223550319672 70
1756052241221 0.23990530371665955 71
1756052241226 0.22713982164859772 72
1756052241232 0.24042243957519532 73
1756052241237 0.22931517362594606 74
1756052241243 0.23945795595645905 75
1756052241248 0.223636594414711 76
1756052241253 0.23116445243358613 77
1756052241259 0.2358499675989151 78
1756052241264 0.23075224459171295 79
1756052241270 0.2259923756122589 80
1756052241275 0.23072075247764587 81
