1756052274331 3.938735294342041 1
1756052274341 2.659798288345337 2
1756052274349 1.8510962009429932 3
1756052274358 1.2520802021026611 4
1756052274366 1.1543876647949218 5
1756052274374 0.9283023357391358 6
1756052274382 0.8440246939659118 7
1756052274390 0.7213845372200012 8
1756052274398 0.5870586693286896 9
1756052274406 0.5300275802612304 10
1756052274415 0.49298654198646547 11
1756052274423 0.47037325501441957 12
1756052274431 0.44465606212615966 13
1756052274441 0.4488827586174011 14
1756052274450 0.5109173119068146 15
1756052274459 0.44548606872558594 16
1756052274468 0.38272886276245116 17
1756052274478 0.37993367314338683 18
1756052274487 0.3663963496685028 19
1756052274496 0.3643431425094604 20
1756052274504 0.3366297006607056 21
1756052274513 0.34990413784980773 22
1756052274521 0.35008832812309265 23
1756052274530 0.33254021406173706 24
1756052274538 0.3427086412906647 25
1756052274548 0.311660498380661 26
1756052274556 0.2890533745288849 27
1756052274566 0.3182217121124268 28
1756052274575 0.3209798812866211 29
1756052274584 0.30029991269111633 30
1756052274592 0.3091571569442749 31
1756052274601 0.2993390500545502 32
1756052274610 0.2798402577638626 33
1756052274618 0.2372124284505844 34
1756052274627 0.1822141706943512 35
1756052274636 0.19769402146339415 36
1756052274644 0.19876571893692016 37
1756052274653 0.16585237979888917 38
1756052274662 0.20235062539577484 39
1756052274671 0.19129789471626282 40
1756052274680 0.185861998796463 41
1756052274689 0.16757656037807464 42
1756052274699 0.14379518628120422 43
1756052274708 0.13705966919660567 44
1756052274716 0.16775408685207366 45
1756052274726 0.13418608009815217 46
1756052274734 0.11646352708339691 47
1756052274743 0.15831082910299302 48
1756052274752 0.12515661865472794 49
1756052274761 0.10229234993457795 50
1756052274770 0.10862706005573272 51
1756052274779 0.12164359390735627 52
1756052274788 0.12106938362121582 53
1756052274797 0.10588013380765915 54
1756052274806 0.12012243866920472 55
1756052274815 0.11834651678800583 56
1756052274824 0.1082758754491806 57
1756052274833 0.1038690373301506 58
1756052274842 0.11202421486377716 59
1756052274851 0.10366151928901672 60
1756052274860 0.10577168613672257 61
1756052274869 0.09983560293912888 62
1756052274878 0.10535525232553482 63
1756052274888 0.09424542337656021 64
1756052274897 0.09249413311481476 65
1756052274906 0.09347995072603225 66
1756052274915 0.08806357234716415 67
1756052274924 0.09814697951078415 68
1756052274933 0.08786672204732895 69
1756052274943 0.08295192271471023 70
1756052274952 0.10139206796884537 71
1756052274961 0.08235358148813247 72
1756052274970 0.09043043851852417 73
1756052274979 0.08484057784080505 74
1756052274988 0.08397286534309387 75
1756052274997 0.09282738119363784 76
1756052275007 0.079733444750309 77
1756052275016 0.08883249908685684 78
1756052275025 0.07864019721746444 79
1756052275035 0.0728139728307724 80
1756052275044 0.08434741646051407 81
1756052275054 0.07327560484409332 82
1756052275063 0.07848611623048782 83
1756052275072 0.07472865879535676 84
1756052275082 0.08292463570833206 85
1756052275091 0.08726105690002442 86
1756052275100 0.07795340791344643 87
1756052275110 0.08106129765510559 88
1756052275119 0.07940255254507064 89
1756052275129 0.08797519654035568 90
1756052275138 0.074395452439785 91
1756052275147 0.07808833867311478 92
1756052275157 0.07118274569511414 93
1756052275167 0.07913774475455285 94
1756052275176 0.08430678844451904 95
1756052275186 0.07226480096578598 96
1756052275195 0.0715639904141426 97
1756052275205 0.0733820304274559 98
1756052275215 0.08038247376680374 99
1756052275224 0.07034294605255127 100
