1756052257151 0.0002225770634981146 1
1756052257159 0.0004451541269962292 2
1756052257165 0.0006677311904943438 3
1756052257172 0.0008903082539924584 4
1756052257178 0.001112885317490573 5
1756052257184 0.001112885317490573 6
1756052257190 0.0011125813599230378 7
1756052257197 0.0011116698195935701 8
1756052257203 0.0011101516932581369 9
1756052257209 0.001108028640965597 10
1756052257215 0.0011053029842424621 11
1756052257222 0.0011019777035543412 12
1756052257228 0.0010980564350468456 13
1756052257234 0.0010935434665695163 14
1756052257241 0.0010884437329871251 15
1756052257247 0.0010827628107834704 16
1756052257253 0.001076506911963576 17
1756052257260 0.0010696828772609527 18
1756052257266 0.0010622981686573584 19
1756052257273 0.0010543608612232302 20
1756052257279 0.0010458796342877126 21
1756052257286 0.00103686376194794 22
1756052257292 0.0010273231029279456 23
1756052257299 0.0010172680897982938 24
1756052257305 0.0010067097175682153 25
1756052257312 0.0009956595316627274 26
1756052257318 0.0009841296152978804 27
1756052257325 0.0009721325762679389 28
1756052257331 0.0009596815331589433 29
1756052257338 0.0009467901010037287 30
1756052257344 0.0009334723763940873 31
1756052257351 0.0009197429220663503 32
1756052257357 0.0009056167509772517 33
1756052257364 0.0008911093098874787 34
1756052257370 0.000876236462470867 35
1756052257377 0.0008610144719677059 36
1756052257384 0.0008454599834011235 37
1756052257390 0.0008295900053759985 38
1756052257397 0.0008134218914803009 39
1756052257404 0.0007969733213091974 40
1756052257411 0.0007802622811326754 41
1756052257418 0.0007633070442278181 42
1756052257425 0.0007461261508972472 43
1756052257431 0.0007287383881955721 44
1756052257438 0.0007111627693860225 45
1756052257445 0.0006934185131497243 46
1756052257451 0.0006755250225703531 47
1756052257458 0.0006575018639171479 48
1756052257465 0.0006393687452494825 49
1756052257472 0.0006211454948663926 50
1756052257479 0.0006028520396246206 51
1756052257486 0.0005845083831488918 52
1756052257493 0.0005661345839582437 53
1756052257500 0.0005477507335323294 54
1756052257507 0.0005293769343416813 55
1756052257514 0.0005110332778659526 56
1756052257521 0.0004927398226241806 57
1756052257528 0.0004745165722410905 58
1756052257535 0.0004563834535734255 59
1756052257542 0.0004383602949202202 60
1756052257549 0.00042046680434084884 61
1756052257557 0.0004027225481045507 62
1756052257564 0.0003851469292950011 63
1756052257571 0.00036775916659332594 64
1756052257578 0.00035057827326275486 65
1756052257585 0.00033362303635789793 66
1756052257592 0.00031691199618137563 67
1756052257599 0.0003004634260102723 68
1756052257606 0.00028429531211457485 69
1756052257614 0.0002684253340894498 70
1756052257621 0.00025287084552286725 71
1756052257628 0.00023764885501970605 72
1756052257635 0.0002227760076030944 73
1756052257642 0.00020826856651332145 74
1756052257649 0.00019414239542422267 75
1756052257657 0.00018041294109648586 76
1756052257664 0.0001670952164868443 77
1756052257671 0.00015420378433162984 78
1756052257678 0.00014175274122263438 79
1756052257686 0.00012975570219269278 80
1756052257693 0.00011822578582784578 81
1756052257700 0.00010717559992235779 82
1756052257707 9.661722769227924e-05 83
1756052257715 8.65622145626273e-05 84
1756052257722 7.702155554263302e-05 85
1756052257729 6.800568320286041e-05 86
1756052257737 5.95244562673429e-05 87
1756052257744 5.158714883321463e-05 88
1756052257751 4.420244022962039e-05 89
1756052257759 3.737840552699711e-05 90
1756052257767 3.112250670710242e-05 91
1756052257775 2.5441584503447836e-05 92
1756052257782 2.0341850921056653e-05 93
1756052257790 1.582888244372753e-05 94
1756052257797 1.1907613936231739e-05 95
1756052257805 8.582333248110844e-06 96
