1755908550823 1.6246266403259375 1
1755908550834 1.2302226897997735 2
1755908550838 1.1173007358343174 3
1755908550842 1.0310369684146001 4
1755908550846 0.7871183875279549 5
1755908550850 0.9252970654230851 6
1755908550854 0.7273287964172852 7
1755908550858 0.7509683393515073 8
1755908550863 0.8577235723153139 9
1755908550867 0.6338739016881356 10
1755908550871 0.55727569376811 11
1755908550876 0.5285021899602352 12
1755908550880 0.4570467777741261 13
1755908550885 0.41761592966623795 14
1755908550889 0.4269242038329442 15
1755908550893 0.43616350262593 16
1755908550897 0.41808142150059724 17
1755908550901 0.3971285938452452 18
1755908550906 0.3992989133947935 19
1755908550910 0.46888791215725434 20
1755908550915 0.3654645108259641 21
1755908550920 0.3732839215260286 22
1755908550925 0.47068717579046887 23
1755908550929 0.42699029927070326 24
1755908550933 0.370549921806042 25
1755908550938 0.36366826334060764 26
1755908550942 0.38779621437574047 27
1755908550947 0.38637328912050295 28
1755908550951 0.43659291282678264 29
1755908550956 0.4045650886419492 30
1755908550960 0.36191995938618976 31
1755908550965 0.3883875763187042 32
1755908550969 0.37515015861926937 33
1755908550974 0.3583595695403906 34
1755908550979 0.38894011844427157 35
1755908550984 0.3410872026131703 36
1755908550988 0.3278722449755057 37
1755908550993 0.2975734858176647 38
1755908550998 0.2969715056511072 39
1755908551002 0.4735632359217375 40
1755908551007 0.3351120750109355 41
1755908551011 0.2831185146784171 42
1755908551016 0.2552543185078181 43
1755908551021 0.45133952720042986 44
1755908551025 0.3300109643202562 45
1755908551030 0.285471023275302 46
1755908551035 0.26572521069110966 47
1755908551040 0.3034908009263185 48
1755908551044 0.2676312613945741 49
1755908551049 0.2583178314260947 50
1755908551054 0.27501059495485747 51
1755908551058 0.2370247305967869 52
1755908551063 0.21850498364521906 53
1755908551068 0.2782140179322316 54
1755908551073 0.23686187867170724 55
1755908551078 0.23718210061391196 56
1755908551083 0.2710336794455846 57
1755908551088 0.23682841715904382 58
1755908551093 0.19360640664131212 59
1755908551098 0.23537317625223061 60
1755908551103 0.19938212594924828 61
1755908551108 0.1791645945646824 62
