1755908574798 0.9371743889955374 1
1755908574809 0.8287276717332693 2
1755908574815 0.7703062693277994 3
1755908574821 0.7053044575911301 4
1755908574827 0.6731320290993421 5
1755908574832 0.6364578222617124 6
1755908574838 0.6319627142869509 7
1755908574844 0.6067766814659803 8
1755908574850 0.5850431598149813 9
1755908574856 0.5763569986208891 10
1755908574862 0.5211827449309521 11
1755908574868 0.5542475711076688 12
1755908574874 0.5195686423625702 13
1755908574880 0.5196153735503172 14
1755908574886 0.4961172938346863 15
1755908574892 0.49006974085783345 16
1755908574898 0.491941186097952 17
1755908574905 0.469706029464037 18
1755908574910 0.4763510884382786 19
1755908574917 0.4512006460856169 20
1755908574923 0.4827726361079094 21
1755908574929 0.4887458108938657 22
1755908574936 0.5137174083636358 23
1755908574942 0.45119013771032673 24
1755908574948 0.5060139168531467 25
1755908574955 0.4950923789770175 26
1755908574961 0.4402140294894194 27
1755908574968 0.4416679930992616 28
