1755908550823 0.9590735007555057 1
1755908550834 0.8334011068710914 2
1755908550838 0.8087277840345334 3
1755908550842 0.7608683208624522 4
1755908550846 0.6600657449318812 5
1755908550850 0.7305415868759155 6
1755908550854 0.6321802819386507 7
1755908550858 0.6335082084704668 8
1755908550863 0.641893920990137 9
1755908550867 0.5929562128507174 10
1755908550871 0.553156181023671 11
1755908550876 0.5351936091215183 12
1755908550880 0.4905612808771623 13
1755908550885 0.47178488893386644 14
1755908550889 0.48082860845785874 15
1755908550893 0.48756456757203126 16
1755908550897 0.4786789203301454 17
1755908550901 0.463436912267636 18
1755908550906 0.4543320956902626 19
1755908550910 0.49139438302089006 20
1755908550915 0.4453902420325157 21
1755908550920 0.4475783102023296 22
1755908550925 0.4978614862148578 23
1755908550929 0.4714005688826243 24
1755908550933 0.4357720399514223 25
1755908550938 0.4396206293350611 26
1755908550942 0.4390001946534866 27
1755908550947 0.44911414308425707 28
1755908550951 0.47698412873806095 29
1755908550956 0.47132869408680844 30
1755908550960 0.43782916359412366 31
1755908550965 0.4599666946973556 32
1755908550969 0.44142466630691135 33
1755908550974 0.429852089820764 34
1755908550979 0.4618989145144438 35
1755908550984 0.4178534073707385 36
1755908550988 0.42085004999087405 37
1755908550993 0.4038719500486667 38
1755908550998 0.4018953511348137 39
1755908551002 0.4370083212852478 40
1755908551007 0.4219230314095815 41
1755908551011 0.39502064692668426 42
1755908551016 0.36166067306811994 43
1755908551021 0.45974929286883426 44
1755908551025 0.4136270720225114 45
1755908551030 0.38592261228805935 46
1755908551035 0.382202841150455 47
1755908551040 0.3808795324502847 48
1755908551044 0.38027599988839567 49
1755908551049 0.3740577445580409 50
1755908551054 0.37721682129762113 51
1755908551058 0.345948793567144 52
1755908551063 0.34400013700509685 53
1755908551068 0.38147990558391964 54
1755908551073 0.3468779214681723 55
1755908551078 0.3587375959524742 56
1755908551083 0.3711526443560918 57
1755908551088 0.35887856284777325 58
1755908551093 0.3230050672323276 59
1755908551098 0.34746770828198165 60
1755908551103 0.3296082535615334 61
1755908551108 0.30630889496742153 62
