1755907769101 1.1467871338129043 1
1755907769111 0.9781982928514481 2
1755907769116 0.7586445420980453 3
1755907769120 0.7013174563646316 4
1755907769125 0.6798773735761643 5
1755907769129 0.6202661752700805 6
1755907769134 0.6009315356612206 7
1755907769138 0.5665880605578423 8
1755907769143 0.6088113069534302 9
1755907769147 0.6200588822364808 10
1755907769151 0.507900221645832 11
1755907769155 0.5046614781022072 12
1755907769159 0.5124804228544235 13
1755907769164 0.4778694353997707 14
1755907769169 0.5033666297793389 15
1755907769174 0.5700349241495133 16
1755907769179 0.4984041765332222 17
1755907769183 0.4787405997514725 18
1755907769188 0.43469099700450897 19
1755907769192 0.436696982383728 20
1755907769197 0.4395992890000343 21
1755907769202 0.4415746212005615 22
1755907769207 0.47662425935268404 23
1755907769214 0.4314267888665199 24
1755907769220 0.5273501932621002 25
1755907769225 0.48105147778987883 26
