1755988356172 0.00054156367813138 1
1755988356184 0.00108312735626276 2
1755988356192 0.0016246910343941403 3
1755988356200 0.00216625471252552 4
1755988356208 0.0027078183906569003 5
1755988356217 0.0027078183906569003 6
1755988356225 0.0027070784241146314 7
1755988356233 0.0027048593336303738 8
1755988356242 0.0027011635457469927 9
1755988356250 0.0026959951017542765 10
1755988356258 0.0026893596532698498 11
1755988356266 0.0026812644560592095 12
1755988356275 0.0026717183621016525 13
1755988356283 0.002660731809910767 14
1755988356291 0.0026483168131200712 15
1755988356300 0.00263448694734628 16
1755988356308 0.0026192573353445705 17
1755988356317 0.002602644630472066 18
1755988356326 0.0025846669984776398 19
1755988356334 0.002565344097637933 20
1755988356343 0.002544697057261318 21
1755988356352 0.00252274845458331 22
1755988356361 0.0024995222900786904 23
1755988356370 0.0024750439612173424 24
1755988356378 0.002449340234692489 25
1755988356386 0.0024224392171517065 26
1755988356395 0.002394370324462719 27
1755988356403 0.0023651642495475787 28
1755988356412 0.0023348529288204057 29
1755988356421 0.002303469507265389 30
1755988356429 0.0022710483021932326 31
1755988356438 0.002237624765715679 32
1755988356447 0.0022032354459791477 33
1755988356455 0.0021679179471998707 34
1755988356464 0.002131710888544238 35
1755988356473 0.002094653861899302 36
1755988356481 0.0020567873885796333 37
1755988356489 0.0020181528750178577 38
1755988356498 0.0019787925674873276 39
1755988356506 0.0019387495059064457 40
1755988356516 0.0018980674767751456 41
1755988356526 0.0018567909652949936 42
1755988356535 0.0018149651067252781 43
1755988356545 0.0017726356370282637 44
1755988356554 0.0017298488428575895 45
1755988356563 0.0016866515109444917 46
1755988356572 0.0016430908769372 47
1755988356581 0.0015992145737494512 48
1755988356590 0.0015550705794745948 49
1755988356599 0.001510707164922256 50
1755988356609 0.0014661728408349097 51
1755988356618 0.001421516304842099 52
1755988356627 0.0013767863882102925 53
1755988356637 0.0013320320024466077 54
1755988356646 0.0012873020858148007 55
1755988356655 0.0012426455498219908 56
1755988356663 0.0011981112257346443 57
1755988356672 0.001153747811182305 58
1755988356681 0.0011096038169074495 59
1755988356690 0.0010657275137197003 60
1755988356700 0.0010221668797124085 61
1755988356710 0.0009789695477993108 62
1755988356719 0.0009361827536286364 63
1755988356730 0.000893853283931622 64
1755988356740 0.0008520274253619064 65
1755988356750 0.0008107509138817549 66
1755988356760 0.0007700688847504545 67
