1755988356172 1.9762456655502318 1
1755988356184 1.2684832215309143 2
1755988356192 1.1580498039722442 3
1755988356200 1.3844003617763518 4
1755988356208 0.8685278475284577 5
1755988356217 0.7622247338294983 6
1755988356225 0.6229383021593093 7
1755988356233 0.5176400989294052 8
1755988356242 0.45467287600040435 9
1755988356250 0.3800218403339386 10
1755988356258 0.37820014357566833 11
1755988356266 0.38177464008331297 12
1755988356275 0.36290277987718583 13
1755988356283 0.3112996056675911 14
1755988356291 0.26218493431806567 15
1755988356300 0.233230859041214 16
1755988356308 0.22956137508153915 17
1755988356317 0.22875555157661437 18
1755988356326 0.21319991499185562 19
1755988356334 0.2039843186736107 20
1755988356343 0.1621285155415535 21
1755988356352 0.20983381941914558 22
1755988356361 0.22869213819503784 23
1755988356370 0.19006833136081697 24
1755988356378 0.16889094933867455 25
1755988356386 0.13152962997555734 26
1755988356395 0.11581038236618042 27
1755988356403 0.11143899708986282 28
1755988356412 0.12274885214865208 29
1755988356421 0.1120571106672287 30
1755988356429 0.14170988127589226 31
1755988356438 0.1589504949748516 32
1755988356447 0.13278484642505645 33
1755988356455 0.155171424895525 34
1755988356464 0.14801542162895204 35
1755988356473 0.12763332948088646 36
1755988356481 0.09697382859885692 37
1755988356489 0.10063798874616622 38
1755988356498 0.08204645328223706 39
1755988356506 0.08321357928216458 40
1755988356516 0.10633749514818192 41
1755988356526 0.08818531967699528 42
1755988356535 0.08108912706375122 43
1755988356545 0.06874854043126107 44
1755988356554 0.06305189579725265 45
1755988356563 0.06040762960910797 46
1755988356572 0.06634227558970451 47
1755988356581 0.0675219640135765 48
1755988356590 0.07777181454002857 49
1755988356599 0.04753941223025322 50
1755988356609 0.04698943346738815 51
1755988356618 0.04539895225316286 52
1755988356627 0.03935779631137848 53
1755988356637 0.04612798318266868 54
1755988356646 0.04409090168774128 55
1755988356655 0.03891704194247723 56
1755988356663 0.04678362235426903 57
1755988356672 0.048231587558984754 58
1755988356681 0.03455179873853922 59
1755988356690 0.03529267143458128 60
1755988356700 0.033513250574469564 61
1755988356710 0.04795303400605917 62
1755988356719 0.03773378189653158 63
1755988356730 0.04492147471755743 64
1755988356740 0.02434635693207383 65
1755988356750 0.026310966350138187 66
1755988356760 0.03259512577205896 67
