1755988317769 2.069502568244934 1
1755988317778 1.2945597290992736 2
1755988317783 0.9498100340366363 3
1755988317787 0.8812764763832093 4
1755988317792 0.7752934873104096 5
1755988317796 0.8564708530902863 6
1755988317800 0.8986416280269622 7
1755988317806 0.7765611231327056 8
1755988317811 0.5060490876436233 9
1755988317815 0.4315249174833298 10
1755988317820 0.34731676876544954 11
1755988317825 0.32194049954414367 12
1755988317830 0.31831544935703276 13
1755988317835 0.3497918128967285 14
1755988317840 0.2659231200814247 15
1755988317844 0.2521542251110077 16
1755988317849 0.2507632240653038 17
1755988317854 0.33530186861753464 18
1755988317859 0.3919005200266838 19
1755988317864 0.35461869537830354 20
1755988317869 0.21851797252893448 21
1755988317875 0.21021184772253038 22
1755988317880 0.19129395112395287 23
1755988317885 0.14717387333512305 24
1755988317890 0.14526423886418344 25
1755988317895 0.14624972492456437 26
1755988317900 0.12271726951003074 27
1755988317905 0.1232699804008007 28
1755988317910 0.10241489857435226 29
1755988317915 0.11697624027729034 30
1755988317920 0.1018525518476963 31
1755988317926 0.10852838084101676 32
1755988317931 0.10347434505820274 33
1755988317936 0.10718168988823891 34
1755988317941 0.10376824736595154 35
1755988317946 0.1047808900475502 36
1755988317951 0.09198081195354461 37
1755988317956 0.10424856022000313 38
1755988317961 0.12477111890912056 39
1755988317966 0.0931849479675293 40
1755988317971 0.06630100719630719 41
1755988317976 0.0689457405358553 42
1755988317981 0.0648410316556692 43
1755988317986 0.09162327870726586 44
1755988317991 0.09576307088136674 45
1755988317996 0.062401069700717925 46
1755988318001 0.06023758985102177 47
1755988318007 0.07573998346924782 48
1755988318012 0.06232334598898888 49
1755988318018 0.06623894907534122 50
1755988318023 0.06131143718957901 51
1755988318029 0.05518978964537382 52
1755988318035 0.05008995831012726 53
1755988318041 0.048175318911671636 54
1755988318047 0.04794644992798567 55
1755988318052 0.050420382618904115 56
1755988318058 0.045030982978641984 57
1755988318063 0.04564319811761379 58
1755988318068 0.04182793125510216 59
1755988318073 0.034233568049967286 60
1755988318079 0.040115383267402646 61
1755988318084 0.05011675767600536 62
1755988318089 0.04434117041528225 63
1755988318094 0.04440186060965061 64
1755988318100 0.03427663315087557 65
1755988318106 0.03984145727008581 66
1755988318111 0.038223276101052764 67
1755988318117 0.028444074280560016 68
1755988318123 0.03883848339319229 69
1755988318129 0.027317885868251325 70
1755988318135 0.026787278801202775 71
1755988318141 0.029108559340238573 72
1755988318147 0.02940437700599432 73
1755988318152 0.025014051422476768 74
1755988318158 0.022808897867798807 75
1755988318164 0.03281251573935151 76
1755988318170 0.03103050347417593 77
1755988318176 0.029660211876034737 78
1755988318181 0.030021733418107033 79
1755988318187 0.0281121913343668 80
1755988318193 0.02107495376840234 81
1755988318199 0.01866605328395963 82
