1756059954321 0.0005471083706085353 1
1756059954326 0.0010942167412170706 2
1756059954331 0.0016413251118256062 3
1756059954336 0.0021884334824341413 4
1756059954341 0.0027355418530426766 5
1756059954345 0.0027355418530426766 6
1756059954350 0.002734794307700636 7
1756059954354 0.0027325524891043695 8
1756059954359 0.0027288188486495986 9
1756059954363 0.002723597469017344 10
1756059954368 0.0027168940597095733 11
1756059954373 0.002708715950805947 12
1756059954377 0.002699072084948481 13
1756059954382 0.0026879730075629 14
1756059954387 0.0026754308553273713 15
1756059954392 0.0026614593429012214 16
1756059954397 0.0026460737479281618 17
1756059954401 0.002629290894330405 18
1756059954406 0.002611129133911958 19
1756059954411 0.00259160832629119 20
1756059954416 0.0025707498171846314 21
1756059954420 0.0025485764150657507 22
1756059954425 0.0025251123662242162 23
1756059954430 0.002500383328252942 24
1756059954435 0.002474416341991881 25
1756059954440 0.0024472398019592663 26
1756059954445 0.002418883425302622 27
1756059954450 0.002389378219303497 28
1756059954455 0.002358756447471461 29
1756059954459 0.0023270515942644273 30
1756059954464 0.0022942983284738937 31
1756059954469 0.0022605324653151215 32
1756059954474 0.0022257909272637303 33
1756059954479 0.002190111703681509 34
1756059954485 0.002153533809275608 35
1756059954489 0.0021160972414365283 36
1756059954494 0.0020778429365015645 37
1756059954499 0.0020388127249915183 38
1756059954504 0.0019990492858696406 39
1756059954510 0.0019585960998728096 40
1756059954515 0.0019174974019659863 41
1756059954520 0.0018757981329719255 42
1756059954525 0.0018335438904290508 43
1756059954531 0.0017907808787312118 44
1756059954536 0.0017475558586038597 45
1756059954541 0.0017039160959718808 46
1756059954546 0.0016599093102750003 47
1756059954551 0.001615583622287277 48
1756059954556 0.0015709875014977416 49
1756059954561 0.0015261697131097249 50
1756059954566 0.0014811792647168199 51
1756059954572 0.0014360653527138016 52
1756059954577 0.00139087730850109 53
1756059954582 0.0013456645445415866 54
1756059954587 0.0013004765003288745 55
1756059954593 0.0012553625883258567 56
1756059954598 0.0012103721399329519 57
1756059954603 0.0011655543515449345 58
1756059954609 0.0011209582307553998 59
1756059954614 0.0010766325427676764 60
1756059954619 0.0010326257570707957 61
1756059954625 0.000988985994438817 62
1756059954630 0.0009457609743114649 63
1756059954635 0.0009029979626136255 64
1756059954641 0.0008607437200707505 65
1756059954646 0.0008190444510766905 66
1756059954652 0.0007779457531698669 67
1756059954657 0.0007374925671730361 68
1756059954663 0.0006977291280511588 69
1756059954668 0.0006586989165411126 70
1756059954674 0.0006204446116061485 71
1756059954679 0.0005830080437670688 72
1756059954685 0.0005464301493611676 73
1756059954690 0.0005107509257789464 74
1756059954696 0.00047600938772755503 75
1756059954702 0.00044224352456878326 76
1756059954707 0.00040949025877824903 77
1756059954713 0.0003777854055712159 78
1756059954718 0.0003471636337391803 79
1756059954724 0.0003176584277400554 80
1756059954730 0.0002893020510834105 81
1756059954735 0.00026212551105079575 82
1756059954741 0.00023615852478973457 83
1756059954747 0.00021142948681846018 84
1756059954752 0.00018796543797692603 85
1756059954758 0.00016579203585804516 86
1756059954764 0.00014493352675148694 87
1756059954770 0.0001254127191307185 88
1756059954776 0.00010725095871227137 89
1756059954782 9.046810511451513e-05 90
1756059954787 7.508251014145501e-05 91
1756059954793 6.111099771530535e-05 92
1756059954799 4.856884547977664e-05 93
1756059954805 3.7469768094196e-05 94
1756059954810 2.7825902236729686e-05 95
1756059954816 1.9647793333103275e-05 96
