1756059969236 1.4230980157852173 1
1756059969247 1.1249797701835633 2
1756059969253 1.0584624528884887 3
1756059969260 1.0038551926612853 4
1756059969267 0.7376737475395203 5
1756059969274 0.6971168994903565 6
1756059969281 0.6764551758766174 7
1756059969287 0.5657618641853333 8
1756059969294 0.4931969285011292 9
1756059969301 0.47189351320266726 10
1756059969308 0.4640798270702362 11
1756059969315 0.4212291598320007 12
1756059969322 0.3899833083152771 13
1756059969328 0.34916760921478274 14
1756059969335 0.32750447988510134 15
1756059969342 0.3034726858139038 16
1756059969349 0.30860679149627684 17
1756059969356 0.28088963627815244 18
1756059969363 0.28551419973373415 19
1756059969370 0.26153224110603335 20
1756059969377 0.236678284406662 21
1756059969384 0.21973889768123628 22
1756059969391 0.1957736223936081 23
1756059969398 0.19381584823131562 24
1756059969405 0.1725548416376114 25
1756059969412 0.18919244408607483 26
1756059969419 0.1830279588699341 27
1756059969427 0.17393742501735687 28
1756059969433 0.16135029792785643 29
1756059969441 0.1641647219657898 30
1756059969447 0.1590368330478668 31
1756059969455 0.1492887482047081 32
1756059969462 0.1425082951784134 33
1756059969469 0.13328857719898224 34
1756059969476 0.13202181458473206 35
1756059969483 0.12855530232191087 36
1756059969490 0.1211508110165596 37
1756059969498 0.12367531657218933 38
1756059969505 0.1286776468157768 39
1756059969512 0.10205383151769638 40
1756059969519 0.11223747283220291 41
1756059969527 0.10709972828626632 42
1756059969534 0.10846650302410125 43
1756059969541 0.10723726451396942 44
1756059969548 0.09150739759206772 45
1756059969556 0.11231998950242997 46
1756059969563 0.1247195541858673 47
1756059969571 0.09301833361387253 48
1756059969578 0.10163427591323852 49
1756059969585 0.09817690551280975 50
1756059969593 0.08967207968235016 51
1756059969600 0.08854200541973115 52
1756059969608 0.08283764272928237 53
1756059969615 0.09121895879507065 54
1756059969622 0.07811822220683098 55
1756059969630 0.07939243763685226 56
1756059969637 0.07592708840966225 57
1756059969645 0.08014268204569816 58
1756059969652 0.08319020122289658 59
1756059969660 0.08667606711387635 60
1756059969667 0.0711595207452774 61
1756059969675 0.07974294424057007 62
1756059969682 0.07209147661924362 63
1756059969690 0.06336802169680596 64
1756059969698 0.07562075555324554 65
1756059969705 0.06623580604791642 66
1756059969713 0.06826445013284684 67
1756059969721 0.07406241595745086 68
1756059969729 0.06138796955347061 69
1756059969736 0.06109471842646599 70
