1756059969236 0.0005471083706085353 1
1756059969247 0.0010942167412170706 2
1756059969253 0.0016413251118256062 3
1756059969260 0.0021884334824341413 4
1756059969267 0.0027355418530426766 5
1756059969274 0.0027355418530426766 6
1756059969281 0.002734794307700636 7
1756059969287 0.0027325524891043695 8
1756059969294 0.0027288188486495986 9
1756059969301 0.002723597469017344 10
1756059969308 0.0027168940597095733 11
1756059969315 0.002708715950805947 12
1756059969322 0.002699072084948481 13
1756059969328 0.0026879730075629 14
1756059969335 0.0026754308553273713 15
1756059969342 0.0026614593429012214 16
1756059969349 0.0026460737479281618 17
1756059969356 0.002629290894330405 18
1756059969363 0.002611129133911958 19
1756059969370 0.00259160832629119 20
1756059969377 0.0025707498171846314 21
1756059969384 0.0025485764150657507 22
1756059969391 0.0025251123662242162 23
1756059969398 0.002500383328252942 24
1756059969405 0.002474416341991881 25
1756059969412 0.0024472398019592663 26
1756059969419 0.002418883425302622 27
1756059969427 0.002389378219303497 28
1756059969433 0.002358756447471461 29
1756059969441 0.0023270515942644273 30
1756059969447 0.0022942983284738937 31
1756059969455 0.0022605324653151215 32
1756059969462 0.0022257909272637303 33
1756059969469 0.002190111703681509 34
1756059969476 0.002153533809275608 35
1756059969483 0.0021160972414365283 36
1756059969490 0.0020778429365015645 37
1756059969498 0.0020388127249915183 38
1756059969505 0.0019990492858696406 39
1756059969512 0.0019585960998728096 40
1756059969519 0.0019174974019659863 41
1756059969527 0.0018757981329719255 42
1756059969534 0.0018335438904290508 43
1756059969541 0.0017907808787312118 44
1756059969548 0.0017475558586038597 45
1756059969556 0.0017039160959718808 46
1756059969563 0.0016599093102750003 47
1756059969571 0.001615583622287277 48
1756059969578 0.0015709875014977416 49
1756059969585 0.0015261697131097249 50
1756059969593 0.0014811792647168199 51
1756059969600 0.0014360653527138016 52
1756059969608 0.00139087730850109 53
1756059969615 0.0013456645445415866 54
1756059969622 0.0013004765003288745 55
1756059969630 0.0012553625883258567 56
1756059969637 0.0012103721399329519 57
1756059969645 0.0011655543515449345 58
1756059969652 0.0011209582307553998 59
1756059969660 0.0010766325427676764 60
1756059969667 0.0010326257570707957 61
1756059969675 0.000988985994438817 62
1756059969682 0.0009457609743114649 63
1756059969690 0.0009029979626136255 64
1756059969698 0.0008607437200707505 65
1756059969705 0.0008190444510766905 66
1756059969713 0.0007779457531698669 67
1756059969721 0.0007374925671730361 68
1756059969729 0.0006977291280511588 69
1756059969736 0.0006586989165411126 70
