1756059969236 2.1773180961608887 1
1756059969247 1.4882336139678956 2
1756059969253 1.4365877866744996 3
1756059969260 1.5727911472320557 4
1756059969267 0.9069429039955139 5
1756059969274 0.9930303812026977 6
1756059969281 0.881502902507782 7
1756059969287 0.7884440183639526 8
1756059969294 0.5902194261550904 9
1756059969301 0.6015471696853638 10
1756059969308 0.5176772117614746 11
1756059969315 0.45967323780059816 12
1756059969322 0.45448901057243346 13
1756059969328 0.40995070338249207 14
1756059969335 0.36157665848731996 15
1756059969342 0.4095942258834839 16
1756059969349 0.35259261131286623 17
1756059969356 0.30759252309799195 18
1756059969363 0.32466105818748475 19
1756059969370 0.2894299507141113 20
1756059969377 0.25681147873401644 21
1756059969384 0.25942262411117556 22
1756059969391 0.21814919710159303 23
1756059969398 0.21507595479488373 24
1756059969405 0.20133257806301116 25
1756059969412 0.22099244594573975 26
1756059969419 0.23466073870658874 27
1756059969427 0.20849048495292663 28
1756059969433 0.1781962037086487 29
1756059969441 0.20491492450237275 30
1756059969447 0.18367266058921813 31
1756059969455 0.20486591160297393 32
1756059969462 0.17069143950939178 33
1756059969469 0.1390455260872841 34
1756059969476 0.16196719855070113 35
1756059969483 0.16770601123571396 36
1756059969490 0.1291461855173111 37
1756059969498 0.1540088027715683 38
1756059969505 0.16991247236728668 39
1756059969512 0.11810727417469025 40
1756059969519 0.13814927488565446 41
1756059969527 0.12719936817884445 42
1756059969534 0.13865831345319748 43
1756059969541 0.1336972162127495 44
1756059969548 0.10502158254384994 45
1756059969556 0.18032389581203462 46
1756059969563 0.16116420775651932 47
1756059969571 0.1205742284655571 48
1756059969578 0.1485954850912094 49
1756059969585 0.11325020343065262 50
1756059969593 0.10193846821784973 51
1756059969600 0.10465640276670456 52
1756059969608 0.09442993402481079 53
1756059969615 0.11624601483345032 54
1756059969622 0.09772624298930169 55
1756059969630 0.11297188401222229 56
1756059969637 0.08762338608503342 57
1756059969645 0.10159647911787033 58
1756059969652 0.15138388723134993 59
1756059969660 0.11525184661149979 60
1756059969667 0.08302348554134369 61
1756059969675 0.09309415370225907 62
1756059969682 0.0892394870519638 63
1756059969690 0.08807030618190766 64
1756059969698 0.09912665486335755 65
1756059969705 0.08752137273550034 66
1756059969713 0.08991281986236573 67
1756059969721 0.10236492156982421 68
1756059969729 0.08533944785594941 69
1756059969736 0.07082247883081436 70
