1756059982212 0.8897384643554688 1
1756059982226 0.7436632752418518 2
1756059982235 0.7281882166862488 3
1756059982243 0.669881808757782 4
1756059982252 0.6986416935920715 5
1756059982261 0.6118495345115662 6
1756059982269 0.6332130551338195 7
1756059982278 0.5339588284492492 8
1756059982286 0.5325988054275512 9
1756059982295 0.4995053470134735 10
1756059982303 0.4846041798591614 11
1756059982312 0.46928879618644714 12
1756059982320 0.4428763151168823 13
1756059982329 0.44203874468803406 14
1756059982338 0.4209742367267609 15
1756059982347 0.4380278944969177 16
1756059982355 0.4301204741001129 17
1756059982364 0.4181400954723358 18
1756059982373 0.3738027989864349 19
1756059982381 0.37422612905502317 20
1756059982390 0.37528604865074155 21
1756059982399 0.3600649893283844 22
1756059982408 0.3437429845333099 23
1756059982417 0.3213192641735077 24
1756059982425 0.32980602979660034 25
1756059982434 0.3222793638706207 26
1756059982443 0.307417631149292 27
1756059982452 0.30823956727981566 28
1756059982462 0.31047924160957335 29
1756059982471 0.3292291879653931 30
1756059982481 0.29961085319519043 31
1756059982490 0.29358468651771547 32
1756059982499 0.2945392966270447 33
1756059982508 0.2982645988464355 34
1756059982517 0.29173981547355654 35
1756059982527 0.2640982508659363 36
1756059982536 0.26640609800815584 37
1756059982545 0.25737338364124296 38
1756059982555 0.2591563701629639 39
1756059982564 0.24742146730422973 40
1756059982574 0.24081474542617798 41
1756059982584 0.2410763531923294 42
1756059982593 0.24815184473991395 43
1756059982603 0.23582747280597688 44
1756059982613 0.2286492645740509 45
1756059982623 0.21834819316864013 46
1756059982632 0.21546967029571534 47
1756059982642 0.22500311136245726 48
1756059982652 0.22130435407161714 49
1756059982661 0.2198479175567627 50
