1756053736159 1.0414180397987365 1
1756053736169 0.8615686297416687 2
1756053736178 0.7493716061115265 3
1756053736186 0.8499247848987579 4
1756053736194 0.8584498882293701 5
1756053736202 0.7142351686954498 6
1756053736211 0.6392242789268494 7
1756053736220 0.5687617361545563 8
1756053736228 0.5443678200244904 9
1756053736236 0.49360573589801787 10
1756053736244 0.49281978607177734 11
1756053736252 0.4598304331302643 12
1756053736261 0.4734428972005844 13
1756053736269 0.4892490327358246 14
1756053736277 0.49589439034461974 15
1756053736285 0.4527089327573776 16
1756053736293 0.45226846933364867 17
1756053736302 0.4219381511211395 18
1756053736311 0.4139494478702545 19
1756053736319 0.40611491799354554 20
1756053736327 0.3902595013380051 21
1756053736336 0.3904383957386017 22
1756053736344 0.39037466049194336 23
1756053736353 0.39476369321346283 24
1756053736361 0.3765003621578217 25
1756053736369 0.3900200843811035 26
1756053736379 0.37259223163127897 27
1756053736388 0.3619768232107162 28
1756053736396 0.3549008995294571 29
1756053736404 0.3422873854637146 30
1756053736413 0.35001899003982545 31
1756053736421 0.348803722858429 32
1756053736430 0.3213923066854477 33
1756053736438 0.351092004776001 34
1756053736447 0.3167639285326004 35
1756053736455 0.29193851351737976 36
1756053736464 0.2980416864156723 37
1756053736472 0.3102551192045212 38
1756053736481 0.33368284106254575 39
1756053736490 0.2969686269760132 40
1756053736499 0.27306406646966935 41
1756053736507 0.2916738063097 42
1756053736516 0.30786398649215696 43
1756053736525 0.32069424986839296 44
1756053736534 0.2965245872735977 45
1756053736542 0.27057856470346453 46
1756053736551 0.252442342042923 47
1756053736559 0.25351784378290176 48
1756053736568 0.24750970155000687 49
1756053736577 0.2510698914527893 50
1756053736586 0.24074843525886536 51
1756053736595 0.2670575201511383 52
1756053736604 0.24802761375904084 53
1756053736612 0.2447018951177597 54
1756053736621 0.2392655208706856 55
1756053736630 0.2091282680630684 56
1756053736639 0.23066023141145706 57
1756053736648 0.2351592943072319 58
1756053736657 0.23234056830406188 59
1756053736666 0.21787524819374085 60
1756053736675 0.22098717987537383 61
1756053736684 0.19943352043628693 62
1756053736693 0.20410924553871154 63
1756053736702 0.2055550068616867 64
1756053736711 0.20776092112064362 65
1756053736720 0.19128783643245698 66
1756053736729 0.18159786611795425 67
1756053736738 0.19061242341995238 68
1756053736747 0.193381267786026 69
1756053736756 0.17435761243104936 70
1756053736765 0.1919427841901779 71
1756053736774 0.18285081386566163 72
1756053736784 0.17937222868204117 73
1756053736793 0.17219453454017639 74
1756053736802 0.18657305389642714 75
1756053736811 0.16304446160793304 76
1756053736820 0.17242694199085234 77
1756053736830 0.17385428845882417 78
1756053736839 0.16910853534936904 79
1756053736848 0.17003333270549775 80
1756053736857 0.16943538039922715 81
1756053736866 0.16231293380260467 82
1756053736876 0.16930698305368425 83
1756053736885 0.16428552567958832 84
1756053736894 0.17954328358173371 85
1756053736903 0.17041557878255845 86
1756053736913 0.16128347516059877 87
1756053736922 0.16972595006227492 88
1756053736932 0.1707987979054451 89
1756053736941 0.1709674745798111 90
1756053736950 0.16407042741775513 91
1756053736959 0.16521094590425492 92
1756053736969 0.15815417915582658 93
1756053736978 0.15755050629377365 94
1756053736988 0.15956417471170425 95
1756053736997 0.15448924899101257 96
1756053737006 0.16655826419591904 97
1756053737015 0.15025475099682808 98
1756053737025 0.1529124289751053 99
1756053737034 0.163788603246212 100
