1756053693377 0.0005901198673284502 1
1756053693383 0.0011802397346569004 2
1756053693387 0.0017703596019853507 3
1756053693391 0.002360479469313801 4
1756053693396 0.002950599336642251 5
1756053693400 0.002950599336642251 6
1756053693405 0.0029497930007499917 7
1756053693409 0.0029473748747896734 8
1756053693414 0.002943347602946531 9
1756053693418 0.0029377155889831977 10
1756053693423 0.002930484991424253 11
1756053693427 0.0029216637168219704 12
1756053693431 0.002911261411110614 13
1756053693436 0.0028992894490587544 14
1756053693441 0.0028857609218311243 15
1756053693445 0.002870690622673623 16
1756053693450 0.0028540950307371204 17
1756053693454 0.0028359922930577446 18
1756053693459 0.002816402204713366 19
1756053693464 0.0027953461871779704 20
1756053693468 0.0027728472648975914 21
1756053693473 0.0027489300401134175 22
1756053693478 0.0027236206659596 23
1756053693483 0.0026969468178651883 24
1756053693488 0.002668937663291452 25
1756053693493 0.002639623829837691 26
1756053693498 0.002609037371750406 27
1756053693502 0.0025772117348724487 28
1756053693507 0.002544181720070487 29
1756053693512 0.002509983445180764 30
1756053693517 0.002474654305514779 31
1756053693522 0.0024382329329680585 32
1756053693526 0.0024007591537767493 33
1756053693531 0.0023622739449682124 34
1756053693536 0.0023228193895532463 35
1756053693541 0.002282438630508931 36
1756053693546 0.0022411758236024174 37
1756053693551 0.002199076089107243 38
1756053693555 0.0021561854624649766 39
1756053693560 0.002112550843946137 40
1756053693565 0.0020682199473654387 41
1756053693570 0.002023241247907432 42
1756053693575 0.0019776639291196035 43
1756053693580 0.0019315378291308888 44
1756053693585 0.001884913386154409 45
1756053693590 0.0018378415833340258 46
1756053693595 0.0017903738929950217 47
1756053693600 0.001742562220359869 48
1756053693605 0.00169445884679063 49
1756053693610 0.0016461163726200568 50
1756053693615 0.001597587659633897 51
1756053693620 0.0015489257732673096 52
1756053693625 0.0015001839245785908 53
1756053693630 0.00145141541206366 54
1756053693635 0.0014026735633749408 55
1756053693641 0.0013540116770083541 56
1756053693646 0.001305482964022194 57
1756053693651 0.0012571404898516203 58
1756053693656 0.0012090371162823822 59
1756053693661 0.001161225443647229 60
1756053693666 0.001113757753308225 61
1756053693671 0.0010666859504878418 62
1756053693677 0.001020061507511362 63
1756053693682 0.0009739354075226473 64
1756053693687 0.000928358088734819 65
1756053693693 0.0008833793892768127 66
1756053693698 0.000839048492696114 67
1756053693703 0.0007954138741772744 68
1756053693708 0.0007525232475350083 69
1756053693714 0.0007104235130398339 70
1756053693719 0.00066916070613332 71
1756053693724 0.0006287799470890048 72
1756053693730 0.0005893253916740385 73
1756053693736 0.0005508401828655017 74
1756053693741 0.0005133664036741924 75
1756053693746 0.00047694503112747207 76
1756053693752 0.0004416158914614867 77
1756053693757 0.00040741761657176406 78
1756053693763 0.0003743876017698027 79
1756053693768 0.00034256196489184575 80
1756053693774 0.0003119755068045604 81
1756053693779 0.0002826616733507993 82
1756053693785 0.0002546525187770627 83
1756053693790 0.0002279786706826508 84
1756053693796 0.00020266929652883333 85
1756053693801 0.00017875207174465952 86
1756053693807 0.0001562531494642806 87
1756053693813 0.00013519713192888507 88
1756053693818 0.00011560704358450636 89
1756053693824 9.750430590513055e-05 90
1756053693829 8.090871396862774e-05 91
1756053693835 6.583841481112684e-05 92
1756053693841 5.230988758349685e-05 93
1756053693846 4.033792553163692e-05 94
1756053693852 2.9935619820280323e-05 95
1756053693858 2.111434521799758e-05 96
1756053693863 1.388374765905333e-05 97
1756053693869 8.251733695719813e-06 98
1756053693875 4.224461852577653e-06 99
1756053693881 1.8063358922592731e-06 100
