1756053693377 1.9183656573295593 1
1756053693383 1.4035670042037964 2
1756053693387 1.2100325107574463 3
1756053693391 1.1642258048057557 4
1756053693396 1.2315890729427337 5
1756053693400 0.8837070047855378 6
1756053693405 0.6720633566379547 7
1756053693409 0.5043177545070648 8
1756053693414 0.477449831366539 9
1756053693418 0.4627952814102173 10
1756053693423 0.40085960924625397 11
1756053693427 0.4419732391834259 12
1756053693431 0.43554536402225497 13
1756053693436 0.3468340545892715 14
1756053693441 0.3377053216099739 15
1756053693445 0.3339183121919632 16
1756053693450 0.3307027369737625 17
1756053693454 0.25505411028862 18
1756053693459 0.30171403884887693 19
1756053693464 0.2697685703635216 20
1756053693468 0.2627981647849083 21
1756053693473 0.24257429242134093 22
1756053693478 0.2602641984820366 23
1756053693483 0.22868546843528748 24
1756053693488 0.2545060604810715 25
1756053693493 0.25875758826732637 26
1756053693498 0.2501681685447693 27
1756053693502 0.26649921089410783 28
1756053693507 0.253387363255024 29
1756053693512 0.20407575070858003 30
1756053693517 0.22304760664701462 31
1756053693522 0.24452349096536635 32
1756053693526 0.1796441785991192 33
1756053693531 0.18682145327329636 34
1756053693536 0.16433495059609413 35
1756053693541 0.16963633596897126 36
1756053693546 0.16150702014565468 37
1756053693551 0.15890522226691245 38
1756053693555 0.2011999510228634 39
1756053693560 0.15632778257131577 40
1756053693565 0.1358165703713894 41
1756053693570 0.13023596927523612 42
1756053693575 0.14927258417010308 43
1756053693580 0.12513643279671668 44
1756053693585 0.12511072009801866 45
1756053693590 0.10905886143445968 46
1756053693595 0.11256129443645477 47
1756053693600 0.11970600485801697 48
1756053693605 0.0932772696018219 49
1756053693610 0.1012021891772747 50
1756053693615 0.0903937540948391 51
1756053693620 0.1160310946404934 52
1756053693625 0.10174318253993989 53
1756053693630 0.09670101180672645 54
1756053693635 0.09409577026963234 55
1756053693641 0.08653999492526054 56
1756053693646 0.08782846033573151 57
1756053693651 0.09022349379956722 58
1756053693656 0.09008808434009552 59
1756053693661 0.07489996328949929 60
1756053693666 0.0686798308044672 61
1756053693671 0.07476011887192727 62
1756053693677 0.07989329025149346 63
1756053693682 0.0771619986742735 64
1756053693687 0.0797660581767559 65
1756053693693 0.06807848624885082 66
1756053693698 0.07566449046134949 67
1756053693703 0.0725168887525797 68
1756053693708 0.05579305812716484 69
1756053693714 0.06000890955328941 70
1756053693719 0.07705035246908665 71
1756053693724 0.05741878487169742 72
1756053693730 0.0663144413381815 73
1756053693736 0.06070083305239678 74
1756053693741 0.06132289618253708 75
1756053693746 0.06560103595256805 76
1756053693752 0.05590337738394737 77
1756053693757 0.05387833490967751 78
1756053693763 0.04630196653306484 79
1756053693768 0.0501967117190361 80
1756053693774 0.05159911215305328 81
1756053693779 0.04972811043262482 82
1756053693785 0.04888209328055382 83
1756053693790 0.04670538231730461 84
1756053693796 0.0462157778441906 85
1756053693801 0.04334743991494179 86
1756053693807 0.04700865373015404 87
1756053693813 0.051891171187162397 88
1756053693818 0.051713500171899796 89
1756053693824 0.04365864917635918 90
1756053693829 0.057349123433232306 91
1756053693835 0.049107480049133304 92
1756053693841 0.047082208842039106 93
1756053693846 0.047510328143835066 94
1756053693852 0.04929073844105005 95
1756053693858 0.04839029759168625 96
1756053693863 0.04165503904223442 97
1756053693869 0.040727443806827066 98
1756053693875 0.0529074240475893 99
1756053693881 0.047049900889396666 100
