1756053711364 0.0005901198673284502 1
1756053711375 0.0011802397346569004 2
1756053711382 0.0017703596019853507 3
1756053711389 0.002360479469313801 4
1756053711395 0.002950599336642251 5
1756053711402 0.002950599336642251 6
1756053711409 0.0029497930007499917 7
1756053711416 0.0029473748747896734 8
1756053711423 0.002943347602946531 9
1756053711430 0.0029377155889831977 10
1756053711436 0.002930484991424253 11
1756053711443 0.0029216637168219704 12
1756053711450 0.002911261411110614 13
1756053711458 0.0028992894490587544 14
1756053711464 0.0028857609218311243 15
1756053711472 0.002870690622673623 16
1756053711479 0.0028540950307371204 17
1756053711487 0.0028359922930577446 18
1756053711494 0.002816402204713366 19
1756053711501 0.0027953461871779704 20
1756053711508 0.0027728472648975914 21
1756053711515 0.0027489300401134175 22
1756053711522 0.0027236206659596 23
1756053711529 0.0026969468178651883 24
1756053711537 0.002668937663291452 25
1756053711545 0.002639623829837691 26
1756053711552 0.002609037371750406 27
1756053711560 0.0025772117348724487 28
1756053711567 0.002544181720070487 29
1756053711574 0.002509983445180764 30
1756053711582 0.002474654305514779 31
1756053711590 0.0024382329329680585 32
1756053711597 0.0024007591537767493 33
1756053711604 0.0023622739449682124 34
1756053711611 0.0023228193895532463 35
1756053711619 0.002282438630508931 36
1756053711626 0.0022411758236024174 37
1756053711633 0.002199076089107243 38
1756053711640 0.0021561854624649766 39
1756053711648 0.002112550843946137 40
1756053711655 0.0020682199473654387 41
1756053711662 0.002023241247907432 42
1756053711670 0.0019776639291196035 43
1756053711677 0.0019315378291308888 44
1756053711684 0.001884913386154409 45
1756053711692 0.0018378415833340258 46
1756053711699 0.0017903738929950217 47
1756053711707 0.001742562220359869 48
1756053711714 0.00169445884679063 49
1756053711721 0.0016461163726200568 50
1756053711729 0.001597587659633897 51
1756053711737 0.0015489257732673096 52
1756053711744 0.0015001839245785908 53
1756053711752 0.00145141541206366 54
1756053711759 0.0014026735633749408 55
1756053711767 0.0013540116770083541 56
1756053711774 0.001305482964022194 57
1756053711782 0.0012571404898516203 58
1756053711790 0.0012090371162823822 59
1756053711798 0.001161225443647229 60
