1755979751075 1.0011430111798374 1
1755979751087 0.8556086026228867 2
1755979751091 0.9047261921616344 3
1755979751095 0.8025045034947333 4
1755979751099 0.7143636357474636 5
1755979751103 0.6866753623857127 6
1755979751107 0.6566130619544488 7
1755979751112 0.6785721972391203 8
1755979751116 0.6135264956331873 9
1755979751120 0.5562381771477786 10
1755979751125 0.5970515841013425 11
1755979751129 0.5807010194697937 12
1755979751133 0.5226893366931321 13
1755979751138 0.5564547475282248 14
1755979751142 0.5386483030659812 15
1755979751146 0.5616883821301646 16
1755979751151 0.5257692313813543 17
1755979751155 0.5104127398559025 18
1755979751159 0.5426609396160423 19
1755979751164 0.48267942899233335 20
1755979751168 0.5394546366357184 21
1755979751172 0.5433831683226994 22
1755979751177 0.471295437255463 23
1755979751181 0.497493252158165 24
1755979751186 0.48299135964412193 25
1755979751191 0.4705253845298445 26
1755979751195 0.4441662643636976 27
1755979751199 0.4454982733571684 28
1755979751204 0.45044149400351885 29
1755979751209 0.46448442456010103 30
1755979751213 0.4713633085613127 31
1755979751218 0.43225804726024725 32
1755979751222 0.4630047791189962 33
1755979751227 0.4506121155890552 34
1755979751232 0.447991054166447 35
1755979751237 0.37720937233466606 36
1755979751242 0.4099760806405699 37
1755979751246 0.42418510611955224 38
1755979751251 0.4277312709139539 39
1755979751256 0.39758763859024293 40
1755979751260 0.3866056652812215 41
1755979751265 0.3952575856214994 42
1755979751270 0.4041794610100907 43
1755979751275 0.4162230896098273 44
1755979751280 0.4011104859701999 45
1755979751285 0.3734426506153949 46
1755979751290 0.37054331542609575 47
1755979751294 0.3967356292845367 48
1755979751299 0.40360849689353595 49
1755979751304 0.38396251724137886 50
1755979751309 0.3866693563275523 51
1755979751314 0.37862098468588545 52
1755979751319 0.36587497398450775 53
1755979751324 0.407250536146102 54
1755979751329 0.3864606326663649 55
1755979751334 0.3845302706415003 56
1755979751339 0.36545461609766083 57
1755979751344 0.3619307867892377 58
1755979751349 0.3603089440178561 59
1755979751354 0.359632978385145 60
1755979751359 0.3413206513051863 61
1755979751364 0.3603749739659297 62
1755979751369 0.33826506815173407 63
1755979751374 0.372738404320432 64
1755979751379 0.3690125065577495 65
1755979751384 0.33305991005587887 66
1755979751389 0.316893201756787 67
