1755979861496 1.506562821276776 1
1755979861512 1.7737919258606898 2
1755979861519 1.1149063690916283 3
1755979861527 1.1039702389147374 4
1755979861534 1.448778887073715 5
1755979861542 0.9290416217469549 6
1755979861549 0.7723706020163251 7
1755979861556 0.7993977586557339 8
1755979861563 0.7306045738907604 9
1755979861571 0.6954017101557224 10
1755979861578 0.5782377576673186 11
1755979861586 0.5590022740426002 12
1755979861593 0.6160404714090484 13
1755979861600 0.5354837263365845 14
1755979861608 0.5070089159847854 15
1755979861616 0.5463213686432157 16
1755979861623 0.44139460716154666 17
1755979861630 0.46245554747519557 18
1755979861638 0.5011318149891767 19
1755979861646 0.4557846312399034 20
1755979861653 0.4803329043380626 21
1755979861661 0.4843009114265442 22
1755979861668 0.3936373905895592 23
1755979861676 0.46828376704996283 24
1755979861683 0.5186024232731237 25
1755979861691 0.40058465998668175 26
1755979861699 0.3856501856020519 27
1755979861706 0.3912455261527718 28
1755979861714 0.3759498247852573 29
1755979861722 0.34747631073772134 30
