1755975975577 0.8712532009397235 1
1755975975582 0.7370235068457467 2
1755975975587 0.7617224114281791 3
1755975975591 0.6962932007653373 4
1755975975596 0.7276613605873925 5
1755975975600 0.6472778873784202 6
1755975975604 0.5841748799596514 7
1755975975609 0.5787588357925415 8
1755975975613 0.5231006251914161 9
1755975975617 0.5166110438959939 10
1755975975621 0.464884272643498 11
1755975975626 0.4615072671856199 12
1755975975630 0.4719251649720328 13
1755975975635 0.4048157674925668 14
1755975975639 0.41317592348371235 15
1755975975643 0.39253103945936474 16
1755975975648 0.38502723617213114 17
1755975975652 0.380109857235636 18
1755975975656 0.3562452346086502 19
1755975975661 0.37007644346782137 20
1755975975665 0.3550904712506703 21
1755975975671 0.3443244865962437 22
1755975975676 0.32638891679900034 23
1755975975681 0.3244465248925345 24
1755975975687 0.2977205067873001 25
1755975975692 0.31187581377370016 26
1755975975697 0.2931459482227053 27
1755975975702 0.31866819517953054 28
1755975975706 0.31453300586768557 29
1755975975711 0.3214500461305891 30
1755975975716 0.31250570927347454 31
1755975975721 0.2809864410332271 32
1755975975726 0.3122873902320862 33
1755975975732 0.31716351423944744 34
1755975975737 0.30770557054451536 35
1755975975742 0.3086354413202831 36
1755975975748 0.3073164309774126 37
1755975975752 0.2942104658910206 38
1755975975757 0.2673989034124783 39
1755975975763 0.27233027879680904 40
1755975975768 0.29338881373405457 41
1755975975773 0.2865708289401872 42
1755975975778 0.27006142905780245 43
1755975975783 0.2594256198831967 44
1755975975789 0.25300400810582296 45
1755975975794 0.26203480682202746 46
1755975975800 0.23831060848065785 47
1755975975805 0.2327432015112468 48
1755975975811 0.24847756432635443 49
1755975975817 0.26714244378464563 50
1755975975822 0.2523730290787561 51
1755975975827 0.2322676522391183 52
1755975975832 0.2291796218071665 53
1755975975837 0.23192792385816574 54
1755975975842 0.22568704613617488 55
1755975975847 0.22944473155907222 56
1755975975852 0.22275136517626898 57
1755975975858 0.21240025332995824 58
1755975975863 0.22564331548554556 59
1755975975868 0.20734185512576783 60
1755975975874 0.2251751348376274 61
1755975975879 0.20822818257978984 62
1755975975885 0.21211768154587066 63
1755975975891 0.21946414240768977 64
1755975975897 0.23728363322360174 65
1755975975902 0.21074271840708597 66
1755975975909 0.2088658788374492 67
1755975975915 0.207821857716356 68
1755975975921 0.21583940833806992 69
1755975975927 0.2190777776496751 70
1755975975932 0.20923859200307302 71
1755975975937 0.22547966774020875 72
1755975975942 0.21045344642230443 73
1755975975948 0.20444047557456152 74
1755975975953 0.18814179939883097 75
1755975975958 0.20182850318295614 76
1755975975963 0.1973177290388516 77
1755975975968 0.19361787076507295 78
