1755978281885 2.4762168705463408 1
1755978281906 1.4849174797534943 2
1755978281914 1.5574504181742668 3
1755978281922 1.3512190014123917 4
1755978281930 0.8871567271649837 5
1755978281938 0.799802029132843 6
1755978281946 0.8597136542201043 7
1755978281954 0.9575428068637848 8
1755978281962 1.052369475364685 9
1755978281970 0.7307479500770568 10
1755978281977 0.8041725069284439 11
1755978281985 0.664326237142086 12
1755978281993 0.800554621219635 13
1755978282005 0.614200784265995 14
1755978282013 0.6637369304895401 15
1755978282020 0.5562716454267502 16
1755978282028 0.6090967252850532 17
1755978282036 0.5559535771608353 18
1755978282044 0.4093117222189903 19
1755978282052 0.3899705849587917 20
1755978282060 0.4092980921268463 21
1755978282068 0.41218192875385284 22
1755978282076 0.5081426538527012 23
1755978282083 0.4718531474471092 24
1755978282091 0.6178527563810349 25
1755978282099 0.4910434916615486 26
1755978282107 0.5367952294647693 27
1755978282115 0.48322082310914993 28
1755978282123 0.47254574596881865 29
1755978282131 0.5067014522850514 30
1755978282139 0.39313708916306495 31
1755978282148 0.3158226482803002 32
1755978282156 0.34586855843663217 33
1755978282164 0.3779038704931736 34
1755978282172 0.29875006675720217 35
1755978282180 0.41810301020741464 36
1755978282188 0.3972570654004812 37
1755978282196 0.41152120009064674 38
1755978282204 0.37939724773168565 39
1755978282213 0.29933749288320544 40
1755978282221 0.25706410557031634 41
1755978282229 0.2596191667020321 42
1755978282237 0.28922630175948144 43
1755978282246 0.2894588468596339 44
1755978282254 0.34058242216706275 45
1755978282274 0.42311863601207733 46
1755978282286 0.31967203691601753 47
1755978282295 0.23449448347091675 48
1755978282304 0.2354041025042534 49
1755978282312 0.2040495164692402 50
