1755978256757 1.6765312567353248 1
1755978256769 1.162087231874466 2
1755978256775 1.1765155225992203 3
1755978256782 1.0986790597438811 4
1755978256788 1.0402403444051742 5
1755978256796 0.9232052057981491 6
1755978256803 0.6972496807575226 7
1755978256810 0.7118040740489959 8
1755978256816 0.6910752013325692 9
1755978256824 0.6859341606497764 10
1755978256830 0.6796962976455688 11
1755978256837 0.5867414817214012 12
1755978256843 0.6281056866049767 13
1755978256849 0.6262146383523941 14
1755978256855 0.5625006064772606 15
1755978256862 0.48357439041137695 16
1755978256869 0.53209840208292 17
1755978256875 0.4756311684846878 18
1755978256882 0.485836361348629 19
1755978256888 0.4431441962718964 20
1755978256895 0.42831297516822814 21
1755978256902 0.4457771800458431 22
1755978256908 0.4211976855993271 23
1755978256915 0.520455139875412 24
1755978256921 0.3451871871948242 25
1755978256928 0.29633674249053 26
1755978256935 0.3213160954415798 27
1755978256941 0.34689180850982665 28
1755978256948 0.332633538544178 29
1755978256954 0.3072170063853264 30
1755978256961 0.28073551710695027 31
1755978256967 0.2883519776165485 32
1755978256974 0.3588491030037403 33
1755978256981 0.3673081435263157 34
1755978256988 0.36830024868249894 35
1755978256995 0.332470827549696 36
1755978257001 0.3077071368694305 37
1755978257008 0.34399370700120924 38
1755978257015 0.35824624821543694 39
1755978257021 0.30773090571165085 40
1755978257028 0.2870879158377647 41
1755978257035 0.25064987912774084 42
1755978257042 0.25422423928976057 43
1755978257048 0.27146019116044046 44
1755978257055 0.2382005974650383 45
1755978257062 0.2756835430860519 46
1755978257069 0.3153650414198637 47
1755978257076 0.3635230250656605 48
1755978257084 0.2598214574158192 49
1755978257091 0.23203228637576104 50
1755978257098 0.20993714332580565 51
1755978257105 0.2159316770732403 52
1755978257112 0.20544640421867372 53
1755978257119 0.2658656992018223 54
1755978257126 0.22293711081147194 55
1755978257133 0.20500772595405578 56
1755978257140 0.18942047134041787 57
1755978257147 0.20577683597803115 58
1755978257154 0.22364508360624313 59
