1755978256757 0.0005162352984334655 1
1755978256769 0.001032470596866931 2
1755978256775 0.0015487058953003968 3
1755978256782 0.002064941193733862 4
1755978256788 0.002581176492167328 5
1755978256796 0.002581176492167328 6
1755978256803 0.002580471145889224 7
1755978256810 0.0025783558783407114 8
1755978256816 0.002574833002535799 9
1755978256824 0.0025699063706874567 10
1755978256830 0.002563581369995279 11
1755978256837 0.002555864916754659 12
1755978256843 0.0025467654487939246 13
1755978256849 0.002536292916247693 14
1755978256855 0.0025244587706765484 15
1755978256862 0.0025112759525449243 16
1755978256869 0.0024967588770709007 17
1755978256875 0.00248092341846337 18
1755978256882 0.0024637868925638266 19
1755978256888 0.0024453680379117448 20
1755978256895 0.002425686995254264 21
1755978256902 0.0024047652855225766 22
1755978256908 0.0023826257862991033 23
1755978256915 0.0023592927068011977 24
1755978256921 0.0023347915614087174 25
1755978256928 0.0023091491417644265 26
1755978256935 0.0022823934874777285 27
1755978256941 0.0022545538554637626 28
1755978256948 0.002225660687951399 29
1755978256954 0.002195745579195107 30
1755978256961 0.002164841240927104 31
1755978256967 0.0021329814665875507 32
1755978256974 0.0021002010943719286 33
1755978256981 0.002066535969135978 34
1755978256988 0.0020320229031998787 35
1755978256995 0.0019966996360945163 36
1755978257001 0.0019606047932938585 37
1755978257008 0.001923777843978569 38
1755978257015 0.0018862590578770369 39
1755978257021 0.0018480894612310182 40
1755978257028 0.0018093107919340459 41
1755978257035 0.0017699654538916522 42
1755978257042 0.0017300964706533253 43
1755978257048 0.0016897474383668852 44
1755978257055 0.0016489624781067386 45
1755978257062 0.0016077861876281313 46
1755978257069 0.0015662635926001573 47
1755978257076 0.0015244400973708516 48
1755978257084 0.0014823614353182003 49
1755978257091 0.001440073618841366 50
1755978257098 0.0013976228890468022 51
1755978257105 0.0013550556651842837 52
1755978257112 0.0013124184938881395 53
1755978257119 0.001269757998279188 54
1755978257126 0.0012271208269830436 55
1755978257133 0.0011845536031205256 56
1755978257140 0.0011421028733259618 57
1755978257147 0.0010998150568491273 58
1755978257154 0.0010577363947964766 59
