1755978281885 1.7377723425626754 1
1755978281906 1.3154813677072525 2
1755978281914 1.1905492655932903 3
1755978281922 1.1944133251905442 4
1755978281930 0.8325150080025197 5
1755978281938 0.7815382927656174 6
1755978281946 0.7254383772611618 7
1755978281954 0.8002165287733078 8
1755978281962 0.9460706204175949 9
1755978281970 0.6717437177896499 10
1755978281977 0.743421483039856 11
1755978281985 0.641257430613041 12
1755978281993 0.7490162640810013 13
1755978282005 0.5963519796729088 14
1755978282013 0.6090927436947823 15
1755978282020 0.5085532128810882 16
1755978282028 0.426709309220314 17
1755978282036 0.5032538816332817 18
1755978282044 0.3841776132583618 19
1755978282052 0.3813055545091629 20
1755978282060 0.3835753582417965 21
1755978282068 0.39341460540890694 22
1755978282076 0.45042170509696006 23
1755978282083 0.4215267986059189 24
1755978282091 0.5516244038939476 25
1755978282099 0.4039768621325493 26
1755978282107 0.47675936445593836 27
1755978282115 0.4268125995993614 28
1755978282123 0.3987122565507889 29
1755978282131 0.45066257789731023 30
1755978282139 0.3576523743569851 31
1755978282148 0.2928412149194628 32
1755978282156 0.2942772649228573 33
1755978282164 0.34296039789915084 34
1755978282172 0.28576414883136747 35
1755978282180 0.44117801263928413 36
1755978282188 0.3452640913426876 37
1755978282196 0.3684689886868 38
1755978282204 0.3183418795466423 39
1755978282213 0.2768083937466145 40
1755978282221 0.24180591627955436 41
1755978282229 0.22679234370589257 42
1755978282237 0.2544682703912258 43
1755978282246 0.2207893225364387 44
1755978282254 0.3127326861023903 45
1755978282274 0.34987654387950895 46
1755978282286 0.2962672472000122 47
1755978282295 0.22115151435136796 48
1755978282304 0.22528572008013725 49
1755978282312 0.2155693106353283 50
