1755978281885 0.0005162352984334655 1
1755978281906 0.001032470596866931 2
1755978281914 0.0015487058953003968 3
1755978281922 0.002064941193733862 4
1755978281930 0.002581176492167328 5
1755978281938 0.002581176492167328 6
1755978281946 0.002580471145889224 7
1755978281954 0.0025783558783407114 8
1755978281962 0.002574833002535799 9
1755978281970 0.0025699063706874567 10
1755978281977 0.002563581369995279 11
1755978281985 0.002555864916754659 12
1755978281993 0.0025467654487939246 13
1755978282005 0.002536292916247693 14
1755978282013 0.0025244587706765484 15
1755978282020 0.0025112759525449243 16
1755978282028 0.0024967588770709007 17
1755978282036 0.00248092341846337 18
1755978282044 0.0024637868925638266 19
1755978282052 0.0024453680379117448 20
1755978282060 0.002425686995254264 21
1755978282068 0.0024047652855225766 22
1755978282076 0.0023826257862991033 23
1755978282083 0.0023592927068011977 24
1755978282091 0.0023347915614087174 25
1755978282099 0.0023091491417644265 26
1755978282107 0.0022823934874777285 27
1755978282115 0.0022545538554637626 28
1755978282123 0.002225660687951399 29
1755978282131 0.002195745579195107 30
1755978282139 0.002164841240927104 31
1755978282148 0.0021329814665875507 32
1755978282156 0.0021002010943719286 33
1755978282164 0.002066535969135978 34
1755978282172 0.0020320229031998787 35
1755978282180 0.0019966996360945163 36
1755978282188 0.0019606047932938585 37
1755978282196 0.001923777843978569 38
1755978282204 0.0018862590578770369 39
1755978282213 0.0018480894612310182 40
1755978282221 0.0018093107919340459 41
1755978282229 0.0017699654538916522 42
1755978282237 0.0017300964706533253 43
1755978282246 0.0016897474383668852 44
1755978282254 0.0016489624781067386 45
1755978282274 0.0016077861876281313 46
1755978282286 0.0015662635926001573 47
1755978282295 0.0015244400973708516 48
1755978282304 0.0014823614353182003 49
1755978282312 0.001440073618841366 50
