1756054258481 3.700419306755066 1
1756054258490 1.8000881910324096 2
1756054258495 1.1240577220916748 3
1756054258499 1.064371794462204 4
1756054258504 0.7844598531723023 5
1756054258508 0.571210315823555 6
1756054258513 0.4615411520004272 7
1756054258518 0.3890501469373703 8
1756054258523 0.3132027998566628 9
1756054258528 0.3028019070625305 10
1756054258533 0.306472472846508 11
1756054258538 0.27826522290706635 12
1756054258543 0.23916828632354736 13
1756054258547 0.22583875805139542 14
1756054258552 0.22341926842927934 15
1756054258558 0.2576760470867157 16
1756054258563 0.301882392168045 17
1756054258574 0.3321383595466614 18
1756054258582 0.2946442052721977 19
1756054258588 0.26708309203386305 20
1756054258596 0.22845830023288727 21
1756054258602 0.21185306906700135 22
1756054258609 0.1688293434679508 23
1756054258615 0.18525464832782745 24
1756054258621 0.14691292122006416 25
1756054258628 0.11856317147612572 26
1756054258633 0.09347507432103157 27
1756054258638 0.12577686905860902 28
1756054258644 0.1283629834651947 29
1756054258649 0.1343480996787548 30
1756054258654 0.11222210228443145 31
1756054258659 0.0882788747549057 32
1756054258664 0.10056343674659729 33
1756054258669 0.09799930453300476 34
1756054258675 0.09532767310738563 35
1756054258680 0.08275763094425201 36
1756054258685 0.15276083946228028 37
1756054258691 0.18155571818351746 38
1756054258696 0.13749195709824563 39
1756054258701 0.10527596324682235 40
1756054258707 0.10202485136687756 41
1756054258712 0.07583290301263332 42
1756054258717 0.07876570522785187 43
1756054258723 0.06993152424693108 44
1756054258728 0.06796401888132095 45
1756054258733 0.07516859471797943 46
1756054258738 0.08797987326979637 47
1756054258743 0.08050615340471268 48
1756054258748 0.06959625408053398 49
1756054258753 0.05400473177433014 50
1756054258759 0.045534614473581314 51
1756054258764 0.05210335087031126 52
1756054258769 0.0418065257370472 53
1756054258775 0.038999701477587224 54
1756054258780 0.03368723634630442 55
1756054258786 0.03520174324512482 56
1756054258792 0.04100968055427075 57
1756054258798 0.05430756956338882 58
1756054258803 0.04729978367686272 59
1756054258809 0.042770258709788324 60
1756054258814 0.03373609129339457 61
1756054258820 0.042450565937906505 62
1756054258825 0.030157736875116824 63
1756054258830 0.030927013792097568 64
1756054258836 0.03245905023068189 65
1756054258842 0.02734394893050194 66
1756054258848 0.03023476302623749 67
1756054258853 0.04830798003822565 68
1756054258859 0.037779330275952816 69
1756054258865 0.026352366991341115 70
1756054258870 0.02678563054651022 71
1756054258876 0.02884058253839612 72
1756054258882 0.024180221650749446 73
1756054258887 0.018765811715275048 74
1756054258893 0.02093732003122568 75
1756054258898 0.02546639321371913 76
1756054258904 0.022629990708082914 77
1756054258909 0.017207753006368877 78
1756054258915 0.019000621046870947 79
1756054258921 0.018691655807197095 80
1756054258926 0.020680035278201104 81
