1756054281280 0.9508572936058044 1
1756054281290 0.7402313768863678 2
1756054281297 0.783668577671051 3
1756054281304 0.63315549492836 4
1756054281310 0.5316250383853912 5
1756054281317 0.5298752099275589 6
1756054281323 0.48281154632568357 7
1756054281330 0.42493367195129395 8
1756054281336 0.3984705895185471 9
1756054281343 0.3855267405509949 10
1756054281349 0.35670964419841766 11
1756054281356 0.3586941480636597 12
1756054281362 0.3484091192483902 13
1756054281369 0.3548462152481079 14
1756054281375 0.3430416166782379 15
1756054281382 0.36372085809707644 16
1756054281388 0.3525733709335327 17
1756054281395 0.3112183526158333 18
1756054281402 0.3380417674779892 19
1756054281408 0.33091638684272767 20
1756054281416 0.29615354239940644 21
1756054281423 0.2670580506324768 22
1756054281430 0.29151820540428164 23
1756054281437 0.3159492939710617 24
1756054281445 0.3108312636613846 25
1756054281452 0.27866525053977964 26
1756054281459 0.27177484035491944 27
1756054281465 0.2806407794356346 28
1756054281472 0.237704735994339 29
1756054281479 0.24455006569623947 30
1756054281486 0.24834056049585343 31
1756054281493 0.2595201551914215 32
1756054281500 0.25045986026525496 33
1756054281507 0.2240569308400154 34
1756054281514 0.20139579325914383 35
1756054281522 0.20945593267679213 36
1756054281529 0.2078591451048851 37
1756054281536 0.2070944592356682 38
1756054281543 0.1967514157295227 39
1756054281550 0.16935327053070068 40
1756054281557 0.18500399738550186 41
1756054281564 0.175395630300045 42
1756054281571 0.16367051154375076 43
1756054281579 0.17745924293994902 44
1756054281587 0.15458131432533265 45
1756054281594 0.15983988344669342 46
1756054281602 0.15713925361633302 47
1756054281610 0.13979039043188096 48
1756054281617 0.14514257833361627 49
1756054281625 0.14160455390810966 50
1756054281632 0.13245759010314942 51
1756054281640 0.1364963561296463 52
1756054281648 0.13393841981887816 53
1756054281656 0.13945210427045823 54
1756054281663 0.15443063750863076 55
1756054281671 0.1403306730091572 56
1756054281679 0.15608623176813125 57
1756054281687 0.13524067252874375 58
1756054281694 0.1271444708108902 59
1756054281702 0.1308671221137047 60
1756054281710 0.1393102839589119 61
1756054281717 0.12787054628133773 62
1756054281725 0.13779214918613433 63
1756054281732 0.11906710490584374 64
1756054281739 0.1313764452934265 65
1756054281746 0.11220323890447617 66
1756054281754 0.11840330064296722 67
1756054281761 0.10288542658090591 68
1756054281768 0.09301348999142647 69
1756054281776 0.1119365781545639 70
1756054281783 0.1026299238204956 71
1756054281790 0.10083050355315208 72
1756054281798 0.10843697413802147 73
1756054281806 0.12665464505553245 74
1756054281814 0.11918419152498246 75
1756054281822 0.12465728297829629 76
1756054281830 0.10252757146954536 77
1756054281838 0.11374244391918183 78
1756054281846 0.10855320245027542 79
1756054281854 0.08937401846051216 80
1756054281863 0.09984029605984687 81
1756054281871 0.09501480236649514 82
1756054281880 0.10253972858190537 83
