1756054281280 1.6722277879714966 1
1756054281290 0.9632071316242218 2
1756054281297 1.0324149966239928 3
1756054281304 0.7096249550580979 4
1756054281310 0.4876215040683746 5
1756054281317 0.4805512517690659 6
1756054281323 0.40934778451919557 7
1756054281330 0.3280971571803093 8
1756054281336 0.2843470275402069 9
1756054281343 0.2594312742352486 10
1756054281349 0.23502528220415114 11
1756054281356 0.2309398427605629 12
1756054281362 0.21586048752069473 13
1756054281369 0.21999614387750627 14
1756054281375 0.21447762697935105 15
1756054281382 0.24544980451464654 16
1756054281388 0.21639762669801713 17
1756054281395 0.16603728830814363 18
1756054281402 0.20617734044790267 19
1756054281408 0.19358233511447906 20
1756054281416 0.15314522087574006 21
1756054281423 0.12852955013513565 22
1756054281430 0.150051861256361 23
1756054281437 0.17487967759370804 24
1756054281445 0.16802258491516114 25
1756054281452 0.1390075758099556 26
1756054281459 0.12628001868724822 27
1756054281465 0.14669425562024116 28
1756054281472 0.0961678721010685 29
1756054281479 0.10431218668818473 30
1756054281486 0.11116407141089439 31
1756054281493 0.12263241559267044 32
1756054281500 0.11494660824537277 33
1756054281507 0.08953085541725159 34
1756054281514 0.07161023691296578 35
1756054281522 0.07599171698093414 36
1756054281529 0.07585242800414563 37
1756054281536 0.07295615263283253 38
1756054281543 0.06723986491560936 39
1756054281550 0.05061765983700752 40
1756054281557 0.05927145332098007 41
1756054281564 0.050484992749989036 42
1756054281571 0.0456895025447011 43
1756054281579 0.05390359032899141 44
1756054281587 0.040603474155068396 45
1756054281594 0.04361918903887272 46
1756054281602 0.0431479774415493 47
1756054281610 0.032522951066493985 48
1756054281617 0.03710481412708759 49
1756054281625 0.03376033715903759 50
1756054281632 0.03070750143378973 51
1756054281640 0.030955055356025697 52
1756054281648 0.030524957925081253 53
1756054281656 0.03222577627748251 54
1756054281663 0.039861461520195006 55
1756054281671 0.033165141753852365 56
1756054281679 0.03966927826404572 57
1756054281687 0.029996971413493157 58
1756054281694 0.027819846756756306 59
1756054281702 0.028562817350029947 60
1756054281710 0.03345836577937007 61
1756054281717 0.02772282212972641 62
1756054281725 0.03339909501373768 63
1756054281732 0.02458167877048254 64
1756054281739 0.02784761656075716 65
1756054281746 0.019922330975532532 66
1756054281754 0.024751657247543336 67
1756054281761 0.01768851447850466 68
1756054281768 0.013683345168828964 69
1756054281776 0.020214299391955137 70
1756054281783 0.018251846265047788 71
1756054281790 0.016538318246603012 72
1756054281798 0.019742872193455697 73
1756054281806 0.027589900698512793 74
1756054281814 0.02510116770863533 75
1756054281822 0.027848493913188575 76
1756054281830 0.017958903592079876 77
1756054281838 0.021068518795073033 78
1756054281846 0.02029316211119294 79
1756054281854 0.013400611514225603 80
1756054281863 0.01770264096558094 81
1756054281871 0.014486788120120764 82
1756054281880 0.017040954809635876 83
