1756054304972 1.0107182443141938 1
1756054304984 0.793721616268158 2
1756054304993 0.6594484031200409 3
1756054305002 0.5896879076957703 4
1756054305011 0.5420915305614471 5
1756054305020 0.5516995906829834 6
1756054305028 0.5273046344518661 7
1756054305037 0.48054152727127075 8
1756054305045 0.4844908207654953 9
1756054305054 0.47374440133571627 10
1756054305062 0.4697788655757904 11
1756054305071 0.44992866814136506 12
1756054305080 0.40828531980514526 13
1756054305089 0.40925678610801697 14
1756054305097 0.40025120973587036 15
1756054305106 0.35768842697143555 16
1756054305115 0.3339985728263855 17
1756054305124 0.33475478887557986 18
1756054305133 0.3581670969724655 19
1756054305142 0.3421891123056412 20
1756054305152 0.31626914739608764 21
1756054305161 0.3135783925652504 22
1756054305170 0.29604446291923525 23
1756054305179 0.26668110489845276 24
1756054305189 0.270110484957695 25
1756054305198 0.3313942104578018 26
1756054305207 0.3009608805179596 27
1756054305216 0.3065166249871254 28
1756054305224 0.2640809670090675 29
1756054305233 0.2596685901284218 30
1756054305242 0.2603581801056862 31
1756054305250 0.24053457975387574 32
1756054305259 0.23712962865829468 33
1756054305267 0.22620613723993302 34
1756054305276 0.2211769387125969 35
1756054305285 0.24292962551116942 36
1756054305294 0.2575214684009552 37
1756054305303 0.24046262502670288 38
1756054305312 0.2680366262793541 39
1756054305321 0.2829060912132263 40
1756054305331 0.24836889654397964 41
1756054305340 0.23426845371723176 42
1756054305350 0.20734370797872542 43
1756054305358 0.21446018815040588 44
1756054305367 0.19950012266635894 45
1756054305376 0.18698582351207732 46
1756054305385 0.17087854743003844 47
1756054305394 0.16068638861179352 48
1756054305404 0.15805698335170745 49
1756054305413 0.17253345996141434 50
1756054305423 0.17102443277835847 51
1756054305432 0.17130093425512313 52
1756054305442 0.17652577608823777 53
1756054305451 0.16818792819976808 54
1756054305460 0.15858718603849412 55
1756054305469 0.15455116406083108 56
1756054305479 0.14451053664088248 57
1756054305489 0.13194100856781005 58
1756054305499 0.13298477232456207 59
1756054305509 0.11798354983329773 60
1756054305519 0.11705143079161644 61
1756054305529 0.11912035122513771 62
1756054305539 0.12790139392018318 63
1756054305548 0.12211111634969711 64
1756054305557 0.12389712780714035 65
1756054305566 0.1238519161939621 66
1756054305576 0.12280025854706764 67
1756054305585 0.12499018833041191 68
1756054305595 0.1283477209508419 69
1756054305605 0.13011740818619727 70
1756054305615 0.12378362491726876 71
1756054305625 0.10736531391739845 72
1756054305635 0.10034030824899673 73
1756054305645 0.10562459602952004 74
1756054305656 0.09729633703827859 75
1756054305666 0.10826942026615143 76
1756054305676 0.10615809112787247 77
1756054305686 0.09655276387929916 78
1756054305697 0.10075070038437843 79
1756054305707 0.10599241480231285 80
1756054305718 0.10177963227033615 81
1756054305728 0.1165162518620491 82
1756054305739 0.09233170226216317 83
1756054305749 0.10424430221319199 84
1756054305759 0.09616215154528618 85
1756054305768 0.09358519092202186 86
1756054305778 0.09479661434888839 87
1756054305789 0.10752830803394317 88
