1756054258481 2.2132137775421143 1
1756054258490 1.32731853723526 2
1756054258495 0.9063522636890411 3
1756054258499 0.8580952405929565 4
1756054258504 0.7013952255249023 5
1756054258508 0.49069803655147554 6
1756054258513 0.4753578454256058 7
1756054258518 0.3727271735668182 8
1756054258523 0.3029076620936394 9
1756054258528 0.30216817259788514 10
1756054258533 0.3022319972515106 11
1756054258538 0.2529266893863678 12
1756054258543 0.23907274305820464 13
1756054258547 0.20786181092262268 14
1756054258552 0.21897265762090684 15
1756054258558 0.21947978883981706 16
1756054258563 0.24283932000398636 17
1756054258574 0.29985683113336564 18
1756054258582 0.28606848120689393 19
1756054258588 0.24375565201044083 20
1756054258596 0.2167615756392479 21
1756054258602 0.2178681328892708 22
1756054258609 0.16570983156561853 23
1756054258615 0.18328047096729277 24
1756054258621 0.1529265932738781 25
1756054258628 0.1186569169163704 26
1756054258633 0.09760142490267754 27
1756054258638 0.10911854356527328 28
1756054258644 0.1128867045044899 29
1756054258649 0.11422491893172264 30
1756054258654 0.11021586433053017 31
1756054258659 0.0816050585359335 32
1756054258664 0.09158271327614784 33
1756054258669 0.09802930355072022 34
1756054258675 0.08844932839274407 35
1756054258680 0.08023054711520672 36
1756054258685 0.10518459528684616 37
1756054258691 0.14310765340924264 38
1756054258696 0.12144244089722633 39
1756054258701 0.09486998245120049 40
1756054258707 0.09991869926452637 41
1756054258712 0.07584539949893951 42
1756054258717 0.07620159760117531 43
1756054258723 0.06471260637044907 44
1756054258728 0.062346597015857694 45
1756054258733 0.06548644304275512 46
1756054258738 0.0733782984316349 47
1756054258743 0.07081292979419232 48
1756054258748 0.06713099516928196 49
1756054258753 0.04460449814796448 50
1756054258759 0.041243895329535006 51
1756054258764 0.051966581307351586 52
1756054258769 0.04043200798332691 53
1756054258775 0.03724630922079086 54
1756054258780 0.03164470847696066 55
1756054258786 0.03438566196709871 56
1756054258792 0.037758265435695645 57
1756054258798 0.04396488163620234 58
1756054258803 0.036396762169897554 59
1756054258809 0.037293804623186586 60
1756054258814 0.030821041204035282 61
1756054258820 0.03522255886346102 62
1756054258825 0.030255872569978238 63
1756054258830 0.03141023125499487 64
1756054258836 0.028423583880066872 65
1756054258842 0.027571603283286096 66
1756054258848 0.028661038354039194 67
1756054258853 0.05122276190668344 68
1756054258859 0.035094041377305984 69
1756054258865 0.02471983414143324 70
1756054258870 0.02315837675705552 71
1756054258876 0.02269633747637272 72
1756054258882 0.021460890118032695 73
1756054258887 0.017909054085612296 74
1756054258893 0.02220473876222968 75
1756054258898 0.02374581517651677 76
1756054258904 0.022103068232536317 77
1756054258909 0.017059323098510503 78
1756054258915 0.01688592592254281 79
1756054258921 0.01892723748460412 80
1756054258926 0.018784795049577953 81
