1756054304972 1.824786376953125 1
1756054304984 1.0922932386398316 2
1756054304993 0.7592193067073822 3
1756054305002 0.5839694201946258 4
1756054305011 0.5234906017780304 5
1756054305020 0.5222936123609543 6
1756054305028 0.4770676165819168 7
1756054305037 0.4066905051469803 8
1756054305045 0.4211381793022156 9
1756054305054 0.38796702325344085 10
1756054305062 0.4040892690420151 11
1756054305071 0.377072274684906 12
1756054305080 0.2999646946787834 13
1756054305089 0.2923803269863129 14
1756054305097 0.29541245251894 15
1756054305106 0.2250444009900093 16
1756054305115 0.20434740036725998 17
1756054305124 0.20603984445333481 18
1756054305133 0.22922760993242264 19
1756054305142 0.21080751121044158 20
1756054305152 0.17327952831983567 21
1756054305161 0.16767873018980026 22
1756054305170 0.14991444796323777 23
1756054305179 0.12559076249599457 24
1756054305189 0.1254865176975727 25
1756054305198 0.20022064298391343 26
1756054305207 0.17226987183094025 27
1756054305216 0.16622012853622437 28
1756054305224 0.12577141746878623 29
1756054305233 0.1169279508292675 30
1756054305242 0.12438907921314239 31
1756054305250 0.10218605548143386 32
1756054305259 0.09747980460524559 33
1756054305267 0.08860104233026504 34
1756054305276 0.08273664824664592 35
1756054305285 0.10814051032066345 36
1756054305294 0.12065638154745102 37
1756054305303 0.10296276062726975 38
1756054305312 0.13632948845624923 39
1756054305321 0.14429420083761216 40
1756054305331 0.10743332318961621 41
1756054305340 0.09777196869254112 42
1756054305350 0.07624967023730278 43
1756054305358 0.07825419828295707 44
1756054305367 0.06867350712418556 45
1756054305376 0.06257645227015018 46
1756054305385 0.05023430585861206 47
1756054305394 0.04551338963210583 48
1756054305404 0.04275326319038868 49
1756054305413 0.05212269052863121 50
1756054305423 0.04991384707391262 51
1756054305432 0.047909035533666613 52
1756054305442 0.054220014810562135 53
1756054305451 0.049719561636447904 54
1756054305460 0.04191698171198368 55
1756054305469 0.04153824858367443 56
1756054305479 0.03512044865638018 57
1756054305489 0.02979438416659832 58
1756054305499 0.030362311378121377 59
1756054305509 0.02285140324383974 60
1756054305519 0.023297896888107062 61
1756054305529 0.023996399156749247 62
1756054305539 0.02807342791929841 63
1756054305548 0.024278730619698763 64
1756054305557 0.02603297270834446 65
1756054305566 0.02595324590802193 66
1756054305576 0.025820220727473496 67
1756054305585 0.026606681942939758 68
1756054305595 0.02681694319471717 69
1756054305605 0.027898444235324858 70
1756054305615 0.024297953583300114 71
1756054305625 0.018707088939845563 72
1756054305635 0.0163468224927783 73
1756054305645 0.01830271203070879 74
1756054305656 0.014967617392539979 75
1756054305666 0.018944631796330214 76
1756054305676 0.01873887926340103 77
1756054305686 0.015028394386172294 78
1756054305697 0.017724258452653886 79
1756054305707 0.017517200391739606 80
1756054305718 0.017282254341989756 81
1756054305728 0.021354455035179853 82
1756054305739 0.013573587127029895 83
1756054305749 0.018027536943554877 84
1756054305759 0.0149402123875916 85
1756054305768 0.013646590616554021 86
1756054305778 0.01513907271437347 87
1756054305789 0.020210232026875018 88
