1756054258481 0.0011721296065392752 1
1756054258490 0.0023442592130785505 2
1756054258495 0.003516388819617826 3
1756054258499 0.004688518426157101 4
1756054258504 0.005860648032696376 5
1756054258508 0.005860648032696376 6
1756054258513 0.005859046172923059 7
1756054258518 0.005854242345213252 8
1756054258523 0.005846241802482026 9
1756054258528 0.0058350532932053955 10
1756054258533 0.005820689051853986 11
1756054258538 0.005803164785514822 12
1756054258543 0.005782499656715856 13
1756054258547 0.005758716262472028 14
1756054258552 0.005731840609575759 15
1756054258558 0.005701902086158906 16
1756054258563 0.005668933429557274 17
1756054258574 0.005632970690512816 18
1756054258582 0.005594053193752675 19
1756054258588 0.00555222349498818 20
1756054258596 0.005507527334380791 21
1756054258602 0.005460013586525911 22
1756054258609 0.005409734207009227 23
1756054258615 0.005356744175594049 24
1756054258621 0.005301101436101736 25
1756054258628 0.0052428668330509855 26
1756054258633 0.005182104045125241 27
1756054258638 0.005118879515540988 28
1756054258644 0.005053262379393075 29
1756054258649 0.004985324388056499 30
1756054258654 0.0049151398307273305 31
1756054258659 0.004842785453188569 32
1756054258664 0.004768340373889758 33
1756054258669 0.004691885997432118 34
1756054258675 0.004613505925553814 35
1756054258680 0.004533285865712681 36
1756054258685 0.0044513135373663755 37
1756054258691 0.004367678576052439 38
1756054258696 0.0042824724353731514 39
1756054258701 0.004195788286992362 40
1756054258707 0.004107720918753642 41
1756054258712 0.004018366631031168 42
1756054258717 0.003927823131426677 43
1756054258723 0.0038361894279276424 44
1756054258728 0.0037435657206434858 45
1756054258733 0.003650053292238236 46
1756054258738 0.003555754397179418 47
1756054258743 0.0034607721499242973 48
1756054258748 0.00336521041216573 49
1756054258753 0.003269173679260934 50
1756054258759 0.003172766965967342 51
1756054258764 0.0030760956916105115 52
1756054258769 0.00297926556480964 53
1756054258775 0.002882382467886737 54
1756054258780 0.0027855523410858646 55
1756054258786 0.0026888810667290352 56
1756054258792 0.0025924743534354432 57
1756054258798 0.002496437620530646 58
1756054258803 0.0024008758827720805 59
1756054258809 0.0023058936355169588 60
1756054258814 0.002211594740458141 61
1756054258820 0.002118082312052891 62
1756054258825 0.0020254586047687346 63
1756054258830 0.0019338249012696986 64
1756054258836 0.0018432814016652078 65
1756054258842 0.0017539271139427348 66
1756054258848 0.0016658597457040144 67
1756054258853 0.001579175597323225 68
1756054258859 0.0014939694566439385 69
1756054258865 0.0014103344953300017 70
1756054258870 0.001328362166983696 71
1756054258876 0.0012481421071425624 72
1756054258882 0.0011697620352642587 73
1756054258887 0.0010933076588066188 74
1756054258893 0.0010188625795078071 75
1756054258898 0.0009465082019690466 76
1756054258904 0.0008763236446398776 77
1756054258909 0.0008083856533033012 78
1756054258915 0.0007427685171553894 79
1756054258921 0.0006795439875711367 80
1756054258926 0.0006187811996453916 81
