1755987091149 1.8413127660751343 1
1755987091159 1.4492299199104308 2
1755987091164 1.5874661803245544 3
1755987091169 1.4062275290489197 4
1755987091173 0.9915098905563354 5
1755987091180 0.7369000613689423 6
1755987091185 0.8854896366596222 7
1755987091191 0.959535813331604 8
1755987091196 0.7747925341129303 9
1755987091201 0.6243425011634827 10
1755987091205 0.6031827956438065 11
1755987091210 0.4907701998949051 12
1755987091215 0.45486933887004855 13
1755987091220 0.38026410937309263 14
1755987091225 0.35580257177352903 15
1755987091230 0.3519237369298935 16
1755987091236 0.39967307150363923 17
1755987091241 0.3540890097618103 18
1755987091246 0.31837347745895384 19
1755987091252 0.3188395768404007 20
1755987091257 0.343059042096138 21
1755987091262 0.3455389976501465 22
1755987091267 0.32842394709587097 23
1755987091272 0.3143428772687912 24
1755987091278 0.2632300928235054 25
1755987091283 0.2595458820462227 26
1755987091289 0.2693425714969635 27
1755987091294 0.2586577728390694 28
1755987091299 0.2380476251244545 29
1755987091305 0.21080910861492158 30
1755987091310 0.2448462575674057 31
1755987091316 0.1801680341362953 32
1755987091321 0.1891303092241287 33
1755987091328 0.1573362946510315 34
1755987091335 0.17825929075479507 35
1755987091341 0.17191046848893166 36
1755987091347 0.16109263747930527 37
1755987091352 0.15416381061077117 38
1755987091359 0.13633466511964798 39
1755987091365 0.14324379786849023 40
1755987091370 0.17034512907266616 41
1755987091377 0.1658736065030098 42
1755987091383 0.17090612277388573 43
1755987091389 0.14683144316077232 44
1755987091395 0.14298744648694992 45
1755987091401 0.13802593126893042 46
1755987091407 0.12735991254448892 47
1755987091413 0.13206519559025764 48
1755987091419 0.11071141585707664 49
1755987091426 0.11497408896684647 50
1755987091431 0.10250060707330703 51
1755987091437 0.10963902994990349 52
1755987091443 0.12148107960820198 53
1755987091449 0.10714918971061707 54
1755987091455 0.11433919370174409 55
1755987091460 0.09943352341651916 56
1755987091466 0.10144709572196006 57
1755987091472 0.0994652897119522 58
1755987091478 0.09465042427182198 59
1755987091484 0.07484007701277733 60
1755987091491 0.08398282006382943 61
1755987091497 0.08784247264266014 62
1755987091503 0.09205270148813724 63
1755987091509 0.10531906336545944 64
1755987091515 0.09328355640172958 65
1755987091521 0.10341847464442253 66
1755987091527 0.08117762841284275 67
1755987091533 0.08914295360445976 68
1755987091540 0.07789518423378468 69
1755987091546 0.0808677177876234 70
1755987091552 0.08890001475811005 71
1755987091559 0.07682544253766536 72
1755987091565 0.08712847232818603 73
1755987091571 0.07148232460021972 74
1755987091577 0.07583878189325333 75
1755987091583 0.08186207190155984 76
1755987091589 0.06869078800082207 77
1755987091595 0.06865420266985893 78
1755987091600 0.05671661980450153 79
1755987091606 0.059765591844916345 80
1755987091612 0.0659346841275692 81
1755987091618 0.057209891453385356 82
1755987091624 0.06336772739887238 83
1755987091630 0.05781645327806473 84
1755987091636 0.058161839842796326 85
1755987091641 0.05346126705408096 86
1755987091647 0.05400510393083095 87
1755987091653 0.0671875961124897 88
1755987091659 0.055149922892451284 89
1755987091666 0.060824422910809514 90
1755987091672 0.05061322823166847 91
1755987091678 0.06736578270792962 92
