1755987111884 0.0005580723141480738 1
1755987111897 0.0011161446282961477 2
1755987111904 0.0016742169424442215 3
1755987111911 0.0022322892565922953 4
1755987111917 0.0027903615707403693 5
1755987111924 0.0027903615707403693 6
1755987111931 0.0027895990392592168 7
1755987111937 0.0027873122786327377 8
1755987111945 0.002783503789400104 9
1755987111952 0.0027781777360883757 10
1755987111959 0.0027713399426586524 11
1755987111965 0.0027629978861376586 12
1755987111972 0.002753160688441723 13
1755987111979 0.0027418391064020975 14
1755987111985 0.002729045520002521 15
1755987111992 0.0027147939188418876 16
1755987111999 0.002699099886836827 17
1755987112006 0.002681980585180919 18
1755987112013 0.002663454733579181 19
1755987112019 0.002643542589778346 20
1755987112026 0.0026222659274153133 21
1755987112033 0.002599648012207996 22
1755987112039 0.0025757135765145994 23
1755987112046 0.002550488792289154 24
1755987112053 0.002524001242462863 25
1755987112060 0.0024962798907825746 26
1755987112067 0.0024673550501393515 27
1755987112074 0.0024372583494217657 28
1755987112080 0.0024060226989301775 29
1755987112087 0.0023736822543898015 30
1755987112094 0.0023402723796019263 31
1755987112101 0.002305829607774112 32
1755987112108 0.0022703916015716697 33
1755987112115 0.002233997111934086 34
1755987112122 0.0021966859357014402 35
1755987112129 0.002158498872097147 36
1755987112135 0.0021194776781146 37
1755987112142 0.002079665022856516 38
1755987112150 0.0020391044408768957 39
1755987112157 0.0019978402845766295 40
1755987112164 0.0019559176757047983 41
1755987112171 0.0019133824560187004 42
1755987112178 0.0018702811371565686 43
1755987112185 0.0018266608497777702 44
1755987112192 0.0017825692920261276 45
1755987112199 0.0017380546773726967 46
1755987112206 0.0016931656818950439 47
1755987112214 0.0016479513910506703 48
1755987112221 0.0016024612460027847 49
1755987112228 0.0015567449895571178 50
1755987112235 0.001510852611768893 51
1755987112243 0.0014648342952794367 52
1755987112250 0.0014187403604421969 53
1755987112258 0.0013726212102981724 54
1755987112265 0.0013265272754609321 55
1755987112272 0.0012805089589714763 56
1755987112279 0.0012346165811832515 57
1755987112286 0.0011889003247375842 58
1755987112294 0.0011434101796896992 59
1755987112301 0.0010981958888453254 60
1755987112308 0.0010533068933676725 61
1755987112316 0.0010087922787142417 62
