1755987128878 0.0005580723141480738 1
1755987128891 0.0011161446282961477 2
1755987128902 0.0016742169424442215 3
1755987128912 0.0022322892565922953 4
1755987128922 0.0027903615707403693 5
1755987128931 0.0027903615707403693 6
1755987128941 0.0027895990392592168 7
1755987128950 0.0027873122786327377 8
1755987128959 0.002783503789400104 9
1755987128968 0.0027781777360883757 10
1755987128979 0.0027713399426586524 11
1755987128988 0.0027629978861376586 12
1755987128998 0.002753160688441723 13
1755987129007 0.0027418391064020975 14
1755987129016 0.002729045520002521 15
1755987129025 0.0027147939188418876 16
1755987129034 0.002699099886836827 17
1755987129044 0.002681980585180919 18
1755987129053 0.002663454733579181 19
1755987129063 0.002643542589778346 20
1755987129073 0.0026222659274153133 21
1755987129083 0.002599648012207996 22
1755987129092 0.0025757135765145994 23
1755987129100 0.002550488792289154 24
1755987129109 0.002524001242462863 25
1755987129117 0.0024962798907825746 26
1755987129125 0.0024673550501393515 27
1755987129133 0.0024372583494217657 28
1755987129142 0.0024060226989301775 29
1755987129151 0.0023736822543898015 30
1755987129160 0.0023402723796019263 31
1755987129168 0.002305829607774112 32
1755987129177 0.0022703916015716697 33
1755987129185 0.002233997111934086 34
1755987129194 0.0021966859357014402 35
1755987129203 0.002158498872097147 36
1755987129211 0.0021194776781146 37
1755987129219 0.002079665022856516 38
1755987129228 0.0020391044408768957 39
1755987129237 0.0019978402845766295 40
1755987129246 0.0019559176757047983 41
1755987129254 0.0019133824560187004 42
1755987129263 0.0018702811371565686 43
1755987129272 0.0018266608497777702 44
1755987129280 0.0017825692920261276 45
1755987129289 0.0017380546773726967 46
