1755987111884 2.3691535770893095 1
1755987111897 1.7853037595748902 2
1755987111904 1.644075047969818 3
1755987111911 1.777596890926361 4
1755987111917 0.9526663780212402 5
1755987111924 0.9301933705806732 6
1755987111931 0.6733539283275605 7
1755987111937 0.7297467410564422 8
1755987111945 0.6884769022464752 9
1755987111952 0.624716067314148 10
1755987111959 0.6228313356637954 11
1755987111965 0.5323326468467713 12
1755987111972 0.4451020061969757 13
1755987111979 0.3791156202554703 14
1755987111985 0.4195416808128357 15
1755987111992 0.39216151684522627 16
1755987111999 0.3395679324865341 17
1755987112006 0.4437593460083008 18
1755987112013 0.35922625958919524 19
1755987112019 0.3218617171049118 20
1755987112026 0.3172788336873055 21
1755987112033 0.3542497634887695 22
1755987112039 0.28183522522449495 23
1755987112046 0.3273230254650116 24
1755987112053 0.38755144625902177 25
1755987112060 0.3134008854627609 26
1755987112067 0.22906690686941147 27
1755987112074 0.20113368928432465 28
1755987112080 0.2088412970304489 29
1755987112087 0.20880865752696992 30
1755987112094 0.16580685079097748 31
1755987112101 0.22902295291423796 32
1755987112108 0.2140197142958641 33
1755987112115 0.2091067910194397 34
1755987112122 0.18369752466678618 35
1755987112129 0.1605606570839882 36
1755987112135 0.1798065036535263 37
1755987112142 0.1770097255706787 38
1755987112150 0.19652647748589516 39
1755987112157 0.14973714351654052 40
1755987112164 0.12372279986739158 41
1755987112171 0.11561764180660247 42
1755987112178 0.11494304984807968 43
1755987112185 0.10996557250618935 44
1755987112192 0.12800034806132315 45
1755987112199 0.11080318912863732 46
1755987112206 0.11006686389446259 47
1755987112214 0.09082657471299171 48
1755987112221 0.0813945211470127 49
1755987112228 0.08850955106317997 50
1755987112235 0.08759261704981328 51
1755987112243 0.08367321416735649 52
1755987112250 0.09112164974212647 53
1755987112258 0.09693815559148788 54
1755987112265 0.09290400072932244 55
1755987112272 0.08395228013396264 56
1755987112279 0.09931543171405792 57
1755987112286 0.08251135386526584 58
1755987112294 0.07047701552510262 59
1755987112301 0.08978612795472145 60
1755987112308 0.08026034235954285 61
1755987112316 0.06757837533950806 62
