1755987091149 2.8270676851272585 1
1755987091159 2.0238030433654783 2
1755987091164 2.1309866845607757 3
1755987091169 1.92539324760437 4
1755987091173 1.1805587768554688 5
1755987091180 0.9289225280284882 6
1755987091185 1.1274573385715485 7
1755987091191 1.0233399271965027 8
1755987091196 0.8253157734870911 9
1755987091201 0.6942969024181366 10
1755987091205 0.6148506671190261 11
1755987091210 0.47318288683891296 12
1755987091215 0.4264920473098755 13
1755987091220 0.39145665168762206 14
1755987091225 0.36901808977127076 15
1755987091230 0.3630719482898712 16
1755987091236 0.43916681706905364 17
1755987091241 0.34541663974523545 18
1755987091246 0.3112539812922478 19
1755987091252 0.3425352171063423 20
1755987091257 0.45310516357421876 21
1755987091262 0.402579265832901 22
1755987091267 0.3025219187140465 23
1755987091272 0.33181264996528625 24
1755987091278 0.27849860936403276 25
1755987091283 0.27205574214458467 26
1755987091289 0.3035263404250145 27
1755987091294 0.2595272228121758 28
1755987091299 0.27070576399564744 29
1755987091305 0.20555241033434868 30
1755987091310 0.2529863193631172 31
1755987091316 0.17786432057619095 32
1755987091321 0.18539705276489257 33
1755987091328 0.15479183197021484 34
1755987091335 0.18743681907653809 35
1755987091341 0.16871668100357057 36
1755987091347 0.16479410603642464 37
1755987091352 0.14488131329417228 38
1755987091359 0.14340150281786918 39
1755987091365 0.14524179846048355 40
1755987091370 0.18573338463902472 41
1755987091377 0.19180475920438766 42
1755987091383 0.17445786893367768 43
1755987091389 0.14594999104738235 44
1755987091395 0.14982708021998406 45
1755987091401 0.15635036751627923 46
1755987091407 0.13820265606045723 47
1755987091413 0.13898180052638054 48
1755987091419 0.11751731038093567 49
1755987091426 0.11042019575834275 50
1755987091431 0.1105258010327816 51
1755987091437 0.11791177615523338 52
1755987091443 0.13069150671362878 53
1755987091449 0.1169432632625103 54
1755987091455 0.10787853673100471 55
1755987091460 0.09621235579252244 56
1755987091466 0.10362399965524674 57
1755987091472 0.10637402758002282 58
1755987091478 0.09317882619798183 59
1755987091484 0.0867384284734726 60
1755987091491 0.09617904871702194 61
1755987091497 0.0862515389919281 62
1755987091503 0.09886114336550236 63
1755987091509 0.10527462214231491 64
1755987091515 0.12144731730222702 65
1755987091521 0.12093605622649192 66
1755987091527 0.0838639572262764 67
1755987091533 0.0851856879889965 68
1755987091540 0.08621282391250133 69
1755987091546 0.07668381072580814 70
1755987091552 0.09093547835946084 71
1755987091559 0.07737496942281723 72
1755987091565 0.09850647449493408 73
1755987091571 0.07430622912943363 74
1755987091577 0.07362361736595631 75
1755987091583 0.08766369447112084 76
1755987091589 0.07348196245729924 77
1755987091595 0.07095602974295616 78
1755987091600 0.05808446444571018 79
1755987091606 0.059910012781620024 80
1755987091612 0.07726534940302372 81
1755987091618 0.05735950693488121 82
1755987091624 0.06614725179970264 83
1755987091630 0.057677803188562395 84
1755987091636 0.05635780841112137 85
1755987091641 0.05186892189085483 86
1755987091647 0.05328303091228008 87
1755987091653 0.06547334156930447 88
1755987091659 0.05397188812494278 89
1755987091666 0.06240564025938511 90
1755987091672 0.050454482436180115 91
1755987091678 0.07438055649399758 92
