1755974110857 0.7952367918831962 1
1755974110862 0.6849153893334525 2
1755974110867 0.6597603218896049 3
1755974110871 0.6362428111689431 4
1755974110877 0.5747975323881421 5
1755974110884 0.5277980480875287 6
1755974110890 0.47493075898715426 7
1755974110894 0.46008904704025816 8
1755974110899 0.44118738387312206 9
1755974110905 0.4036205645118441 10
1755974110911 0.375730818935803 11
1755974110916 0.3645787537097931 12
1755974110920 0.3482484540769032 13
1755974110926 0.3362046607903072 14
1755974110931 0.32768052390643526 15
1755974110937 0.3276272394827434 16
1755974110942 0.30818563061101095 17
1755974110946 0.28882171639374327 18
1755974110952 0.275029083447797 19
1755974110956 0.26283767393657137 20
1755974110962 0.2771302003945623 21
1755974110967 0.2781727888754436 22
1755974110971 0.26255544807229725 23
1755974110976 0.2562320264322417 24
1755974110981 0.2560843357018062 25
1755974110986 0.2495141795703343 26
1755974110991 0.2536389391337122 27
1755974110996 0.24891418005738938 28
1755974111002 0.2568762483341353 29
1755974111007 0.25428124730076107 30
1755974111012 0.22984986432961055 31
1755974111019 0.24917355605534144 32
1755974111024 0.24369137095553534 33
1755974111030 0.22690947140966142 34
1755974111035 0.21134512658630097 35
1755974111040 0.21744815047298158 36
1755974111046 0.21099277905055455 37
1755974111051 0.21679181818451201 38
1755974111057 0.21344573902232306 39
1755974111062 0.1940670290163585 40
1755974111068 0.19418092604194367 41
1755974111073 0.19829875443662917 42
1755974111079 0.19120546004601888 43
1755974111084 0.21463470480271749 44
1755974111090 0.24306906759738922 45
1755974111095 0.22109420065368926 46
1755974111101 0.19618080449955805 47
1755974111106 0.20148978808096477 48
1755974111112 0.1876263405595507 49
1755974111118 0.18787121985639846 50
1755974111124 0.19054102897644043 51
1755974111130 0.1914939135313034 52
1755974111136 0.19741815328598022 53
1755974111141 0.19734536643539155 54
1755974111147 0.19569356633084162 55
1755974111153 0.2157850361296109 56
1755974111159 0.19566598321710313 57
1755974111165 0.21068526591573442 58
1755974111170 0.20808228318180358 59
1755974111176 0.1741305493882724 60
1755974111181 0.1728866770863533 61
1755974111187 0.17141019765819823 62
1755974111193 0.17196879110166005 63
1755974111199 0.17000521613018854 64
1755974111205 0.1714653500488826 65
1755974111210 0.1645026302763394 66
1755974111216 0.16393264063767024 67
1755974111223 0.18624947220087051 68
1755974111229 0.16980471249137605 69
1755974111235 0.18014089230980193 70
1755974111241 0.1856935407434191 71
1755974111247 0.17502460522311075 72
1755974111253 0.17034501369510377 73
1755974111259 0.1576968144093241 74
1755974111265 0.15631245928151266 75
1755974111272 0.15634011956197874 76
1755974111278 0.1728663785117013 77
1755974111286 0.15401095896959305 78
1755974111294 0.1519573245729719 79
1755974111302 0.14693948147552355 80
1755974111307 0.14123424355472838 81
1755974111315 0.15292790585330554 82
1755974111322 0.1390498104904379 83
1755974111331 0.14734708092042378 84
1755974111337 0.13875569722482137 85
1755974111345 0.1356357346687998 86
1755974111353 0.13891766273549624 87
1755974111361 0.1434676397059645 88
1755974111367 0.13910540140100888 89
1755974111373 0.15193778861846244 90
1755974111380 0.1523487599832671 91
1755974111386 0.143700938139643 92
1755974111393 0.15478879426206862 93
1755974111399 0.13870175502129964 94
1755974111405 0.13193874486855098 95
1755974111411 0.13668775239161082 96
1755974111418 0.1341197048979146 97
1755974111425 0.13855565711855888 98
1755974111431 0.13479270466736384 99
1755974111437 0.13626802020839282 100
1755974111443 0.13383043663842337 101
1755974111450 0.12748692397560393 102
1755974111456 0.12180227360555104 103
1755974111462 0.13225883564778737 104
1755974111469 0.12865359442574636 105
1755974111477 0.1231715487582343 106
1755974111484 0.12775867485574313 107
1755974111491 0.12293994213853564 108
1755974111498 0.13283811403172358 109
1755974111505 0.11232747776167733 110
1755974111512 0.11718484067491122 111
1755974111518 0.11810030841401645 112
1755974111524 0.12288030077304159 113
1755974111531 0.12414402940443584 114
1755974111538 0.11136825968112264 115
1755974111544 0.11696390754410199 116
