1755908192024 1.6229794025421143 1
1755908192037 1.3265862345695496 2
1755908192045 1.1279991805553435 3
1755908192051 1.0010548651218414 4
1755908192057 0.8723327815532684 5
1755908192063 0.8271666824817657 6
1755908192068 0.7765200138092041 7
1755908192074 0.6470638394355774 8
1755908192080 0.6314391523599625 9
1755908192085 0.5924867272377015 10
1755908192091 0.5671497404575347 11
1755908192096 0.45960798263549807 12
1755908192102 0.45933603644371035 13
1755908192107 0.4071188151836395 14
1755908192113 0.3925601810216904 15
1755908192119 0.3641351491212845 16
1755908192124 0.3455486327409744 17
1755908192130 0.29722186625003816 18
1755908192137 0.27285719513893125 19
1755908192143 0.2735294312238693 20
1755908192148 0.27994065433740617 21
1755908192154 0.23627214580774308 22
1755908192161 0.21526810377836228 23
1755908192167 0.24895620942115784 24
1755908192172 0.21433811038732528 25
1755908192178 0.2002355322241783 26
1755908192184 0.2272368237376213 27
1755908192190 0.22001271545886994 28
1755908192196 0.18428438305854797 29
1755908192202 0.16564982682466506 30
1755908192208 0.17658327221870423 31
1755908192214 0.15486944019794463 32
1755908192220 0.17841846644878387 33
1755908192226 0.15271260291337968 34
1755908192232 0.13972354903817177 35
1755908192239 0.14772423207759858 36
1755908192245 0.1298776313662529 37
1755908192251 0.13788241222500802 38
1755908192257 0.13022696003317832 39
1755908192264 0.10978248864412307 40
1755908192270 0.10851310715079307 41
1755908192276 0.10358845815062523 42
1755908192282 0.09310151934623719 43
1755908192288 0.10589823126792908 44
1755908192294 0.10192071199417115 45
1755908192300 0.09832518994808197 46
1755908192306 0.09053888320922851 47
1755908192312 0.0953145056962967 48
1755908192318 0.09526228606700897 49
1755908192325 0.09017641358077526 50
1755908192331 0.08394573666155339 51
1755908192337 0.08363125249743461 52
1755908192344 0.07447921447455882 53
1755908192351 0.07948663011193276 54
1755908192358 0.0772646613419056 55
1755908192365 0.06828589402139187 56
1755908192371 0.08189972713589669 57
1755908192378 0.06445791050791741 58
1755908192384 0.06944128349423409 59
1755908192391 0.06772801391780377 60
1755908192398 0.06689034327864647 61
1755908192404 0.05814237929880619 62
1755908192411 0.06046260558068752 63
1755908192417 0.05966955721378327 64
1755908192423 0.06420480459928513 65
1755908192430 0.06177152134478092 66
1755908192437 0.06112053096294403 67
1755908192444 0.05785900726914406 68
1755908192450 0.05893138125538826 69
1755908192457 0.0503833744674921 70
1755908192463 0.058900140970945356 71
1755908192470 0.06236424818634987 72
1755908192476 0.050555258989334106 73
1755908192483 0.048144062608480455 74
1755908192489 0.051236313208937644 75
1755908192497 0.0484453059732914 76
1755908192503 0.0532016359269619 77
1755908192510 0.05569758079946041 78
1755908192516 0.04734334796667099 79
1755908192523 0.050466714054346086 80
1755908192530 0.046243011578917505 81
