1755908192024 0.984691721200943 1
1755908192037 0.8766091704368592 2
1755908192045 0.8009235203266144 3
1755908192051 0.7658685564994812 4
1755908192057 0.7028110563755036 5
1755908192063 0.7010004639625549 6
1755908192068 0.6695793271064758 7
1755908192074 0.6068835258483887 8
1755908192080 0.5880302429199219 9
1755908192085 0.5736407697200775 10
1755908192091 0.5674277067184448 11
1755908192096 0.507112693786621 12
1755908192102 0.5087791562080384 13
1755908192107 0.4779976546764374 14
1755908192113 0.4639640152454376 15
1755908192119 0.4430585473775864 16
1755908192124 0.4374037593603134 17
1755908192130 0.4037907212972641 18
1755908192137 0.39202212989330293 19
1755908192143 0.39564346373081205 20
1755908192148 0.39365137219429014 21
1755908192154 0.3578538656234741 22
1755908192161 0.34678159058094027 23
1755908192167 0.3751557648181915 24
1755908192172 0.34259607791900637 25
1755908192178 0.33443595468997955 26
1755908192184 0.35259000957012177 27
1755908192190 0.3483567625284195 28
1755908192196 0.3165960758924484 29
1755908192202 0.30593831539154054 30
1755908192208 0.3164981186389923 31
1755908192214 0.29521230757236483 32
1755908192220 0.31739805042743685 33
1755908192226 0.2865686297416687 34
1755908192232 0.2740220218896866 35
1755908192239 0.28250178396701814 36
1755908192245 0.26679731011390684 37
1755908192251 0.27608475387096404 38
1755908192257 0.27038113921880724 39
1755908192264 0.2520137131214142 40
1755908192270 0.2459358885884285 41
1755908192276 0.2436933174729347 42
1755908192282 0.22962536364793779 43
1755908192288 0.24626263082027436 44
1755908192294 0.2421252503991127 45
1755908192300 0.2361280083656311 46
1755908192306 0.22632090896368026 47
1755908192312 0.22977901846170426 48
1755908192318 0.22922671884298323 49
1755908192325 0.2234685629606247 50
1755908192331 0.22038005143404008 51
1755908192337 0.21377048641443253 52
1755908192344 0.20539850890636444 53
1755908192351 0.21221251636743546 54
1755908192358 0.2059855580329895 55
1755908192365 0.19450289160013198 56
1755908192371 0.2116749182343483 57
1755908192378 0.18972310423851013 58
1755908192384 0.19601330012083054 59
1755908192391 0.19632792025804519 60
1755908192398 0.1922088772058487 61
1755908192404 0.18190130442380906 62
1755908192411 0.1836714744567871 63
1755908192417 0.18059427440166473 64
1755908192423 0.18648639172315598 65
1755908192430 0.19044149518013 66
1755908192437 0.1862422913312912 67
1755908192444 0.17892443090677262 68
1755908192450 0.1818908080458641 69
1755908192457 0.16947740614414214 70
1755908192463 0.18295788317918776 71
1755908192470 0.18785281330347062 72
1755908192476 0.16681330800056457 73
1755908192483 0.16737209707498552 74
1755908192489 0.17031607031822205 75
1755908192497 0.1640346884727478 76
1755908192503 0.17403560727834702 77
1755908192510 0.17824434787034987 78
1755908192516 0.16712844222784043 79
1755908192523 0.17003112584352492 80
1755908192530 0.16123004108667374 81
