1756345252153 0.000830699368788767 1
1756345252161 0.001661398737577534 2
1756345252167 0.0024920981063663006 3
1756345252173 0.003322797475155068 4
1756345252179 0.0041534968439438345 5
1756345252185 0.0041534968439438345 6
1756345252191 0.004153009544325078 7
1756345252197 0.004151547874209183 8
1756345252203 0.004149112519709892 9
1756345252209 0.00414570462399226 10
1756345252215 0.004141325786736042 11
1756345252222 0.004135978063384799 12
1756345252228 0.004129663964181067 13
1756345252234 0.004122386452988034 14
1756345252240 0.0041141489458982935 15
1756345252246 0.004104955309630322 16
1756345252253 0.004094809859713416 17
1756345252259 0.004083717358461974 18
1756345252265 0.004071683012740044 19
1756345252272 0.0040587124715172 20
1756345252278 0.004044811823216894 21
1756345252285 0.0040299875928585275 22
1756345252291 0.004014246738994579 23
1756345252298 0.003997596650444236 24
1756345252304 0.003980045142825045 25
1756345252311 0.003961600454884242 26
1756345252317 0.003942271244631444 27
1756345252324 0.003922066585274544 28
1756345252330 0.0039009959609607172 29
1756345252337 0.0038790692623245195 30
1756345252344 0.0038562967818451875 31
1756345252351 0.0038326892090153057 32
1756345252357 0.0038082576253231177 33
1756345252364 0.0037830134990508328 34
1756345252371 0.0037569686798913653 35
1756345252378 0.003730135393386046 36
1756345252385 0.003702526235185901 37
1756345252392 0.0036741541651392064 38
1756345252398 0.00364503250120808 39
1756345252405 0.003615174913216983 40
1756345252412 0.0035845954164360435 41
1756345252419 0.0035533083650022388 42
1756345252426 0.003521328445181503 43
1756345252433 0.003488670668474938 44
1756345252441 0.0034553503645723526 45
1756345252448 0.0034213831741564493 46
1756345252455 0.0033867850415610218 47
1756345252462 0.0033515722072866238 48
1756345252469 0.0033157612003772135 49
1756345252476 0.0032793688306613543 50
1756345252484 0.0032424121808616153 51
1756345252491 0.003204908598575872 52
1756345252499 0.003166875688134278 53
1756345252506 0.003128331302335719 54
1756345252513 0.0030892935340676437 55
1756345252521 0.003049780707813183 56
1756345252528 0.003009811371049573 57
1756345252536 0.002969404285541888 58
1756345252543 0.002928578418536202 59
1756345252551 0.0028873529338562806 60
1756345252558 0.0028457471829080113 61
1756345252566 0.0028037806955957733 62
1756345252573 0.0027614731711550254 63
1756345252581 0.002718844468905407 64
1756345252589 0.0026759145989286924 65
1756345252597 0.0026327037126759813 66
1756345252604 0.0025892320935085268 67
1756345252612 0.002545520147176645 68
1756345252620 0.0025015883922411765 69
1756345252628 0.002457457450441991 70
1756345252636 0.0024131480370180617 71
1756345252644 0.0023686809509836483 72
1756345252652 0.0023240770653651602 73
1756345252660 0.0022793573174032748 74
1756345252668 0.0022345426987249086 75
1756345252676 0.0021896542454896725 76
1756345252684 0.0021447130285154096 77
1756345252692 0.0020997401433874704 78
1756345252700 0.0020547567005563643 79
1756345252708 0.0020097838154284255 80
1756345252716 0.0019648425984541626 81
1756345252725 0.0019199541452189263 82
1756345252733 0.0018751395265405608 83
1756345252741 0.0018304197785786744 84
1756345252749 0.0017858158929601865 85
1756345252758 0.0017413488069257731 86
1756345252766 0.0016970393935018433 87
1756345252774 0.0016529084517026584 88
1756345252783 0.0016089766967671898 89
1756345252791 0.0015652647504353083 90
1756345252800 0.0015217931312678538 91
1756345252808 0.0014785822450151425 92
1756345252817 0.001435652375038428 93
1756345252825 0.0013930236727888092 94
1756345252834 0.0013507161483480616 95
1756345252842 0.0013087496610358234 96
1756345252851 0.0012671439100875538 97
