1756345272682 0.000830699368788767 1
1756345272696 0.001661398737577534 2
1756345272707 0.0024920981063663006 3
1756345272719 0.003322797475155068 4
1756345272730 0.0041534968439438345 5
1756345272742 0.0041534968439438345 6
1756345272753 0.004153009544325078 7
1756345272765 0.004151547874209183 8
1756345272777 0.004149112519709892 9
1756345272789 0.00414570462399226 10
1756345272800 0.004141325786736042 11
1756345272812 0.004135978063384799 12
1756345272824 0.004129663964181067 13
1756345272836 0.004122386452988034 14
1756345272847 0.0041141489458982935 15
1756345272859 0.004104955309630322 16
1756345272871 0.004094809859713416 17
1756345272883 0.004083717358461974 18
1756345272895 0.004071683012740044 19
1756345272907 0.0040587124715172 20
1756345272919 0.004044811823216894 21
1756345272931 0.0040299875928585275 22
1756345272943 0.004014246738994579 23
1756345272955 0.003997596650444236 24
1756345272967 0.003980045142825045 25
1756345272979 0.003961600454884242 26
1756345272991 0.003942271244631444 27
1756345273003 0.003922066585274544 28
1756345273016 0.0039009959609607172 29
1756345273028 0.0038790692623245195 30
1756345273040 0.0038562967818451875 31
1756345273052 0.0038326892090153057 32
1756345273065 0.0038082576253231177 33
1756345273077 0.0037830134990508328 34
1756345273089 0.0037569686798913653 35
1756345273101 0.003730135393386046 36
1756345273114 0.003702526235185901 37
1756345273126 0.0036741541651392064 38
1756345273139 0.00364503250120808 39
1756345273151 0.003615174913216983 40
1756345273164 0.0035845954164360435 41
1756345273176 0.0035533083650022388 42
1756345273189 0.003521328445181503 43
1756345273202 0.003488670668474938 44
1756345273214 0.0034553503645723526 45
1756345273227 0.0034213831741564493 46
1756345273240 0.0033867850415610218 47
1756345273252 0.0033515722072866238 48
1756345273265 0.0033157612003772135 49
1756345273278 0.0032793688306613543 50
1756345273291 0.0032424121808616153 51
1756345273303 0.003204908598575872 52
