1756345262037 2.075992234375166 1
1756345262048 1.5063199608222297 2
1756345262058 1.3576012357421543 3
1756345262067 1.1960034927596217 4
1756345262077 1.0584467908610469 5
1756345262086 1.2961029228956804 6
1756345262096 0.8282160188840784 7
1756345262106 0.6000632565954457 8
1756345262115 0.5859643622584965 9
1756345262125 0.5288279451753782 10
1756345262135 0.3665482362975245 11
1756345262144 0.36180091811263043 12
1756345262154 0.3353944278281668 13
1756345262164 0.4000383842250575 14
1756345262174 0.353637202926304 15
1756345262184 0.4547526661468589 16
1756345262193 0.3397679847219716 17
1756345262203 0.4001998402502226 18
1756345262213 0.36101994177569513 19
1756345262223 0.36808216183081915 20
1756345262233 0.2901088517645131 21
1756345262243 0.2538547438123952 22
1756345262253 0.23656462359687555 23
1756345262263 0.27754933743373206 24
1756345262273 0.24173017364481222 25
1756345262283 0.2658454111736754 26
1756345262293 0.19613993459421655 27
1756345262303 0.21145225802193518 28
1756345262313 0.2722943677850392 29
1756345262323 0.2474708813040153 30
1756345262334 0.20405326945626218 31
1756345262344 0.36363845998826233 32
1756345262354 0.3292769608290299 33
1756345262364 0.2987804821004038 34
1756345262375 0.2691579542082289 35
1756345262385 0.44115594029426575 36
1756345262395 0.3548821366351584 37
1756345262406 0.28007959023765894 38
1756345262416 0.2112291643153066 39
1756345262427 0.16942367087239804 40
1756345262437 0.22324104833862055 41
1756345262448 0.24979885667562485 42
1756345262458 0.20711865859187167 43
1756345262469 0.1986181207973024 44
1756345262479 0.14430343780828558 45
1756345262490 0.179796592372915 46
1756345262501 0.12505611501958058 47
