1756345272682 2.386968643768974 1
1756345272696 1.4258471701456152 2
1756345272707 1.356428325176239 3
1756345272719 1.2760928610096807 4
1756345272730 1.0432129463423854 5
1756345272742 1.0554553697938505 6
1756345272753 0.7393714098826699 7
1756345272765 0.5983745222506316 8
1756345272777 0.48813696659129596 9
1756345272789 0.4149113051269365 10
1756345272800 0.375473378793053 11
1756345272812 0.4210559686888819 12
1756345272824 0.503682690470115 13
1756345272836 0.48975146399891895 14
1756345272847 0.3476782765077508 15
1756345272859 0.27443227560623834 16
1756345272871 0.3937725923631502 17
1756345272883 0.317219333804172 18
1756345272895 0.2935549824134163 19
1756345272907 0.3135534051967704 20
1756345272919 0.2153771412761315 21
1756345272931 0.21589793491622675 22
1756345272943 0.25409361655297485 23
1756345272955 0.23859429132679236 24
1756345272967 0.28363418935433676 25
1756345272979 0.43925269272016443 26
1756345272991 0.4193399172762166 27
1756345273003 0.2143361166767452 28
1756345273016 0.29695511091014615 29
1756345273028 0.22730599602927332 30
1756345273040 0.15699352907097858 31
1756345273052 0.19774578900440878 32
1756345273065 0.22485986902661945 33
1756345273077 0.24407728275527124 34
1756345273089 0.2993294120482776 35
1756345273101 0.2343436933082083 36
1756345273114 0.23967303335666656 37
1756345273126 0.2581441642149635 38
1756345273139 0.19791055179160574 39
1756345273151 0.19868476980406305 40
1756345273164 0.14089244409747745 41
1756345273176 0.19029272898383762 42
1756345273189 0.22473551235769107 43
1756345273202 0.1685752398941828 44
1756345273214 0.16164769880149676 45
1756345273227 0.15365925042525583 46
1756345273240 0.16038158471169678 47
1756345273252 0.14677202733962433 48
1756345273265 0.14128840261179468 49
1756345273278 0.1579278623280318 50
1756345273291 0.15471758823031964 51
1756345273303 0.15682378573262173 52
