1756345289383 2.5417666512986887 1
1756345289400 1.4373330085173897 2
1756345289413 1.5129938851232114 3
1756345289427 1.2207188036130823 4
1756345289441 0.9382080979969191 5
1756345289454 0.6737682897111644 6
1756345289468 0.9238190080808557 7
1756345289482 0.7713262905245242 8
1756345289496 0.7953715091166289 9
1756345289510 0.5582250836102859 10
1756345289523 0.5719746675180353 11
1756345289537 0.40484968864399457 12
1756345289551 0.32819829427677655 13
1756345289565 0.40096073500488116 14
1756345289579 0.3131025472412939 15
1756345289593 0.3090008976666824 16
1756345289607 0.31158936347650446 17
1756345289621 0.33412904000800586 18
1756345289636 0.3748374412889066 19
1756345289650 0.4599043092002039 20
1756345289664 0.3036197466046914 21
1756345289678 0.4032206606605779 22
1756345289692 0.27719789613848145 23
1756345289706 0.29499224022678705 24
1756345289720 0.2471489365334096 25
1756345289735 0.27735787468112033 26
1756345289749 0.22949535496856854 27
1756345289763 0.24479627479677615 28
1756345289778 0.26542918675619626 29
1756345289792 0.22214661894933038 30
1756345289807 0.1994915351919506 31
1756345289821 0.19240561710751575 32
1756345289836 0.2238693493215934 33
1756345289850 0.15499596038590308 34
1756345289865 0.18665620198716287 35
1756345289879 0.19505919354117435 36
1756345289894 0.21397906639005826 37
1756345289908 0.16913365281146506 38
1756345289923 0.14948989548113034 39
1756345289938 0.16863806966854178 40
1756345289953 0.1526160207779511 41
1756345289967 0.1740272265413533 42
1756345289982 0.14706814807394278 43
1756345289997 0.12313314915999123 44
1756345290012 0.13395760208368301 45
1756345290026 0.14838312760643338 46
1756345290041 0.11848372674506644 47
1756345290056 0.12760957541025203 48
1756345290071 0.12404182034990062 49
1756345290086 0.13977643248179686 50
1756345290101 0.13162851252633592 51
1756345290116 0.16194752571375473 52
1756345290131 0.1024150449944579 53
1756345290146 0.10115503276819768 54
1756345290161 0.0962034645287887 55
1756345290176 0.09035499669287515 56
1756345290191 0.12797873580585356 57
1756345290206 0.15332233873398407 58
1756345290222 0.1774296875557174 59
1756345290237 0.14888528831627057 60
1756345290252 0.13019193919456523 61
1756345290267 0.09000548347830772 62
1756345290283 0.09862556324704834 63
1756345290298 0.1001443385106066 64
1756345290313 0.08460461218719897 65
1756345290329 0.11318966875905576 66
1756345290344 0.0865508065275524 67
1756345290359 0.08816207767180774 68
1756345290375 0.1034274708641612 69
1756345290390 0.09760510144026383 70
1756345290406 0.0997949127593766 71
1756345290422 0.07969802358876103 72
1756345290437 0.0701110691803953 73
1756345290453 0.06831759084825931 74
1756345290469 0.11531029916975809 75
1756345290484 0.09106472523316093 76
1756345290500 0.07418899221912674 77
1756345290516 0.08980270426558412 78
1756345290531 0.07397933417688245 79
1756345290547 0.08151894662043323 80
1756345290563 0.09622248667089836 81
1756345290579 0.0880098422260388 82
1756345290595 0.07017373779545659 83
1756345290611 0.07082572360725506 84
