1756345289383 0.8586460015048152 1
1756345289400 0.6771393185076506 2
1756345289413 0.7514573776203654 3
1756345289427 0.6731404869452767 4
1756345289441 0.6135822703009066 5
1756345289454 0.5575402858464614 6
1756345289468 0.5953087249527806 7
1756345289482 0.5748039445151454 8
1756345289496 0.5325496080129043 9
1756345289510 0.5193532640519349 10
1756345289523 0.4994524147199548 11
1756345289537 0.47394306245057477 12
1756345289551 0.437109781348187 13
1756345289565 0.4378253467704939 14
1756345289579 0.4280264131400896 15
1756345289593 0.4202809022820514 16
1756345289607 0.403587546037591 17
1756345289621 0.39812647389329 18
1756345289636 0.41581952571868896 19
1756345289650 0.4291230103243952 20
1756345289664 0.39955733651700226 21
1756345289678 0.4022369527298471 22
1756345289692 0.38867192035136017 23
1756345289706 0.3670444177544635 24
1756345289720 0.34763973562613776 25
1756345289735 0.3657510034416033 26
1756345289749 0.33301781701005023 27
1756345289763 0.3453051447868347 28
1756345289778 0.3618368027002915 29
1756345289792 0.3426182503285615 30
1756345289807 0.32153209784756537 31
1756345289821 0.30238878079082654 32
1756345289836 0.32472190390462463 33
1756345289850 0.2899599366861841 34
1756345289865 0.29964567267376446 35
1756345289879 0.3015064104743626 36
1756345289894 0.30710618586643884 37
1756345289908 0.30229642728100653 38
1756345289923 0.2826295507990796 39
1756345289938 0.2974555077760116 40
1756345289953 0.27853124556334125 41
1756345289967 0.2743061152489289 42
1756345289982 0.28653490672940796 43
1756345289997 0.2549062870118929 44
1756345290012 0.2564418626868207 45
1756345290026 0.2541299131901368 46
1756345290041 0.24327873989291812 47
1756345290056 0.2591587939988012 48
1756345290071 0.24609344225862753 49
1756345290086 0.2517971253913382 50
1756345290101 0.2482405045758123 51
1756345290116 0.2686851134766703 52
1756345290131 0.23277413909849914 53
1756345290146 0.24410362606463226 54
1756345290161 0.23696325330630594 55
1756345290176 0.21291726503683173 56
1756345290191 0.23868014047975125 57
1756345290206 0.23030546048413153 58
1756345290222 0.24453898681246716 59
1756345290237 0.2667449842328611 60
1756345290252 0.23766533382560895 61
1756345290267 0.21690742930640344 62
1756345290283 0.21664462854032931 63
1756345290298 0.21676604190598364 64
1756345290313 0.2099361056866853 65
1756345290329 0.21462704306063446 66
1756345290344 0.20653616993323617 67
1756345290359 0.2140036756577699 68
1756345290375 0.21074512860049371 69
1756345290390 0.21118249970933664 70
1756345290406 0.23155413114506265 71
1756345290422 0.20674315613249075 72
1756345290437 0.19580192734365878 73
1756345290453 0.1828521684460018 74
1756345290469 0.20810733087684796 75
1756345290484 0.20582437709621762 76
1756345290500 0.1853685366070789 77
1756345290516 0.2011064096637394 78
1756345290531 0.1982036388438681 79
1756345290547 0.18731884269610696 80
1756345290563 0.19111864657505698 81
1756345290579 0.21520554695440375 82
1756345290595 0.17364172896613245 83
1756345290611 0.18444251107132953 84
