1756345306434 1.315764352031376 1
1756345306452 1.0145403613214907 2
1756345306469 0.9671125852543375 3
1756345306486 0.8128545167653457 4
1756345306503 0.6367635752843774 5
1756345306520 0.6258757295815841 6
1756345306537 0.616150684978651 7
1756345306553 0.5068761563819387 8
1756345306570 0.4726115374461464 9
1756345306587 0.45335764988608984 10
1756345306604 0.38744907405065454 11
1756345306621 0.3518179382966912 12
1756345306638 0.35007074864014337 13
1756345306655 0.43159707279308984 14
1756345306672 0.3692595479281052 15
1756345306690 0.3274635381024817 16
1756345306707 0.32980749723703967 17
1756345306725 0.3127642371084379 18
1756345306742 0.24480875549109085 19
1756345306759 0.27450928156790527 20
1756345306776 0.2251021991605344 21
1756345306793 0.20088841701331345 22
1756345306810 0.19907780056414398 23
1756345306828 0.1782517037961794 24
1756345306845 0.17107840789401013 25
1756345306863 0.1854711515100106 26
1756345306880 0.1597115154499593 27
1756345306898 0.17814800855906113 28
1756345306915 0.18579325144705566 29
1756345306933 0.16653800172650296 30
1756345306950 0.17311622137608734 31
1756345306968 0.14392961464498355 32
1756345306986 0.16113184683996698 33
1756345307003 0.1355512867803159 34
1756345307021 0.14555012402327164 35
1756345307039 0.15057220763486365 36
1756345307056 0.12591399349596188 37
1756345307074 0.13033535849788916 38
1756345307092 0.1263722932857016 39
1756345307110 0.12497515749672185 40
1756345307128 0.13125217090482297 41
1756345307145 0.15901242714861166 42
1756345307163 0.16593190995247467 43
1756345307181 0.1315874491372834 44
1756345307199 0.11263376701137294 45
1756345307217 0.11335102970833363 46
1756345307235 0.1515974930447081 47
1756345307253 0.13935166759335477 48
1756345307271 0.12336542586917462 49
1756345307289 0.11253418368489845 50
1756345307307 0.10570875166550926 51
1756345307325 0.11668278114951175 52
1756345307343 0.10847830901975217 53
1756345307361 0.14278860228217166 54
1756345307380 0.13125237271837567 55
1756345307398 0.12051821532456772 56
1756345307416 0.09397043919433719 57
1756345307435 0.10429826508397641 58
1756345307453 0.09284728490140128 59
1756345307471 0.0904071241941141 60
1756345307489 0.08536582893651465 61
1756345307508 0.08058968850451967 62
1756345307527 0.07146666393331859 63
1756345307545 0.08910999317532001 64
1756345307563 0.08774419792968294 65
1756345307582 0.08019293990472089 66
1756345307601 0.090278926750888 67
1756345307619 0.09467831124430118 68
1756345307638 0.11843580396279045 69
1756345307657 0.09586408782912337 70
1756345307675 0.0833027790422025 71
1756345307694 0.06568289548158646 72
1756345307713 0.07234353847477747 73
1756345307732 0.06923072380216225 74
1756345307751 0.06524732555060284 75
1756345307770 0.07478879132996434 76
1756345307789 0.07040234185431314 77
1756345307808 0.07341219638676746 78
1756345307827 0.06296418040342953 79
1756345307846 0.0597115908951863 80
1756345307865 0.07220114216856334 81
1756345307884 0.070281063085017 82
