1756345252153 0.8556187204692675 1
1756345252161 0.7294319401616636 2
1756345252167 0.736970410398815 3
1756345252173 0.7236980147983717 4
1756345252179 0.655309057754019 5
1756345252185 0.6479846303877623 6
1756345252191 0.5978747917258221 7
1756345252197 0.5104024513908054 8
1756345252203 0.48361840973729675 9
1756345252209 0.5038498199504354 10
1756345252215 0.45521298698757007 11
1756345252222 0.4471503081529037 12
1756345252228 0.4239151711049287 13
1756345252234 0.4496275678924892 14
1756345252240 0.45631941245949786 15
1756345252246 0.4361466713573622 16
1756345252253 0.4249417755914771 17
1756345252259 0.44680661610935046 18
1756345252265 0.4631304248519566 19
1756345252272 0.42391127736672113 20
1756345252278 0.39113571980725165 21
1756345252285 0.43493953347206116 22
1756345252291 0.3753812338994897 23
1756345252298 0.3704854509104853 24
1756345252304 0.33116615596024884 25
1756345252311 0.3375930462194526 26
1756345252317 0.3203569015730982 27
1756345252324 0.34765232645947003 28
1756345252330 0.36334585884343024 29
1756345252337 0.3428484901137974 30
1756345252344 0.3195824493532595 31
1756345252351 0.30652852486009186 32
1756345252357 0.31281190333159076 33
1756345252364 0.3084935520006263 34
1756345252371 0.31096199932305707 35
1756345252378 0.3004114472347757 36
1756345252385 0.3188231593888739 37
1756345252392 0.3077143864787143 38
1756345252398 0.3144802308600882 39
1756345252405 0.2708773476921994 40
1756345252412 0.25970819981201837 41
1756345252419 0.2881265775017116 42
1756345252426 0.28981132416621497 43
1756345252433 0.2956307808990064 44
1756345252441 0.3172040465085403 45
1756345252448 0.3064260068147079 46
1756345252455 0.28814337434975995 47
1756345252462 0.27599912169186963 48
1756345252469 0.27629390877226123 49
1756345252476 0.25338916610116546 50
1756345252484 0.24584835508595343 51
1756345252491 0.2620333316533462 52
1756345252499 0.27092526334783307 53
1756345252506 0.2657877789891284 54
1756345252513 0.2494280623353046 55
1756345252521 0.2579735763694929 56
1756345252528 0.2693792354801427 57
1756345252536 0.24130885950897052 58
1756345252543 0.25572369409644086 59
1756345252551 0.228067512097566 60
1756345252558 0.2217681032160054 61
1756345252566 0.22827221064463907 62
1756345252573 0.2253836373920026 63
1756345252581 0.22771363154701565 64
1756345252589 0.2146725330663764 65
1756345252597 0.21780159680739694 66
1756345252604 0.21829235359378482 67
1756345252612 0.21159390392510788 68
1756345252620 0.21603456852228745 69
1756345252628 0.2375960298206495 70
1756345252636 0.229818692025931 71
1756345252644 0.2180437296628952 72
1756345252652 0.21416702801766602 73
1756345252660 0.2135678283546282 74
1756345252668 0.19589174506456955 75
1756345252676 0.1949380435373472 76
1756345252684 0.2102406277604725 77
1756345252692 0.21139518398305643 78
1756345252700 0.20242329589698627 79
1756345252708 0.20577156349368717 80
1756345252716 0.18830300608406897 81
1756345252725 0.19541218164174454 82
1756345252733 0.1882511416207189 83
1756345252741 0.1871443863796151 84
1756345252749 0.17532386404016745 85
1756345252758 0.18796407593333203 86
1756345252766 0.17946334571942038 87
1756345252774 0.17394015192985535 88
1756345252783 0.19807181993256445 89
1756345252791 0.19159233440523563 90
1756345252800 0.17484632782314136 91
1756345252808 0.1756010722854863 92
1756345252817 0.1742316341918448 93
1756345252825 0.1858394171880639 94
1756345252834 0.18348780468754147 95
1756345252842 0.1768307608106862 96
1756345252851 0.1665875257357307 97
