1756345306434 0.000830699368788767 1
1756345306452 0.001661398737577534 2
1756345306469 0.0024920981063663006 3
1756345306486 0.003322797475155068 4
1756345306503 0.0041534968439438345 5
1756345306520 0.0041534968439438345 6
1756345306537 0.004153009544325078 7
1756345306553 0.004151547874209183 8
1756345306570 0.004149112519709892 9
1756345306587 0.00414570462399226 10
1756345306604 0.004141325786736042 11
1756345306621 0.004135978063384799 12
1756345306638 0.004129663964181067 13
1756345306655 0.004122386452988034 14
1756345306672 0.0041141489458982935 15
1756345306690 0.004104955309630322 16
1756345306707 0.004094809859713416 17
1756345306725 0.004083717358461974 18
1756345306742 0.004071683012740044 19
1756345306759 0.0040587124715172 20
1756345306776 0.004044811823216894 21
1756345306793 0.0040299875928585275 22
1756345306810 0.004014246738994579 23
1756345306828 0.003997596650444236 24
1756345306845 0.003980045142825045 25
1756345306863 0.003961600454884242 26
1756345306880 0.003942271244631444 27
1756345306898 0.003922066585274544 28
1756345306915 0.0039009959609607172 29
1756345306933 0.0038790692623245195 30
1756345306950 0.0038562967818451875 31
1756345306968 0.0038326892090153057 32
1756345306986 0.0038082576253231177 33
1756345307003 0.0037830134990508328 34
1756345307021 0.0037569686798913653 35
1756345307039 0.003730135393386046 36
1756345307056 0.003702526235185901 37
1756345307074 0.0036741541651392064 38
1756345307092 0.00364503250120808 39
1756345307110 0.003615174913216983 40
1756345307128 0.0035845954164360435 41
1756345307145 0.0035533083650022388 42
1756345307163 0.003521328445181503 43
1756345307181 0.003488670668474938 44
1756345307199 0.0034553503645723526 45
1756345307217 0.0034213831741564493 46
1756345307235 0.0033867850415610218 47
1756345307253 0.0033515722072866238 48
1756345307271 0.0033157612003772135 49
1756345307289 0.0032793688306613543 50
1756345307307 0.0032424121808616153 51
1756345307325 0.003204908598575872 52
1756345307343 0.003166875688134278 53
1756345307361 0.003128331302335719 54
1756345307380 0.0030892935340676437 55
1756345307398 0.003049780707813183 56
1756345307416 0.003009811371049573 57
1756345307435 0.002969404285541888 58
1756345307453 0.002928578418536202 59
1756345307471 0.0028873529338562806 60
1756345307489 0.0028457471829080113 61
1756345307508 0.0028037806955957733 62
1756345307527 0.0027614731711550254 63
1756345307545 0.002718844468905407 64
1756345307563 0.0026759145989286924 65
1756345307582 0.0026327037126759813 66
1756345307601 0.0025892320935085268 67
1756345307619 0.002545520147176645 68
1756345307638 0.0025015883922411765 69
1756345307657 0.002457457450441991 70
1756345307675 0.0024131480370180617 71
1756345307694 0.0023686809509836483 72
1756345307713 0.0023240770653651602 73
1756345307732 0.0022793573174032748 74
1756345307751 0.0022345426987249086 75
1756345307770 0.0021896542454896725 76
1756345307789 0.0021447130285154096 77
1756345307808 0.0020997401433874704 78
1756345307827 0.0020547567005563643 79
1756345307846 0.0020097838154284255 80
1756345307865 0.0019648425984541626 81
1756345307884 0.0019199541452189263 82
