1756345262037 1.2494311203127322 1
1756345262048 1.136605643707773 2
1756345262058 1.0280339225478794 3
1756345262067 0.7596803955409838 4
1756345262077 0.8309310000875721 5
1756345262086 0.7650361281374226 6
1756345262096 0.6182019399560016 7
1756345262106 0.5169294580169346 8
1756345262115 0.4476501708445342 9
1756345262125 0.48751377022784687 10
1756345262135 0.35873294524524524 11
1756345262144 0.30679675807123596 12
1756345262154 0.3105873847785203 13
1756345262164 0.31795943755170575 14
1756345262174 0.3319125110688417 15
1756345262184 0.3400138726700907 16
1756345262193 0.32039571067561273 17
1756345262203 0.3029701917067818 18
1756345262213 0.3410063580326412 19
1756345262223 0.3070360506358354 20
1756345262233 0.24370134395101797 21
1756345262243 0.2316663006077642 22
1756345262253 0.20945460316927536 23
1756345262263 0.2445177973612495 24
1756345262273 0.2097597634014876 25
1756345262283 0.23516094555025516 26
1756345262293 0.19624358286028323 27
1756345262303 0.1924499389917954 28
1756345262313 0.2022199452571247 29
1756345262323 0.20226773878802423 30
1756345262334 0.18836571243794067 31
1756345262344 0.2153964787721634 32
1756345262354 0.292804215265357 33
1756345262364 0.23089739161988962 34
1756345262375 0.221507776690566 35
1756345262385 0.24587232263191885 36
1756345262395 0.2997925676729368 37
1756345262406 0.22227075307265573 38
1756345262416 0.18792414827191312 39
1756345262427 0.15452187605526135 40
1756345262437 0.16312604656685953 41
1756345262448 0.19379482807024664 42
1756345262458 0.15194402537916019 43
1756345262469 0.1603294086197148 44
1756345262479 0.1396124353227408 45
1756345262490 0.14982054738894754 46
1756345262501 0.12622139440930408 47
