1756345252153 1.3187704138133838 1
1756345252161 0.974483002787051 2
1756345252167 1.0046113353708517 3
1756345252173 0.9458933006162229 4
1756345252179 0.7908484378586644 5
1756345252185 0.755968381529269 6
1756345252191 0.6505113503207332 7
1756345252197 0.4731876850128174 8
1756345252203 0.4116786511048027 9
1756345252209 0.4495622334272965 10
1756345252215 0.37007106387096905 11
1756345252222 0.35595823176529096 12
1756345252228 0.3192285662112029 13
1756345252234 0.3685290217399597 14
1756345252240 0.3694363067979398 15
1756345252246 0.338944928801578 16
1756345252253 0.3197538075239762 17
1756345252259 0.35995381940966065 18
1756345252265 0.37419304316458496 19
1756345252272 0.32613361011380737 20
1756345252278 0.26648598779802735 21
1756345252285 0.33963096660116443 22
1756345252291 0.24680169768955396 23
1756345252298 0.23543385383875473 24
1756345252304 0.1983598056046859 25
1756345252311 0.20518527406713236 26
1756345252317 0.18573860467776007 27
1756345252324 0.22266829208187436 28
1756345252330 0.2317640340846518 29
1756345252337 0.21189256077227386 30
1756345252344 0.18077446390753207 31
1756345252351 0.15953152108451593 32
1756345252357 0.17138743951268817 33
1756345252364 0.17004370786573575 34
1756345252371 0.17181543066449786 35
1756345252378 0.15989461476388184 36
1756345252385 0.18189309796561365 37
1756345252392 0.1656564182561377 38
1756345252398 0.17648749247841214 39
1756345252405 0.13051937682473141 40
1756345252412 0.1211192034508871 41
1756345252419 0.14652511088744455 42
1756345252426 0.1504456300450408 43
1756345252433 0.1567719996623371 44
1756345252441 0.18671567381724066 45
1756345252448 0.16741142778292947 46
1756345252455 0.15031845932421478 47
1756345252462 0.13291757910147958 48
1756345252469 0.1418776593130568 49
1756345252476 0.11516691582358402 50
1756345252484 0.10627591901499292 51
1756345252491 0.12080340411352075 52
1756345252499 0.132085426993992 53
1756345252506 0.12708916709474896 54
1756345252513 0.10996107254987178 55
1756345252521 0.11712020506029544 56
1756345252528 0.1292570816433948 57
1756345252536 0.10048013893158539 58
1756345252543 0.11380784990994827 59
1756345252551 0.09457448805155962 60
1756345252558 0.09277943294981252 61
1756345252566 0.09275517418332722 62
1756345252573 0.09123352234778197 63
1756345252581 0.09309301055643869 64
1756345252589 0.08642590580427129 65
1756345252597 0.08550373221869054 66
1756345252604 0.08438644801145015 67
1756345252612 0.07775472752425981 68
1756345252620 0.08157707281086755 69
1756345252628 0.10765330169511877 70
1756345252636 0.09413963588683502 71
1756345252644 0.08266223351592603 72
1756345252652 0.08001903574103894 73
1756345252660 0.07967884433658226 74
1756345252668 0.06778799329438935 75
1756345252676 0.06875990719898888 76
1756345252684 0.07963791424813478 77
1756345252692 0.07724355387946834 78
1756345252700 0.07419380739979121 79
1756345252708 0.07230044771795688 80
1756345252716 0.06190679076573123 81
1756345252725 0.06584963672187018 82
1756345252733 0.06214774480980376 83
1756345252741 0.06351284504584644 84
1756345252749 0.05498708063817542 85
1756345252758 0.0646863620242347 86
1756345252766 0.05711918899222561 87
1756345252774 0.05279098605008229 88
1756345252783 0.07153973210117091 89
1756345252791 0.06416907898433831 90
1756345252800 0.054002997829862266 91
1756345252808 0.053991767537334694 92
1756345252817 0.053407185265551445 93
1756345252825 0.06109529393522636 94
1756345252834 0.059193276192830956 95
1756345252842 0.05451451517317606 96
1756345252851 0.05043169953252958 97
