1756052225691 2.4087947010993958 1
1756052225700 1.3778305172920227 2
1756052225709 0.7869436144828796 3
1756052225716 0.7084265887737274 4
1756052225723 0.6749298572540283 5
1756052225731 0.4772293001413345 6
1756052225738 0.5056363314390182 7
1756052225745 0.35044636726379397 8
1756052225753 0.3044754296541214 9
1756052225760 0.2774795025587082 10
1756052225768 0.23413202166557312 11
1756052225775 0.24956760108470916 12
1756052225782 0.23079580068588257 13
1756052225790 0.21269140020012856 14
1756052225798 0.18341930732131004 15
1756052225805 0.17155528962612152 16
1756052225813 0.18948357030749322 17
1756052225821 0.17563383430242538 18
1756052225828 0.17723134756088257 19
1756052225836 0.2543505609035492 20
1756052225843 0.1925176665186882 21
1756052225851 0.1437470868229866 22
1756052225859 0.10665828734636307 23
1756052225867 0.10656769424676896 24
1756052225874 0.11394810602068901 25
1756052225882 0.115772096067667 26
1756052225889 0.10740499198436737 27
1756052225897 0.09563791751861572 28
1756052225905 0.10789582207798958 29
1756052225913 0.10383834764361381 30
1756052225920 0.09275059998035431 31
1756052225928 0.09823904931545258 32
1756052225936 0.09383732452988625 33
1756052225944 0.08970719762146473 34
1756052225952 0.09590983279049396 35
1756052225960 0.06899010241031647 36
1756052225968 0.0584306713193655 37
1756052225976 0.0495684340596199 38
1756052225983 0.05690981559455395 39
1756052225991 0.06526971198618411 40
1756052225999 0.05326789990067482 41
1756052226007 0.04653516300022602 42
1756052226015 0.04258488658815622 43
1756052226023 0.04427294582128525 44
1756052226031 0.042186691984534265 45
1756052226039 0.036246745847165585 46
1756052226047 0.043899695947766305 47
1756052226056 0.0449848348274827 48
1756052226063 0.04377003014087677 49
1756052226072 0.0503980603069067 50
1756052226079 0.05293206423521042 51
1756052226088 0.04112833663821221 52
