1756052209211 1.0018707096576691 1
1756052209219 0.7993198573589325 2
1756052209225 0.7095032334327698 3
1756052209231 0.5993991553783417 4
1756052209238 0.5910381734371185 5
1756052209244 0.5345603346824646 6
1756052209250 0.5193936914205551 7
1756052209256 0.43760230839252473 8
1756052209262 0.4039352506399155 9
1756052209268 0.36008733212947847 10
1756052209275 0.35258543491363525 11
1756052209280 0.3287728846073151 12
1756052209286 0.3090932071208954 13
1756052209292 0.2899258941411972 14
1756052209298 0.2991946205496788 15
1756052209304 0.267889703810215 16
1756052209310 0.2633355349302292 17
1756052209317 0.246161288022995 18
1756052209323 0.23718569725751876 19
1756052209329 0.24915326833724977 20
1756052209335 0.2556795686483383 21
1756052209342 0.25061986595392227 22
1756052209348 0.25293935388326644 23
1756052209354 0.22140688598155975 24
1756052209360 0.24875194132328032 25
1756052209366 0.24497226774692535 26
1756052209372 0.2296981394290924 27
1756052209378 0.21886747032403947 28
1756052209384 0.20515235960483552 29
1756052209390 0.20697876513004304 30
1756052209396 0.18821550607681276 31
1756052209403 0.18787802904844284 32
1756052209409 0.1888747990131378 33
1756052209415 0.19994543641805648 34
1756052209421 0.1821405693888664 35
1756052209428 0.17579934895038604 36
1756052209434 0.1743328556418419 37
1756052209440 0.16177425384521485 38
1756052209447 0.1564862310886383 39
1756052209453 0.15876442342996597 40
1756052209459 0.1407361090183258 41
1756052209465 0.155784510076046 42
1756052209472 0.14981253296136857 43
1756052209478 0.16197600960731506 44
1756052209485 0.16466709226369858 45
1756052209491 0.1603668212890625 46
1756052209497 0.15111079216003417 47
1756052209504 0.14786384552717208 48
1756052209510 0.15932678803801537 49
1756052209516 0.1672692447900772 50
1756052209523 0.13934485018253326 51
1756052209530 0.143135105073452 52
1756052209536 0.14373864233493805 53
1756052209542 0.15612520948052405 54
1756052209549 0.13296592906117438 55
1756052209555 0.1351416066288948 56
1756052209562 0.13214435279369355 57
1756052209568 0.12303074821829796 58
1756052209575 0.12740701213479041 59
1756052209582 0.1277604229748249 60
1756052209588 0.11741170585155487 61
1756052209595 0.11559084206819534 62
1756052209601 0.11799132972955703 63
1756052209608 0.11757246181368827 64
1756052209615 0.11854925900697708 65
1756052209621 0.11431374102830887 66
1756052209628 0.10638279914855957 67
1756052209635 0.10350522771477699 68
1756052209641 0.10053261294960976 69
1756052209648 0.11344801634550095 70
