1756345369421 2.3319563762001367 1
1756345369436 1.9726787287255991 2
1756345369449 1.455817328846973 3
1756345369463 2.378997450289519 4
1756345369476 1.5293125795281453 5
1756345369490 1.8542723266974739 6
1756345369503 1.1195129505966022 7
1756345369517 0.8855293833691141 8
1756345369530 0.9590736770111582 9
1756345369544 0.7622800547143688 10
1756345369557 0.6250496260497881 11
1756345369571 0.6134498145269311 12
1756345369584 0.8879670435967653 13
1756345369598 0.6117344537506932 14
1756345369611 0.4535576072723969 15
1756345369625 0.5473239434802014 16
1756345369639 0.45838555693626404 17
1756345369652 0.3971951143897098 18
1756345369666 0.46957483563734137 19
1756345369680 0.44557647277479584 20
1756345369694 0.40241443268630817 21
1756345369707 0.33539591600065644 22
1756345369721 0.48468895839608234 23
1756345369735 0.46448742501113727 24
1756345369749 0.4321439000575439 25
1756345369763 0.5252048308434694 26
1756345369777 0.47563841355883557 27
1756345369791 0.35423504399216693 28
1756345369805 0.28693912210671796 29
1756345369819 0.2938010601893715 30
1756345369833 0.29468909618647204 31
1756345369847 0.3224182323269222 32
1756345369861 0.36477092945057416 33
1756345369875 0.25700352178967517 34
1756345369889 0.3988300607256267 35
1756345369904 0.27998748227306036 36
1756345369918 0.2796398951955464 37
1756345369932 0.28467192954343296 38
1756345369946 0.43070269861946936 39
1756345369961 0.36461152136325836 40
1756345369975 0.28763557517010235 41
1756345369989 0.21806856277196304 42
1756345370004 0.21556160501811816 43
1756345370018 0.22789191065923028 44
1756345370033 0.22650089050116745 45
1756345370047 0.2716461860615274 46
1756345370062 0.2328822991770247 47
1756345370076 0.2154577351782633 48
1756345370091 0.22614239221033844 49
1756345370105 0.2140026235062143 50
1756345370120 0.1765764423686525 51
1756345370135 0.1503789875170459 52
1756345370149 0.1652884575659814 53
1756345370164 0.17833327696375226 54
1756345370179 0.30441078478875366 55
1756345370193 0.4080570839021517 56
1756345370208 0.3256879993107008 57
1756345370223 0.19231824576854706 58
1756345370238 0.19846438389757406 59
1756345370253 0.26058440590682236 60
1756345370267 0.2814858432697213 61
1756345370282 0.28533834866855456 62
1756345370297 0.23064435888891635 63
1756345370312 0.24522421411845996 64
1756345370327 0.18290254797624506 65
1756345370342 0.19128503326488577 66
1756345370357 0.17410814794509308 67
1756345370373 0.1647417237577231 68
1756345370388 0.18739552536736365 69
1756345370403 0.17683019586231397 70
1756345370418 0.19405398971360663 71
1756345370433 0.17349132960257324 72
1756345370449 0.1527165446592414 73
1756345370464 0.13494165484672008 74
1756345370479 0.171598795639432 75
1756345370495 0.15635305221961893 76
1756345370510 0.11966458675654038 77
1756345370525 0.13570861550776855 78
1756345370541 0.1601800327391728 79
1756345370556 0.1255579085453697 80
1756345370572 0.11532745510339737 81
1756345370587 0.10909419085668481 82
1756345370603 0.12059499323368073 83
1756345370618 0.13256311724367348 84
1756345370634 0.12735513306182364 85
1756345370650 0.13669356833333554 86
1756345370665 0.1768394060756849 87
1756345370681 0.15905313161404236 88
1756345370697 0.1451731921862001 89
1756345370713 0.12646428949159125 90
1756345370728 0.12929879744415698 91
1756345370744 0.11481554563278737 92
1756345370760 0.11238613174013469 93
1756345370776 0.10728979386065317 94
1756345370792 0.11372989480910094 95
1756345370808 0.12987845196672107 96
1756345370824 0.11140389367938042 97
1756345370840 0.0814914622384569 98
1756345370856 0.10555690462174623 99
1756345370872 0.13939591675348903 100
1756345370888 0.11000296651669171 101
