1756345348972 0.000643383779513791 1
1756345348983 0.001286767559027582 2
1756345348993 0.0019301513385413728 3
1756345349003 0.002573535118055164 4
1756345349013 0.0032169188975689545 5
1756345349023 0.0032169188975689545 6
1756345349033 0.0032165415063001275 7
1756345349043 0.003215409509642604 8
1756345349053 0.003213523438960101 9
1756345349063 0.003210884179581672 10
1756345349073 0.0032074929703861275 11
1756345349083 0.0032033514032205044 12
1756345349093 0.003198461422152843 13
1756345349103 0.003192825322559636 14
1756345349113 0.0031864457500483676 15
1756345349123 0.0031793256992156582 16
1756345349133 0.003171468512241585 17
1756345349144 0.0031628778773208515 18
1756345349154 0.0031535578269315354 19
1756345349164 0.0031435127359422245 20
1756345349174 0.0031327473195584383 21
1756345349185 0.003121266631109291 22
1756345349195 0.0031090760596754387 23
1756345349205 0.0030961813275594253 24
1756345349216 0.0030825884875996068 25
1756345349226 0.00306830392032893 26
1756345349237 0.003053334330979882 27
1756345349247 0.0030376867463370273 28
1756345349258 0.00302136851143861 29
1756345349268 0.0030043872861287607 30
1756345349279 0.0029867510414619378 31
1756345349289 0.00296846805596128 32
1756345349300 0.0029495469117326372 33
1756345349311 0.0029299964904360965 34
1756345349322 0.002909825969116892 35
1756345349332 0.0028890448158976688 36
1756345349343 0.0028676627855341035 37
1756345349354 0.0028456899148359867 38
1756345349365 0.002823136517955903 39
1756345349375 0.002800013181547728 40
1756345349386 0.00277633075979721 41
1756345349397 0.0027521003693269735 42
1756345349408 0.0027273333839783302 43
1756345349419 0.0027020414294723558 44
1756345349430 0.0026762363779527275 45
1756345349441 0.0026499303424128958 46
1756345349452 0.002623135671010194 47
1756345349463 0.0025958649412695664 48
1756345349474 0.002568130954179629 49
1756345349485 0.0025399467281838318 50
1756345349496 0.0025113254930695522 51
1756345349508 0.00248228068375798 52
1756345349519 0.0024528259339977117 53
1756345349530 0.002422975069965014 54
1756345349541 0.002392742103773765 55
1756345349553 0.0023621412268981083 56
1756345349564 0.002331186803510922 57
1756345349575 0.0022998933637412167 58
1756345349587 0.002268275596853638 59
1756345349598 0.0022363483443532646 60
1756345349609 0.0022041265930189497 61
1756345349621 0.002171625467868464 62
1756345349632 0.0021388602250587575 63
1756345349644 0.002105846244724654 64
1756345349655 0.0020725990237593583 65
1756345349667 0.0020391341685401508 66
1756345349679 0.002005467387602694 67
1756345349690 0.001971614484267382 68
1756345349702 0.0019375913492212008 69
1756345349714 0.0019034139530585764 70
1756345349726 0.0018690983387847132 71
1756345349738 0.0018346606142849449 72
1756345349750 0.00180011694476363 73
1756345349761 0.0017654835451561396 74
1756345349773 0.001730776672517502 75
1756345349785 0.0016960126183912783 76
1756345349797 0.0016612077011622472 77
1756345349809 0.001626378258396488 78
1756345349821 0.0015915406391724665 79
1756345349833 0.0015567111964067074 80
1756345349845 0.001521906279177676 81
1756345349857 0.0014871422250514526 82
1756345349869 0.0014524353524128153 83
1756345349881 0.0014178019528053244 84
1756345349893 0.0013832582832840094 85
1756345349906 0.0013488205587842415 86
1756345349918 0.0013145049445103779 87
1756345349930 0.0012803275483477539 88
1756345349942 0.0012463044133015728 89
1756345349955 0.001212451509966261 90
1756345349967 0.0011787847290288046 91
1756345349979 0.0011453198738095968 92
1756345349992 0.001112072652844301 93
1756345350004 0.0010790586725101972 94
1756345350017 0.0010462934297004905 95
1756345350029 0.0010137923045500051 96
1756345350042 0.0009815705532156898 97
1756345350054 0.0009496433007153165 98
1756345350067 0.000918025533827738 99
1756345350079 0.0008867320940580333 100
