1756345388517 1.5899102895156196 1
1756345388537 1.5906487444172734 2
1756345388554 1.7792918008306753 3
1756345388571 1.3370848764543948 4
1756345388588 1.114583689233531 5
1756345388605 1.1017204859982366 6
1756345388622 1.0116153074347454 7
1756345388639 0.7857044650160748 8
1756345388657 0.7150762197764023 9
1756345388674 0.6848023624523826 10
1756345388691 0.6556338875190072 11
1756345388708 0.6709143493486487 12
1756345388725 0.5153302563273389 13
1756345388743 0.5257148250289585 14
1756345388760 0.5299021783082382 15
1756345388777 0.5470736208169357 16
1756345388795 0.4973243202852166 17
1756345388812 0.5062654083189757 18
1756345388829 0.40125194321507995 19
1756345388847 0.424235256469768 20
1756345388865 0.3431086216283881 21
1756345388882 0.3035924149596173 22
1756345388899 0.3268962236850158 23
1756345388917 0.3112377602121104 24
1756345388935 0.30383156823075336 25
1756345388952 0.3204215823308281 26
1756345388970 0.3287351235099461 27
1756345388987 0.31885886451472406 28
1756345389005 0.30063971747522766 29
1756345389023 0.2795983533496442 30
1756345389041 0.27045774848564813 31
1756345389058 0.2983365194953006 32
1756345389076 0.2635964764201123 33
1756345389094 0.2686290268016898 34
1756345389111 0.26039247538732446 35
1756345389129 0.23831033058788464 36
1756345389147 0.21358170101176138 37
1756345389165 0.250187697617904 38
1756345389183 0.26195541801659955 39
1756345389201 0.1928724559104961 40
1756345389219 0.21662500047165414 41
1756345389237 0.21624000500077786 42
1756345389255 0.2014387845993042 43
1756345389273 0.18394072029901587 44
1756345389291 0.2190539195485737 45
1756345389309 0.2228156943684039 46
1756345389327 0.1891373020151387 47
1756345389345 0.21239490029604538 48
1756345389363 0.19667689048725626 49
1756345389381 0.19881509957106216 50
1756345389400 0.18274461089268976 51
1756345389418 0.19030351450909738 52
1756345389436 0.22281652883343075 53
1756345389455 0.18149161565562952 54
1756345389473 0.19394643280817114 55
1756345389491 0.16504937896262045 56
1756345389510 0.1598394020743992 57
1756345389528 0.17731682146373 58
1756345389546 0.1705803579610327 59
1756345389565 0.1638050503704859 60
1756345389583 0.15767823807571246 61
1756345389602 0.15244078798138577 62
1756345389621 0.15777537064707797 63
1756345389639 0.16789765882751215 64
1756345389658 0.13963266332512317 65
1756345389676 0.14873927928831265 66
1756345389695 0.11966938687407452 67
1756345389714 0.11848826706409454 68
1756345389733 0.11946233167596486 69
1756345389752 0.1309702276535656 70
1756345389771 0.12678593073202216 71
1756345389790 0.11774112381364989 72
1756345389808 0.11585409842107607 73
1756345389827 0.1325411877554396 74
1756345389846 0.13044143889261328 75
1756345389865 0.11749462329823038 76
1756345389884 0.10920931625625362 77
1756345389903 0.11604553752619287 78
1756345389922 0.11157561158356459 79
1756345389941 0.12002221721669902 80
1756345389960 0.10156666098729424 81
1756345389980 0.11271975124659746 82
1756345389999 0.12617684835972992 83
1756345390018 0.11268186439638553 84
1756345390037 0.10604096204042435 85
1756345390056 0.11331450080742007 86
1756345390076 0.10795659766249034 87
1756345390095 0.09829645409532216 88
1756345390114 0.09199295128169267 89
1756345390134 0.087154196008392 90
