1756345413845 2.687788382820461 1
1756345413868 1.7160237612931624 2
1756345413888 1.882449209690094 3
1756345413908 2.1283264652542444 4
1756345413928 1.8011106641396233 5
1756345413949 1.50035037683404 6
1756345413969 1.1430100941139718 7
1756345413989 1.0098209173783013 8
1756345414010 0.9892598494239475 9
1756345414030 0.9510437768438588 10
1756345414051 1.0601699287476747 11
1756345414071 0.7232493706371473 12
1756345414092 0.6511921455030856 13
1756345414112 0.6618913761947466 14
1756345414132 0.6274091951225115 15
1756345414153 0.5788820956064307 16
1756345414173 0.5520492131295411 17
1756345414194 0.49870059606821643 18
1756345414215 0.4970904135185739 19
1756345414235 0.45898038213667663 20
1756345414256 0.46004411578178406 21
1756345414277 0.4437533383784087 22
1756345414297 0.3669182010318922 23
1756345414318 0.40920222129510797 24
1756345414339 0.3065562623998393 25
1756345414359 0.3583671625541604 26
1756345414380 0.3096869380577751 27
1756345414401 0.3273630699385767 28
1756345414422 0.35780240239008615 29
1756345414443 0.3306561760280443 30
1756345414464 0.3226159095116284 31
1756345414485 0.32004407242588373 32
1756345414506 0.31464008598223975 33
1756345414527 0.27657289867815765 34
1756345414548 0.27977567328059155 35
1756345414569 0.2807322552670603 36
1756345414590 0.2971310929759689 37
1756345414612 0.2973074284584626 38
1756345414633 0.2703392181707465 39
1756345414654 0.28179794387972873 40
1756345414675 0.24182045427353485 41
1756345414697 0.45871150947135425 42
1756345414718 0.2866151468909305 43
1756345414739 0.22204872415117596 44
1756345414761 0.2539237251748209 45
1756345414782 0.23703745461028555 46
1756345414804 0.23165450860624728 47
1756345414825 0.19637079148188882 48
1756345414847 0.21224055309658466 49
1756345414869 0.22579516859158225 50
1756345414890 0.21063947224098703 51
1756345414912 0.20823296580625617 52
1756345414936 0.17477229205162628 53
1756345414958 0.22499531993399496 54
1756345414979 0.1800969722478286 55
1756345415001 0.1866628935803538 56
1756345415023 0.17314227443674338 57
1756345415045 0.21394189058438592 58
1756345415067 0.23076503691465958 59
1756345415088 0.21879913301571555 60
1756345415111 0.21488607836806256 61
1756345415132 0.1768999158040337 62
1756345415154 0.17327400912409244 63
1756345415176 0.17899279685124106 64
1756345415198 0.1539585755571075 65
1756345415219 0.18136176758486292 66
1756345415241 0.1534116883640704 67
1756345415264 0.17414223208375598 68
1756345415287 0.15178704893459444 69
1756345415309 0.15777763497570288 70
1756345415332 0.1966197578155476 71
1756345415354 0.13419395426045294 72
1756345415376 0.1146260624670464 73
1756345415399 0.1197772855344026 74
1756345415421 0.17455674886055614 75
1756345415443 0.12396099418401718 76
1756345415465 0.10678319697794707 77
1756345415487 0.12497343641260396 78
1756345415510 0.10194597198911336 79
1756345415532 0.15088428038617838 80
1756345415554 0.15809809286957202 81
1756345415576 0.15451125249914502 82
1756345415599 0.13001406484324 83
1756345415621 0.11361185331707416 84
1756345415644 0.09781331763319347 85
1756345415666 0.08072077887861626 86
1756345415689 0.14714884725601776 87
1756345415711 0.15739860563822414 88
1756345415734 0.13052705059880795 89
1756345415756 0.09408132699520691 90
1756345415779 0.11917523991154588 91
1756345415802 0.1575586262928403 92
1756345415824 0.10363744490820428 93
1756345415847 0.12718379983435507 94
1756345415870 0.12329979532438776 95
1756345415893 0.10028965593032214 96
1756345415915 0.10436890776390614 97
1756345415938 0.1115175250755704 98
1756345415961 0.10756525413497635 99
1756345415984 0.08303000551203023 100
1756345416007 0.08350769754337228 101
1756345416030 0.08484071007241374 102
1756345416053 0.0934982790571192 103
1756345416076 0.07405922497096269 104
1756345416099 0.07518632175481837 105
1756345416122 0.08663979917764664 106
1756345416146 0.09930248412749042 107
1756345416169 0.09919143030824869 108
1756345416192 0.07840036584631256 109
1756345416215 0.0973555372784967 110
1756345416239 0.10212765844619792 111
1756345416262 0.08336010089387065 112
1756345416285 0.08692879488934642 113
1756345416309 0.08436620543184488 114
1756345416332 0.06989991033206815 115
1756345416356 0.09148779373777949 116
1756345416379 0.06273846781772116 117
1756345416403 0.07565621561978174 118
1756345416426 0.08731387037297954 119
1756345416450 0.07847629357939181 120
1756345416473 0.07607137201272923 121
1756345416497 0.07115184378040873 122
1756345416521 0.08197347981774289 123
