1756345413845 0.000643383779513791 1
1756345413868 0.001286767559027582 2
1756345413888 0.0019301513385413728 3
1756345413908 0.002573535118055164 4
1756345413928 0.0032169188975689545 5
1756345413949 0.0032169188975689545 6
1756345413969 0.0032165415063001275 7
1756345413989 0.003215409509642604 8
1756345414010 0.003213523438960101 9
1756345414030 0.003210884179581672 10
1756345414051 0.0032074929703861275 11
1756345414071 0.0032033514032205044 12
1756345414092 0.003198461422152843 13
1756345414112 0.003192825322559636 14
1756345414132 0.0031864457500483676 15
1756345414153 0.0031793256992156582 16
1756345414173 0.003171468512241585 17
1756345414194 0.0031628778773208515 18
1756345414215 0.0031535578269315354 19
1756345414235 0.0031435127359422245 20
1756345414256 0.0031327473195584383 21
1756345414277 0.003121266631109291 22
1756345414297 0.0031090760596754387 23
1756345414318 0.0030961813275594253 24
1756345414339 0.0030825884875996068 25
1756345414359 0.00306830392032893 26
1756345414380 0.003053334330979882 27
1756345414401 0.0030376867463370273 28
1756345414422 0.00302136851143861 29
1756345414443 0.0030043872861287607 30
1756345414464 0.0029867510414619378 31
1756345414485 0.00296846805596128 32
1756345414506 0.0029495469117326372 33
1756345414527 0.0029299964904360965 34
1756345414548 0.002909825969116892 35
1756345414569 0.0028890448158976688 36
1756345414590 0.0028676627855341035 37
1756345414612 0.0028456899148359867 38
1756345414633 0.002823136517955903 39
1756345414654 0.002800013181547728 40
1756345414675 0.00277633075979721 41
1756345414697 0.0027521003693269735 42
1756345414718 0.0027273333839783302 43
1756345414739 0.0027020414294723558 44
1756345414761 0.0026762363779527275 45
1756345414782 0.0026499303424128958 46
1756345414804 0.002623135671010194 47
1756345414825 0.0025958649412695664 48
1756345414847 0.002568130954179629 49
1756345414869 0.0025399467281838318 50
1756345414890 0.0025113254930695522 51
1756345414912 0.00248228068375798 52
1756345414936 0.0024528259339977117 53
1756345414958 0.002422975069965014 54
1756345414979 0.002392742103773765 55
1756345415001 0.0023621412268981083 56
1756345415023 0.002331186803510922 57
1756345415045 0.0022998933637412167 58
1756345415067 0.002268275596853638 59
1756345415088 0.0022363483443532646 60
1756345415111 0.0022041265930189497 61
1756345415132 0.002171625467868464 62
1756345415154 0.0021388602250587575 63
1756345415176 0.002105846244724654 64
1756345415198 0.0020725990237593583 65
1756345415219 0.0020391341685401508 66
1756345415241 0.002005467387602694 67
1756345415264 0.001971614484267382 68
1756345415287 0.0019375913492212008 69
1756345415309 0.0019034139530585764 70
1756345415332 0.0018690983387847132 71
1756345415354 0.0018346606142849449 72
1756345415376 0.00180011694476363 73
1756345415399 0.0017654835451561396 74
1756345415421 0.001730776672517502 75
1756345415443 0.0016960126183912783 76
1756345415465 0.0016612077011622472 77
1756345415487 0.001626378258396488 78
1756345415510 0.0015915406391724665 79
1756345415532 0.0015567111964067074 80
1756345415554 0.001521906279177676 81
1756345415576 0.0014871422250514526 82
1756345415599 0.0014524353524128153 83
1756345415621 0.0014178019528053244 84
1756345415644 0.0013832582832840094 85
1756345415666 0.0013488205587842415 86
1756345415689 0.0013145049445103779 87
1756345415711 0.0012803275483477539 88
1756345415734 0.0012463044133015728 89
1756345415756 0.001212451509966261 90
1756345415779 0.0011787847290288046 91
1756345415802 0.0011453198738095968 92
1756345415824 0.001112072652844301 93
1756345415847 0.0010790586725101972 94
1756345415870 0.0010462934297004905 95
1756345415893 0.0010137923045500051 96
1756345415915 0.0009815705532156898 97
1756345415938 0.0009496433007153165 98
1756345415961 0.000918025533827738 99
1756345415984 0.0008867320940580333 100
1756345416007 0.0008557776706708464 101
1756345416030 0.0008251767937951898 102
1756345416053 0.0007949438276039405 103
1756345416076 0.0007650929635712433 104
1756345416099 0.0007356382138109745 105
1756345416122 0.0007065934044994027 106
1756345416146 0.0006779721693851234 107
1756345416169 0.0006497879433893265 108
1756345416192 0.0006220539562993884 109
1756345416215 0.0005947832265587613 110
1756345416239 0.0005679885551560592 111
1756345416262 0.0005416825196162274 112
1756345416285 0.0005158774680965989 113
1756345416309 0.0004905855135906243 114
1756345416332 0.00046581852824198147 115
1756345416356 0.0004415881377717447 116
1756345416379 0.00041790571602122673 117
1756345416403 0.0003947823796130518 118
1756345416426 0.0003722289827329679 119
1756345416450 0.0003502561120348513 120
1756345416473 0.0003288740816712857 121
1756345416497 0.0003080929284520624 122
1756345416521 0.00028792240713285843 123
