1756345329056 2.644415186799091 1
1756345329063 1.5224986050439917 2
1756345329069 2.4797178843747014 3
1756345329075 2.733207557512366 4
1756345329081 1.6886594010436016 5
1756345329087 1.7506151095680569 6
1756345329093 1.160818083130795 7
1756345329099 0.8847980797290802 8
1756345329105 0.985755355461784 9
1756345329111 0.7347682727419812 10
1756345329118 1.063612172137136 11
1756345329124 0.778310907923657 12
1756345329130 0.5846253503923831 13
1756345329136 0.5212118165648502 14
1756345329142 0.5277191568975863 15
1756345329149 0.5326077523438827 16
1756345329155 0.7481274345646733 17
1756345329161 0.45858324481093365 18
1756345329168 0.49727019926776056 19
1756345329174 0.4392042244258134 20
1756345329180 0.37659019231796265 21
1756345329187 0.44928294031516364 22
1756345329194 0.3830430118933968 23
1756345329200 0.3314368899749673 24
1756345329207 0.36641107305236487 25
1756345329213 0.34710051054539887 26
1756345329220 0.2695598725391471 27
1756345329226 0.30902001682830893 28
1756345329233 0.3415730893611908 29
1756345329240 0.27588076630364294 30
1756345329246 0.25972916380218836 31
1756345329253 0.29054749465507007 32
1756345329260 0.47150468567143317 33
1756345329267 0.3491075952415881 34
1756345329273 0.2529161864000818 35
1756345329280 0.2975715729205505 36
1756345329287 0.2529818078745966 37
1756345329294 0.30579280788483826 38
1756345329301 0.3211826986592749 39
1756345329308 0.33421485126018524 40
1756345329315 0.33269913948100543 41
1756345329322 0.3006231843129448 42
1756345329329 0.29230142611524335 43
1756345329336 0.37464609223863354 44
1756345329343 0.32729096775469574 45
1756345329351 0.3651301964469578 46
1756345329358 0.23744631979776465 47
1756345329365 0.27596293001071265 48
1756345329372 0.2785485396566598 49
1756345329379 0.26091609247352765 50
1756345329387 0.24952320689740387 51
1756345329394 0.2584431203811065 52
1756345329401 0.3665146011373271 53
1756345329409 0.26970904417659924 54
1756345329417 0.23071660036626068 55
1756345329424 0.19406433209129 56
1756345329432 0.23020622393359308 57
1756345329439 0.21752674164979355 58
1756345329447 0.2060108494175517 59
1756345329454 0.27024718989496643 60
1756345329462 0.20404214185217154 61
1756345329469 0.19335209221943564 62
1756345329477 0.1866216769684916 63
1756345329485 0.1972698089869126 64
1756345329492 0.20514534349026886 65
1756345329500 0.2662761425194533 66
1756345329508 0.23231594329294952 67
1756345329516 0.2116897504614747 68
1756345329523 0.15905180865007898 69
1756345329531 0.17520652549422305 70
1756345329539 0.18709189768718637 71
1756345329547 0.17626109330550485 72
1756345329555 0.19663722553978796 73
1756345329563 0.1577830029570538 74
1756345329571 0.18042739999035132 75
1756345329579 0.17780935165026915 76
1756345329587 0.14823817105396933 77
1756345329595 0.20102183456006256 78
1756345329603 0.19049674013386603 79
1756345329612 0.16351782012244928 80
1756345329620 0.15862553404725116 81
1756345329628 0.14923099412218385 82
1756345329636 0.11789549498454384 83
1756345329644 0.1457571772777516 84
1756345329653 0.13387857717664345 85
1756345329661 0.13706782946120138 86
1756345329670 0.1248658740002176 87
1756345329678 0.16509688888554988 88
1756345329686 0.12019741016885509 89
1756345329695 0.13993523140316425 90
1756345329703 0.14752332995767178 91
1756345329712 0.14170597817586816 92
1756345329720 0.13565537139125491 93
1756345329729 0.11159055939187175 94
1756345329737 0.12016479233684747 95
1756345329746 0.1421371717815814 96
1756345329755 0.11582727616895801 97
1756345329763 0.0977555476129055 98
1756345329772 0.09177417016547659 99
1756345329781 0.12785097276387009 100
1756345329790 0.12835314950865248 101
1756345329798 0.15163999034658723 102
1756345329807 0.11223748115741689 103
1756345329816 0.10594389571443848 104
1756345329825 0.10611732919578967 105
1756345329834 0.10320357314270476 106
1756345329843 0.11514064216095468 107
1756345329852 0.08569942090822302 108
1756345329861 0.10656536030380623 109
