1756054696226 2.83318350315094 1
1756054696238 1.8517790019512177 2
1756054696246 1.3122805893421172 3
1756054696267 0.9387232720851898 4
1756054696280 0.6829300403594971 5
1756054696289 0.45391889214515685 6
1756054696302 0.3945576012134552 7
1756054696310 0.25142503529787064 8
1756054696323 0.24789768159389497 9
1756054696334 0.26986184120178225 10
1756054696343 0.24925476163625718 11
1756054696352 0.3435831978917122 12
1756054696360 0.26138198673725127 13
1756054696367 0.22903167009353637 14
1756054696374 0.1998126521706581 15
1756054696382 0.16522980630397796 16
1756054696389 0.17001159638166427 17
1756054696397 0.13743360787630082 18
1756054696405 0.1323376901447773 19
1756054696412 0.12021092399954796 20
1756054696418 0.07964477054774761 21
1756054696425 0.07751189731061459 22
1756054696432 0.08863794319331646 23
1756054696440 0.10947276875376702 24
1756054696448 0.08335096687078476 25
1756054696455 0.09157312847673893 26
1756054696463 0.07294456623494625 27
1756054696471 0.05945542342960834 28
1756054696480 0.06506279204040766 29
1756054696488 0.06329606845974922 30
1756054696496 0.053721098229289055 31
1756054696504 0.0675199318677187 32
1756054696510 0.08794464617967605 33
1756054696519 0.08139620311558246 34
