1756054681339 2.365489828586578 1
1756054681348 1.5663089036941529 2
1756054681352 1.1994955778121947 3
1756054681357 0.8021127283573151 4
1756054681361 0.7159677684307099 5
1756054681366 0.5469619125127793 6
1756054681370 0.3627857804298401 7
1756054681375 0.3303743377327919 8
1756054681379 0.30566045343875886 9
1756054681385 0.23832256197929383 10
1756054681390 0.2380275011062622 11
1756054681396 0.27823309004306795 12
1756054681402 0.2183746263384819 13
1756054681407 0.1773214839398861 14
1756054681411 0.15350324511528016 15
1756054681416 0.1393803671002388 16
1756054681421 0.14443079978227616 17
1756054681426 0.1359831728041172 18
1756054681431 0.13934093415737153 19
1756054681435 0.15488134771585466 20
1756054681440 0.1634797915816307 21
1756054681446 0.11356444433331489 22
1756054681451 0.1242272824048996 23
1756054681455 0.10802072435617446 24
1756054681461 0.08976688235998154 25
1756054681466 0.09177326560020446 26
1756054681471 0.11812999323010445 27
1756054681476 0.09733269587159157 28
1756054681481 0.07836605310440063 29
1756054681486 0.06724096722900867 30
1756054681491 0.06881214641034603 31
1756054681496 0.0506919264793396 32
1756054681501 0.0494548212736845 33
1756054681507 0.05202734209597111 34
1756054681512 0.06066251322627068 35
1756054681517 0.05920980721712112 36
1756054681522 0.07377583831548691 37
1756054681527 0.05474719293415546 38
1756054681532 0.0545783419162035 39
1756054681538 0.0629643078893423 40
1756054681543 0.05575679875910282 41
1756054681548 0.05546230152249336 42
1756054681553 0.05368575751781464 43
1756054681559 0.04834681078791618 44
1756054681564 0.03604442086070776 45
1756054681570 0.05072035528719425 46
1756054681575 0.05178853403776884 47
1756054681581 0.05267118290066719 48
1756054681586 0.040929953940212725 49
1756054681592 0.07256170809268951 50
1756054681597 0.05311585552990437 51
1756054681602 0.045502304658293725 52
1756054681607 0.04236731249839067 53
1756054681612 0.031278973631560805 54
1756054681618 0.03231266215443611 55
1756054681623 0.03498263824731111 56
1756054681628 0.0341911356896162 57
1756054681635 0.035307539347559216 58
1756054681640 0.022385928966104984 59
1756054681647 0.02680059028789401 60
1756054681652 0.02658276427537203 61
1756054681659 0.022571708261966705 62
1756054681664 0.024294151365756987 63
1756054681670 0.020563538186252117 64
1756054681675 0.014721154049038888 65
1756054681680 0.019781157560646533 66
1756054681686 0.020215214416384696 67
1756054681691 0.017438769433647396 68
1756054681698 0.018618254270404578 69
1756054681704 0.017742924764752387 70
1756054681710 0.014849389577284456 71
1756054681715 0.014700428303331136 72
1756054681720 0.016120031382888554 73
1756054681726 0.014962101075798272 74
1756054681731 0.019565594056621192 75
1756054681737 0.01404729150235653 76
1756054681743 0.018164395540952682 77
1756054681748 0.015568081708624958 78
1756054681754 0.016291014011949302 79
1756054681759 0.015071650873869658 80
1756054681765 0.014212006097659468 81
