1756054681339 3.138312840461731 1
1756054681348 2.034410500526428 2
1756054681352 1.7156756043434143 3
1756054681357 0.9695484876632691 4
1756054681361 0.8595735967159271 5
1756054681366 0.5622182786464691 6
1756054681370 0.3852214068174362 7
1756054681375 0.3435394898056984 8
1756054681379 0.3162816449999809 9
1756054681385 0.2488255113363266 10
1756054681390 0.24002133458852767 11
1756054681396 0.29941056966781615 12
1756054681402 0.2222343921661377 13
1756054681407 0.17108306810259818 14
1756054681411 0.15582891404628754 15
1756054681416 0.14184453561902047 16
1756054681421 0.15395069345831872 17
1756054681426 0.1545359082520008 18
1756054681431 0.15855564847588538 19
1756054681435 0.17362790033221245 20
1756054681440 0.16961655765771866 21
1756054681446 0.10999510586261749 22
1756054681451 0.13206234946846962 23
1756054681455 0.11404911726713181 24
1756054681461 0.0897572509944439 25
1756054681466 0.09963840693235397 26
1756054681471 0.11314446181058883 27
1756054681476 0.09851593673229217 28
1756054681481 0.08654981590807438 29
1756054681486 0.06922118552029133 30
1756054681491 0.07221818044781685 31
1756054681496 0.05046141967177391 32
1756054681501 0.05127930678427219 33
1756054681507 0.05257268771529198 34
1756054681512 0.06410997621715069 35
1756054681517 0.06623696573078633 36
1756054681522 0.08061563074588776 37
1756054681527 0.05787761397659778 38
1756054681532 0.054858770221471786 39
1756054681538 0.06043633855879307 40
1756054681543 0.06871887557208538 41
1756054681548 0.07101890426129102 42
1756054681553 0.05526322908699512 43
1756054681559 0.047795678675174716 44
1756054681564 0.039933786168694495 45
1756054681570 0.05624062567949295 46
1756054681575 0.05449010096490383 47
1756054681581 0.05795343928039074 48
1756054681586 0.0424406286329031 49
1756054681592 0.0807468231767416 50
1756054681597 0.06206526681780815 51
1756054681602 0.044468433037400244 52
1756054681607 0.04628208763897419 53
1756054681612 0.03136339606717229 54
1756054681618 0.03164038248360157 55
1756054681623 0.037119359336793424 56
1756054681628 0.03502860628068447 57
1756054681635 0.03622163627296686 58
1756054681640 0.02237356286495924 59
1756054681647 0.028822558000683784 60
1756054681652 0.028003802988678217 61
1756054681659 0.025668340921401977 62
1756054681664 0.023843013681471348 63
1756054681670 0.020210776012390852 64
1756054681675 0.013966140151023865 65
1756054681680 0.018355538230389358 66
1756054681686 0.021163639705628158 67
1756054681691 0.016669137915596367 68
1756054681698 0.01826443667523563 69
1756054681704 0.01849375506862998 70
1756054681710 0.017228967417031525 71
1756054681715 0.01376493088901043 72
1756054681720 0.017162818228825927 73
1756054681726 0.014123699394986033 74
1756054681731 0.018118861224502326 75
1756054681737 0.014242480508983135 76
1756054681743 0.017777589615434408 77
1756054681748 0.014364106860011817 78
1756054681754 0.016930348379537462 79
1756054681759 0.01443301010876894 80
1756054681765 0.014050445379689335 81
