1756054711935 2.191838252544403 1
1756054711946 1.4907644152641297 2
1756054711954 1.2306977450847625 3
1756054711962 1.149677050113678 4
1756054711970 1.0075573861598968 5
1756054711978 0.7330182254314422 6
1756054711986 0.6740978121757507 7
1756054711995 0.527468541264534 8
1756054712003 0.41827634572982786 9
1756054712011 0.2996527343988419 10
1756054712019 0.2418398603796959 11
1756054712026 0.20491501539945603 12
1756054712034 0.19525479525327682 13
1756054712042 0.19625898003578185 14
1756054712050 0.18215842097997664 15
1756054712060 0.1662767045199871 16
1756054712068 0.17222540825605392 17
1756054712076 0.253305022418499 18
1756054712085 0.2067584924399853 19
1756054712093 0.16391710713505744 20
1756054712101 0.1778658039867878 21
1756054712109 0.1439135767519474 22
1756054712117 0.11939891800284386 23
1756054712125 0.10754967927932739 24
1756054712133 0.1014380358159542 25
1756054712141 0.07872497960925103 26
1756054712149 0.08140527717769146 27
1756054712157 0.07675778716802598 28
1756054712164 0.05613220557570457 29
1756054712172 0.05691073052585125 30
1756054712180 0.051003404334187506 31
1756054712188 0.06292767859995366 32
1756054712196 0.06301687695086003 33
1756054712204 0.046703143417835234 34
1756054712213 0.04992288686335087 35
1756054712221 0.04226253777742386 36
1756054712229 0.035302653163671496 37
1756054712239 0.031938263960182664 38
1756054712248 0.03957186713814735 39
1756054712256 0.03135475404560566 40
1756054712264 0.04007657505571842 41
1756054712273 0.02725144289433956 42
1756054712281 0.03372818809002638 43
1756054712290 0.0381596403196454 44
