1756055451622 1.8722386851906776 1
1756055451632 1.5576070636510848 2
1756055451639 1.366386753320694 3
1756055451645 1.020998975634575 4
1756055451651 0.8788946643471718 5
1756055451657 0.6857700765132904 6
1756055451664 0.7471662729978561 7
1756055451670 0.7002792224287987 8
1756055451677 0.7068244516849518 9
1756055451683 0.628553993999958 10
1756055451690 0.45885142162442205 11
1756055451696 0.40374634563922884 12
1756055451703 0.5849884204566479 13
1756055451709 0.6096173122525215 14
1756055451716 0.47996520549058913 15
1756055451722 0.47080677971243856 16
1756055451729 0.4426541030406952 17
1756055451736 0.4342341050505638 18
1756055451743 0.3760052025318146 19
1756055451749 0.3352197803556919 20
1756055451756 0.4079204723238945 21
1756055451763 0.3418987736105919 22
1756055451769 0.48113667368888857 23
1756055451776 0.3661912739276886 24
1756055451783 0.2636462762951851 25
1756055451790 0.388997720181942 26
1756055451796 0.4484058290719986 27
1756055451803 0.43185791522264483 28
1756055451810 0.3297409828752279 29
1756055451817 0.2587204955518246 30
1756055451823 0.19873109757900237 31
1756055451830 0.2601379729807377 32
1756055451837 0.23618582189083098 33
1756055451844 0.2557520031929016 34
1756055451851 0.24892502129077912 35
1756055451857 0.2577901378273964 36
1756055451864 0.3596284233033657 37
1756055451871 0.2992105409502983 38
1756055451878 0.3302097022533417 39
1756055451885 0.2990544617176056 40
1756055451892 0.3132461473345757 41
1756055451899 0.4235028989613056 42
1756055451906 0.26848240569233894 43
1756055451913 0.27699965238571167 44
1756055451920 0.2034120738506317 45
1756055451927 0.2827903375029564 46
1756055451934 0.2724102482199669 47
1756055451941 0.21614444069564342 48
1756055451948 0.17408501878380775 49
1756055451955 0.15418107993900776 50
1756055451962 0.22250234410166742 51
1756055451969 0.1858479868620634 52
1756055451976 0.22875525802373886 53
1756055451984 0.3376531146466732 54
1756055451991 0.35371827706694603 55
1756055451998 0.22566207870841026 56
1756055452005 0.1791957262903452 57
1756055452012 0.21414472348988056 58
1756055452020 0.2323420476168394 59
1756055452027 0.2419302746653557 60
1756055452034 0.18708791211247444 61
1756055452041 0.13861417259904557 62
1756055452048 0.15567091144621373 63
1756055452056 0.3596572034060955 64
1756055452063 0.16254273802042007 65
1756055452070 0.1415390595793724 66
1756055452077 0.15679118037223816 67
1756055452085 0.16821795478463172 68
1756055452092 0.1692669630050659 69
1756055452099 0.14292265586555003 70
1756055452106 0.15969758592545985 71
