1756055451622 0.0009046173561400828 1
1756055451632 0.0018092347122801657 2
1756055451639 0.0027138520684202487 3
1756055451645 0.0036184694245603314 4
1756055451651 0.004523086780700414 5
1756055451657 0.004523086780700414 6
1756055451664 0.004521850571824892 7
1756055451670 0.004518143296974583 8
1756055451677 0.004511969010000104 9
1756055451683 0.004503334462393613 10
1756055451690 0.004492249095906148 11
1756055451696 0.004478725032223206 12
1756055451703 0.004462777059709868 13
1756055451709 0.004444422617239932 14
1756055451716 0.004423681775126761 15
1756055451722 0.004400577213176691 16
1756055451729 0.004375134195888998 17
1756055451736 0.004347380544829534 18
1756055451743 0.0043173466082082595 19
1756055451749 0.004285065227693914 20
1756055451756 0.004250571702502141 21
1756055451763 0.004213903750796309 22
1756055451769 0.004175101468443253 23
1756055451776 0.0041342072851690385 24
1756055451783 0.004091265918162673 25
1756055451790 0.004046324323178518 26
1756055451796 0.003999431643190865 27
1756055451803 0.003950639154656807 28
1756055451810 0.003900000211446194 29
1756055451817 0.003847570186499951 30
1756055451823 0.0037934064112805895 31
1756055451830 0.003737568113081085 32
1756055451837 0.00368011635026071 33
1756055451844 0.0036211139454786104 34
1756055451851 0.00356062541699815 35
1756055451857 0.0034987169081371404 36
1756055451864 0.003435456114941088 37
1756055451871 0.003370912212158567 38
1756055451878 0.0033051557775996467 39
1756055451885 0.0032382587149600906 40
1756055451892 0.0031702941751957235 41
1756055451899 0.0031013364765329304 42
1756055451906 0.003031461023202774 43
1756055451913 0.002960744222987569 44
1756055451920 0.0028892634036700973 45
1756055451927 0.0028170967284768117 46
1756055451934 0.0027443231106074957 47
1756055451941 0.002671022126944838 48
1756055451948 0.002597273931038279 49
1756055451955 0.0025231591654572834 50
1756055451962 0.0024487588736098707 51
1756055451969 0.0023741544111228426 52
1756055451976 0.0022994273568805977 53
1756055451984 0.002224659423819817 54
1756055451991 0.0021499323695775715 55
1756055451998 0.002075327907090544 56
1756055452005 0.002000927615243131 57
1756055452012 0.0019268128496621347 58
1756055452020 0.0018530646537555768 59
1756055452027 0.0017797636700929186 60
1756055452034 0.0017069900522236024 61
1756055452041 0.0016348233770303172 62
1756055452048 0.001563342557712845 63
1756055452056 0.0014926257574976397 64
1756055452063 0.0014227503041674828 65
1756055452070 0.0013537926055046912 66
1756055452077 0.0012858280657403233 67
1756055452085 0.0012189310031007672 68
1756055452092 0.0011531745685418478 69
1756055452099 0.001088630665759327 70
1756055452106 0.0010253698725632742 71
