1756057801532 1.2989185154438019 1
1756057801544 0.959848427772522 2
1756057801552 0.8883264482021331 3
1756057801559 0.8849420323967934 4
1756057801567 0.8506099164485932 5
1756057801575 0.7896625071763992 6
1756057801582 0.5161995723843574 7
1756057801589 0.5592219397425652 8
1756057801596 0.5863705173134803 9
1756057801603 0.6235095724463463 10
1756057801610 0.6535066768527031 11
1756057801618 0.5767687544226646 12
1756057801625 0.47100622951984406 13
1756057801633 0.45853799730539324 14
1756057801641 0.4951512984931469 15
1756057801649 0.5776001438498497 16
1756057801657 0.4543419644236565 17
1756057801665 0.430020285025239 18
1756057801673 0.4748934552073479 19
1756057801680 0.38922951370477676 20
1756057801688 0.36720036044716836 21
1756057801695 0.3158337695058435 22
1756057801702 0.32029137909412386 23
1756057801710 0.34600874707102774 24
1756057801718 0.31750903725624086 25
1756057801726 0.3595381647348404 26
1756057801735 0.3524044334888458 27
1756057801743 0.35465856101363896 28
1756057801751 0.2869402788579464 29
1756057801759 0.2960781559348106 30
1756057801766 0.24078368470072747 31
1756057801774 0.236650700122118 32
1756057801781 0.2767973855137825 33
1756057801789 0.2602119341492653 34
1756057801796 0.3166266456246376 35
1756057801804 0.31534618511796 36
1756057801812 0.2947154127061367 37
1756057801821 0.48037437722086906 38
1756057801829 0.36181828677654265 39
1756057801837 0.31399387419223784 40
1756057801845 0.3364431023597717 41
1756057801854 0.3082901857793331 42
1756057801861 0.5033429145812989 43
1756057801869 0.48191732317209246 44
1756057801877 0.3468128353357315 45
1756057801885 0.5053320758044719 46
1756057801893 0.5343886911869049 47
1756057801900 0.370211198925972 48
1756057801908 0.38374750763177873 49
1756057801917 0.30913333892822265 50
1756057801925 0.3187186889350414 51
1756057801933 0.2719382159411907 52
1756057801941 0.3815915405750275 53
1756057801949 0.28053518906235697 54
