1756057772627 0.0007103064633385347 1
1756057772636 0.0014206129266770694 2
1756057772641 0.0021309193900156042 3
1756057772647 0.002841225853354139 4
1756057772652 0.003551532316692674 5
1756057772656 0.0035515323166926734 6
1756057772661 0.003550561702952695 7
1756057772666 0.003547650923084634 8
1756057772670 0.0035428031599835414 9
1756057772675 0.0035360237146071925 10
1756057772680 0.003527320000179573 11
1756057772685 0.003516701534084622 12
1756057772690 0.003504179927459116 13
1756057772695 0.0034897688724960596 14
1756057772700 0.0034734841274724733 15
1756057772705 0.003455343499517951 16
1756057772709 0.0034353668251428226 17
1756057772714 0.003413575948547223 18
1756057772719 0.0033899946977347783 19
1756057772724 0.003364648858457036 20
1756057772729 0.003337566146017122 21
1756057772734 0.0033087761749634667 22
1756057772739 0.0032783104267067246 23
1756057772744 0.0032462022150953227 24
1756057772750 0.0032124866499872494 25
1756057772755 0.003177200598857944 26
1756057772761 0.0031403826464862505 27
1756057772767 0.003102073052762533 28
1756057772772 0.0030623137086650716 29
1756057772778 0.003021148090452896 30
1756057772785 0.0029786212121251355 31
1756057772791 0.002934779576198866 32
1756057772797 0.0028896711228592977 33
1756057772803 0.0028433451775378813 34
1756057772810 0.002795852396975675 35
1756057772815 0.002747244713830942 36
1756057772822 0.0026975752798915503 37
1756057772828 0.002646898407954273 38
1756057772834 0.002595269512434543 39
1756057772839 0.0025427450487716034 40
1756057772845 0.0024893824516953145 41
1756057772852 0.002435240072422115 42
1756057772858 0.002380377114848832 43
1756057772864 0.0023248535708140813 44
1756057772870 0.002268730154498076 45
1756057772875 0.0022120682360325626 46
1756057772885 0.0021549297743934806 47
1756057772900 0.0020973772496497346 48
1756057772906 0.002039473594642153 49
1756057772912 0.0019812821261673557 50
1756057772918 0.0019228664757417592 51
1756057772925 0.0018642905200214552 52
1756057772930 0.0018056183109540205 53
1756057772936 0.0017469140057386528 54
1756057772941 0.0016882417966712178 55
1756057772947 0.0016296658409509143 56
1756057772953 0.0015712501905253181 57
1756057772959 0.0015130587220505201 58
1756057772966 0.0014551550670429396 59
1756057772972 0.0013976025422991931 60
1756057772979 0.0013404640806601112 61
1756057772985 0.0012838021621945977 62
1756057772991 0.0012276787458785922 63
1756057772997 0.0011721552018438411 64
1756057773003 0.0011172922442705575 65
1756057773009 0.0010631498649973595 66
1756057773014 0.0010097872679210697 67
1756057773020 0.0009572628042581304 68
1756057773027 0.0009056339087384011 69
1756057773033 0.0008549570368011236 70
1756057773040 0.0008052876028617316 71
1756057773046 0.0007566799197169984 72
1756057773052 0.0007091871391547922 73
1756057773059 0.0006628611938333757 74
1756057773065 0.0006177527404938072 75
1756057773071 0.0005739111045675382 76
1756057773077 0.000531384226239777 77
1756057773083 0.000490218608027602 78
1756057773089 0.00045045926393014126 79
1756057773095 0.0004121496702064234 80
1756057773101 0.0003753317178347301 81
1756057773107 0.0003400456667054241 82
1756057773114 0.0003063301015973506 83
1756057773119 0.00027422188998594844 84
1756057773126 0.00024375614172920671 85
1756057773133 0.00021496617067555114 86
1756057773139 0.0001878834582356375 87
1756057773146 0.0001625376189578953 88
1756057773153 0.0001389563681454507 89
1756057773159 0.00011716549154985104 90
1756057773165 9.718881717472244e-05 91
1756057773171 7.904818922019998e-05 92
1756057773177 6.276344419661412e-05 93
1756057773183 4.835238923355745e-05 94
1756057773190 3.583078260805122e-05 95
1756057773196 2.5212316513100396e-05 96
1756057773202 1.6508602085480673e-05 97
1756057773209 9.729156709132132e-06 98
1756057773217 4.881393608039127e-06 99
1756057773223 1.970613739978274e-06 100
