1756057801532 0.0007103064633385347 1
1756057801544 0.0014206129266770694 2
1756057801552 0.0021309193900156042 3
1756057801559 0.002841225853354139 4
1756057801567 0.003551532316692674 5
1756057801575 0.0035515323166926734 6
1756057801582 0.003550561702952695 7
1756057801589 0.003547650923084634 8
1756057801596 0.0035428031599835414 9
1756057801603 0.0035360237146071925 10
1756057801610 0.003527320000179573 11
1756057801618 0.003516701534084622 12
1756057801625 0.003504179927459116 13
1756057801633 0.0034897688724960596 14
1756057801641 0.0034734841274724733 15
1756057801649 0.003455343499517951 16
1756057801657 0.0034353668251428226 17
1756057801665 0.003413575948547223 18
1756057801673 0.0033899946977347783 19
1756057801680 0.003364648858457036 20
1756057801688 0.003337566146017122 21
1756057801695 0.0033087761749634667 22
1756057801702 0.0032783104267067246 23
1756057801710 0.0032462022150953227 24
1756057801718 0.0032124866499872494 25
1756057801726 0.003177200598857944 26
1756057801735 0.0031403826464862505 27
1756057801743 0.003102073052762533 28
1756057801751 0.0030623137086650716 29
1756057801759 0.003021148090452896 30
1756057801766 0.0029786212121251355 31
1756057801774 0.002934779576198866 32
1756057801781 0.0028896711228592977 33
1756057801789 0.0028433451775378813 34
1756057801796 0.002795852396975675 35
1756057801804 0.002747244713830942 36
1756057801812 0.0026975752798915503 37
1756057801821 0.002646898407954273 38
1756057801829 0.002595269512434543 39
1756057801837 0.0025427450487716034 40
1756057801845 0.0024893824516953145 41
1756057801854 0.002435240072422115 42
1756057801861 0.002380377114848832 43
1756057801869 0.0023248535708140813 44
1756057801877 0.002268730154498076 45
1756057801885 0.0022120682360325626 46
1756057801893 0.0021549297743934806 47
1756057801900 0.0020973772496497346 48
1756057801908 0.002039473594642153 49
1756057801917 0.0019812821261673557 50
1756057801925 0.0019228664757417592 51
1756057801933 0.0018642905200214552 52
1756057801941 0.0018056183109540205 53
1756057801949 0.0017469140057386528 54
