1756057801532 0.8625070840120316 1
1756057801544 0.7351149171590805 2
1756057801552 0.7130430638790131 3
1756057801559 0.6976353704929352 4
1756057801567 0.6984532535076141 5
1756057801575 0.659139820933342 6
1756057801582 0.5427239313721657 7
1756057801589 0.5619858890771866 8
1756057801596 0.5756565213203431 9
1756057801603 0.572595776617527 10
1756057801610 0.5881038665771484 11
1756057801618 0.5727737993001938 12
1756057801625 0.5117629691958427 13
1756057801633 0.5012593328952789 14
1756057801641 0.513519199192524 15
1756057801649 0.5722680896520614 16
1756057801657 0.5097228735685349 17
1756057801665 0.49024006724357605 18
1756057801673 0.513822826743126 19
1756057801680 0.4824717566370964 20
1756057801688 0.46211704760789873 21
1756057801695 0.4110653564333916 22
1756057801702 0.424531427025795 23
1756057801710 0.4469600036740303 24
1756057801718 0.42127327620983124 25
1756057801726 0.45992580205202105 26
1756057801735 0.46026906073093415 27
1756057801743 0.4383324947208166 28
1756057801751 0.39819066524505614 29
1756057801759 0.40489802360534666 30
1756057801766 0.36970831006765364 31
1756057801774 0.37167046815156934 32
1756057801781 0.39873059988021853 33
1756057801789 0.3816376686096191 34
1756057801796 0.40947824716567993 35
1756057801804 0.40807687789201735 36
1756057801812 0.41476837992668153 37
1756057801821 0.47664577811956405 38
1756057801829 0.44857902079820633 39
1756057801837 0.4284988358616829 40
1756057801845 0.4322533428668976 41
1756057801854 0.43541508764028547 42
1756057801861 0.4639884144067764 43
1756057801869 0.5136503651738167 44
1756057801877 0.44435469806194305 45
1756057801885 0.47771656066179274 46
1756057801893 0.5472746610641479 47
1756057801900 0.4620073139667511 48
1756057801908 0.46053836196660997 49
1756057801917 0.4200278759002686 50
1756057801925 0.43021955490112307 51
1756057801933 0.3957516744732857 52
1756057801941 0.4276363208889961 53
1756057801949 0.4016236916184425 54
