1756344305662 4.354839449343474 1
1756344305685 2.1582552868386973 2
1756344305705 1.9809483963510264 3
1756344305725 1.6377517606901086 4
1756344305746 1.3153539481370344 5
1756344305766 1.3139618557432424 6
1756344305787 1.1560215807479362 7
1756344305807 1.0887049980785535 8
1756344305828 0.9967486288236536 9
1756344305849 0.8321024386779122 10
1756344305870 0.9731183920217596 11
1756344305891 0.9883966601413229 12
1756344305911 0.7786126305227694 13
1756344305932 0.8511337002982264 14
1756344305953 0.7132844497328219 15
1756344305974 0.5977224020854287 16
1756344305994 0.8420750537644262 17
1756344306015 0.8829421103000641 18
1756344306036 0.5496429282685985 19
1756344306057 0.630681943634282 20
1756344306077 0.5642037275044814 21
1756344306098 0.5981259760649308 22
1756344306119 0.5253865356030671 23
1756344306140 0.7580973648506663 24
1756344306161 0.6862254622189895 25
1756344306182 0.5964254529579825 26
1756344306203 0.6039999412453693 27
1756344306224 0.5592485828244168 28
1756344306245 0.6968486632989801 29
1756344306266 0.5836906160997308 30
1756344306287 0.7488234716912975 31
1756344306308 0.5010421243698701 32
1756344306329 0.5133798886900363 33
1756344306350 0.5066939423913541 34
1756344306372 0.41311176121234894 35
1756344306393 0.3928491547703743 36
1756344306414 0.4904538373584333 37
1756344306435 0.4560285631729209 38
1756344306457 0.4582892772944077 39
1756344306478 0.45196060382801556 40
1756344306499 0.4421482610961665 41
1756344306520 0.41790926650814386 42
1756344306542 0.47217767070169037 43
1756344306563 0.3459788910720659 44
1756344306585 0.37683774725250574 45
1756344306607 0.3864312573619511 46
1756344306628 0.427010134510372 47
1756344306650 0.37902521115282306 48
1756344306672 0.4474700371856275 49
1756344306693 0.3434502028900644 50
1756344306715 0.35937537252902985 51
1756344306737 0.23075310691543247 52
1756344306759 0.30909889806871826 53
1756344306780 0.33403206778609235 54
1756344306802 0.38679899275302887 55
1756344306824 0.46113880626533343 56
1756344306846 0.29305800860342773 57
1756344306868 0.30188482935013977 58
1756344306890 0.32591941823130066 59
1756344306912 0.3955775784409564 60
1756344306934 0.3861811789481536 61
1756344306956 0.3729750526987988 62
1756344306978 0.3056691574013751 63
1756344307000 0.3006578625544258 64
1756344307023 0.29618700366953143 65
1756344307045 0.24686556341855423 66
1756344307067 0.23500282965276553 67
1756344307089 0.3556820721082065 68
1756344307111 0.3075075667837392 69
1756344307133 0.24876318062129227 70
1756344307156 0.2372245542381121 71
1756344307178 0.36141246881174005 72
1756344307201 0.2739875161129495 73
1756344307223 0.2884142952768699 74
1756344307245 0.2690086235170779 75
1756344307268 0.25251618707957474 76
1756344307290 0.2845095026752223 77
1756344307313 0.2642002245006354 78
1756344307335 0.24359408344911493 79
1756344307358 0.2395078701817471 80
1756344307380 0.23792202025651932 81
1756344307402 0.19504168240920358 82
1756344307425 0.19358100806889328 83
1756344307448 0.2635043720188348 84
1756344307470 0.2658971677655759 85
1756344307493 0.21682491639386053 86
1756344307516 0.202855395882026 87
1756344307538 0.2767525023740271 88
1756344307561 0.2179874609345975 89
1756344307584 0.23154471879420074 90
1756344307607 0.20226007278846658 91
1756344307630 0.20956452126088349 92
1756344307653 0.22753534725178842 93
1756344307676 0.253376012587029 94
1756344307699 0.2077866374798443 95
1756344307722 0.1554710074611332 96
1756344307745 0.16220881563165915 97
1756344307768 0.14398861222940942 98
1756344307791 0.17717509085069533 99
1756344307814 0.19548976291780887 100
1756344307837 0.26592434165270434 101
1756344307861 0.24623462687367978 102
1756344307884 0.4113058415444001 103
1756344307907 0.2545832253020743 104
1756344307931 0.20132903625135837 105
1756344307954 0.25830415668694867 106
1756344307977 0.16960750908955283 107
1756344308000 0.20161841744961945 108
1756344308024 0.18245506480984067 109
1756344308047 0.17499033167310382 110
