1756344258941 0.00031604263728207774 1
1756344258956 0.0006320852745641555 2
1756344258969 0.0009481279118462333 3
1756344258982 0.001264170549128311 4
1756344258995 0.0015802131864103887 5
1756344259008 0.0015802131864103887 6
1756344259021 0.0015800278641783453 7
1756344259034 0.0015794719844732057 8
1756344259047 0.0015785458082271063 9
1756344259060 0.0015772497701908475 10
1756344259074 0.0015755844787298196 11
1756344259087 0.0015735507155384342 12
1756344259100 0.0015711494352731933 13
1756344259113 0.0015683817651045695 14
1756344259127 0.0015652490041879084 15
1756344259140 0.0015617526230535996 16
1756344259153 0.0015578942629168038 17
1756344259166 0.0015536757349070597 18
1756344259180 0.0015490990192181338 19
1756344259193 0.0015441662641785077 20
1756344259207 0.001538879785242946 21
1756344259220 0.001533242063905611 22
1756344259234 0.0015272557465352413 23
1756344259247 0.001520923643132935 24
1756344259261 0.0015142487260131224 25
1756344259274 0.0015072341284083533 26
1756344259288 0.001499883142998542 27
1756344259301 0.0014921992203653723 28
1756344259315 0.0014841859673725797 29
1756344259329 0.0014758471454728757 30
1756344259342 0.0014671866689423075 31
1756344259356 0.0014582086030428799 32
1756344259370 0.0014489171621143064 33
1756344259384 0.0014393167075957814 34
1756344259398 0.0014294117459787024 35
1756344259412 0.0014192069266913067 36
1756344259426 0.0014087070399162094 37
1756344259439 0.0013979170143418743 38
1756344259453 0.001386841914849067 39
1756344259467 0.0013754869401333806 40
1756344259481 0.0013638574202649468 41
1756344259495 0.00135195881418648 42
1756344259509 0.0013397967071508278 43
1756344259523 0.0013273768080992317 44
1756344259537 0.001314704946981527 45
1756344259552 0.001301787072019541 46
1756344259566 0.0012886292469149753 47
1756344259580 0.0012752376480030785 48
1756344259594 0.0012616185613534515 49
1756344259608 0.0012477783798193402 50
1756344259622 0.0012337236000368058 51
1756344259636 0.0012194608193751779 52
1756344259651 0.001204996732840223 53
1756344259665 0.001190338129931482 54
1756344259679 0.0011754918914552532 55
1756344259694 0.001160464986294713 56
1756344259708 0.001145264468138696 57
1756344259723 0.0011298974721706647 58
1756344259737 0.0011143712117194266 59
1756344259752 0.0010986929748731684 60
1756344259766 0.0010828701210583993 61
1756344259781 0.001066910077585406 62
1756344259795 0.0010508203361618452 63
1756344259810 0.0010346084493761053 64
1756344259825 0.0010182820271520917 65
1756344259840 0.0010018487331770985 66
1756344259854 0.000985316281304443 67
1756344259869 0.0009686924319325531 68
1756344259884 0.0009519849883622048 69
1756344259899 0.000935201793133622 70
1756344259913 0.0009183507243451576 71
1756344259928 0.0009014396919552819 72
1756344259943 0.0008844766340696177 73
1756344259958 0.0008674695132147622 74
1756344259973 0.0008504263126006437 75
1756344259988 0.0008333550323731734 76
1756344260003 0.0008162636858589444 77
1756344260018 0.0007991602958037437 78
1756344260033 0.0007820528906066451 79
1756344260048 0.0007649495005514445 80
1756344260063 0.0007478581540372155 81
1756344260078 0.0007307868738097452 82
1756344260093 0.0007137436731956269 83
1756344260108 0.0006967365523407712 84
1756344260124 0.000679773494455107 85
1756344260139 0.0006628624620652314 86
1756344260154 0.0006460113932767668 87
1756344260170 0.0006292281980481842 88
1756344260185 0.0006125207544778358 89
1756344260201 0.0005958969051059459 90
1756344260216 0.0005793644532332906 91
1756344260232 0.0005629311592582971 92
1756344260247 0.0005466047370342836 93
1756344260263 0.0005303928502485435 94
1756344260278 0.0005143031088249828 95
1756344260294 0.0004983430653519895 96
