1756344239652 1.9735299970792688 1
1756344239667 1.4438495635986328 2
1756344239678 1.3043800229611604 3
1756344239688 1.1368293684461843 4
1756344239699 1.070774257183075 5
1756344239710 0.8905940133592357 6
1756344239720 0.9391701221466064 7
1756344239731 0.7748550811539525 8
1756344239742 0.7761638242265453 9
1756344239753 0.735024621953135 10
1756344239763 0.6679550448189611 11
1756344239774 0.6582497306492018 12
1756344239785 0.6173044261725052 13
1756344239796 0.5626278869483782 14
1756344239807 0.5934714428756548 15
1756344239818 0.5881537535916204 16
1756344239829 0.6046118217965831 17
1756344239840 0.5254953620226487 18
1756344239851 0.554455938546554 19
1756344239862 0.46252220091612445 20
1756344239873 0.5467906464701113 21
1756344239884 0.43155372725880664 22
1756344239896 0.5101083750310151 23
1756344239907 0.4616261409676593 24
1756344239918 0.42972387956536334 25
1756344239929 0.44725769887799804 26
1756344239941 0.43658926953440125 27
1756344239952 0.47721533930819965 28
1756344239963 0.4491060013356416 29
1756344239974 0.3775559955317041 30
1756344239986 0.348106206111286 31
1756344239997 0.44282685025878576 32
1756344240009 0.40829798449640686 33
1756344240020 0.3666910671669504 34
1756344240031 0.3456944797350013 35
1756344240043 0.345926600953807 36
1756344240055 0.3613219598065252 37
1756344240066 0.37156895515711413 38
1756344240078 0.31456773436587787 39
1756344240089 0.30422915194345557 40
1756344240101 0.3020264914502268 41
1756344240113 0.28128538053968677 42
1756344240124 0.2844628652800684 43
1756344240136 0.27801443053328473 44
1756344240148 0.3439456580773644 45
1756344240160 0.35690918694371765 46
1756344240171 0.3097732941741529 47
1756344240183 0.2992351612319117 48
1756344240195 0.2914394716853681 49
1756344240207 0.30887804666291113 50
1756344240219 0.29304116381251294 51
1756344240231 0.27042440810929175 52
1756344240243 0.26448916093162866 53
1756344240255 0.25793332509372546 54
1756344240267 0.3216152268907298 55
1756344240279 0.3093720078468323 56
1756344240291 0.28820379013600556 57
1756344240303 0.23945134942946228 58
