1756344226915 1.1331970562105593 1
1756344226923 1.0499699063923047 2
1756344226929 1.0063605567683345 3
1756344226935 0.9360932111740112 4
1756344226941 0.9132823814516482 5
1756344226947 0.869009572526683 6
1756344226953 0.804236422414365 7
1756344226959 0.7417865628781526 8
1756344226965 0.7201669708542202 9
1756344226971 0.6884467238965242 10
1756344226977 0.6632103894067847 11
1756344226983 0.6771917757780656 12
1756344226989 0.6058364536451257 13
1756344226996 0.6094004395215408 14
1756344227002 0.630745239879774 15
1756344227008 0.6313535985739335 16
1756344227014 0.5969783015873121 17
1756344227021 0.5737859852935957 18
1756344227027 0.5824441961620165 19
1756344227033 0.5620374407457269 20
1756344227040 0.5654760650966478 21
1756344227046 0.5346526399902676 22
1756344227052 0.5233643638051074 23
1756344227059 0.5599074247090713 24
1756344227065 0.529825306457022 25
1756344227072 0.5342206099758977 26
1756344227079 0.5126065521136575 27
1756344227085 0.49520957469940186 28
1756344227092 0.47352401588274085 29
1756344227098 0.4552709758281708 30
1756344227105 0.4645668009053106 31
1756344227112 0.47104551610739337 32
1756344227118 0.45855539389278577 33
1756344227125 0.4817762763603874 34
1756344227132 0.4725510270699211 35
1756344227139 0.4753826869570691 36
1756344227145 0.47934982569321344 37
1756344227152 0.4716011000716168 38
1756344227159 0.4399935849334883 39
1756344227166 0.43424452258192975 40
1756344227173 0.4296553005342898 41
1756344227180 0.4379701847615449 42
1756344227187 0.4576580109803573 43
1756344227194 0.4721514466016189 44
1756344227201 0.42382112922875775 45
1756344227208 0.4054791862549989 46
1756344227215 0.41048756889674975 47
1756344227223 0.42391287762185803 48
1756344227230 0.4071086930192035 49
1756344227237 0.3998631057531937 50
1756344227244 0.3887711594934049 51
1756344227252 0.39821083001468494 52
1756344227259 0.39032251420228375 53
1756344227266 0.3871991180855295 54
1756344227274 0.39727952169335407 55
1756344227281 0.3962926359280296 56
1756344227288 0.37951710172321484 57
1756344227296 0.3978543514790742 58
1756344227303 0.36967693074889807 59
1756344227311 0.3911107545313628 60
1756344227319 0.36798547143521515 61
1756344227326 0.3911490673604219 62
1756344227334 0.3559877885424573 63
1756344227341 0.38980455243069195 64
1756344227349 0.3809191480926845 65
1756344227357 0.35729235540265625 66
1756344227364 0.35851502936819324 67
1756344227372 0.36503998740859656 68
1756344227380 0.3452469330766927 69
1756344227388 0.34742143750190735 70
1756344227395 0.3669149020443792 71
1756344227403 0.37033672954725183 72
1756344227411 0.36022314170132513 73
1756344227419 0.358554412489352 74
1756344227427 0.3389088977938113 75
1756344227435 0.351797878742218 76
1756344227443 0.3393890689248624 77
1756344227451 0.34901108949080756 78
1756344227459 0.32990876747214276 79
1756344227467 0.3351499088432478 80
1756344227475 0.32889741011287854 81
1756344227484 0.33479793952858966 82
1756344227492 0.34557755226674286 83
1756344227500 0.3322893705057061 84
1756344227508 0.3177866482216379 85
1756344227517 0.3205666632755943 86
1756344227525 0.3081349775842998 87
1756344227533 0.3146614153747973 88
1756344227542 0.313426083844641 89
1756344227551 0.31634391585121985 90
1756344227559 0.29780573818994605 91
1756344227568 0.31858278616614966 92
1756344227576 0.3231804623551991 93
1756344227585 0.3038472565619842 94
1756344227593 0.2988854232041732 95
1756344227602 0.2927119615285293 96
1756344227610 0.3002757455991662 97
1756344227619 0.2861951285082361 98
1756344227628 0.2877176345690437 99
1756344227636 0.2988123796556307 100
1756344227645 0.2949074143948762 101
1756344227654 0.2826424357683762 102
1756344227662 0.2817325021909631 103
1756344227671 0.29070333942123083 104
1756344227680 0.28932723791702936 105
1756344227689 0.28669792867225147 106
1756344227698 0.2922749292591344 107
1756344227706 0.28396237997905066 108
1756344227715 0.29361786855303723 109
1756344227724 0.2753794685654018 110
1756344227733 0.28530770605025085 111
1756344227742 0.2715404817591543 112
1756344227751 0.2706706880227379 113
1756344227760 0.27500259357949963 114
1756344227769 0.27917070298091223 115
1756344227779 0.2703853923341502 116
1756344227788 0.2684904382280681 117
1756344227797 0.27059055476085 118
1756344227806 0.2739672758009123 119
1756344227815 0.27101535835991736 120
1756344227824 0.2779671990353128 121
1756344227834 0.2693396405033443 122
1756344227843 0.26051599176033685 123
1756344227852 0.2750822512999825 124
1756344227862 0.2802088804866957 125
1756344227871 0.27159096430177276 126
1756344227880 0.2685802753852761 127
1756344227890 0.25662394774996716 128
1756344227899 0.2756553855927094 129
1756344227909 0.262968677541484 130
1756344227918 0.2546031436194544 131
1756344227928 0.25434546690920123 132
1756344227938 0.27353235560914746 133
1756344227947 0.2717904876107755 134
1756344227957 0.26254343338634656 135
1756344227967 0.2519026482882707 136
1756344227976 0.27005469151165173 137
1756344227986 0.2686695249184318 138
