1755911897946 0.00047569954896688454 1
1755911897957 0.0009513990979337691 2
1755911897963 0.0014270986469006536 3
1755911897969 0.0019027981958675382 4
1755911897975 0.0023784977448344227 5
1755911897981 0.0023784977448344227 6
1755911897988 0.0023778478051149463 7
1755911897994 0.002375898696656057 8
1755911898001 0.0023726525507792393 9
1755911898007 0.0023681129170973494 10
1755911898014 0.0023622847596331685 11
1755911898020 0.002355174451391315 12
1755911898025 0.0023467897673894594 13
1755911898031 0.002337139876156455 14
1755911898037 0.0023262353297066863 15
1755911898043 0.0023140880520015976 16
1755911898049 0.002300711325911015 17
1755911898055 0.0022861197786885235 18
1755911898062 0.0022703293659767794 19
1755911898068 0.0022533573543602513 20
1755911898074 0.00223522230248446 21
1755911898081 0.0022159440407623775 22
1755911898087 0.002195543649690154 23
1755911898094 0.0021740434367959133 24
1755911898100 0.0021514669122467914 25
1755911898106 0.002127838763140918 26
1755911898113 0.0021031848265124354 27
1755911898119 0.0020775320610790806 28
1755911898125 0.002050908517763226 29
1755911898131 0.002023343309018603 30
1755911898137 0.001994866576996268 31
1755911898143 0.001965509460584594 32
1755911898149 0.001935304061359361 33
1755911898155 0.001904283408481151 34
1755911898161 0.0018724814225784452 35
1755911898167 0.0018399328786559168 36
1755911898173 0.0018066733680684715 37
1755911898179 0.0017727392596026258 38
1755911898187 0.0017381676597077714 39
1755911898193 0.001702996371920818 40
1755911898200 0.0016672638555285816 41
1755911898206 0.001631009183513117 42
1755911898212 0.0015942719998259878 43
1755911898219 0.0015570924760381856 44
1755911898226 0.0015195112674131084 45
1755911898232 0.001481569468450626 46
1755911898239 0.001443308567950848 47
1755911898245 0.0014047704036467296 48
1755911898252 0.001365997116455126 49
1755911898259 0.001327031104396318 50
1755911898266 0.0012879149762323977 51
1755911898274 0.0012486915048752158 52
1755911898280 0.0012094035806148285 53
1755911898287 0.001170094164219594 54
1755911898294 0.0011308062399592064 55
1755911898302 0.001091582768602025 56
1755911898309 0.0010524666404381046 57
1755911898316 0.0010135006283792964 58
1755911898323 0.0009747273411876933 59
1755911898331 0.0009361891768835749 60
1755911898338 0.0008979282763837966 61
1755911898345 0.0008599864774213143 62
1755911898352 0.0008224052687962369 63
1755911898359 0.0007852257450084347 64
1755911898367 0.0007484885613213053 65
1755911898374 0.0007122338893058413 66
1755911898382 0.0006765013729136047 67
1755911898389 0.0006413300851266513 68
1755911898397 0.0006067584852317972 69
1755911898405 0.0005728243767659513 70
