1755911897946 0.9417429953813553 1
1755911897957 0.5226184695959091 2
1755911897963 0.4255236953496933 3
1755911897969 0.5183958947658539 4
1755911897975 0.48398849964141843 5
1755911897981 0.44633434116840365 6
1755911897988 0.3227951467037201 7
1755911897994 0.2644814118742943 8
1755911898001 0.20613566935062408 9
1755911898007 0.19367191791534424 10
1755911898014 0.1570782780647278 11
1755911898020 0.16233908161520957 12
1755911898025 0.12863571867346763 13
1755911898031 0.10443175584077835 14
1755911898037 0.12016419917345048 15
1755911898043 0.10341860949993134 16
1755911898049 0.10766693353652954 17
1755911898055 0.09837107509374618 18
1755911898062 0.08803746476769447 19
1755911898068 0.08559338338673114 20
1755911898074 0.1039450228214264 21
1755911898081 0.11345768198370934 22
1755911898087 0.09068037420511246 23
1755911898094 0.09036752879619599 24
1755911898100 0.08290866911411285 25
1755911898106 0.0880569078028202 26
1755911898113 0.06915603578090668 27
1755911898119 0.07684819735586643 28
1755911898125 0.05849776789546013 29
1755911898131 0.05766304321587086 30
1755911898137 0.061008143797516824 31
1755911898143 0.05857124999165535 32
1755911898149 0.046674448624253274 33
1755911898155 0.05482800602912903 34
1755911898161 0.04343964569270611 35
1755911898167 0.038100206106901166 36
1755911898173 0.042499739676713943 37
1755911898179 0.04220090601593256 38
1755911898187 0.04252344276756048 39
1755911898193 0.03725267834961414 40
1755911898200 0.03943066857755184 41
1755911898206 0.037421971559524536 42
1755911898212 0.0444541746750474 43
1755911898219 0.03554857484996319 44
1755911898226 0.02995818816125393 45
1755911898232 0.032682239450514315 46
1755911898239 0.03075844459235668 47
1755911898245 0.03172746282070875 48
1755911898252 0.029794132523238658 49
1755911898259 0.036482329852879046 50
1755911898266 0.03494252152740955 51
1755911898274 0.03491970971226692 52
1755911898280 0.02760238815099001 53
1755911898287 0.025769716128706932 54
1755911898294 0.03209669310599565 55
1755911898302 0.023667186498641968 56
1755911898309 0.025060109980404376 57
1755911898316 0.029123519361019135 58
1755911898323 0.025209354236721992 59
1755911898331 0.032219784893095495 60
1755911898338 0.03265285063534975 61
1755911898345 0.02045546853914857 62
1755911898352 0.02512062918394804 63
1755911898359 0.020283297449350358 64
1755911898367 0.02318442231044173 65
1755911898374 0.021721939370036126 66
1755911898382 0.016659686993807554 67
1755911898389 0.023544794786721467 68
1755911898397 0.019379402883350848 69
1755911898405 0.023760213423520325 70
