1755911897946 0.7165295839309692 1
1755911897957 0.546968400478363 2
1755911897963 0.47465076148509977 3
1755911897969 0.5247344940900802 4
1755911897975 0.516750591993332 5
1755911897981 0.4982055604457855 6
1755911897988 0.4276026368141174 7
1755911897994 0.3840695470571518 8
1755911898001 0.34230548441410064 9
1755911898007 0.3261860281229019 10
1755911898014 0.2953881651163101 11
1755911898020 0.3009922280907631 12
1755911898025 0.2742637187242508 13
1755911898031 0.2381826087832451 14
1755911898037 0.25205694884061813 15
1755911898043 0.2355253204703331 16
1755911898049 0.2430867999792099 17
1755911898055 0.2333129808306694 18
1755911898062 0.21900853663682937 19
1755911898068 0.21367271095514298 20
1755911898074 0.23470238447189332 21
1755911898081 0.2543951585888863 22
1755911898087 0.22164169698953629 23
1755911898094 0.2186850920319557 24
1755911898100 0.21403526067733764 25
1755911898106 0.22327468991279603 26
1755911898113 0.19407621622085572 27
1755911898119 0.20627862215042114 28
1755911898125 0.18363234847784043 29
1755911898131 0.18162015825510025 30
1755911898137 0.18535906672477723 31
1755911898143 0.1806287571787834 32
1755911898149 0.1631666511297226 33
1755911898155 0.1762916401028633 34
1755911898161 0.15716661363840104 35
1755911898167 0.14666146636009217 36
1755911898173 0.15033361166715623 37
1755911898179 0.15344696640968322 38
1755911898187 0.15348311215639115 39
1755911898193 0.1440901979804039 40
1755911898200 0.14927880764007567 41
1755911898206 0.14432192593812943 42
1755911898212 0.1596094235777855 43
1755911898219 0.14291439652442933 44
1755911898226 0.13180105313658713 45
1755911898232 0.13772584944963456 46
1755911898239 0.1321639224886894 47
1755911898245 0.13577840477228165 48
1755911898252 0.1268882632255554 49
1755911898259 0.14208151921629905 50
1755911898266 0.134857127815485 51
1755911898274 0.14169735088944435 52
1755911898280 0.12310794368386269 53
1755911898287 0.12241841182112694 54
1755911898294 0.13686452731490134 55
1755911898302 0.11759236380457878 56
1755911898309 0.12068463787436486 57
1755911898316 0.12900437489151956 58
1755911898323 0.11815294697880745 59
1755911898331 0.12914994359016418 60
1755911898338 0.13483863323926926 61
1755911898345 0.10904268324375152 62
1755911898352 0.11856879070401191 63
1755911898359 0.10677045062184334 64
1755911898367 0.1161850057542324 65
1755911898374 0.10917307659983636 66
1755911898382 0.09631958454847336 67
1755911898389 0.1153541773557663 68
1755911898397 0.1042989045381546 69
1755911898405 0.11653564795851708 70
