1755911873302 1.1226142346858978 1
1755911873312 0.6766759783029557 2
1755911873317 0.8027906209230423 3
1755911873322 0.5122271597385406 4
1755911873326 0.4664896368980408 5
1755911873330 0.42922108471393583 6
1755911873336 0.2846969857811928 7
1755911873340 0.36731978058815 8
1755911873345 0.28937537372112276 9
1755911873350 0.22806326001882554 10
1755911873354 0.18313883244991302 11
1755911873358 0.18830869495868682 12
1755911873363 0.18167971596121787 13
1755911873368 0.1531667210161686 14
1755911873372 0.20005659088492395 15
1755911873378 0.17124201059341432 16
1755911873383 0.12344575822353362 17
1755911873388 0.12270287722349167 18
1755911873393 0.11273199915885926 19
1755911873399 0.09877820983529091 20
1755911873404 0.08449760042130947 21
1755911873409 0.09648218750953674 22
1755911873415 0.11572846248745919 23
1755911873419 0.10093911290168762 24
1755911873424 0.09917521737515926 25
1755911873429 0.08065909408032894 26
1755911873434 0.09125917255878449 27
1755911873438 0.09368851631879807 28
1755911873443 0.06629863269627094 29
1755911873448 0.07012590877711773 30
1755911873454 0.05531011521816254 31
1755911873459 0.052206652238965034 32
1755911873464 0.04931484311819077 33
1755911873469 0.05305874310433865 34
1755911873474 0.045012522116303445 35
1755911873479 0.04992404952645302 36
1755911873483 0.04417449049651623 37
1755911873488 0.04664978012442589 38
1755911873493 0.050032132863998414 39
1755911873500 0.05278860442340374 40
1755911873505 0.04244877547025681 41
1755911873510 0.04412217047065496 42
1755911873515 0.04971473217010498 43
1755911873522 0.04036489352583885 44
1755911873527 0.04108953345566988 45
1755911873532 0.03747773114591837 46
1755911873537 0.03558140508830547 47
1755911873542 0.0372302483767271 48
1755911873547 0.04582044128328562 49
1755911873552 0.03856231402605772 50
1755911873557 0.032771225273609164 51
1755911873562 0.034525558724999426 52
1755911873568 0.0386147316545248 53
1755911873573 0.0331785386428237 54
1755911873578 0.03369634449481964 55
1755911873582 0.02945738788694143 56
1755911873590 0.03209185265004635 57
1755911873595 0.03620406109839678 58
1755911873600 0.04365505799651146 59
1755911873604 0.02884826250374317 60
1755911873609 0.02465086793527007 61
1755911873615 0.026429828070104123 62
1755911873620 0.025912426598370075 63
1755911873626 0.03480721805244684 64
1755911873633 0.030358225852251054 65
1755911873638 0.026889010425657035 66
1755911873643 0.028250741213560103 67
