1756058629434 0.9013286888599396 1
1756058629442 0.7454109698534012 2
1756058629449 0.7321999788284301 3
1756058629456 0.7066904962062835 4
1756058629463 0.6569089114665985 5
1756058629470 0.6416851729154587 6
1756058629477 0.5725069642066956 7
1756058629484 0.5314911708235741 8
1756058629492 0.49765731319785117 9
1756058629499 0.5297366619110108 10
1756058629506 0.49629033356904984 11
1756058629514 0.5108927085995674 12
1756058629521 0.5393616080284118 13
1756058629528 0.5188896164298058 14
1756058629535 0.5250993087887764 15
1756058629543 0.4929629281163216 16
1756058629550 0.4612919256091118 17
1756058629557 0.46027399599552155 18
1756058629565 0.4583324521780014 19
1756058629572 0.4692284718155861 20
1756058629580 0.5062679022550582 21
1756058629587 0.4680543512105942 22
1756058629594 0.4546594455838203 23
1756058629602 0.40349360555410385 24
1756058629609 0.41022331789135935 25
1756058629617 0.43865512758493425 26
1756058629624 0.4770986780524254 27
1756058629632 0.45701144337654115 28
1756058629639 0.45991560965776446 29
1756058629646 0.4454517036676407 30
1756058629654 0.4061366930603981 31
1756058629661 0.44682140797376635 32
1756058629669 0.4167806923389435 33
1756058629676 0.37322281002998353 34
1756058629684 0.38940535932779313 35
1756058629691 0.4515105649828911 36
1756058629699 0.3936975382268429 37
1756058629706 0.4264103412628174 38
1756058629714 0.4326114743947983 39
1756058629721 0.43816969990730287 40
1756058629729 0.4208885744214058 41
1756058629737 0.3832353115081787 42
1756058629744 0.378523950278759 43
1756058629752 0.40150122046470643 44
1756058629760 0.43799238055944445 45
1756058629767 0.4057150259613991 46
1756058629775 0.369330658018589 47
