1755976407677 0.0008101675562659347 1
1755976407690 0.0016203351125318693 2
1755976407698 0.002430502668797804 3
1755976407704 0.0032406702250637387 4
1755976407711 0.0040508377813296735 5
1755976407717 0.0040508377813296735 6
1755976407723 0.004049730671790983 7
1755976407730 0.004046410553782935 8
1755976407736 0.0040408810578058275 9
1755976407743 0.004033148230282327 10
1755976407749 0.0040232205269458 11
1755976407756 0.0040111088035940864 12
1755976407762 0.003996826304218849 13
1755976407768 0.003980388646523462 14
1755976407776 0.003961813804845279 15
1755976407783 0.003941122090500962 16
1755976407790 0.0039183361295763545 17
1755976407798 0.003893480838185187 18
1755976407805 0.003866583395223674 19
1755976407813 0.00383767321265079 20
1755976407820 0.003806781903326723 21
1755976407828 0.0037739432464446786 22
1755976407837 0.003739193150593822 23
