1755976390710 2.026416462659836 1
1755976390725 0.9873785637319088 2
1755976390732 1.111290591955185 3
1755976390738 1.7550463289022447 4
1755976390746 1.1653446346521377 5
1755976390752 0.8771587774157524 6
1755976390758 0.8605948448181152 7
1755976390764 0.7119426622986793 8
1755976390769 0.6977927789092064 9
1755976390776 0.7234233543276787 10
1755976390782 0.6560994535684586 11
1755976390787 0.6617677755653858 12
1755976390793 0.7857380151748657 13
1755976390800 0.5241626501083374 14
1755976390807 0.4902719989418983 15
1755976390813 0.49855777323246003 16
1755976390819 0.5062667354941368 17
1755976390826 0.7481973677873611 18
1755976390832 0.6434920862317085 19
1755976390838 0.4524426147341728 20
1755976390845 0.8128091856837273 21
1755976390852 0.5442162454128265 22
