1755976374102 1.8901048660278321 1
1755976374110 0.9457473963499069 2
1755976374115 1.6515746861696243 3
1755976374120 1.1420251369476317 4
1755976374125 0.9487519469112158 5
1755976374130 0.74592065513134 6
1755976374135 0.9660193681716919 7
1755976374140 0.630025589466095 8
1755976374145 0.4480582490563393 9
1755976374149 0.3992005757987499 10
1755976374153 0.5727384194731713 11
1755976374158 0.6225166164338589 12
1755976374163 0.6055257484316826 13
1755976374167 0.4850148275494576 14
1755976374171 0.40712122768163683 15
1755976374176 0.42791793048381804 16
1755976374180 0.39616367518901824 17
1755976374185 0.335470599681139 18
1755976374189 0.3855046719312668 19
1755976374194 0.5157137557864189 20
1755976374199 0.3388919994235039 21
1755976374204 0.3998990073800087 22
1755976374208 0.42045935466885564 23
1755976374214 0.4786237642168999 24
1755976374220 0.3004321828484535 25
1755976374225 0.5887334935367108 26
1755976374230 0.46830473840236664 27
1755976374235 0.5049751982092857 28
1755976374240 0.42215550094842913 29
1755976374245 0.24955724477767943 30
1755976374250 0.3770679272711277 31
1755976374255 0.3124116025865078 32
