1755976390710 0.0008101675562659347 1
1755976390725 0.0016203351125318693 2
1755976390732 0.002430502668797804 3
1755976390738 0.0032406702250637387 4
1755976390746 0.0040508377813296735 5
1755976390752 0.0040508377813296735 6
1755976390758 0.004049730671790983 7
1755976390764 0.004046410553782935 8
1755976390769 0.0040408810578058275 9
1755976390776 0.004033148230282327 10
1755976390782 0.0040232205269458 11
1755976390787 0.0040111088035940864 12
1755976390793 0.003996826304218849 13
1755976390800 0.003980388646523462 14
1755976390807 0.003961813804845279 15
1755976390813 0.003941122090500962 16
1755976390819 0.0039183361295763545 17
1755976390826 0.003893480838185187 18
1755976390832 0.003866583395223674 19
1755976390838 0.00383767321265079 20
1755976390845 0.003806781903326723 21
1755976390852 0.0037739432464446786 22
