1755976390710 0.8308407634496688 1
1755976390725 0.7017788738012314 2
1755976390732 0.71148841381073 3
1755976390738 0.8096115231513977 4
1755976390746 0.7355233162641526 5
1755976390752 0.6419817328453064 6
1755976390758 0.5997528448700905 7
1755976390764 0.5816924795508385 8
1755976390769 0.5743514344096183 9
1755976390776 0.5723204836249352 10
1755976390782 0.5520065054297447 11
1755976390787 0.5677112802863121 12
1755976390793 0.5903744891285896 13
1755976390800 0.5238593235611916 14
1755976390807 0.4976999446749687 15
1755976390813 0.5087353229522705 16
1755976390819 0.4885401174426079 17
1755976390826 0.5314870730042458 18
1755976390832 0.6033176779747009 19
1755976390838 0.5058379754424095 20
1755976390845 0.5479185163974762 21
1755976390852 0.5385023310780526 22
