1755976407677 2.000583727657795 1
1755976407690 1.3947360068559647 2
1755976407698 2.017005717754364 3
1755976407704 1.2814107060432434 4
1755976407711 0.9545276373624801 5
1755976407717 0.8955141335725785 6
1755976407723 0.802066357433796 7
1755976407730 0.8798396095633507 8
1755976407736 0.8010194450616837 9
1755976407743 0.7630134556442499 10
1755976407749 0.613004258275032 11
1755976407756 0.570984898507595 12
1755976407762 0.5622883185744285 13
1755976407768 0.5869181469082833 14
1755976407776 0.5357579484581947 15
1755976407783 0.47898569107055666 16
1755976407790 0.3946097202599049 17
1755976407798 0.5047253981232643 18
1755976407805 0.5015376508235931 19
1755976407813 0.43563670068979266 20
1755976407820 0.36149106472730635 21
1755976407828 0.41327722519636156 22
1755976407837 0.4221853896975517 23
