1756059045219 2.728893977403641 1
1756059045233 2.33906329870224 2
1756059045240 2.1030328392982485 3
1756059045247 1.8404828399419784 4
1756059045254 1.6163419336080551 5
1756059045261 1.4178167164325715 6
1756059045268 1.3788792043924332 7
1756059045275 0.9150436639785766 8
1756059045281 0.7788531124591828 9
1756059045288 0.7772586047649384 10
1756059045295 0.8309709191322326 11
1756059045302 0.7890600711107254 12
1756059045309 0.6336289525032044 13
1756059045316 0.5416706562042236 14
1756059045323 0.6158404067158699 15
1756059045330 0.7328749403357506 16
1756059045337 0.6799169346690178 17
1756059045343 0.6234475120902061 18
1756059045350 0.6090453200042247 19
1756059045357 0.5343770429491996 20
1756059045364 0.458395753800869 21
1756059045371 0.39614538103342056 22
1756059045378 0.5218785986304283 23
1756059045385 0.4885290339589119 24
1756059045392 0.4458570837974548 25
1756059045399 0.44566515013575553 26
1756059045406 0.5340848058462143 27
1756059045413 0.49871122390031813 28
1756059045420 0.4415933325886726 29
1756059045427 0.44109276980161666 30
1756059045434 0.3583045333623886 31
1756059045441 0.3509798660874367 32
1756059045448 0.4104574307799339 33
1756059045455 0.36082584112882615 34
1756059045463 0.45692543387413026 35
1756059045470 0.4200126253068447 36
1756059045477 0.3908777549862862 37
1756059045485 0.3983566932380199 38
1756059045492 0.31422664448618887 39
1756059045499 0.3382429428398609 40
1756059045506 0.273465571179986 41
1756059045514 0.2785120666027069 42
1756059045521 0.2895662248134613 43
1756059045529 0.2920634329319 44
1756059045536 0.3318607948720455 45
1756059045544 0.2724581889808178 46
1756059045551 0.3027562193572521 47
1756059045559 0.32422658875584603 48
1756059045566 0.24154038950800896 49
1756059045573 0.3376113295555115 50
1756059045581 0.3046130985021591 51
1756059045588 0.3137777127325535 52
1756059045596 0.2644247554242611 53
1756059045603 0.273163715749979 54
1756059045610 0.38587178811430933 55
1756059045618 0.40068588480353357 56
1756059045625 0.30116868391633034 57
1756059045633 0.3241513594985008 58
1756059045641 0.24297238439321517 59
1756059045648 0.2404000073671341 60
1756059045656 0.36948180198669434 61
1756059045664 0.22309356182813644 62
1756059045671 0.2137195073068142 63
1756059045679 0.23581592962145806 64
1756059045686 0.44607424139976504 65
1756059045694 0.3147617995738983 66
1756059045702 0.30925465151667597 67
1756059045709 0.19076284691691398 68
1756059045717 0.1978423984721303 69
1756059045724 0.19607018269598483 70
1756059045732 0.15853695385158062 71
1756059045740 0.17042094543576242 72
1756059045747 0.232109185308218 73
1756059045755 0.18948867097496985 74
1756059045763 0.20450885072350503 75
1756059045771 0.17474255077540873 76
1756059045779 0.17539961263537407 77
1756059045787 0.1686248190701008 78
1756059045794 0.24406323209404945 79
1756059045802 0.17928176783025265 80
1756059045810 0.2468957483768463 81
1756059045818 0.23734186179935932 82
1756059045826 0.1739215452224016 83
1756059045833 0.16052040830254555 84
1756059045841 0.18052351512014866 85
1756059045849 0.24869262278079987 86
1756059045857 0.18026866242289544 87
1756059045865 0.15761819630861282 88
1756059045873 0.18946631699800492 89
1756059045881 0.18325428366661073 90
1756059045889 0.3597143869847059 91
1756059045897 0.2421598356217146 92
1756059045905 0.18329238072037696 93
