1756059045219 1.840389323234558 1
1756059045233 1.8001157522201539 2
1756059045240 1.4892897188663483 3
1756059045247 1.3553796797990798 4
1756059045254 1.1977247953414918 5
1756059045261 1.0733109191060066 6
1756059045268 1.10237013399601 7
1756059045275 0.7630970507860184 8
1756059045281 0.688691821694374 9
1756059045288 0.7542310729622841 10
1756059045295 0.725886270403862 11
1756059045302 0.6871298640966416 12
1756059045309 0.5629004374146461 13
1756059045316 0.5013794451951981 14
1756059045323 0.5838725373148919 15
1756059045330 0.6572715908288955 16
1756059045337 0.5852801769971847 17
1756059045343 0.5526231110095978 18
1756059045350 0.5447915151715279 19
1756059045357 0.48447808623313904 20
1756059045364 0.4301342204213142 21
1756059045371 0.38062220960855486 22
1756059045378 0.5016436070203781 23
1756059045385 0.4376183941960335 24
1756059045392 0.4155056804418564 25
1756059045399 0.38829911053180693 26
1756059045406 0.4831973768770695 27
1756059045413 0.4757260628044605 28
1756059045420 0.42684599459171296 29
1756059045427 0.3630466550588608 30
1756059045434 0.30992893502116203 31
1756059045441 0.30423566326498985 32
1756059045448 0.4093924708664417 33
1756059045455 0.34015890657901765 34
1756059045463 0.41802387312054634 35
1756059045470 0.37618901282548906 36
1756059045477 0.3556896820664406 37
1756059045485 0.35044754296541214 38
1756059045492 0.2799930773675442 39
1756059045499 0.30734352096915246 40
1756059045506 0.26025823317468166 41
1756059045514 0.26699831485748293 42
1756059045521 0.2730195507407188 43
1756059045529 0.28216980025172234 44
1756059045536 0.30401173010468485 45
1756059045544 0.26089999079704285 46
1756059045551 0.2595134608447552 47
1756059045559 0.2978726074099541 48
1756059045566 0.22462815865874292 49
1756059045573 0.27728707268834113 50
1756059045581 0.2794251680374146 51
1756059045588 0.28420904725790025 52
1756059045596 0.2408165991306305 53
1756059045603 0.23544057458639145 54
1756059045610 0.3385293707251549 55
1756059045618 0.35650964379310607 56
1756059045625 0.2723622165620327 57
1756059045633 0.2877734415233135 58
1756059045641 0.23965344354510307 59
1756059045648 0.22765906527638435 60
1756059045656 0.34783021584153173 61
1756059045664 0.22325054034590722 62
1756059045671 0.2000882176682353 63
1756059045679 0.20272153615951538 64
1756059045686 0.41040330566465855 65
1756059045694 0.3060239814221859 66
1756059045702 0.26230898350477216 67
1756059045709 0.17801222242414952 68
1756059045717 0.17631578370928763 69
1756059045724 0.18543377183377743 70
1756059045732 0.15679317526519299 71
1756059045740 0.15777251422405242 72
1756059045747 0.20954327397048472 73
1756059045755 0.17306744270026683 74
1756059045763 0.20354061983525754 75
1756059045771 0.16563309244811536 76
1756059045779 0.165417168289423 77
1756059045787 0.1624881412833929 78
1756059045794 0.23701557628810405 79
1756059045802 0.17128591537475585 80
1756059045810 0.2338622532784939 81
1756059045818 0.2439135942608118 82
1756059045826 0.16784705221652985 83
1756059045833 0.1520805411040783 84
1756059045841 0.171283558011055 85
1756059045849 0.20201070755720138 86
1756059045857 0.16736598461866378 87
1756059045865 0.14772017635405063 88
1756059045873 0.18125364631414415 89
1756059045881 0.17266498804092406 90
1756059045889 0.3600392322987318 91
1756059045897 0.20886550508439541 92
1756059045905 0.1644850492477417 93
