1756059086040 1.4923550650477408 1
1756059086057 1.4543353974819184 2
1756059086065 1.3512092769145965 3
1756059086074 1.2131447613239288 4
1756059086083 1.3139341443777084 5
1756059086091 1.1446907222270966 6
1756059086100 0.9988120973110199 7
1756059086109 0.8810892045497895 8
1756059086118 0.667618314921856 9
1756059086126 0.6521522015333175 10
1756059086135 0.5794511348009109 11
1756059086144 0.6001664251089096 12
1756059086153 0.49305620342493056 13
1756059086162 0.44101493880152703 14
1756059086170 0.44989030957221987 15
1756059086179 0.5473050981760025 16
1756059086188 0.5389472872018815 17
1756059086197 0.5319028273224831 18
1756059086206 0.4500186324119568 19
1756059086215 0.4697320967912674 20
1756059086223 0.3960201494395733 21
1756059086232 0.45492617338895797 22
1756059086241 0.5347962632775307 23
1756059086250 0.3707324624061584 24
1756059086259 0.3593128867447376 25
1756059086268 0.384228952229023 26
1756059086277 0.3592440463602543 27
1756059086287 0.39932302832603456 28
1756059086296 0.40565547049045564 29
1756059086305 0.36407882794737817 30
1756059086314 0.37167824506759645 31
1756059086323 0.31327688656747343 32
1756059086332 0.2922665402293205 33
1756059086341 0.3249909751117229 34
1756059086350 0.4401667326688766 35
1756059086359 0.3233284794725478 36
1756059086368 0.3642468675971031 37
1756059086377 0.3337688609957695 38
1756059086386 0.2774635888636112 39
1756059086396 0.2541443221271038 40
1756059086405 0.26948165968060495 41
1756059086414 0.3047088734805584 42
1756059086423 0.24737074449658394 43
1756059086433 0.21526318192481994 44
1756059086442 0.34364787563681604 45
1756059086451 0.27202011570334433 46
1756059086460 0.2430084276944399 47
1756059086469 0.24324614256620408 48
1756059086478 0.3893756024539471 49
1756059086488 0.2965227298438549 50
1756059086497 0.24446043148636817 51
1756059086507 0.23529962748289107 52
1756059086516 0.19173627067357302 53
1756059086526 0.18388966768980025 54
1756059086535 0.19529083892703056 55
1756059086544 0.20791830345988274 56
1756059086554 0.2455757364630699 57
1756059086563 0.25294489338994025 58
1756059086573 0.24867562651634217 59
1756059086582 0.24189464449882508 60
1756059086592 0.21638536751270293 61
1756059086601 0.19311270788311957 62
1756059086610 0.28486666083335876 63
1756059086620 0.28073498271405695 64
1756059086629 0.2345894232392311 65
1756059086639 0.2304328829050064 66
1756059086649 0.23450156971812247 67
1756059086659 0.27482713386416435 68
1756059086668 0.24645944088697433 69
1756059086678 0.20625987723469735 70
1756059086687 0.23250966109335422 71
1756059086697 0.37388948574662206 72
1756059086707 0.271253502368927 73
1756059086716 0.17520589791238309 74
1756059086726 0.19660744704306127 75
1756059086736 0.22875471226871014 76
1756059086745 0.1903624687343836 77
1756059086755 0.20993328727781774 78
1756059086764 0.1617278579622507 79
1756059086774 0.1985525231808424 80
1756059086784 0.15897370576858522 81
1756059086794 0.15144953727722169 82
1756059086803 0.159745379909873 83
1756059086813 0.15871167220175267 84
1756059086823 0.165639915689826 85
1756059086833 0.19382583126425743 86
1756059086843 0.15187184289097785 87
1756059086853 0.1511098448187113 88
1756059086862 0.17939128130674362 89
1756059086873 0.1772946808487177 90
1756059086883 0.12614786326885224 91
1756059086893 0.1320055600255728 92
1756059086903 0.15520910285413264 93
1756059086913 0.1942842870950699 94
1756059086923 0.18644987009465694 95
1756059086933 0.12206085063517094 96
1756059086943 0.1617685541510582 97
1756059086953 0.20373357385396956 98
1756059086963 0.12935803644359112 99
1756059086973 0.18356923945248127 100
