1755988730149 1.07927805185318 1
1755988730158 0.8300922155380249 2
1755988730162 0.7007650017738343 3
1755988730167 0.7140888571739197 4
1755988730172 0.669875693321228 5
1755988730177 0.6368486404418945 6
1755988730181 0.5918039917945862 7
1755988730186 0.5721656501293182 8
1755988730190 0.47290174663066864 9
1755988730195 0.4669856518507004 10
1755988730199 0.44149928689002993 11
1755988730204 0.40170842707157134 12
1755988730208 0.41056604087352755 13
1755988730213 0.4205279231071472 14
1755988730219 0.40725894272327423 15
1755988730223 0.37485992908477783 16
1755988730228 0.33877610266208646 17
1755988730233 0.3287734419107437 18
1755988730237 0.30443538427352906 19
1755988730242 0.327123199403286 20
1755988730246 0.3114776015281677 21
1755988730252 0.3114836722612381 22
1755988730259 0.2951589018106461 23
1755988730264 0.2907913506031036 24
1755988730269 0.2832091748714447 25
1755988730276 0.2649159386754036 26
1755988730281 0.26935417801141737 27
1755988730286 0.2662479609251022 28
1755988730291 0.2734634578227997 29
1755988730296 0.2533103868365288 30
1755988730300 0.26007700711488724 31
1755988730305 0.25190223306417464 32
1755988730311 0.24798076152801513 33
1755988730316 0.23065003603696824 34
1755988730321 0.2641879677772522 35
1755988730326 0.24572886675596237 36
1755988730331 0.24015916287899017 37
1755988730336 0.25938381552696227 38
1755988730341 0.2619188532233238 39
1755988730345 0.24529088735580445 40
1755988730351 0.22102723717689515 41
1755988730358 0.2088724970817566 42
1755988730362 0.2171952784061432 43
1755988730367 0.21235487014055252 44
1755988730372 0.19805913865566255 45
1755988730377 0.19610264003276826 46
1755988730382 0.20342386811971663 47
1755988730387 0.21977953016757965 48
1755988730392 0.19570808708667756 49
1755988730398 0.19075183421373368 50
1755988730403 0.19728878438472747 51
1755988730408 0.18877625316381455 52
1755988730414 0.2216263309121132 53
1755988730419 0.18799431324005128 54
1755988730425 0.18605792969465257 55
1755988730430 0.17905511260032653 56
1755988730435 0.168203005194664 57
1755988730440 0.18634558618068695 58
1755988730445 0.1685618743300438 59
1755988730451 0.16037354171276091 60
1755988730458 0.16284221410751343 61
1755988730464 0.18148621767759324 62
1755988730470 0.17878542244434356 63
1755988730477 0.1762210860848427 64
