1756054578256 1.3690937757492065 1
1756054578269 1.170547366142273 2
1756054578276 1.0884814381599426 3
1756054578283 1.0182731747627258 4
1756054578290 0.9671630561351776 5
1756054578297 0.846994686126709 6
1756054578303 0.7798856317996978 7
1756054578309 0.7741120994091034 8
1756054578316 0.7431751728057862 9
1756054578323 0.6309662520885467 10
1756054578329 0.5448090583086014 11
1756054578337 0.48338355123996735 12
1756054578344 0.49264887869358065 13
1756054578352 0.48876984417438507 14
1756054578360 0.42490184009075166 15
1756054578367 0.3967248797416687 16
1756054578374 0.4017765522003174 17
1756054578381 0.39445253610610964 18
1756054578388 0.3649349719285965 19
1756054578395 0.36697076857089994 20
1756054578402 0.35240808725357053 21
1756054578410 0.3025682881474495 22
1756054578416 0.2932086557149887 23
1756054578424 0.283927321434021 24
1756054578430 0.3076320618391037 25
1756054578437 0.29754225313663485 26
1756054578444 0.2622047707438469 27
1756054578451 0.25579685866832735 28
1756054578458 0.25200664550065993 29
1756054578465 0.24267405569553374 30
1756054578471 0.25531000196933745 31
1756054578479 0.2401118755340576 32
1756054578485 0.25178695023059844 33
1756054578493 0.2375352993607521 34
1756054578499 0.26482309103012086 35
1756054578506 0.21866945326328277 36
1756054578513 0.22574335485696792 37
1756054578520 0.20983434319496155 38
1756054578527 0.2025278776884079 39
1756054578535 0.21022932529449462 40
1756054578543 0.19337751269340514 41
1756054578550 0.19389606267213821 42
1756054578557 0.19298433065414428 43
1756054578564 0.200504632294178 44
1756054578571 0.1972081780433655 45
1756054578578 0.19278575330972672 46
1756054578586 0.19602820575237273 47
1756054578595 0.2163875252008438 48
1756054578603 0.24440367221832277 49
1756054578611 0.2220155492424965 50
1756054578619 0.18710874766111374 51
1756054578626 0.1683848738670349 52
1756054578633 0.16402515321969985 53
1756054578641 0.1689412549138069 54
1756054578648 0.1668018266558647 55
1756054578656 0.16849687099456787 56
1756054578664 0.16298970431089402 57
1756054578671 0.15998360365629197 58
1756054578679 0.14685746356844903 59
1756054578686 0.15023664236068726 60
1756054578694 0.14327340945601463 61
1756054578701 0.13970277160406114 62
1756054578708 0.14065727964043617 63
1756054578715 0.14062983989715577 64
1756054578723 0.14396005868911743 65
1756054578730 0.13661376312375068 66
1756054578738 0.1326223462820053 67
