1756054599304 2.658062517642975 1
1756054599315 2.163638401031494 2
1756054599323 2.1441559910774233 3
1756054599331 2.0672433137893678 4
1756054599339 1.7636874318122864 5
1756054599347 1.6098606586456299 6
1756054599355 1.5229368686676026 7
1756054599363 1.3156731486320496 8
1756054599373 1.3675889730453492 9
1756054599382 1.4452432096004486 10
1756054599392 0.8769312858581543 11
1756054599402 0.5556730061769486 12
1756054599410 0.4429367631673813 13
1756054599419 0.3747198671102524 14
1756054599428 0.384861433506012 15
1756054599436 0.41098991334438323 16
1756054599445 0.35556348115205766 17
1756054599455 0.3478623002767563 18
1756054599464 0.267076413333416 19
1756054599473 0.25116491615772246 20
1756054599482 0.22334074974060059 21
1756054599491 0.19062998443841933 22
1756054599499 0.20880432575941085 23
1756054599509 0.1956838011741638 24
1756054599518 0.1946113958954811 25
1756054599527 0.13531643077731131 26
1756054599535 0.12965357303619385 27
1756054599544 0.1434055335819721 28
1756054599552 0.13871909752488137 29
1756054599561 0.12075406089425086 30
1756054599570 0.10216139853000641 31
1756054599578 0.1132366493344307 32
1756054599587 0.09938814863562584 33
1756054599596 0.09887252375483513 34
1756054599604 0.1049833595752716 35
1756054599613 0.11827444508671761 36
1756054599621 0.10460630729794503 37
1756054599631 0.07601736783981324 38
1756054599640 0.07831059880554676 39
1756054599650 0.07108505070209503 40
1756054599659 0.07382274679839611 41
1756054599668 0.07407358661293983 42
1756054599676 0.06516874022781849 43
1756054599685 0.06821276694536209 44
1756054599694 0.07182710655033589 45
1756054599704 0.06184611022472382 46
1756054599714 0.06786216758191585 47
1756054599723 0.05661745667457581 48
1756054599733 0.06793105266988278 49
1756054599742 0.06638767570257187 50
1756054599751 0.047952087968587874 51
1756054599760 0.054960818774998185 52
1756054599769 0.041195555776357654 53
1756054599778 0.04697935674339533 54
1756054599787 0.03949940633028746 55
1756054599796 0.044412799179553986 56
1756054599805 0.04800353273749351 57
1756054599814 0.06024255082011223 58
1756054599823 0.045138325169682504 59
1756054599831 0.04210323952138424 60
1756054599841 0.04042179640382528 61
1756054599850 0.03983981814235449 62
1756054599859 0.03459633644670248 63
1756054599867 0.04024159144610166 64
1756054599877 0.03937084674835205 65
1756054599887 0.037963766045868395 66
1756054599897 0.039177371002733705 67
1756054599906 0.03032425157725811 68
1756054599915 0.03185422029346228 69
1756054599924 0.027073217555880547 70
1756054599934 0.028363694436848164 71
1756054599944 0.02665312886238098 72
1756054599955 0.02817469518631697 73
