1756054742568 1.2563531279563904 1
1756054742577 0.912488603591919 2
1756054742583 0.8004520416259766 3
1756054742590 0.7315387725830078 4
1756054742598 0.6620069742202759 5
1756054742605 0.602812898159027 6
1756054742612 0.5437370657920837 7
1756054742618 0.4547199964523315 8
1756054742625 0.43537847995758056 9
1756054742632 0.407722145318985 10
1756054742638 0.3681984841823578 11
1756054742645 0.38614279627799986 12
1756054742651 0.35399129986763 13
1756054742658 0.3530388116836548 14
1756054742665 0.3311155319213867 15
1756054742672 0.28874335885047914 16
1756054742679 0.27507954835891724 17
1756054742687 0.27690249979496 18
1756054742694 0.2594602406024933 19
1756054742701 0.2467307597398758 20
1756054742707 0.24876163005828858 21
1756054742715 0.2290932536125183 22
1756054742722 0.24940736591815948 23
1756054742729 0.23809213936328888 24
1756054742737 0.2281353086233139 25
1756054742745 0.2146447032690048 26
1756054742752 0.1937467038631439 27
1756054742759 0.20589518249034883 28
1756054742767 0.19045599102973937 29
1756054742774 0.18294773399829864 30
1756054742781 0.17985997796058656 31
1756054742788 0.17621248960494995 32
1756054742795 0.18567412197589875 33
1756054742803 0.1681427150964737 34
1756054742810 0.17105778753757478 35
1756054742817 0.17905108034610748 36
1756054742824 0.1770257830619812 37
1756054742831 0.18342663645744323 38
1756054742838 0.17260576486587526 39
1756054742845 0.17179040610790253 40
1756054742851 0.18400083780288695 41
1756054742858 0.18500043749809264 42
1756054742865 0.16953544020652772 43
1756054742872 0.1793131560087204 44
1756054742879 0.1857507824897766 45
1756054742886 0.16019956767559052 46
1756054742893 0.16544641852378844 47
1756054742900 0.1629379317164421 48
1756054742907 0.14793089926242828 49
1756054742916 0.14411754310131072 50
1756054742923 0.15358854830265045 51
1756054742931 0.13578443825244904 52
1756054742939 0.12184063941240311 53
1756054742946 0.12564573884010316 54
1756054742953 0.12686753273010254 55
1756054742960 0.12306872755289078 56
1756054742967 0.12027234435081482 57
