1756054728404 3.6537912368774412 1
1756054728411 2.001758408546448 2
1756054728416 1.2688961505889893 3
1756054728420 0.9450885772705078 4
1756054728426 0.7557509064674377 5
1756054728430 0.6492357611656189 6
1756054728435 0.5862406969070435 7
1756054728440 0.4240110397338867 8
1756054728444 0.4173996150493622 9
1756054728449 0.30715887546539306 10
1756054728453 0.3048735797405243 11
1756054728458 0.28729292154312136 12
1756054728464 0.25969071686267853 13
1756054728469 0.22876772284507751 14
1756054728473 0.19231682121753693 15
1756054728479 0.16051048934459686 16
1756054728483 0.1566069930791855 17
1756054728488 0.1401836544275284 18
1756054728493 0.15574463903903962 19
1756054728498 0.1886467695236206 20
1756054728502 0.17470545768737794 21
1756054728507 0.18220122456550597 22
1756054728512 0.20427180379629134 23
1756054728516 0.17973064184188842 24
1756054728521 0.13824907392263414 25
1756054728526 0.12733658850193025 26
1756054728531 0.12456779181957245 27
1756054728535 0.12026308178901672 28
1756054728540 0.11176750063896179 29
1756054728545 0.14782256484031678 30
1756054728550 0.0949178546667099 31
1756054728554 0.09194615930318832 32
1756054728559 0.10053272992372513 33
1756054728565 0.10756017714738846 34
1756054728570 0.11877710074186325 35
1756054728575 0.09903629869222641 36
1756054728581 0.09102726727724075 37
1756054728586 0.08550127893686295 38
1756054728592 0.07031911537051201 39
1756054728597 0.07528696060180665 40
1756054728602 0.0660705678164959 41
1756054728607 0.05101867467164993 42
1756054728612 0.04564614668488502 43
1756054728617 0.05240843892097473 44
1756054728622 0.04813411980867386 45
1756054728628 0.05108180120587349 46
1756054728633 0.07501788586378097 47
1756054728638 0.0865694373846054 48
1756054728643 0.06578416749835014 49
1756054728649 0.059351157397031784 50
1756054728655 0.07224865406751632 51
1756054728660 0.05091831162571907 52
1756054728666 0.057168760150671 53
1756054728672 0.05052669234573841 54
1756054728678 0.042682803422212603 55
1756054728683 0.05213415250182152 56
1756054728688 0.05655468702316284 57
1756054728694 0.05304021686315537 58
1756054728699 0.04742570519447327 59
1756054728704 0.06712436303496361 60
1756054728710 0.03855739682912827 61
1756054728716 0.04568686932325363 62
1756054728721 0.03972086235880852 63
1756054728727 0.04631704464554787 64
1756054728732 0.04500024653971195 65
1756054728737 0.04038444384932518 66
1756054728743 0.03414986468851566 67
1756054728748 0.03044528253376484 68
1756054728754 0.03622009418904781 69
1756054728759 0.027520814538002016 70
1756054728764 0.03460477292537689 71
1756054728770 0.04370283521711826 72
1756054728776 0.03659078404307366 73
1756054728781 0.03183934837579727 74
1756054728787 0.03266461044549942 75
1756054728792 0.03572364971041679 76
1756054728798 0.031210365518927575 77
1756054728803 0.027648838236927986 78
1756054728809 0.023974800109863283 79
1756054728815 0.02377333864569664 80
1756054728820 0.02598242200911045 81
1756054728826 0.02471875436604023 82
