1756054728404 2.4965991258621214 1
1756054728411 1.5094753980636597 2
1756054728416 1.165172266960144 3
1756054728420 0.8680068969726562 4
1756054728426 0.7252519488334656 5
1756054728430 0.5917362809181214 6
1756054728435 0.5661420226097107 7
1756054728440 0.4231425881385803 8
1756054728444 0.42291808128356934 9
1756054728449 0.2982447803020477 10
1756054728453 0.2913597673177719 11
1756054728458 0.24584274291992186 12
1756054728464 0.2487843871116638 13
1756054728469 0.2111332058906555 14
1756054728473 0.1925082117319107 15
1756054728479 0.15643406212329863 16
1756054728483 0.14437098801136017 17
1756054728488 0.1326032891869545 18
1756054728493 0.12557749152183534 19
1756054728498 0.15370056927204132 20
1756054728502 0.1260896235704422 21
1756054728507 0.16019994169473648 22
1756054728512 0.1455029606819153 23
1756054728516 0.14443855881690978 24
1756054728521 0.12868768870830535 25
1756054728526 0.11665908992290497 26
1756054728531 0.10724141597747802 27
1756054728535 0.10185114443302154 28
1756054728540 0.09549162685871124 29
1756054728545 0.09808086901903153 30
1756054728550 0.09318261444568635 31
1756054728554 0.07418501377105713 32
1756054728559 0.08515914082527161 33
1756054728565 0.08500860333442688 34
1756054728570 0.09057824909687043 35
1756054728575 0.0776805430650711 36
1756054728581 0.06789190471172332 37
1756054728586 0.06945108994841576 38
1756054728592 0.06008043736219406 39
1756054728597 0.06475338861346244 40
1756054728602 0.05864400416612625 41
1756054728607 0.049495932459831235 42
1756054728612 0.04443228095769882 43
1756054728617 0.04685308560729027 44
1756054728622 0.041869843006134035 45
1756054728628 0.04271650612354279 46
1756054728633 0.0545165129005909 47
1756054728638 0.05689447224140167 48
1756054728643 0.0499828390777111 49
1756054728649 0.045174424350261685 50
1756054728655 0.04637587741017342 51
1756054728660 0.04262350350618362 52
1756054728666 0.04493359476327896 53
1756054728672 0.036727792397141454 54
1756054728678 0.03695299737155437 55
1756054728683 0.0428816020488739 56
1756054728688 0.03576609492301941 57
1756054728694 0.0383714322000742 58
1756054728699 0.035047611221671104 59
1756054728704 0.04792921766638756 60
1756054728710 0.03235182724893093 61
1756054728716 0.03511864952743053 62
1756054728721 0.03055170699954033 63
1756054728727 0.03727516382932663 64
1756054728732 0.03180997334420681 65
1756054728737 0.032331022620201114 66
1756054728743 0.026154909282922745 67
1756054728748 0.02404043301939964 68
1756054728754 0.025325189158320428 69
1756054728759 0.023423854261636734 70
1756054728764 0.02553284913301468 71
1756054728770 0.03412745483219624 72
1756054728776 0.02436773031949997 73
1756054728781 0.024032031744718553 74
1756054728787 0.022071301564574243 75
1756054728792 0.026016038656234742 76
1756054728798 0.023664726316928862 77
1756054728803 0.02025064118206501 78
1756054728809 0.019843317195773126 79
1756054728815 0.01824286803603172 80
1756054728820 0.02057850919663906 81
1756054728826 0.017529141902923585 82
