1756344938135 1.0334021993305371 1
1756344938151 0.9685864370802174 2
1756344938166 0.9304258253263391 3
1756344938180 0.7655072341794553 4
1756344938194 0.703149536381597 5
1756344938208 0.6470474069533141 6
1756344938223 0.6556144149407096 7
1756344938237 0.605632906374724 8
1756344938251 0.6126979239608931 9
1756344938266 0.543513342090275 10
1756344938280 0.5196363394675048 11
1756344938294 0.5661632561165354 12
1756344938309 0.5468036415784255 13
1756344938323 0.5136835186377816 14
1756344938338 0.4588434320429097 15
1756344938352 0.49048099180926447 16
1756344938367 0.5134627482165461 17
1756344938381 0.49108307905819104 18
1756344938396 0.46270814538002014 19
1756344938411 0.4731079145618107 20
1756344938425 0.4818846168725387 21
1756344938440 0.4303332696790281 22
1756344938454 0.43689851916354633 23
1756344938469 0.4263483920822973 24
1756344938484 0.41235983501309936 25
1756344938499 0.4170343564904254 26
1756344938514 0.4067123933978703 27
1756344938529 0.37480912001236627 28
1756344938543 0.39067148255265277 29
1756344938558 0.37284113920253253 30
1756344938573 0.3797433933486109 31
1756344938588 0.3940622819506604 32
1756344938603 0.40192629202552466 33
1756344938618 0.40249711404676025 34
1756344938633 0.35757532197496167 35
1756344938648 0.3901173368744228 36
1756344938663 0.37448850792387256 37
1756344938678 0.3889640517856764 38
1756344938693 0.36697872695715533 39
1756344938708 0.3566258484902589 40
1756344938723 0.34965879113777826 41
1756344938739 0.3332308686297873 42
1756344938754 0.3363534030706986 43
1756344938769 0.33425804324772046 44
1756344938784 0.3308617654054061 45
1756344938800 0.3469468756862309 46
1756344938815 0.3359717078830885 47
1756344938830 0.33934776549753937 48
1756344938846 0.3585044871205869 49
1756344938861 0.33624356985092163 50
1756344938876 0.3281851061012434 51
1756344938892 0.328457842702451 52
1756344938907 0.33205046148403833 53
1756344938923 0.33215946283029474 54
1756344938939 0.36726157043291174 55
1756344938954 0.35089886318082397 56
1756344938970 0.32043185311815015 57
1756344938985 0.32513926469761395 58
1756344939001 0.33415304448293603 59
1756344939017 0.31377048725667206 60
1756344939032 0.30098166997018067 61
1756344939048 0.3344508150349493 62
1756344939064 0.3028617747451948 63
1756344939080 0.3066230202498643 64
1756344939096 0.31579055799090344 65
1756344939112 0.30651308920072473 66
1756344939128 0.28431297903475555 67
1756344939144 0.27298616844674817 68
1756344939160 0.27868596691152325 69
1756344939176 0.2707000400709069 70
1756344939192 0.2757580973531889 71
1756344939208 0.2672149461248647 72
1756344939224 0.25162918800893036 73
1756344939240 0.2622027215750321 74
1756344939256 0.2655703049638997 75
1756344939272 0.25020602280678955 76
1756344939288 0.25564866480620013 77
1756344939304 0.25832829851171246 78
1756344939320 0.26308922923129535 79
1756344939337 0.26689458606035815 80
1756344939353 0.26826445369616797 81
1756344939369 0.2607959100733633 82
1756344939385 0.2526507073122522 83
1756344939402 0.23905640516592108 84
1756344939418 0.24463663023451102 85
1756344939434 0.24278388658295508 86
1756344939451 0.2416582068671351 87
1756344939467 0.23978974961716196 88
1756344939484 0.2340181450481 89
1756344939500 0.22969243319138236 90
1756344939517 0.2339586025994757 91
1756344939533 0.22003074379070944 92
1756344939550 0.23793067232422208 93
1756344939567 0.2296794005062269 94
1756344939584 0.23327128977879233 95
1756344939600 0.24373322595720706 96
1756344939617 0.23171096197936847 97
1756344939634 0.21988608007845672 98
