1756344955748 0.0017774624492608675 1
1756344955768 0.003554924898521735 2
1756344955785 0.005332387347782602 3
1756344955803 0.00710984979704347 4
1756344955820 0.008887312246304338 5
1756344955838 0.008887312246304338 6
1756344955856 0.008886269428758049 7
1756344955873 0.008883141465621873 8
1756344955891 0.008877929825174102 9
1756344955908 0.008870636953779416 10
1756344955926 0.00886126627474055 11
1756344955944 0.00884982218669138 12
1756344955962 0.00883631006153219 13
1756344955979 0.00882073624190808 14
1756344955997 0.008803108038231698 15
1756344956015 0.008783433725251715 16
1756344956033 0.00876172253816861 17
1756344956051 0.008737984668299644 18
1756344956069 0.008712231258295006 19
1756344956087 0.008684474396907416 20
1756344956105 0.008654727113317608 21
1756344956123 0.00862300337101839 22
1756344956141 0.008589318061260119 23
1756344956159 0.008553686996060694 24
1756344956177 0.008516126900783322 25
1756344956196 0.008476655406285581 26
1756344956214 0.008435291040643415 27
1756344956232 0.008392053220453983 28
1756344956250 0.008346962241721437 29
1756344956268 0.008300039270329889 30
1756344956287 0.008251306332108068 31
1756344956305 0.008200786302490309 32
1756344956323 0.008148502895778722 33
1756344956341 0.00809448065401162 34
1756344956360 0.00803874493544338 35
1756344956378 0.007981321902641182 36
1756344956397 0.007922238510204191 37
1756344956415 0.007861522492110966 38
1756344956434 0.007799202348701022 39
1756344956453 0.00773530733329665 40
1756344956471 0.0076698674384712996 41
1756344956491 0.007602913381970942 42
1756344956509 0.0075344765922950386 43
1756344956528 0.0074645891939438816 44
1756344956546 0.0073932839923392234 45
1756344956565 0.007320594458425281 46
1756344956584 0.007246554712957346 47
1756344956603 0.007171199510485359 48
1756344956621 0.007094564223040001 49
1756344956640 0.0070166848235289035 50
1756344956659 0.006937597868850836 51
1756344956678 0.006857340482735748 52
1756344956697 0.0067759503383187465 53
1756344956716 0.00669346564045617 54
1756344956734 0.006609925107792087 55
1756344956753 0.006525367954583602 56
1756344956772 0.006439833872293536 57
1756344956791 0.006353363010959087 58
1756344956810 0.006265995960345254 59
1756344956829 0.006177773730891833 60
1756344956849 0.0060887377344629595 61
1756344956868 0.005998929764908206 62
1756344956887 0.005908391978444395 63
1756344956906 0.005817166873867297 64
1756344956925 0.005725297272602528 65
1756344956944 0.005632826298605004 66
1756344956963 0.005539797358116385 67
1756344956982 0.005446254119290012 68
1756344957002 0.0053522404916929054 69
1756344957021 0.00525780060569444 70
1756344957040 0.00516297879175137 71
1756344957060 0.005067819559598941 72
1756344957079 0.004972367577357847 73
1756344957099 0.004876667650566832 74
1756344957118 0.004780764701150789 75
1756344957138 0.004684703746334243 76
1756344957157 0.0045885298775100785 77
1756344957177 0.0044922882390734595 78
1756344957197 0.00439602400723088 79
1756344957216 0.004299782368794261 80
1756344957236 0.004203608499970096 81
1756344957256 0.00410754754515355 82
1756344957276 0.004011644595737509 83
1756344957296 0.003915944668946492 84
