1756344938135 0.0017774624492608675 1
1756344938151 0.003554924898521735 2
1756344938166 0.005332387347782602 3
1756344938180 0.00710984979704347 4
1756344938194 0.008887312246304338 5
1756344938208 0.008887312246304338 6
1756344938223 0.008886269428758049 7
1756344938237 0.008883141465621873 8
1756344938251 0.008877929825174102 9
1756344938266 0.008870636953779416 10
1756344938280 0.00886126627474055 11
1756344938294 0.00884982218669138 12
1756344938309 0.00883631006153219 13
1756344938323 0.00882073624190808 14
1756344938338 0.008803108038231698 15
1756344938352 0.008783433725251715 16
1756344938367 0.00876172253816861 17
1756344938381 0.008737984668299644 18
1756344938396 0.008712231258295006 19
1756344938411 0.008684474396907416 20
1756344938425 0.008654727113317608 21
1756344938440 0.00862300337101839 22
1756344938454 0.008589318061260119 23
1756344938469 0.008553686996060694 24
1756344938484 0.008516126900783322 25
1756344938499 0.008476655406285581 26
1756344938514 0.008435291040643415 27
1756344938529 0.008392053220453983 28
1756344938543 0.008346962241721437 29
1756344938558 0.008300039270329889 30
1756344938573 0.008251306332108068 31
1756344938588 0.008200786302490309 32
1756344938603 0.008148502895778722 33
1756344938618 0.00809448065401162 34
1756344938633 0.00803874493544338 35
1756344938648 0.007981321902641182 36
1756344938663 0.007922238510204191 37
1756344938678 0.007861522492110966 38
1756344938693 0.007799202348701022 39
1756344938708 0.00773530733329665 40
1756344938723 0.0076698674384712996 41
1756344938739 0.007602913381970942 42
1756344938754 0.0075344765922950386 43
1756344938769 0.0074645891939438816 44
1756344938784 0.0073932839923392234 45
1756344938800 0.007320594458425281 46
1756344938815 0.007246554712957346 47
1756344938830 0.007171199510485359 48
1756344938846 0.007094564223040001 49
1756344938861 0.0070166848235289035 50
1756344938876 0.006937597868850836 51
1756344938892 0.006857340482735748 52
1756344938907 0.0067759503383187465 53
1756344938923 0.00669346564045617 54
1756344938939 0.006609925107792087 55
1756344938954 0.006525367954583602 56
1756344938970 0.006439833872293536 57
1756344938985 0.006353363010959087 58
1756344939001 0.006265995960345254 59
1756344939017 0.006177773730891833 60
1756344939032 0.0060887377344629595 61
1756344939048 0.005998929764908206 62
1756344939064 0.005908391978444395 63
1756344939080 0.005817166873867297 64
1756344939096 0.005725297272602528 65
1756344939112 0.005632826298605004 66
1756344939128 0.005539797358116385 67
1756344939144 0.005446254119290012 68
1756344939160 0.0053522404916929054 69
1756344939176 0.00525780060569444 70
1756344939192 0.00516297879175137 71
1756344939208 0.005067819559598941 72
1756344939224 0.004972367577357847 73
1756344939240 0.004876667650566832 74
1756344939256 0.004780764701150789 75
1756344939272 0.004684703746334243 76
1756344939288 0.0045885298775100785 77
1756344939304 0.0044922882390734595 78
1756344939320 0.00439602400723088 79
1756344939337 0.004299782368794261 80
1756344939353 0.004203608499970096 81
1756344939369 0.00410754754515355 82
1756344939385 0.004011644595737509 83
1756344939402 0.003915944668946492 84
1756344939418 0.0038204926867053974 85
1756344939434 0.00372533345455297 86
1756344939451 0.003630511640609899 87
1756344939467 0.003536071754611434 88
1756344939484 0.0034420581270143275 89
1756344939500 0.003348514888187955 90
1756344939517 0.0032554859476993363 91
1756344939533 0.0031630149737018115 92
1756344939550 0.0030711453724370425 93
1756344939567 0.002979920267859944 94
1756344939584 0.0028893824813961333 95
1756344939600 0.0027995745118413796 96
1756344939617 0.002710538515412505 97
1756344939634 0.002622316285959085 98
