1756344938135 1.9866694885751475 1
1756344938151 1.9542114371838777 2
1756344938166 1.7714554822963218 3
1756344938180 1.0402683512024258 4
1756344938194 0.8793679242548735 5
1756344938208 0.76791494436886 6
1756344938223 0.8024789833504221 7
1756344938237 0.6706604089425958 8
1756344938251 0.7035677601461825 9
1756344938266 0.5411085991755776 10
1756344938280 0.4764088819856229 11
1756344938294 0.5759005131928817 12
1756344938309 0.5415551584699879 13
1756344938323 0.47590735943421075 14
1756344938338 0.37761063808980194 15
1756344938352 0.4359036062074744 16
1756344938367 0.4889454414015231 17
1756344938381 0.45997659538103186 18
1756344938396 0.39757692165996716 19
1756344938411 0.4256009096684663 20
1756344938425 0.438359743875006 21
1756344938440 0.3476566115151281 22
1756344938454 0.35513687781665637 23
1756344938469 0.3351805119410805 24
1756344938484 0.31494723843491595 25
1756344938499 0.3234552203313164 26
1756344938514 0.2976056674252386 27
1756344938529 0.2588686146166014 28
1756344938543 0.2925508812717769 29
1756344938558 0.2516904317814371 30
1756344938573 0.2653238216172094 31
1756344938588 0.28972092724364734 32
1756344938603 0.31002374770848645 33
1756344938618 0.30115489337755286 34
1756344938633 0.23280474997085074 35
1756344938648 0.2869700510864672 36
1756344938663 0.2569711153273997 37
1756344938678 0.2786298841238022 38
1756344938693 0.24919718374376712 39
1756344938708 0.23697219918603482 40
1756344938723 0.22694462019464243 41
1756344938739 0.20283525145572165 42
1756344938754 0.2067473459502925 43
1756344938769 0.20350434922653696 44
1756344938784 0.19662314232276834 45
1756344938800 0.21840685735578122 46
1756344938815 0.21478254833947058 47
1756344938830 0.21157559234163034 48
1756344938846 0.2436671399551889 49
1756344938861 0.19946387734102167 50
1756344938876 0.1937979712434437 51
1756344938892 0.19825061605028485 52
1756344938907 0.20001163851955664 53
1756344938923 0.20654941382615463 54
1756344938939 0.25565424885438837 55
1756344938954 0.23056178604779037 56
1756344938970 0.18760102080262225 57
1756344938985 0.19613740431225818 58
1756344939001 0.20555735832971075 59
1756344939017 0.1775067351434542 60
1756344939032 0.1639506706724996 61
1756344939048 0.2037804816728053 62
1756344939064 0.16811282382063245 63
1756344939080 0.1717382951275162 64
1756344939096 0.18271082769269528 65
1756344939112 0.1710682504850885 66
1756344939128 0.14154673562101697 67
1756344939144 0.13418075960615408 68
1756344939160 0.14593596659276797 69
1756344939176 0.13312487368998321 70
1756344939192 0.13487068434124408 71
1756344939208 0.1298726771188819 72
1756344939224 0.11195353337604066 73
1756344939240 0.12212559451227603 74
1756344939256 0.1283159952448762 75
1756344939272 0.10954132384580115 76
1756344939288 0.11763861840185912 77
1756344939304 0.11931778814481653 78
1756344939320 0.12553488884283148 79
1756344939337 0.1325111959291541 80
1756344939353 0.1310825513108917 81
1756344939369 0.1255012536826341 82
1756344939385 0.11389925881572392 83
1756344939402 0.09883591160178185 84
1756344939418 0.10662199848372003 85
1756344939434 0.10557333606740703 86
1756344939451 0.10585666431680969 87
1756344939467 0.10428864865199379 88
1756344939484 0.10049835786871288 89
1756344939500 0.09699905194018198 90
1756344939517 0.09828721910067227 91
1756344939533 0.08707954329640968 92
1756344939550 0.09948694608781648 93
1756344939567 0.09351317179591759 94
1756344939584 0.0956192965740743 95
1756344939600 0.10461053317007811 96
1756344939617 0.09468952663566756 97
1756344939634 0.08442207863149435 98
