1756344918187 1.0451000721558281 1
1756344918200 0.9133440333863964 2
1756344918212 0.8915842097738514 3
1756344918223 0.9053164305894271 4
1756344918234 0.7824901057326276 5
1756344918245 0.7257633351761362 6
1756344918257 0.7493855525618014 7
1756344918268 0.63327956199646 8
1756344918279 0.5873873855756677 9
1756344918291 0.5961978603964266 10
1756344918302 0.5916085243225098 11
1756344918314 0.5715525642685269 12
1756344918325 0.5487960447435793 13
1756344918337 0.6054836239503778 14
1756344918348 0.5379878606485284 15
1756344918362 0.5482308773890786 16
1756344918374 0.5747463236684385 17
1756344918385 0.5127241533735524 18
1756344918397 0.5107890289762745 19
1756344918409 0.4817692650401074 20
1756344918420 0.45840828185496124 21
1756344918432 0.4829625746478205 22
1756344918444 0.5261451614939648 23
1756344918455 0.49587084288182465 24
1756344918467 0.4663475777791894 25
1756344918479 0.45469983505166095 26
1756344918491 0.43176040053367615 27
1756344918502 0.4250546369863593 28
1756344918514 0.49221512286559393 29
1756344918526 0.493703816248023 30
1756344918538 0.5091177017792411 31
1756344918550 0.446386043144309 32
1756344918562 0.4082314514595529 33
1756344918574 0.4377466997374659 34
1756344918586 0.4034867234852003 35
1756344918598 0.39459310795949853 36
1756344918610 0.3763977587223053 37
1756344918623 0.3723294709039771 38
1756344918635 0.35571694244509156 39
1756344918647 0.37681813084560895 40
1756344918659 0.3545233801655147 41
1756344918671 0.4103717713252358 42
1756344918684 0.4224734435910764 43
1756344918696 0.4153272639150205 44
1756344918709 0.38268833056740137 45
1756344918721 0.36298808714617853 46
1756344918733 0.3437303576780402 47
1756344918746 0.35332738964453986 48
1756344918758 0.3586550393830175 49
1756344918771 0.3421980129635852 50
1756344918783 0.36844712107077887 51
1756344918796 0.36081295298493427 52
1756344918808 0.351633968560592 53
1756344918821 0.34116348235503485 54
1756344918834 0.32701667430608167 55
1756344918846 0.3287980984086576 56
1756344918859 0.32520351461742236 57
1756344918872 0.33015956567681354 58
1756344918885 0.3158039988383003 59
1756344918897 0.3080777733222298 60
1756344918910 0.3165712006714033 61
1756344918923 0.3056029612603395 62
1756344918936 0.3018764898828838 63
1756344918949 0.28147140663603076 64
1756344918962 0.3326248669106027 65
1756344918975 0.30920716601869336 66
1756344918988 0.29453291905962903 67
1756344919001 0.30680335734201514 68
1756344919014 0.2912475952635641 69
1756344919027 0.27807724281497626 70
1756344919040 0.3059650419846825 71
1756344919053 0.3074617528397104 72
1756344919066 0.2856307075075481 73
1756344919080 0.2664775919655095 74
1756344919093 0.2814140825167946 75
1756344919106 0.295378886487173 76
1756344919120 0.2755811285713445 77
1756344919133 0.2856583161198575 78
