1756344955748 3.0086771042450615 1
1756344955768 1.8810858674671338 2
1756344955785 2.470994101918262 3
1756344955803 1.8083918250125388 4
1756344955820 1.3207756436389426 5
1756344955838 1.3964528596919517 6
1756344955856 1.2232358326082644 7
1756344955873 1.8239941493324612 8
1756344955891 1.026350604451221 9
1756344955908 0.6657319742700328 10
1756344955926 0.8283004592294279 11
1756344955944 0.5925063244674517 12
1756344955962 0.8426197650639907 13
1756344955979 0.6386386097773261 14
1756344955997 0.6686053016911382 15
1756344956015 0.5262755064860635 16
1756344956033 0.4694325198297915 17
1756344956051 0.5125988449739374 18
1756344956069 0.5879680021949436 19
1756344956087 0.5640912652015686 20
1756344956105 0.38408864257128345 21
1756344956123 0.48852295072182367 22
1756344956141 0.5458928696487261 23
1756344956159 0.4625195569318274 24
1756344956177 0.6067709708991258 25
1756344956196 0.562862802458846 26
1756344956214 0.4273042283628298 27
1756344956232 0.3851889119200084 28
1756344956250 0.32575088350669196 29
1756344956268 0.32214339595773944 30
1756344956287 0.3437653319991153 31
1756344956305 0.41061201302901557 32
1756344956323 0.3670239649389101 33
1756344956341 0.3882610674785531 34
1756344956360 0.35006074413009314 35
1756344956378 0.3651995451554008 36
1756344956397 0.39503680234370026 37
1756344956415 0.4388657231693682 38
1756344956434 0.3795376970716145 39
1756344956453 0.3181707651718803 40
1756344956471 0.4013200881688491 41
1756344956491 0.2891585736171059 42
1756344956509 0.30663316794063733 43
1756344956528 0.21569125192320865 44
1756344956546 0.23509797648243283 45
1756344956565 0.2100256700878558 46
1756344956584 0.2272435698820197 47
1756344956603 0.35093900107819104 48
1756344956621 0.30180456586506055 49
1756344956640 0.20805014410744543 50
1756344956659 0.2266360009494035 51
1756344956678 0.26317630578642304 52
1756344956697 0.2219885059672853 53
1756344956716 0.2773068190916725 54
1756344956734 0.22961753542008606 55
1756344956753 0.2703665494918823 56
1756344956772 0.2526203257882077 57
1756344956791 0.19199838456900223 58
1756344956810 0.15897065757409387 59
1756344956829 0.17857059091329575 60
1756344956849 0.17051955927973209 61
1756344956868 0.15286610210719315 62
1756344956887 0.16477774958247723 63
1756344956906 0.22591249644756317 64
1756344956925 0.21420804702717325 65
1756344956944 0.15153433512086453 66
1756344956963 0.15586526432762976 67
1756344956982 0.20245475354401962 68
1756344957002 0.1618351567050685 69
1756344957021 0.12706312828737756 70
1756344957040 0.11499906849601994 71
1756344957060 0.13028537805961526 72
1756344957079 0.1472961969025757 73
1756344957099 0.15996323428724124 74
1756344957118 0.15506310534218085 75
1756344957138 0.15486603554176248 76
1756344957157 0.1672928767359775 77
1756344957177 0.13835919842771863 78
1756344957197 0.11994613091582837 79
1756344957216 0.14348695783511453 80
1756344957236 0.12476878920974939 81
1756344957256 0.1461715058464071 82
1756344957276 0.13077446996517803 83
1756344957296 0.12699081133241238 84
