1755907623660 0.9721630871295929 1
1755907623670 0.6172910451889038 2
1755907623674 0.5051613181829453 3
1755907623678 0.4559725373983383 4
1755907623683 0.4950702637434006 5
1755907623687 0.4251177400350571 6
1755907623692 0.38487816154956817 7
1755907623697 0.2958793073892593 8
1755907623701 0.2398497998714447 9
1755907623705 0.2174545094370842 10
1755907623710 0.19683566614985465 11
1755907623714 0.1866154193878174 12
1755907623720 0.14592138752341272 13
1755907623748 0.12845593988895415 14
1755907623754 0.10521948784589767 15
1755907623758 0.10921553820371628 16
1755907623764 0.1135778196156025 17
1755907623768 0.0946397602558136 18
1755907623772 0.10696427226066589 19
1755907623777 0.10208155289292335 20
1755907623781 0.08485309332609177 21
1755907623786 0.09042390957474708 22
1755907623791 0.07761024758219719 23
1755907623795 0.06871668882668018 24
1755907623800 0.08792033158242703 25
1755907623805 0.07864855527877808 26
1755907623810 0.0747169129550457 27
1755907623815 0.06405290216207504 28
1755907623820 0.06493499279022216 29
1755907623825 0.056340082362294194 30
1755907623829 0.06334229409694672 31
1755907623834 0.048507698252797125 32
1755907623838 0.05060523934662342 33
1755907623843 0.05071931555867195 34
1755907623848 0.045472222939133645 35
1755907623852 0.052845223993062976 36
1755907623857 0.05385132804512978 37
1755907623862 0.04979315809905529 38
1755907623867 0.0656348280608654 39
1755907623872 0.05135593675076962 40
1755907623877 0.04597514122724533 41
1755907623882 0.04760290049016476 42
1755907623887 0.048553791269659995 43
1755907623892 0.042960604280233385 44
1755907623897 0.039907473511993884 45
1755907623902 0.04574344102293253 46
1755907623907 0.03793816659599543 47
1755907623912 0.039577918313443664 48
1755907623917 0.044434834830462934 49
1755907623922 0.04036198370158672 50
1755907623927 0.03400127105414867 51
1755907623932 0.03855082914233208 52
1755907623937 0.03484433740377426 53
1755907623942 0.03093871586024761 54
1755907623947 0.029091455787420274 55
1755907623952 0.03379070572555065 56
1755907623957 0.029232582822442055 57
1755907623962 0.023277934826910495 58
1755907623967 0.028047979809343815 59
1755907623972 0.03320612404495478 60
