1755907663442 0.00047976888588060807 1
1755907663458 0.0009595377717612161 2
1755907663468 0.0014393066576418242 3
1755907663476 0.0019190755435224323 4
1755907663485 0.0023988444294030403 5
1755907663493 0.0023988444294030403 6
1755907663502 0.0023981889274833517 7
1755907663510 0.0023962231385060103 8
1755907663519 0.002392949212032402 9
1755907663527 0.0023883707280530583 10
1755907663534 0.00238249269307299 11
1755907663543 0.002375321534637147 12
1755907663551 0.002366865094301994 13
1755907663559 0.00235713261906088 14
1755907663567 0.002346134751232591 15
1755907663576 0.002333883516824128 16
1755907663585 0.0023203923123804463 17
1755907663593 0.0023056758903355285 18
1755907663601 0.002289750342880817 19
1755907663609 0.0022726330843686367 20
1755907663617 0.0022543428322698575 21
1755907663626 0.0022348995867066154 22
1755907663634 0.0022143246085824697 23
1755907663642 0.0021926403963339215 24
1755907663651 0.0021698706613286992 25
1755907663660 0.00214604030193773 26
1755907663668 0.002121175376309134 27
1755907663677 0.002095303073874022 28
1755907663685 0.002068451685615255 29
1755907663693 0.0020406505731316643 30
1755907663701 0.00201193013653158 31
1755907663709 0.0019823217811907544 32
1755907663718 0.0019518578834110474 33
1755907663727 0.001920571755017415 34
1755907663735 0.0018884976069319169 35
1755907663743 0.0018556705117645773 36
1755907663751 0.0018221263654619984 37
1755907663760 0.0017879018480556723 38
1755907663769 0.0017530343835529033 39
1755907663779 0.0017175620990142063 40
1755907663788 0.0016815237828619258 41
1755907663798 0.0016449588424656645 42
1755907663808 0.0016079072610509055 43
1755907663817 0.001570409553977939 44
1755907663826 0.0015325067244389143 45
