1756059121262 0.0004052627484181816 1
1756059121274 0.0008105254968363632 2
1756059121278 0.0012157882452545447 3
1756059121283 0.0016210509936727263 4
1756059121287 0.002026313742090908 5
1756059121292 0.002026313742090908 6
1756059121296 0.002025760079380503 7
1756059121301 0.002024099696671333 8
1756059121306 0.0020213344095675136 9
1756059121310 0.0020174672418698924 10
1756059121315 0.0020125024222695702 11
1756059121319 0.0020064453797238872 12
1756059121324 0.0019993027375199385 13
1756059121329 0.0019910823060321063 14
1756059121333 0.001981793074181532 15
1756059121338 0.00197144519960686 16
1756059121343 0.0019600499975570137 17
1756059121348 0.0019476199285181305 18
1756059121352 0.0019341685845882084 19
1756059121357 0.001919710674614344 20
1756059121362 0.001904262008108825 21
1756059121367 0.0018878394779616601 22
1756059121372 0.0018704610419684516 23
1756059121377 0.0018521457031938113 24
1756059121381 0.0018329134891917856 25
1756059121386 0.0018127854301060215 26
1756059121391 0.0017917835356736117 27
1756059121396 0.0017699307711577716 28
1756059121401 0.0017472510322356601 29
1756059121405 0.001723769118868808 30
1756059121410 0.0016995107081847244 31
1756059121415 0.0016745023263993331 32
1756059121420 0.0016487713198109477 33
1756059121425 0.0016223458248974937 34
1756059121430 0.0015952547375496834 35
1756059121435 0.0015675276814737847 36
1756059121440 0.001539194975798532 37
1756059121445 0.0015102876019216045 38
1756059121450 0.0014808371696319227 39
1756059121455 0.0014508758825448084 40
1756059121460 0.001420436502887805 41
1756059121465 0.0013895523156756597 42
1756059121470 0.001358257092313653 43
1756059121476 0.0013265850536690587 44
1756059121481 0.0012945708326511309 45
1756059121486 0.0012622494363405245 46
1756059121491 0.0012296562077095672 47
1756059121496 0.0011968267869752382 48
1756059121501 0.0011637970726271131 49
1756059121507 0.0011306031821728952 50
1756059121512 0.0010972814126444476 51
1756059121517 0.0010638682009075245 52
1756059121522 0.0010304000838185928 53
1756059121527 0.0009969136582723148 54
1756059121533 0.0009634455411833831 55
1756059121538 0.0009300323294464604 56
1756059121544 0.0008967105599180127 57
1756059121549 0.0008635166694637944 58
1756059121554 0.00083048695511567 59
1756059121559 0.0007976575343813407 60
1756059121565 0.0007650643057503833 61
1756059121570 0.000732742909439777 62
1756059121576 0.0007007286884218491 63
1756059121581 0.0006690566497772548 64
1756059121587 0.0006377614264152478 65
1756059121592 0.0006068772392031032 66
1756059121597 0.0005764378595460993 67
1756059121603 0.0005464765724589851 68
1756059121608 0.0005170261401693036 69
1756059121614 0.000488118766292376 70
1756059121619 0.00045978606061712314 71
1756059121625 0.0004320590045412243 72
1756059121630 0.0004049679171934141 73
1756059121636 0.00037854242227995996 74
1756059121641 0.0003528114156915745 75
1756059121647 0.00032780303390618357 76
1756059121653 0.0003035446232220997 77
1756059121658 0.00028006270985524764 78
1756059121664 0.00025738297093313647 79
1756059121670 0.0002355302064172963 80
1756059121675 0.00021452831198488648 81
1756059121681 0.00019440025289912214 82
