1756052671260 1.0804997324943542 1
1756052671270 0.9114643216133118 2
1756052671275 0.7992719352245331 3
1756052671280 0.7793212056159973 4
1756052671285 0.7275673627853394 5
1756052671290 0.6985778868198395 6
1756052671295 0.6336494088172913 7
1756052671299 0.5674369931221008 8
1756052671304 0.5422956198453903 9
1756052671308 0.4869736939668655 10
1756052671314 0.5043493032455444 11
1756052671320 0.49854978621006013 12
1756052671331 0.5039682865142823 13
1756052671337 0.5077056735754013 14
1756052671342 0.47487845420837405 15
1756052671348 0.4190109074115753 16
1756052671353 0.42451822459697724 17
1756052671358 0.4320980370044708 18
1756052671363 0.4388040453195572 19
1756052671367 0.42919673323631286 20
1756052671373 0.39999998807907106 21
1756052671378 0.40847976207733155 22
1756052671384 0.407153856754303 23
1756052671389 0.40414241552352903 24
1756052671402 0.3787451803684235 25
1756052671407 0.3486532628536224 26
1756052671412 0.3314283400774002 27
1756052671418 0.33224715292453766 28
1756052671423 0.302630278468132 29
1756052671429 0.3291222810745239 30
1756052671434 0.29934428334236146 31
1756052671440 0.30818250477313996 32
1756052671446 0.3037994414567947 33
1756052671451 0.28286180198192595 34
1756052671457 0.27357862144708633 35
1756052671463 0.2960728406906128 36
1756052671468 0.3039482206106186 37
1756052671474 0.27160757780075073 38
1756052671479 0.2753034606575966 39
1756052671485 0.2789296001195908 40
1756052671490 0.27256368547677995 41
1756052671496 0.25515541434288025 42
1756052671502 0.2493127018213272 43
1756052671507 0.25550748109817506 44
1756052671513 0.2634802103042603 45
1756052671519 0.2426302656531334 46
1756052671525 0.23603394776582717 47
1756052671530 0.25781556516885756 48
1756052671535 0.23817669600248337 49
1756052671541 0.23593354672193528 50
1756052671546 0.23185702562332153 51
1756052671552 0.23476327061653138 52
1756052671558 0.2701603978872299 53
1756052671564 0.2571985274553299 54
1756052671570 0.25050140768289564 55
1756052671576 0.2401736006140709 56
1756052671590 0.2122905135154724 57
1756052671598 0.22750042378902435 58
1756052671605 0.22559194564819335 59
1756052671612 0.2245521441102028 60
1756052671619 0.21306178718805313 61
1756052671625 0.20588128119707108 62
1756052671631 0.19900073260068893 63
1756052671668 0.19786884635686874 64
1756052671676 0.20369649678468704 65
1756052671686 0.20653048157691956 66
1756052671692 0.18058895766735078 67
1756052671698 0.17244448512792587 68
1756052671706 0.18355353474617003 69
1756052671713 0.18208546936511993 70
1756052671724 0.16878055781126022 71
1756052671731 0.17449332028627396 72
1756052671738 0.1909810870885849 73
1756052671744 0.1787765547633171 74
1756052671750 0.1755639523267746 75
1756052671757 0.16278017312288284 76
1756052671763 0.1665312886238098 77
1756052671769 0.16564828008413315 78
1756052671776 0.17529312372207642 79
1756052671782 0.15736961662769317 80
1756052671788 0.16058952659368514 81
1756052671794 0.1646282359957695 82
1756052671800 0.16229115724563598 83
1756052671807 0.168303282558918 84
1756052671813 0.16253981441259385 85
1756052671820 0.1619173988699913 86
1756052671827 0.15710217654705047 87
1756052671834 0.15401080548763274 88
1756052671840 0.17108784019947051 89
1756052671847 0.1534999966621399 90
1756052671853 0.15175985544919968 91
1756052671860 0.15068406611680984 92
1756052671867 0.15799567699432374 93
1756052671874 0.14889359921216966 94
1756052671881 0.1621047466993332 95
