1756052718152 2.716352415084839 1
1756052718165 1.4305909156799317 2
1756052718174 1.0619057774543763 3
1756052718182 0.8393397986888885 4
1756052718191 0.9094377905130386 5
1756052718199 0.7748055338859559 6
1756052718208 0.643895435333252 7
1756052718217 0.5057352244853973 8
1756052718226 0.429193452000618 9
1756052718235 0.47365644872188567 10
1756052718244 0.40544312000274657 11
1756052718254 0.4539252817630768 12
1756052718263 0.3727555751800537 13
1756052718272 0.31236281245946884 14
1756052718281 0.3249205455183983 15
1756052718290 0.2690312221646309 16
1756052718299 0.2460626557469368 17
1756052718308 0.2126133546233177 18
1756052718317 0.20171137601137162 19
1756052718326 0.22435808777809144 20
1756052718336 0.2502470433712006 21
1756052718345 0.23493197560310364 22
1756052718354 0.2497095376253128 23
1756052718364 0.19181800931692122 24
1756052718373 0.21705693155527114 25
1756052718382 0.23112518191337586 26
1756052718391 0.27060790210962293 27
1756052718399 0.23301540762186052 28
1756052718408 0.2111230030655861 29
1756052718417 0.1548013672232628 30
1756052718426 0.1520914413034916 31
1756052718435 0.1634286843240261 32
1756052718444 0.19131423979997636 33
1756052718453 0.19032510966062546 34
1756052718462 0.1425786793231964 35
1756052718472 0.1285816304385662 36
1756052718482 0.1234878033399582 37
1756052718491 0.100738787651062 38
1756052718501 0.12383059188723564 39
1756052718510 0.09499174728989601 40
1756052718519 0.09270253106951713 41
1756052718529 0.09218645244836807 42
1756052718538 0.08263584449887276 43
1756052718547 0.08578741103410721 44
1756052718556 0.08637328147888183 45
1756052718565 0.09367249459028244 46
1756052718574 0.08979859873652458 47
1756052718584 0.09724791422486305 48
1756052718593 0.07482737377285957 49
1756052718603 0.07597286850214005 50
1756052718613 0.07158934175968171 51
1756052718623 0.08060703203082084 52
1756052718633 0.07317142821848392 53
1756052718642 0.07866619750857354 54
1756052718652 0.09071722812950611 55
1756052718661 0.0860251985490322 56
1756052718671 0.07385566756129265 57
1756052718680 0.06877932213246822 58
1756052718689 0.0527398232370615 59
1756052718698 0.06084469258785248 60
1756052718708 0.06028165891766548 61
1756052718717 0.05162532664835453 62
1756052718727 0.05116214081645012 63
1756052718736 0.047525913640856746 64
1756052718746 0.052038153260946275 65
1756052718757 0.062083345279097556 66
1756052718767 0.0652380097657442 67
1756052718777 0.048288306966423986 68
1756052718787 0.0499954417347908 69
1756052718797 0.04684715121984482 70
1756052718806 0.04361136071383953 71
1756052718817 0.04625347368419171 72
1756052718827 0.0424795962870121 73
1756052718837 0.047621072828769685 74
1756052718847 0.04506579339504242 75
1756052718858 0.04797606132924557 76
1756052718868 0.05033967085182667 77
1756052718879 0.044759597070515154 78
1756052718889 0.04316655769944191 79
1756052718899 0.038820097036659715 80
1756052718909 0.0309014406055212 81
1756052718918 0.03679706640541554 82
1756052718928 0.041365854628384116 83
1756052718938 0.03481948561966419 84
1756052718948 0.0316115403547883 85
1756052718958 0.03174011502414942 86
