1755905997395 1.0932316261452515 1
1755905997402 0.9163301321980241 2
1755905997406 0.98019422397211 3
1755905997411 0.7455997788286829 4
1755905997415 0.6295856570268606 5
1755905997419 0.5503924543207342 6
1755905997423 0.5593720162650208 7
1755905997427 0.433995517623889 8
1755905997431 0.36109773272817786 9
1755905997435 0.3092621500035385 10
1755906008578 1.2688148617744446 1
1755906008588 0.6766707837581635 2
1755906008599 0.4908291816711426 3
1755906008604 0.39073855578899386 4
1755906008613 0.34075249433517457 5
1755906008618 0.3230118453502655 6
1755906008623 0.30210028439760206 7
1755906008629 0.23555904626846313 8
1755906008634 0.20021198242902755 9
1755906008639 0.17280305922031403 10
