1756052374588 1.4999146297574044 1
1756052374604 1.2274017453193664 2
1756052374612 1.2520046800374984 3
1756052374620 1.359266397356987 4
1756052374629 1.1863413482904435 5
1756052374636 0.7065512627363205 6
1756052374644 0.6346202909946441 7
1756052374652 0.711604642868042 8
1756052374660 0.625180858373642 9
1756052374667 0.6437389522790908 10
1756052374675 0.541502232849598 11
1756052374683 0.5396630331873894 12
1756052374692 0.5179162248969078 13
1756052374702 0.6642547711730004 14
1756052374710 0.6184425562620163 15
1756052374718 0.6355093598365784 16
1756052374725 0.5243482068181038 17
1756052374733 0.4688878729939461 18
1756052374741 0.4240589916706085 19
1756052374749 0.4435645051300526 20
1756052374757 0.44695866778492926 21
1756052374765 0.370143236964941 22
1756052374773 0.3359700791537762 23
1756052374781 0.307480426877737 24
1756052374788 0.4106612175703049 25
1756052374796 0.4545451357960701 26
1756052374805 0.4286467254161835 27
1756052374813 0.43830413818359376 28
1756052374821 0.44652834087610244 29
1756052374829 0.47405138462781904 30
1756052374837 0.5333964794874191 31
1756052374846 0.41405175998806953 32
1756052374854 0.3421194665133953 33
1756052374862 0.3075685888528824 34
1756052374870 0.30815712437033654 35
1756052374878 0.37799470126628876 36
1756052374887 0.37807842940092085 37
1756052374895 0.36123101115226747 38
1756052374903 0.37411789521574973 39
1756052374911 0.37888222858309745 40
1756052374919 0.30869852304458617 41
1756052374928 0.3174263291060925 42
1756052374936 0.39746839702129366 43
1756052374944 0.49598191156983373 44
1756052374953 0.38668289706110953 45
1756052374961 0.33768470287323 46
1756052374970 0.3495081178843975 47
1756052374979 0.3013354539871216 48
1756052374987 0.27671301290392875 49
1756052374995 0.26311284080147745 50
1756052375004 0.39547294527292254 51
1756052375013 0.3245506674051285 52
1756052375022 0.36999602168798446 53
1756052375031 0.27786769047379495 54
1756052375040 0.315638093650341 55
1756052375048 0.302320222184062 56
1756052375057 0.2361600436270237 57
1756052375066 0.21933371797204018 58
1756052375074 0.28711912482976915 59
1756052375083 0.26854550614953043 60
1756052375091 0.21475184559822083 61
1756052375101 0.2699189603328705 62
1756052375110 0.2274121582508087 63
1756052375119 0.20982531383633612 64
1756052375127 0.20103243514895439 65
1756052375136 0.26187785118818285 66
1756052375144 0.23743990920484065 67
1756052375153 0.18671327084302902 68
1756052375161 0.19117053970694542 69
1756052375170 0.22598182894289492 70
1756052375179 0.2430475052446127 71
1756052375188 0.21033621653914453 72
1756052375197 0.20005896985530852 73
1756052375206 0.36043302714824677 74
1756052375215 0.21078448221087456 75
1756052375224 0.22900365404784678 76
1756052375233 0.22650001868605613 77
1756052375242 0.25780006423592566 78
1756052375251 0.32551167979836465 79
1756052375260 0.23780813589692115 80
1756052375269 0.2601003885269165 81
1756052375278 0.2544917620718479 82
1756052375287 0.2992389678955078 83
1756052375296 0.21865059100091458 84
1756052375305 0.1980035576969385 85
1756052375314 0.19716088771820067 86
1756052375323 0.16667963452637197 87
1756052375333 0.16753017902374268 88
1756052375343 0.20104620419442654 89
1756052375352 0.18222837038338185 90
1756052375361 0.1569486979395151 91
1756052375371 0.20947256349027157 92
1756052375380 0.1535708125680685 93
1756052375389 0.17667660154402257 94
