1756052335436 0.0018647242703562963 1
1756052335448 0.0037294485407125925 2
1756052335458 0.005594172811068889 3
1756052335466 0.007458897081425185 4
1756052335473 0.009323621351781481 5
1756052335481 0.009323621351781481 6
1756052335488 0.009321072814387776 7
1756052335496 0.009313429988994879 8
1756052335503 0.009300701232920148 9
1756052335511 0.00928290046487147 10
1756052335518 0.009260047149727356 11
1756052335526 0.00923216627725239 12
1756052335533 0.009199288334771278 13
1756052335541 0.009161449273831414 14
1756052335548 0.00911869047089039 15
1756052335556 0.009071058682071441 16
1756052335563 0.009018605992036322 17
1756052335570 0.00896138975703148 18
1756052335579 0.008899472542169853 19
1756052335588 0.008832922053016832 20
1756052335595 0.008761811061555224 21
1756052335603 0.008686217326610152 22
1756052335611 0.008606223508820917 23
1756052335619 0.00852191708025282 24
1756052335626 0.008433390228747723 25
1756052335633 0.008340739757118009 26
1756052335647 0.008244066977294122 27
1756052335655 0.008143477599541468 28
1756052335663 0.00803908161686778 29
1756052335671 0.007930993184747383 30
1756052335678 0.007819330496293868 31
1756052335685 0.007704215653017638 32
1756052335697 0.0075857745313097176 33
1756052335705 0.007464136644797761 34
1756052335713 0.007339435002724799 35
1756052335720 0.007211805964505587 36
1756052335728 0.007081389090619587 37
1756052335739 0.006948326990003633 38
1756052335748 0.006812765164111149 39
1756052335758 0.00667485184780845 40
1756052335766 0.006534737847282093 41
1756052335776 0.006392576375134516 42
