1756052374588 0.0018647242703562963 1
1756052374604 0.0037294485407125925 2
1756052374612 0.005594172811068889 3
1756052374620 0.007458897081425185 4
1756052374629 0.009323621351781481 5
1756052374636 0.009323621351781481 6
1756052374644 0.009321072814387776 7
1756052374652 0.009313429988994879 8
1756052374660 0.009300701232920148 9
1756052374667 0.00928290046487147 10
1756052374675 0.009260047149727356 11
1756052374683 0.00923216627725239 12
1756052374692 0.009199288334771278 13
1756052374702 0.009161449273831414 14
1756052374710 0.00911869047089039 15
1756052374718 0.009071058682071441 16
1756052374725 0.009018605992036322 17
1756052374733 0.00896138975703148 18
1756052374741 0.008899472542169853 19
1756052374749 0.008832922053016832 20
1756052374757 0.008761811061555224 21
1756052374765 0.008686217326610152 22
1756052374773 0.008606223508820917 23
1756052374781 0.00852191708025282 24
1756052374788 0.008433390228747723 25
1756052374796 0.008340739757118009 26
1756052374805 0.008244066977294122 27
1756052374813 0.008143477599541468 28
1756052374821 0.00803908161686778 29
1756052374829 0.007930993184747383 30
1756052374837 0.007819330496293868 31
1756052374846 0.007704215653017638 32
1756052374854 0.0075857745313097176 33
1756052374862 0.007464136644797761 34
1756052374870 0.007339435002724799 35
1756052374878 0.007211805964505587 36
1756052374887 0.007081389090619587 37
1756052374895 0.006948326990003633 38
1756052374903 0.006812765164111149 39
1756052374911 0.00667485184780845 40
1756052374919 0.006534737847282093 41
1756052374928 0.006392576375134516 42
1756052374936 0.0062485228828483225 43
1756052374944 0.006102734890802353 44
1756052374953 0.005955371816025473 45
1756052374961 0.005806594797876387 46
1756052374970 0.0056565665218401215 47
1756052374979 0.005505451041633827 48
1756052374987 0.005353413599816454 49
1756052374995 0.00520062044709844 50
1756052375004 0.005047238660548994 51
1756052375013 0.00489343596089978 52
1756052375022 0.004739380529144756 53
1756052375031 0.004585240822636726 54
1756052375040 0.004431185390881702 55
1756052375048 0.004277382691232489 56
1756052375057 0.004124000904683043 57
1756052375066 0.003971207751965028 58
1756052375074 0.003819170310147657 59
1756052375083 0.0036680548299413617 60
1756052375091 0.003518026553905095 61
1756052375101 0.0033692495357560107 62
1756052375110 0.00322188646097913 63
1756052375119 0.00307609846893316 64
1756052375127 0.002932044976646965 65
1756052375136 0.002789883504499391 66
1756052375144 0.0026497695039730323 67
1756052375153 0.0025118561876703335 68
1756052375161 0.0023762943617778513 69
1756052375170 0.0022432322611618967 70
1756052375179 0.0021128153872758963 71
1756052375188 0.001985186349056684 72
1756052375197 0.0018604847069837213 73
1756052375206 0.0017388468204717644 74
1756052375215 0.0016204056987638442 75
1756052375224 0.0015052908554876148 76
1756052375233 0.0013936281670340973 77
1756052375242 0.0012855397349137015 78
1756052375251 0.0011811437522400146 79
1756052375260 0.0010805543744873602 80
1756052375269 0.0009838815946634745 81
1756052375278 0.0008912311230337594 82
1756052375287 0.0008027042715286613 83
1756052375296 0.000718397842960563 84
1756052375305 0.0006384040251713291 85
1756052375314 0.0005628102902262566 86
1756052375323 0.0004916992987646483 87
1756052375333 0.0004251488096116288 88
1756052375343 0.00036323159475000184 89
1756052375352 0.0003060153597451602 90
1756052375361 0.00025356266971003947 91
1756052375371 0.00020593088089109157 92
1756052375380 0.0001631720779500678 93
1756052375389 0.0001253330170102043 94
