1755910124697 0.9474043726921082 1
1755910124709 0.5085480302572251 2
1755910124715 0.44708270728588106 3
1755910124721 0.34653413891792295 4
1755910124727 0.36256738305091857 5
1755910124732 0.3523804694414139 6
1755910124738 0.27982746064662933 7
1755910124744 0.223116534948349 8
1755910124751 0.19708867371082306 9
1755910124758 0.19642608165740966 10
1755910124763 0.15272374153137208 11
1755910124769 0.14893286302685738 12
1755910124775 0.11495264545083046 13
1755910124781 0.12115556225180626 14
1755910124787 0.11258569061756134 15
1755910124793 0.14035428017377855 16
1755910124799 0.12333442196249962 17
1755910124806 0.10495591312646865 18
1755910124812 0.09812393561005592 19
1755910124819 0.08847597278654576 20
1755910124826 0.10320388600230217 21
1755910124832 0.0722681399434805 22
1755910124838 0.07751585766673089 23
1755910124844 0.07043792754411697 24
1755910124850 0.06502487547695637 25
1755910124856 0.07193177789449692 26
1755910124862 0.06878488585352897 27
1755910124867 0.0593461386859417 28
1755910124873 0.05703248642385006 29
1755910124879 0.052063801884651185 30
1755910124885 0.06715935096144676 31
1755910124892 0.06394680701196194 32
1755910124898 0.05900973975658417 33
1755910124904 0.05450958833098411 34
1755910124911 0.046521041356027124 35
1755910124917 0.06434401348233224 36
1755910124923 0.057314557954669 37
1755910124929 0.045540516078472135 38
1755910124936 0.044666696898639204 39
1755910124942 0.038865506649017334 40
1755910124948 0.04193036872893572 41
1755910124954 0.035741391219198705 42
1755910124960 0.0360788207501173 43
1755910124967 0.03450416792184115 44
1755910124973 0.04496698211878538 45
1755910124979 0.04108611233532429 46
1755910124985 0.0364528426900506 47
1755910124992 0.03334601316601038 48
1755910124998 0.030344562232494356 49
1755910125004 0.03520488925278187 50
1755910125010 0.03710807096213102 51
1755910125017 0.036891939118504524 52
