1755910124697 0.7051709592342377 1
1755910124709 0.521387705206871 2
1755910124715 0.5024964064359665 3
1755910124721 0.4361437767744064 4
1755910124727 0.44216303825378417 5
1755910124732 0.4356758177280426 6
1755910124738 0.39058454632759093 7
1755910124744 0.35404837429523467 8
1755910124751 0.3295794427394867 9
1755910124758 0.32833577394485475 10
1755910124763 0.28543134331703185 11
1755910124769 0.2837661474943161 12
1755910124775 0.25081436783075334 13
1755910124781 0.25468833893537524 14
1755910124787 0.24836621433496475 15
1755910124793 0.2777440696954727 16
1755910124799 0.25679935365915296 17
1755910124806 0.24361903369426727 18
1755910124812 0.23233315646648406 19
1755910124819 0.22231254279613494 20
1755910124826 0.2421085938811302 21
1755910124832 0.2007534310221672 22
1755910124838 0.206382218003273 23
1755910124844 0.2014871746301651 24
1755910124850 0.19036616683006286 25
1755910124856 0.19730166494846343 26
1755910124862 0.1966133788228035 27
1755910124867 0.18393821120262147 28
1755910124873 0.1816987931728363 29
1755910124879 0.17154474109411239 30
1755910124885 0.18597252070903778 31
1755910124892 0.1876319795846939 32
1755910124898 0.18359654396772385 33
1755910124904 0.17111276388168334 34
1755910124911 0.16065709441900253 35
1755910124917 0.18421477377414702 36
1755910124923 0.1811055585741997 37
1755910124929 0.1624844029545784 38
1755910124936 0.15884923785924912 39
1755910124942 0.1426143877208233 40
1755910124948 0.14861357510089873 41
1755910124954 0.14295294731855393 42
1755910124960 0.14236662834882735 43
1755910124967 0.1378636874258518 44
1755910124973 0.15526650547981263 45
1755910124979 0.15429060608148576 46
1755910124985 0.14231617748737335 47
1755910124992 0.1376877471804619 48
1755910124998 0.1299840107560158 49
1755910125004 0.14048058465123175 50
1755910125010 0.1475461132824421 51
1755910125017 0.14743373841047286 52
