1755910124697 0.0005150201322717078 1
1755910124709 0.0010300402645434157 2
1755910124715 0.0015450603968151237 3
1755910124721 0.0020600805290868314 4
1755910124727 0.0025751006613585394 5
1755910124732 0.0025751006613585394 6
1755910124738 0.0025743969760383817 7
1755910124744 0.002572286689547475 8
1755910124751 0.002568772109453114 9
1755910124758 0.002563857078897032 10
1755910124763 0.002557546972392979 11
1755910124769 0.0025498486899497744 12
1755910124775 0.002540770649526244 13
1755910124781 0.002530322777826309 14
1755910124787 0.0025185164994442786 15
1755910124793 0.002505364724372226 16
1755910124799 0.0024908818338831005 17
1755910124806 0.002475083664805015 18
1755910124812 0.0024579874922039113 19
1755910124819 0.0024396120104935247 20
1755910124826 0.002419977312993319 21
1755910124832 0.002399104869956738 22
1755910124838 0.002377017505093795 23
1755910124844 0.0023537393706136844 24
1755910124850 0.0023292959208146948 25
1755910124856 0.0023037138842503056 26
1755910124862 0.0022770212345019085 27
1755910124867 0.0022492471595901057 28
1755910124873 0.0022204220300580386 29
1755910124879 0.0021905773657616436 30
1755910124885 0.0021597458014031554 31
1755910124892 0.0021279610508455338 32
1755910124898 0.0020952578702468556 33
1755910124904 0.002061672020054962 34
1755910124911 0.002027240225903935 35
1755910124917 0.001992000138455157 36
1755910124923 0.0019559902922268624 37
1755910124929 0.0019192500634572112 38
1755910124936 0.0018818196270469487 39
1755910124942 0.0018437399126287406 40
1755910124948 0.0018050525598112238 41
1755910124954 0.0017657998726467007 42
1755910124960 0.0017260247733722847 43
1755910124967 0.0016857707554750597 44
1755910124973 0.001645081836132593 45
1755910124979 0.0016040025080807968 46
1755910124985 0.001562577690961775 47
1755910124992 0.0015208526822048547 48
1755910124998 0.0014788731074945106 49
1755910125004 0.001436684870879351 50
1755910125010 0.0013943341045767126 51
1755910125017 0.0013518671185277602 52
