1755910143750 0.9409141778945923 1
1755910143766 0.49913363754749296 2
1755910143773 0.5413531273603439 3
1755910143781 0.46573697924613955 4
1755910143788 0.37262250781059264 5
1755910143795 0.28298167139291763 6
1755910143802 0.2619194254279137 7
1755910143810 0.21044538021087647 8
1755910143817 0.1932040423154831 9
1755910143826 0.20294882878661155 10
1755910143833 0.15053672045469285 11
1755910143841 0.1638959228992462 12
1755910143850 0.13219457268714904 13
1755910143858 0.1057907648384571 14
1755910143866 0.10140331313014031 15
1755910143873 0.07967093251645566 16
1755910143881 0.08217321410775184 17
1755910143889 0.08290754482150078 18
1755910143897 0.09612222835421562 19
1755910143904 0.09264631792902947 20
1755910143912 0.07302051261067391 21
1755910143919 0.06879429221153259 22
1755910143927 0.07430493906140327 23
1755910143935 0.07443823739886284 24
1755910143943 0.06758432313799859 25
1755910143951 0.05879707336425781 26
1755910143958 0.061404629796743396 27
1755910143966 0.05619550459086895 28
1755910143974 0.057480787858366966 29
1755910143982 0.06692009773105383 30
1755910143990 0.06607417613267899 31
1755910143997 0.07328727170825004 32
1755910144005 0.057649968191981316 33
1755910144013 0.042279035225510596 34
1755910144021 0.045099394954741 35
1755910144029 0.04676142036914825 36
1755910144036 0.038043374009430406 37
1755910144044 0.04409847650676966 38
1755910144053 0.030927074141800404 39
1755910144062 0.03664850778877735 40
1755910144070 0.04360656924545765 41
1755910144077 0.03194883409887552 42
1755910144085 0.03893448207527399 43
1755910144093 0.03471019417047501 44
1755910144101 0.03705717995762825 45
1755910144109 0.033863825350999834 46
1755910144117 0.03663639184087515 47
1755910144125 0.03449234031140804 48
1755910144133 0.03473859820514917 49
1755910144141 0.03538606073707342 50
1755910144149 0.03664756249636412 51
1755910144156 0.02702680341899395 52
1755910144164 0.027248709090054037 53
1755910144172 0.03685461655259133 54
1755910144181 0.02617248725146055 55
1755910144190 0.025810846872627736 56
1755910144199 0.024405165947973727 57
1755910144207 0.020668125338852407 58
1755910144215 0.0206231277436018 59
1755910144223 0.023668454401195048 60
1755910144231 0.023525347001850605 61
1755910144239 0.020994240324944256 62
1755910144247 0.017777629755437376 63
1755910144255 0.018609506636857988 64
1755910144263 0.01650103982537985 65
1755910144271 0.018774280324578285 66
1755910144280 0.018162120413035155 67
