1755979620142 1.0455163985490799 1
1755979620155 0.8659689754247666 2
1755979620162 0.7604526281356812 3
1755979620168 0.6458538096398115 4
1755979620175 0.6986348688602447 5
1755979620182 0.6371784240007401 6
1755979620189 0.6129585683345795 7
1755979620196 0.6038243502378464 8
1755979620203 0.5938283935189247 9
1755979620210 0.6307200148701668 10
1755979620217 0.6025678992271424 11
1755979620223 0.607336762547493 12
1755979620230 0.5696910917758942 13
1755979620237 0.5465155422687531 14
1755979620245 0.5319355994462966 15
1755979620252 0.5476632788777351 16
1755979620259 0.4997970536351204 17
1755979620266 0.5464446738362312 18
1755979620273 0.5417436674237252 19
1755979620279 0.5167662799358368 20
1755979620286 0.5429900005459786 21
1755979620293 0.5285302877426148 22
1755979620300 0.4862858846783638 23
1755979620307 0.5074492245912552 24
1755979620314 0.5031123712658883 25
1755979620321 0.5353936538100242 26
1755979620328 0.5763386055827141 27
1755979620335 0.5465581253170967 28
1755979620342 0.6726740583777427 29
