1755979603869 0.9658284068107605 1
1755979603880 0.8295681118965149 2
1755979603886 0.7206258267164231 3
1755979603891 0.7033657044172287 4
1755979603897 0.6807668298482895 5
1755979603902 0.6666917502880096 6
1755979603908 0.6135925799608231 7
1755979603914 0.6237576484680176 8
1755979603920 0.5885029003024101 9
1755979603925 0.5910539671778678 10
1755979603931 0.5956119105219841 11
1755979603937 0.5779153913259506 12
1755979603943 0.5962424278259277 13
1755979603948 0.5885625123977661 14
1755979603954 0.5840528443455696 15
1755979603960 0.5598823368549347 16
1755979603966 0.5403607651591301 17
1755979603972 0.5079426534473896 18
1755979603978 0.4959252834320068 19
1755979603984 0.555361233651638 20
