1755979590204 1.7800512075424195 1
1755979590210 1.340077006816864 2
1755979590214 1.1986149340867995 3
1755979590218 1.0777655959129333 4
1755979590223 0.869524835050106 5
1755979590227 0.6920569732785224 6
1755979590232 0.7068548649549484 7
1755979590236 0.7113429054617881 8
1755979590240 0.6411803528666496 9
1755979590244 0.5847696602344513 10
1755979590249 0.5788949504494667 11
1755979590253 0.5586724296212197 12
1755979590257 0.5055654272437096 13
1755979590262 0.5731024339795112 14
1755979590266 0.49710983633995054 15
1755979590270 0.43473888635635377 16
1755979590275 0.5119665116071701 17
1755979590279 0.4539548322558403 18
1755979590284 0.6392096921801567 19
1755979590289 0.4007132850587368 20
1755979590293 0.44376027062535284 21
1755979590297 0.5624602884054184 22
1755979590302 0.33538720980286596 23
1755979590307 0.5131822809576988 24
1755979590311 0.3593481034040451 25
1755979590316 0.48027525991201403 26
1755979590320 0.4939842253923416 27
1755979590324 0.37928754314780233 28
1755979590329 0.4868094190955162 29
1755979590334 0.4309934742748737 30
1755979590338 0.47813116684556006 31
1755979590343 0.35836349949240687 32
1755979590347 0.47318645417690275 33
1755979590352 0.3031879890710115 34
1755979590357 0.3032820627093315 35
1755979590361 0.34811832681298255 36
1755979590366 0.4718539662659168 37
1755979590371 0.30934055186808107 38
1755979590375 0.2997591145336628 39
1755979590380 0.31824956461787224 40
1755979590385 0.34184768944978716 41
1755979590390 0.29992225095629693 42
1755979590394 0.46508247703313826 43
1755979590399 0.4338309489190578 44
1755979590404 0.289677881449461 45
1755979590409 0.29423805624246596 46
1755979590414 0.2755866408348083 47
1755979590419 0.2959228798747063 48
1755979590423 0.23696741685271264 49
1755979590429 0.2193215787410736 50
1755979590433 0.22265730872750283 51
1755979590438 0.20484063141047953 52
1755979590443 0.22079385593533515 53
