1755978324313 2.2410280227661135 1
1755978324328 1.2198095560073852 2
1755978324335 1.4396538496017457 3
1755978324343 1.1349621295928956 4
1755978324350 1.54073126912117 5
1755978324357 0.8194591045379639 6
1755978324364 0.6266921997070313 7
1755978324371 0.5074249267578125 8
1755978324378 0.3789213865995407 9
1755978324385 0.33174818754196167 10
1755978324391 0.3367883712053299 11
1755978324398 0.3317328065633774 12
1755978324405 0.3282610058784485 13
1755978324412 0.2894714564085007 14
1755978324419 0.313168004155159 15
1755978324426 0.25838708877563477 16
1755978324433 0.25179382860660554 17
1755978324440 0.22737328857183456 18
1755978324447 0.2561587288975716 19
1755978324454 0.2594749853014946 20
1755978324461 0.25676834136247634 21
1755978324468 0.23797289580106734 22
1755978324475 0.20533187463879585 23
1755978324482 0.17518706023693084 24
1755978324489 0.1429965853691101 25
1755978324496 0.19391942396759987 26
1755978324503 0.15625264048576354 27
1755978324511 0.16484372615814208 28
1755978324518 0.17859529554843903 29
1755978324525 0.20638933032751083 30
1755978324532 0.16034564450383187 31
