1755978324313 0.000553267056388618 1
1755978324328 0.001106534112777236 2
1755978324335 0.0016598011691658543 3
1755978324343 0.002213068225554472 4
1755978324350 0.0027663352819430904 5
1755978324357 0.0027663352819430904 6
1755978324364 0.00276557931856045 7
1755978324371 0.002763312255047389 8
1755978324378 0.002759536570404574 9
1755978324385 0.0027542563932877284 10
1755978324391 0.002747477497493006 11
1755978324398 0.0027392072956434316 12
1755978324405 0.002729454831083307 13
1755978324412 0.0027182307679894427 14
1755978324419 0.002705547379710043 15
1755978324426 0.0026914185353439754 16
1755978324433 0.0026758596845751167 17
1755978324440 0.00265888784077835 18
1755978324447 0.002640521562415689 19
1755978324454 0.0026207809327428717 20
1755978324461 0.002599687537848617 21
1755978324468 0.0025772644430505517 22
1755978324475 0.002553536167673624 23
1755978324482 0.0025285286582385847 24
1755978324489 0.0025022692600898434 25
1755978324496 0.0024747866874937404 26
1755978324503 0.0024461109922399135 27
1755978324511 0.0024162735307801104 28
1755978324518 0.002385306929940369 29
1755978324525 0.0023532450512440592 30
1755978324532 0.0023201229538848092 31
