1756054929770 1.9357257246971131 1
1756054929781 1.17842378616333 2
1756054929787 1.0850226759910584 3
1756054929792 0.862452894449234 4
1756054929798 0.6401203334331512 5
1756054929804 0.5119319587945939 6
1756054929809 0.3742569416761398 7
1756054929815 0.3738949418067932 8
1756054929821 0.3487468004226685 9
1756054929826 0.2919399172067642 10
1756054929833 0.23331493139266968 11
1756054929840 0.21730426251888274 12
1756054929847 0.22604984790086746 13
1756054929854 0.2296038568019867 14
1756054929860 0.19150009006261826 15
1756054929866 0.15022892877459526 16
1756054929873 0.14805833622813225 17
1756054929879 0.17237539887428283 18
1756054929885 0.15916386246681213 19
1756054929890 0.15086376816034316 20
1756054929897 0.13322466537356376 21
1756054929903 0.13009764179587363 22
1756054929909 0.12693089619278908 23
1756054929915 0.14729290083050728 24
1756054929921 0.10996597483754159 25
1756054929927 0.1060944877564907 26
1756054929934 0.10345402583479882 27
1756054929940 0.08626652359962464 28
1756054929945 0.11651076301932335 29
1756054929951 0.12306641265749932 30
1756054929957 0.1390994556248188 31
1756054929963 0.11519755274057389 32
1756054929970 0.10318941473960877 33
1756054929976 0.08358816765248775 34
1756054929982 0.07521384730935096 35
1756054929988 0.07125197090208531 36
1756054929994 0.06012855060398579 37
1756054930000 0.0645316954702139 38
1756054930007 0.06510137803852559 39
1756054930013 0.07664318680763245 40
1756054930020 0.08000314459204674 41
1756054930027 0.050023694336414334 42
1756054930034 0.05189454182982445 43
1756054930040 0.04501108415424824 44
1756054930046 0.04969301000237465 45
1756054930052 0.05573933832347393 46
1756054930059 0.040871256962418556 47
1756054930065 0.04748266041278839 48
1756054930071 0.0474480751901865 49
1756054930078 0.04192918092012406 50
1756054930085 0.044826452434062955 51
1756054930092 0.03656458966434002 52
1756054930100 0.036214974150061606 53
1756054930107 0.04429396633058787 54
