1756054929770 1.0442585170269012 1
1756054929781 0.8203999519348144 2
1756054929787 0.7947939157485961 3
1756054929792 0.6843637645244598 4
1756054929798 0.6054850816726685 5
1756054929804 0.5497838497161865 6
1756054929809 0.46137787997722624 7
1756054929815 0.46729800999164584 8
1756054929821 0.44254102408885954 9
1756054929826 0.4138045072555542 10
1756054929833 0.3659133166074753 11
1756054929840 0.3565156370401382 12
1756054929847 0.35941815078258516 13
1756054929854 0.3604199171066284 14
1756054929860 0.3296192139387131 15
1756054929866 0.29059210121631623 16
1756054929873 0.2925152987241745 17
1756054929879 0.31369518041610717 18
1756054929885 0.30389924347400665 19
1756054929890 0.2972292691469193 20
1756054929897 0.27565847635269164 21
1756054929903 0.27694439589977266 22
1756054929909 0.27318555414676665 23
1756054929915 0.2957440510392189 24
1756054929921 0.2489340677857399 25
1756054929927 0.24581595212221147 26
1756054929934 0.24832420498132707 27
1756054929940 0.22143278270959854 28
1756054929945 0.25564790368080137 29
1756054929951 0.2608359858393669 30
1756054929957 0.28884880244731903 31
1756054929963 0.2583774536848068 32
1756054929970 0.24417994618415834 33
1756054929976 0.22109749168157578 34
1756054929982 0.2079666808247566 35
1756054929988 0.20383170247077942 36
1756054929994 0.18677958101034164 37
1756054930000 0.19770964980125427 38
1756054930007 0.19286277890205383 39
1756054930013 0.21076194196939468 40
1756054930020 0.21655700653791427 41
1756054930027 0.1723569869995117 42
1756054930034 0.17505979686975479 43
1756054930040 0.16415713280439376 44
1756054930046 0.17015794068574905 45
1756054930052 0.18040368407964708 46
1756054930059 0.15487521961331369 47
1756054930065 0.16861040145158768 48
1756054930071 0.16809977144002913 49
1756054930078 0.15935101956129075 50
1756054930085 0.16337360441684723 51
1756054930092 0.1493639424443245 52
1756054930100 0.14797930419445038 53
1756054930107 0.16134956777095794 54
