1756054945868 2.497330069541931 1
1756054945881 1.7834421753883363 2
1756054945888 1.2099084317684174 3
1756054945895 0.9813030362129211 4
1756054945902 0.8231646358966828 5
1756054945909 0.5839154750108719 6
1756054945916 0.4548406481742859 7
1756054945924 0.3890700101852417 8
1756054945935 0.38451871275901794 9
1756054945942 0.3623917132616043 10
1756054945950 0.29601109176874163 11
1756054945958 0.2991937264800072 12
1756054945965 0.2832690209150314 13
1756054945972 0.2374738872051239 14
1756054945980 0.2392174243927002 15
1756054945988 0.24332547038793564 16
1756054945996 0.23533141613006592 17
1756054946003 0.17359859496355057 18
1756054946011 0.1668778121471405 19
1756054946018 0.15105732381343842 20
1756054946026 0.15252746194601058 21
1756054946033 0.15529393628239632 22
1756054946041 0.13554336354136468 23
1756054946048 0.10711003318428994 24
1756054946057 0.10367693677544594 25
1756054946064 0.1027391355484724 26
1756054946074 0.10116244927048683 27
1756054946081 0.09132766537368298 28
1756054946089 0.09234558120369911 29
1756054946096 0.09732702150940895 30
1756054946104 0.12253694608807564 31
1756054946113 0.10208848863840103 32
1756054946121 0.10573180504143238 33
1756054946129 0.08573909923434257 34
1756054946136 0.05933903530240059 35
1756054946144 0.0973722442984581 36
1756054946152 0.10236092917621135 37
1756054946159 0.09175880812108517 38
1756054946166 0.09661863334476947 39
1756054946174 0.11208034083247184 40
1756054946184 0.08562467992305756 41
1756054946192 0.09689807407557964 42
1756054946201 0.059918134659528735 43
1756054946209 0.06626636683940887 44
1756054946217 0.05916118379682302 45
1756054946225 0.061470498144626615 46
