1756054929770 0.0012011479285539588 1
1756054929781 0.0024022958571079177 2
1756054929787 0.0036034437856618763 3
1756054929792 0.004804591714215835 4
1756054929798 0.006005739642769794 5
1756054929804 0.006005739642769794 6
1756054929809 0.006004098119110127 7
1756054929815 0.005999175343113145 8
1756054929821 0.005990976697762128 9
1756054929826 0.005979511148155394 10
1756054929833 0.005964791231703103 11
1756054929840 0.0059468330444177805 12
1756054929847 0.005925656223313563 13
1756054929854 0.005901283924933412 14
1756054929860 0.005873742800027777 15
1756054929866 0.005843062964412387 16
1756054929873 0.005809277966037052 17
1756054929879 0.0057724247483014685 18
1756054929885 0.005732543609658155 19
1756054929890 0.005689678159546692 20
1756054929897 0.005643875270707429 21
1756054929903 0.005595185027926844 22
1756054929909 0.00554366067327055 23
1756054929915 0.0054893585478638955 24
1756054929921 0.005432338030283755 25
1756054929927 0.005372661471628935 26
1756054929934 0.005310394127340162 27
1756054929940 0.005245604085844216 28
1756054929945 0.0051783621941002365 29
1756054929951 0.0051087419801296085 30
1756054929957 0.005036819572614156 31
1756054929963 0.004962673617650543 32
1756054929970 0.004886385192751921 33
1756054929976 0.004808037718190862 34
1756054929982 0.004727716865780513 35
1756054929988 0.004645510465193727 36
1756054929994 0.004561508407922601 37
1756054930000 0.004475802548983456 38
1756054930007 0.004388486606474721 39
1756054930013 0.0042996560590975695 40
1756054930020 0.004209408041751364 41
1756054930027 0.004117841239318061 42
1756054930034 0.004025055778751753 43
1756054930040 0.003931153119591306 44
1756054930046 0.0038362359430158476 45
1756054930052 0.003740408039564403 46
1756054930059 0.003643774195642465 47
1756054930065 0.0035464400789395993 48
1756054930071 0.0034485121228833735 49
1756054930078 0.003350097410255974 50
1756054930085 0.003251303556100746 51
1756054930092 0.0031522385900467323 52
1756054930100 0.0030530108381798572 53
1756054930107 0.0029537288045899377 54
