1756054912501 1.7475521087646484 1
1756054912511 1.2902931213378905 2
1756054912517 1.5507784008979797 3
1756054912521 1.0267174184322356 4
1756054912527 0.8991117954254151 5
1756054912532 0.696078646183014 6
1756054912537 0.6094388008117676 7
1756054912542 0.488132381439209 8
1756054912548 0.35405274778604506 9
1756054912553 0.509565195441246 10
1756054912558 0.4361982196569443 11
1756054912563 0.3909105658531189 12
1756054912569 0.34074492305517196 13
1756054912573 0.35240171402692794 14
1756054912579 0.38778204917907716 15
1756054912584 0.38377403616905215 16
1756054912590 0.37962504774332045 17
1756054912595 0.3709033131599426 18
1756054912600 0.3474530607461929 19
1756054912606 0.39321752488613126 20
1756054912611 0.33157402724027635 21
1756054912616 0.29256498962640765 22
1756054912621 0.2766371011734009 23
1756054912626 0.2867265000939369 24
1756054912631 0.2587836191058159 25
1756054912636 0.2509824275970459 26
1756054912642 0.26644323095679284 27
1756054912647 0.28773597031831744 28
