1756346499425 2.4584421359974407 1
1756346499435 1.6799621089645054 2
1756346499444 1.4374952705010124 3
1756346499453 1.9377349174540976 4
1756346499461 2.5494063988975855 5
1756346499470 1.5191809042640354 6
1756346499479 1.0726256681525188 7
1756346499488 1.039474419925524 8
1756346499496 1.17389983975369 9
1756346499505 0.9706219305162844 10
1756346499514 0.6703597164672354 11
1756346499523 0.6279377678166265 12
1756346499532 0.7593425797379535 13
1756346499541 0.6396808702012767 14
1756346499550 0.5572483422963516 15
1756346499559 0.6309478386588718 16
1756346499569 0.695024452779604 17
1756346499578 0.5276351000951685 18
1756346499587 0.5065677723158961 19
1756346499596 0.44534523849901947 20
1756346499605 0.5054038763046265 21
1756346499614 0.4323723905760309 22
1756346499623 0.42888070059859235 23
1756346499632 0.5309749874083892 24
1756346499641 0.322921515158985 25
1756346499650 0.34528392682904785 26
1756346499660 0.3465051450159239 27
1756346499669 0.35917129983072693 28
1756346499678 0.34513031334980676 29
1756346499687 0.4124049064905747 30
1756346499697 0.3737577789503595 31
1756346499706 0.3924030214548111 32
1756346499715 0.38922138058620953 33
1756346499725 0.35228090765683545 34
1756346499735 0.296929270029068 35
1756346499744 0.2689875610496687 36
1756346499754 0.2612542723831923 37
1756346499763 0.24293966396995212 38
1756346499773 0.19692158018765243 39
1756346499783 0.24226963196111762 40
1756346499792 0.2988385104614755 41
1756346499802 0.2432016769181127 42
1756346499812 0.2649410477151041 43
1756346499821 0.20794770737057147 44
1756346499831 0.21791888319927713 45
1756346499841 0.2133621994567954 46
1756346499851 0.19899301360482755 47
1756346499861 0.2244241995655972 48
1756346499871 0.21540054031040357 49
1756346499880 0.1984795335194339 50
1756346499890 0.20514825018851654 51
1756346499900 0.15483883314806482 52
1756346499910 0.17877660141043042 53
1756346499921 0.1579966457641643 54
1756346499931 0.14903721990792648 55
1756346499941 0.18882390014503314 56
1756346499951 0.16097943419995514 57
1756346499962 0.1548029349549957 58
1756346499972 0.16061945842659991 59
1756346499982 0.2169205951301948 60
1756346499992 0.19109335574118988 61
1756346500002 0.1390979118321253 62
1756346500013 0.15516355147828226 63
1756346500023 0.16887165767991025 64
1756346500034 0.12909185724413913 65
1756346500044 0.13674182347629382 66
1756346500054 0.1475083338825599 67
1756346500065 0.14241057018870892 68
1756346500075 0.1603643003365268 69
1756346500086 0.15646351647117865 70
1756346500096 0.15928916325387749 71
1756346500107 0.12892861923445825 72
1756346500117 0.19574147300875705 73
1756346500128 0.17118333798387778 74
1756346500139 0.14414449295271997 75
1756346500149 0.10075237148481866 76
1756346500160 0.13333256024381387 77
1756346500170 0.11826525952505029 78
1756346500181 0.12484324561512988 79
1756346500192 0.10871846374610196 80
1756346500203 0.1208252647648687 81
1756346500214 0.10771437070291975 82
1756346500225 0.11625332482483076 83
1756346500235 0.10947982626764671 84
1756346500246 0.10926045420701089 85
1756346500257 0.10105306412214818 86
