1756346550702 0.00022406888397582533 1
1756346550723 0.00044813776795165066 2
1756346550742 0.0006722066519274759 3
1756346550761 0.0008962755359033013 4
1756346550779 0.0011203444198791266 5
1756346550798 0.0011203444198791266 6
1756346550817 0.0011202130637024544 7
1756346550836 0.0011198190568315477 8
1756346550855 0.0011191625842147932 9
1756346550873 0.0011182439540030388 10
1756346550892 0.0011170635974049466 11
1756346550911 0.0011156220684845814 12
1756346550930 0.0011139200439013312 13
1756346550949 0.0011119583225922805 14
1756346550969 0.0011097378253971863 15
1756346550988 0.001107259594626232 16
1756346551007 0.0011045247935707624 17
1756346551026 0.0011015347059572312 18
1756346551045 0.0010982907353446142 19
1756346551064 0.0010947944044655729 20
1756346551083 0.0010910473545116775 21
1756346551102 0.0010870513443630267 22
1756346551122 0.00108280824976262 23
1756346551141 0.0010783200624358792 24
1756346551160 0.0010735888891557214 25
1756346551179 0.0010686169507536346 26
1756346551199 0.0010634065810772083 27
1756346551218 0.0010579602258946178 28
1756346551237 0.0010522804417465697 29
1756346551256 0.0010463698947462525 30
1756346551276 0.0010402313593278517 31
1756346551296 0.0010338677169442199 32
1756346551315 0.0010272819547143112 33
1756346551335 0.001020477164021016 34
1756346551355 0.0010134565390600534 35
1756346551374 0.0010062233753406029 36
1756346551394 0.0009987810681383797 37
1756346551414 0.0009911331109018788 38
1756346551434 0.0009832830936125359 39
1756346551454 0.0009752347010995766 40
1756346551473 0.0009669917113103424 41
1756346551493 0.0009585579935369078 42
