1756346482092 0.00022406888397582533 1
1756346482100 0.00044813776795165066 2
1756346482106 0.0006722066519274759 3
1756346482112 0.0008962755359033013 4
1756346482118 0.0011203444198791266 5
1756346482124 0.0011203444198791266 6
1756346482130 0.0011202130637024544 7
1756346482136 0.0011198190568315477 8
1756346482142 0.0011191625842147932 9
1756346482148 0.0011182439540030388 10
1756346482154 0.0011170635974049466 11
1756346482161 0.0011156220684845814 12
1756346482167 0.0011139200439013312 13
1756346482173 0.0011119583225922805 14
1756346482179 0.0011097378253971863 15
1756346482186 0.001107259594626232 16
1756346482192 0.0011045247935707624 17
1756346482198 0.0011015347059572312 18
1756346482205 0.0010982907353446142 19
1756346482211 0.0010947944044655729 20
1756346482218 0.0010910473545116775 21
1756346482224 0.0010870513443630267 22
1756346482230 0.00108280824976262 23
1756346482237 0.0010783200624358792 24
1756346482244 0.0010735888891557214 25
1756346482250 0.0010686169507536346 26
1756346482257 0.0010634065810772083 27
1756346482263 0.0010579602258946178 28
1756346482270 0.0010522804417465697 29
1756346482277 0.0010463698947462525 30
1756346482283 0.0010402313593278517 31
1756346482290 0.0010338677169442199 32
1756346482297 0.0010272819547143112 33
1756346482304 0.001020477164021016 34
1756346482311 0.0010134565390600534 35
1756346482318 0.0010062233753406029 36
1756346482325 0.0009987810681383797 37
1756346482332 0.0009911331109018788 38
1756346482338 0.0009832830936125359 39
1756346482346 0.0009752347010995766 40
1756346482353 0.0009669917113103424 41
1756346482360 0.0009585579935369078 42
1756346482367 0.0009499375065998184 43
1756346482374 0.0009411342969898061 44
1756346482381 0.000932152496968349 45
1756346482388 0.0009229963226279723 46
1756346482395 0.0009136700719131979 47
1756346482402 0.0009041781226030712 48
1756346482410 0.0008945249302562155 49
1756346482417 0.0008847150261193742 50
1756346482424 0.0008747530150004262 51
1756346482431 0.0008646435731068702 52
1756346482439 0.0008543914458507955 53
1756346482446 0.0008440014456213653 54
1756346482454 0.0008334784495258634 55
1756346482461 0.0008228273971003598 56
1756346482469 0.0008120532879910738 57
1756346482476 0.000801161179607519 58
1756346482484 0.0007901561847485366 59
1756346482491 0.0007790434692023267 60
1756346482499 0.0007678282493216068 61
1756346482507 0.0007565157895750347 62
1756346482514 0.0007451114000760475 63
1756346482522 0.0007336204340902718 64
1756346482530 0.0007220482855226806 65
1756346482538 0.0007104003863856722 66
