1756346499425 0.00022406888397582533 1
1756346499435 0.00044813776795165066 2
1756346499444 0.0006722066519274759 3
1756346499453 0.0008962755359033013 4
1756346499461 0.0011203444198791266 5
1756346499470 0.0011203444198791266 6
1756346499479 0.0011202130637024544 7
1756346499488 0.0011198190568315477 8
1756346499496 0.0011191625842147932 9
1756346499505 0.0011182439540030388 10
1756346499514 0.0011170635974049466 11
1756346499523 0.0011156220684845814 12
1756346499532 0.0011139200439013312 13
1756346499541 0.0011119583225922805 14
1756346499550 0.0011097378253971863 15
1756346499559 0.001107259594626232 16
1756346499569 0.0011045247935707624 17
1756346499578 0.0011015347059572312 18
1756346499587 0.0010982907353446142 19
1756346499596 0.0010947944044655729 20
1756346499605 0.0010910473545116775 21
1756346499614 0.0010870513443630267 22
1756346499623 0.00108280824976262 23
1756346499632 0.0010783200624358792 24
1756346499641 0.0010735888891557214 25
1756346499650 0.0010686169507536346 26
1756346499660 0.0010634065810772083 27
1756346499669 0.0010579602258946178 28
1756346499678 0.0010522804417465697 29
1756346499687 0.0010463698947462525 30
1756346499697 0.0010402313593278517 31
1756346499706 0.0010338677169442199 32
1756346499715 0.0010272819547143112 33
1756346499725 0.001020477164021016 34
1756346499735 0.0010134565390600534 35
1756346499744 0.0010062233753406029 36
1756346499754 0.0009987810681383797 37
1756346499763 0.0009911331109018788 38
1756346499773 0.0009832830936125359 39
1756346499783 0.0009752347010995766 40
1756346499792 0.0009669917113103424 41
1756346499802 0.0009585579935369078 42
1756346499812 0.0009499375065998184 43
1756346499821 0.0009411342969898061 44
1756346499831 0.000932152496968349 45
1756346499841 0.0009229963226279723 46
1756346499851 0.0009136700719131979 47
1756346499861 0.0009041781226030712 48
1756346499871 0.0008945249302562155 49
1756346499880 0.0008847150261193742 50
1756346499890 0.0008747530150004262 51
1756346499900 0.0008646435731068702 52
1756346499910 0.0008543914458507955 53
1756346499921 0.0008440014456213653 54
1756346499931 0.0008334784495258634 55
1756346499941 0.0008228273971003598 56
1756346499951 0.0008120532879910738 57
1756346499962 0.000801161179607519 58
1756346499972 0.0007901561847485366 59
1756346499982 0.0007790434692023267 60
1756346499992 0.0007678282493216068 61
1756346500002 0.0007565157895750347 62
1756346500013 0.0007451114000760475 63
1756346500023 0.0007336204340902718 64
1756346500034 0.0007220482855226806 65
1756346500044 0.0007104003863856722 66
1756346500054 0.0006986822042492623 67
1756346500065 0.0006868992396745854 68
1756346500075 0.0006750570236319093 69
1756346500086 0.0006631611149043753 70
1756346500096 0.0006512170974786841 71
1756346500107 0.0006392305779239497 72
1756346500117 0.000627207182759954 73
1756346500128 0.0006151525558160366 74
1756346500139 0.0006030723555818571 75
1756346500149 0.0005909722525512801 76
1756346500160 0.0005788579265606211 77
1756346500170 0.0005667350641225095 78
1756346500181 0.0005546093557566174 79
1756346500192 0.0005424864933185058 80
1756346500203 0.0005303721673278468 81
1756346500214 0.0005182720642972697 82
1756346500225 0.0005061918640630904 83
1756346500235 0.0004941372371191727 84
1756346500246 0.00048211384195517707 85
1756346500257 0.0004701273224004427 86
