1756346499425 1.5469258738600689 1
1756346499435 1.3457278505615566 2
1756346499444 0.9967328957889391 3
1756346499453 1.2865743740745212 4
1756346499461 1.2134266858515532 5
1756346499470 1.0192776218704556 6
1756346499479 0.9496523867482725 7
1756346499488 0.7502564982227657 8
1756346499496 0.786346461461938 9
1756346499505 0.8037387728691101 10
1756346499514 0.6149296786474145 11
1756346499523 0.5588830489179363 12
1756346499532 0.5625560439151266 13
1756346499541 0.5449501807275026 14
1756346499550 0.4893844555253568 15
1756346499559 0.517127099244491 16
1756346499569 0.5118502650571906 17
1756346499578 0.4343123889487723 18
1756346499587 0.4081830285165621 19
1756346499596 0.387212802534518 20
1756346499605 0.3877222648133402 21
1756346499614 0.3649964241877846 22
1756346499623 0.3703683893317762 23
1756346499632 0.35461826168972516 24
1756346499641 0.3099552606758864 25
1756346499650 0.3016197143689446 26
1756346499660 0.3135186194077782 27
1756346499669 0.31433310651260876 28
1756346499678 0.27881961024325824 29
1756346499687 0.3076776298491851 30
1756346499697 0.3367506971825724 31
1756346499706 0.30457322623418726 32
1756346499715 0.31502149934354035 33
1756346499725 0.3136946066566136 34
1756346499735 0.25453987847203796 35
1756346499744 0.2568915667741195 36
1756346499754 0.23229086982167285 37
1756346499763 0.236387783418531 38
1756346499773 0.18232992388631986 39
1756346499783 0.2025039079396621 40
1756346499792 0.23974291008451712 41
1756346499802 0.20627573780391528 42
1756346499812 0.2111693225477053 43
1756346499821 0.18294860649368036 44
1756346499831 0.1908335057289704 45
1756346499841 0.19518033220716144 46
1756346499851 0.1759503386590792 47
1756346499861 0.16886242511479752 48
1756346499871 0.1861048745720283 49
1756346499880 0.184503726337267 50
1756346499890 0.16413934852765955 51
1756346499900 0.153752984236116 52
1756346499910 0.16176944226026535 53
1756346499921 0.15805009104635404 54
1756346499931 0.13850859196289725 55
1756346499941 0.16076976903106854 56
1756346499951 0.14753446695597275 57
1756346499962 0.14761349429254947 58
1756346499972 0.1478391276753467 59
1756346499982 0.15529524826485178 60
1756346499992 0.1421593654414882 61
1756346500002 0.14030789227589316 62
1756346500013 0.13762225923330887 63
1756346500023 0.14824903367654138 64
1756346500034 0.12214272566463637 65
1756346500044 0.13280219811460245 66
1756346500054 0.1221496670142464 67
1756346500065 0.12477999180555344 68
1756346500075 0.1346646450136019 69
1756346500086 0.13724577362122742 70
1756346500096 0.12549850409445557 71
1756346500107 0.11790786813134732 72
1756346500117 0.12992999605510547 73
1756346500128 0.1279130202272664 74
1756346500139 0.1280796252515005 75
1756346500149 0.09837338490330655 76
1756346500160 0.13082214736420175 77
1756346500170 0.11190848570802937 78
1756346500181 0.10870626957520195 79
1756346500192 0.10212001188293747 80
1756346500203 0.107647606374129 81
1756346500214 0.10557169742558313 82
1756346500225 0.1065661933111108 83
1756346500235 0.0990635433598705 84
1756346500246 0.10184394244266592 85
1756346500257 0.09463995176812877 86
