1756346519363 0.00022406888397582533 1
1756346519377 0.00044813776795165066 2
1756346519389 0.0006722066519274759 3
1756346519401 0.0008962755359033013 4
1756346519413 0.0011203444198791266 5
1756346519424 0.0011203444198791266 6
1756346519436 0.0011202130637024544 7
1756346519448 0.0011198190568315477 8
1756346519460 0.0011191625842147932 9
1756346519472 0.0011182439540030388 10
1756346519484 0.0011170635974049466 11
1756346519496 0.0011156220684845814 12
1756346519508 0.0011139200439013312 13
1756346519520 0.0011119583225922805 14
1756346519532 0.0011097378253971863 15
1756346519544 0.001107259594626232 16
1756346519556 0.0011045247935707624 17
1756346519568 0.0011015347059572312 18
1756346519580 0.0010982907353446142 19
1756346519592 0.0010947944044655729 20
1756346519604 0.0010910473545116775 21
1756346519616 0.0010870513443630267 22
1756346519629 0.00108280824976262 23
1756346519641 0.0010783200624358792 24
1756346519653 0.0010735888891557214 25
1756346519665 0.0010686169507536346 26
1756346519678 0.0010634065810772083 27
1756346519690 0.0010579602258946178 28
1756346519702 0.0010522804417465697 29
1756346519715 0.0010463698947462525 30
1756346519727 0.0010402313593278517 31
1756346519740 0.0010338677169442199 32
1756346519752 0.0010272819547143112 33
1756346519764 0.001020477164021016 34
1756346519777 0.0010134565390600534 35
1756346519790 0.0010062233753406029 36
1756346519802 0.0009987810681383797 37
1756346519815 0.0009911331109018788 38
1756346519827 0.0009832830936125359 39
1756346519840 0.0009752347010995766 40
1756346519853 0.0009669917113103424 41
1756346519866 0.0009585579935369078 42
1756346519878 0.0009499375065998184 43
1756346519891 0.0009411342969898061 44
1756346519904 0.000932152496968349 45
1756346519917 0.0009229963226279723 46
1756346519930 0.0009136700719131979 47
1756346519943 0.0009041781226030712 48
1756346519956 0.0008945249302562155 49
1756346519969 0.0008847150261193742 50
1756346519982 0.0008747530150004262 51
1756346519995 0.0008646435731068702 52
1756346520008 0.0008543914458507955 53
1756346520021 0.0008440014456213653 54
1756346520034 0.0008334784495258634 55
1756346520047 0.0008228273971003598 56
1756346520060 0.0008120532879910738 57
1756346520073 0.000801161179607519 58
1756346520086 0.0007901561847485366 59
1756346520100 0.0007790434692023267 60
1756346520113 0.0007678282493216068 61
1756346520126 0.0007565157895750347 62
1756346520140 0.0007451114000760475 63
1756346520153 0.0007336204340902718 64
1756346520167 0.0007220482855226806 65
1756346520180 0.0007104003863856722 66
1756346520193 0.0006986822042492623 67
1756346520207 0.0006868992396745854 68
1756346520220 0.0006750570236319093 69
1756346520234 0.0006631611149043753 70
1756346520247 0.0006512170974786841 71
1756346520261 0.0006392305779239497 72
1756346520275 0.000627207182759954 73
1756346520289 0.0006151525558160366 74
1756346520302 0.0006030723555818571 75
1756346520316 0.0005909722525512801 76
1756346520330 0.0005788579265606211 77
1756346520344 0.0005667350641225095 78
1756346520357 0.0005546093557566174 79
1756346520371 0.0005424864933185058 80
1756346520385 0.0005303721673278468 81
1756346520399 0.0005182720642972697 82
1756346520413 0.0005061918640630904 83
1756346520427 0.0004941372371191727 84
1756346520441 0.00048211384195517707 85
1756346520455 0.0004701273224004427 86
1756346520469 0.0004581833049747514 87
1756346520483 0.00044628739624721756 88
1756346520497 0.0004344451802045414 89
1756346520511 0.0004226622156298646 90
1756346520525 0.0004109440334934548 91
1756346520539 0.0003992961343564462 92
1756346520553 0.000387723985788855 93
1756346520567 0.0003762330198030793 94
1756346520582 0.00036482863030409205 95
