1756346519363 2.4244443126346753 1
1756346519377 1.4968680532082268 2
1756346519389 1.6257892328759898 3
1756346519401 1.718273823675902 4
1756346519413 2.4248851356299026 5
1756346519424 1.6558451186055723 6
1756346519436 1.1532115463329398 7
1756346519448 1.2766946165458015 8
1756346519460 0.9117493266644685 9
1756346519472 1.0937712127747743 10
1756346519484 0.9619252111600793 11
1756346519496 1.0152840134890184 12
1756346519508 0.6818855651046919 13
1756346519520 0.5464500927406809 14
1756346519532 0.5588905318923618 15
1756346519544 0.5847228765487671 16
1756346519556 0.6604582809883616 17
1756346519568 0.5402680946433026 18
1756346519580 0.6208246790844462 19
1756346519592 0.6559068398631137 20
1756346519604 0.48536228097003437 21
1756346519616 0.4187182835910631 22
1756346519629 0.4595727019983789 23
1756346519641 0.41827075766480487 24
1756346519653 0.4189578612213549 25
1756346519665 0.3290928317152936 26
1756346519678 0.36548618454000226 27
1756346519690 0.44259752786677814 28
1756346519702 0.35738691622796265 29
1756346519715 0.33288191582845605 30
1756346519727 0.42033566793669824 31
1756346519740 0.3192480475358341 32
1756346519752 0.34086261624875275 33
1756346519764 0.2812283482888471 34
1756346519777 0.3379111523213594 35
1756346519790 0.24605216183092282 36
1756346519802 0.24791701785896136 37
1756346519815 0.25872769627882086 38
1756346519827 0.27564674389103183 39
1756346519840 0.28679836638595746 40
1756346519853 0.2537378331889277 41
1756346519866 0.2580102500708207 42
1756346519878 0.26010183082974475 43
1756346519891 0.21394399067629938 44
1756346519904 0.2405580321083898 45
1756346519917 0.2966761514544487 46
1756346519930 0.238125574329625 47
1756346519943 0.29281049416117044 48
1756346519956 0.24007754546144736 49
1756346519969 0.20958972592716632 50
1756346519982 0.21734454839125925 51
1756346519995 0.21610377534576083 52
1756346520008 0.1903245112170344 53
1756346520021 0.19076909675546314 54
1756346520034 0.31821806923202844 55
1756346520047 0.24533909040948618 56
1756346520060 0.23542498829572098 57
1756346520073 0.23309397859417874 58
1756346520086 0.20616645139196646 59
1756346520100 0.19021729477073834 60
1756346520113 0.17822986841201782 61
1756346520126 0.1649950836663661 62
1756346520140 0.21592009650624316 63
1756346520153 0.203417193306529 64
1756346520167 0.15065001080865445 65
1756346520180 0.1856078486079755 66
1756346520193 0.18159613078055176 67
1756346520207 0.1750573755606361 68
1756346520220 0.17274068846650745 69
1756346520234 0.1541000202946041 70
1756346520247 0.14378886378329733 71
1756346520261 0.14979483235789381 72
1756346520275 0.15772343459336655 73
1756346520289 0.11678310451300247 74
1756346520302 0.1218316184113855 75
1756346520316 0.12993195426204932 76
1756346520330 0.16383014716531918 77
1756346520344 0.15496934788382571 78
1756346520357 0.1634036062852196 79
1756346520371 0.14909297891932985 80
1756346520385 0.151486337184906 81
1756346520399 0.14157965293397073 82
1756346520413 0.14080057390358136 83
1756346520427 0.14477810895313387 84
1756346520441 0.13506225561318191 85
1756346520455 0.1324394176835599 86
1756346520469 0.12290068634826204 87
1756346520483 0.10870367823087651 88
1756346520497 0.15510736778378487 89
1756346520511 0.15880744580341422 90
1756346520525 0.136820993669655 91
1756346520539 0.11547324774057968 92
1756346520553 0.12803795642178992 93
1756346520567 0.09838675739972488 94
1756346520582 0.11072951895387276 95
