1756058095955 1.5143035978078843 1
1756058095963 1.3069129288196564 2
1756058095968 1.1143776774406433 3
1756058095973 0.807425370812416 4
1756058095979 0.6747116647660732 5
1756058095984 0.7694657698273659 6
1756058095989 0.6061984248459339 7
1756058095994 0.6313132554292679 8
1756058095999 0.66467255204916 9
1756058096004 0.46170091927051543 10
1756058096009 0.46081593856215475 11
1756058096014 0.38087511882185937 12
1756058096019 0.4287489980459213 13
1756058096024 0.4474038496613503 14
1756058096029 0.4538690485060215 15
1756058096034 0.8802740544080734 16
1756058096040 0.4323200687766075 17
1756058096044 0.3837453663349152 18
1756058096049 0.3389648299664259 19
1756058096054 0.4099567100405693 20
1756058096059 0.3525497280061245 21
1756058096064 0.3631883911788464 22
1756058096069 0.32758699208498 23
1756058096074 0.4010158620774746 24
1756058096079 0.3200373642146587 25
1756058096084 0.5014670647680759 26
1756058096089 0.3105907805263996 27
1756058096094 0.3278638176620007 28
1756058096099 0.2134938757866621 29
1756058096104 0.35714783482253554 30
1756058096109 0.3726849392056465 31
1756058096114 0.27749975547194483 32
1756058096119 0.25876479819417 33
1756058096124 0.3604060597717762 34
1756058096130 0.2672173772007227 35
1756058096135 0.253233615681529 36
1756058096141 0.21876607835292816 37
1756058096146 0.2147369019687176 38
1756058096152 0.20260678343474864 39
1756058096158 0.20129111520946025 40
1756058096164 0.20197600312530994 41
1756058096170 0.20167467780411244 42
1756058096175 0.17935087084770202 43
1756058096181 0.1983171969652176 44
1756058096186 0.25795495361089704 45
1756058096191 0.177524895966053 46
1756058096196 0.19944065064191818 47
1756058096202 0.5263811398297549 48
1756058096207 0.1897706978023052 49
1756058096212 0.19135792814195157 50
1756058096218 0.1557115640025586 51
1756058096223 0.2993898745626211 52
1756058096229 0.2168668143451214 53
1756058096235 0.2045998677611351 54
1756058096241 0.18462946973741054 55
1756058096247 0.17231853492558002 56
1756058096253 0.20674811191856862 57
1756058096259 0.16026213355362415 58
1756058096264 0.15200861655175685 59
1756058096270 0.1721816159784794 60
1756058096276 0.18500526063144207 61
1756058096281 0.18096221052110195 62
1756058096287 0.1577702121809125 63
1756058096293 0.12799830846488475 64
1756058096298 0.24841280058026313 65
1756058096304 0.15846640728414058 66
1756058096310 0.19488839209079742 67
1756058096315 0.14223826564848424 68
1756058096321 0.11095489505678416 69
1756058096327 0.23490933738648892 70
1756058096333 0.10067885727967223 71
1756058096339 0.14335261508822442 72
1756058096344 0.10123669877648353 73
1756058096350 0.18398244939744474 74
1756058096356 0.36722317058593035 75
1756058096361 0.23598043881356717 76
1756058096367 0.10040648225694895 77
1756058096373 0.11307510621845722 78
1756058096380 0.11064289472997188 79
1756058096386 0.16161331236362458 80
1756058096393 0.17264169938862323 81
1756058096399 0.15262372232973576 82
1756058096406 0.1147887084633112 83
1756058096412 0.2075712289661169 84
1756058096418 0.11235146597027779 85
1756058096424 0.09311444219201803 86
1756058096430 0.11801233179867268 87
1756058096436 0.15313755646347998 88
1756058096442 0.09454968515783549 89
1756058096448 0.09013758189976215 90
1756058096454 0.2374404974281788 91
1756058096460 0.15033371448516847 92
1756058096466 0.12786408439278601 93
1756058096472 0.17023740690201522 94
1756058096479 0.09163191951811314 95
1756058096485 0.08864360675215721 96
1756058096492 0.11026437859982252 97
1756058096499 0.38832000847905873 98
