1756058173984 1.4632359713315963 1
1756058173999 1.0098116010427476 2
1756058174008 1.0947285726666451 3
1756058174018 1.2905677556991577 4
1756058174028 0.7997612863779068 5
1756058174037 0.7805873408913613 6
1756058174047 0.6479036957025528 7
1756058174056 0.5009042546153069 8
1756058174064 0.603283378481865 9
1756058174074 0.49990647435188296 10
1756058174082 0.5371466115117073 11
1756058174092 0.5728110432624817 12
1756058174102 0.4641988530755043 13
1756058174110 0.5032713249325752 14
1756058174119 0.4277317762374878 15
1756058174128 0.4033313885331154 16
1756058174137 0.35510543212294576 17
1756058174146 0.45051999390125275 18
1756058174155 0.44974725842475893 19
1756058174164 0.5003870263695717 20
1756058174173 0.3916027843952179 21
1756058174182 0.3490931667387486 22
1756058174191 0.45199377834796906 23
1756058174200 0.42248610854148866 24
1756058174210 0.46624694764614105 25
1756058174219 0.48192494213581083 26
1756058174229 0.33215658739209175 27
1756058174239 0.3594774007797241 28
1756058174249 0.34895363748073577 29
1756058174259 0.40584358125925063 30
1756058174268 0.5008741840720177 31
1756058174278 0.4347765907645226 32
1756058174288 0.4653326541185379 33
1756058174298 0.41343052238225936 34
1756058174308 0.41433982998132707 35
1756058174318 0.29722259417176244 36
1756058174327 0.30740891993045805 37
1756058174336 0.2952212691307068 38
1756058174346 0.2690026581287384 39
1756058174355 0.2850068286061287 40
1756058174365 0.33478164821863177 41
1756058174374 0.29771553054451944 42
1756058174383 0.2945257820188999 43
1756058174393 0.28093969374895095 44
1756058174403 0.30367066860198977 45
1756058174412 0.24567386284470558 46
1756058174421 0.27815810590982437 47
1756058174430 0.3161322966217995 48
1756058174440 0.24407625943422318 49
1756058174449 0.2790760822594166 50
1756058174459 0.2759848587214947 51
1756058174468 0.24771199598908425 52
1756058174478 0.22889338657259942 53
1756058174488 0.2872745364904404 54
1756058174498 0.2110519964247942 55
1756058174507 0.22741608396172525 56
1756058174517 0.22499413788318634 57
1756058174526 0.24847481809556485 58
1756058174536 0.2515520963817835 59
1756058174546 0.20687796398997307 60
1756058174556 0.19089624769985675 61
1756058174565 0.1776050254702568 62
1756058174575 0.1724601112306118 63
1756058174585 0.19362279437482358 64
1756058174595 0.1876311220228672 65
1756058174606 0.22801485769450663 66
1756058174616 0.20559836253523828 67
1756058174626 0.21633779183030127 68
1756058174637 0.15632719360291958 69
1756058174647 0.39168619103729724 70
1756058174658 0.28581861555576327 71
1756058174668 0.1864681789651513 72
1756058174679 0.1838160116225481 73
1756058174689 0.1762691892683506 74
1756058174700 0.17486131861805915 75
1756058174710 0.17696511521935462 76
1756058174721 0.16539136618375777 77
1756058174732 0.24393743574619292 78
1756058174742 0.16139039136469363 79
1756058174753 0.24004393294453621 80
1756058174764 0.18604057095944881 81
1756058174775 0.13047523498535157 82
1756058174786 0.2389210034161806 83
1756058174797 0.1936639964580536 84
