1755976328508 0.0007982611757123357 1
1755976328540 0.0015965223514246714 2
1755976328547 0.0023947835271370074 3
1755976328555 0.003193044702849343 4
1755976328561 0.003991305878561679 5
1755976328568 0.003991305878561679 6
1755976328575 0.003990215043338397 7
1755976328581 0.0039869437304808535 8
1755976328587 0.003981495517121628 9
1755976328593 0.00397387636080204 10
1755976328599 0.003964094592957661 11
1755976328605 0.003952160909808014 12
1755976328611 0.003938088360660416 13
1755976328618 0.003921892333640748 14
1755976328624 0.0039035905388667674 15
1755976328630 0.0038832029890823565 16
1755976328637 0.003860751977773878 17
1755976328644 0.0038362620547925737 18
1755976328651 0.0038097599995096675 19
1755976328657 0.0037812747915335113 20
1755976328663 0.0037508375790208117 21
1755976328669 0.003718481644616577 22
1755976328675 0.0036842423690600324 23
1755976328681 0.003648157192496304 24
1755976328688 0.003610265573536166 25
1755976328694 0.003570608946108633 26
1755976328701 0.003529230674153564 27
1755976328708 0.003486176004203832 28
1755976328714 0.003441492015908905 29
1755976328721 0.0033952275705539385 30
1755976328728 0.003347433257630683 31
1755976328734 0.0032981613395186094 32
1755976328740 0.00324746569433677 33
1755976328746 0.003195401757028866 34
1755976328753 0.003142026458745948 35
1755976328759 0.003087398164593041 36
1755976328765 0.0030315766098077553 37
1755976328771 0.002974622834440686 38
1755976328778 0.0029165991166090095 39
1755976328784 0.0028575689043962784 40
1755976328791 0.002797596746472877 41
1755976328798 0.0027367482215129887 42
1755976328805 0.002675089866485291 43
1755976328812 0.0026126891038957467 44
1755976328819 0.002549614168062088 45
