1756059791113 1.6513879656791688 1
1756059791127 1.2379399299621583 2
1756059791136 1.0650087237358092 3
1756059791146 1.0112880051136017 4
1756059791155 1.1167173475027083 5
1756059791165 0.891239446401596 6
1756059791174 0.8598357178270817 7
1756059791184 0.9690863698720932 8
1756059791193 1.2807005196809769 9
1756059791202 0.6597395107150078 10
1756059791212 0.750351519882679 11
1756059791221 0.5561321318149567 12
1756059791231 0.49176077991724015 13
1756059791240 0.45816782116889954 14
1756059791250 0.4122913658618927 15
1756059791260 0.41669563204050064 16
1756059791269 0.4731434792280197 17
1756059791279 1.0309692919254303 18
1756059791288 0.43089817464351654 19
1756059791298 0.38144625425338746 20
1756059791307 0.42265373319387434 21
1756059791317 0.4296872720122337 22
1756059791326 0.4182868540287018 23
1756059791336 0.4368650704622269 24
1756059791346 0.37479938864707946 25
1756059791356 0.38689737766981125 26
1756059791365 0.31346876099705695 27
1756059791376 0.3594094209372997 28
1756059791385 0.32547917515039443 29
1756059791395 0.33516677394509314 30
1756059791405 0.2995146900415421 31
1756059791414 0.30345039516687394 32
1756059791424 0.2781416058540344 33
1756059791434 0.2765979193150997 34
1756059791444 0.28905457630753517 35
1756059791454 0.25886968746781347 36
1756059791463 0.30248092263937 37
1756059791473 0.3471944645047188 38
1756059791483 0.40464282408356667 39
1756059791494 0.39323769956827165 40
1756059791504 0.3762445993721485 41
1756059791513 0.37049632519483566 42
1756059791523 0.35065402165055276 43
1756059791533 0.3995275489985943 44
1756059791543 0.39702904373407366 45
1756059791554 0.30681278109550475 46
1756059791564 0.5723300650715828 47
1756059791574 0.5496297441422939 48
1756059791584 0.31215679571032523 49
1756059791594 0.4065888047218323 50
1756059791604 0.4306992694735527 51
1756059791613 0.3403130188584328 52
1756059791623 0.2797713682055473 53
1756059791633 0.22878885944373906 54
1756059791644 0.29140197262167933 55
1756059791654 0.34355895295739175 56
1756059791664 0.2663037199527025 57
1756059791674 0.32538404911756513 58
1756059791685 0.34562434926629065 59
1756059791695 0.2924602493643761 60
1756059791705 0.24040393978357316 61
1756059791714 0.24456289783120155 62
1756059791724 0.24567198529839515 63
1756059791735 0.24465568959712983 64
1756059791745 0.2877934843301773 65
1756059791756 0.21508163660764695 66
1756059791766 0.23833286464214326 67
1756059791777 0.2639012675732374 68
1756059791787 0.2466011106967926 69
1756059791798 0.2226160228252411 70
1756059791808 0.2755496859550476 71
1756059791818 0.2575359996408224 72
1756059791828 0.2019382778555155 73
1756059791838 0.2543779518455267 74
1756059791849 0.22918381877243518 75
1756059791859 0.19029365256428718 76
