1756059757269 0.00029154756421665286 1
1756059757283 0.0005830951284333057 2
1756059757291 0.0008746426926499586 3
1756059757298 0.0011661902568666114 4
1756059757305 0.0014577378210832643 5
1756059757313 0.0014577378210832643 6
1756059757320 0.001457339590728328 7
1756059757326 0.0014561453351225652 8
1756059757333 0.0014541563601669471 9
1756059757340 0.001451374840776386 10
1756059757347 0.0014478038185014974 11
1756059757354 0.0014434471982027095 12
1756059757361 0.0014383097437803561 13
1756059757370 0.0014323970729654206 14
1756059757377 0.0014257156511766301 15
1756059757384 0.0014182727844506149 16
1756059757391 0.0014100766114528652 17
1756059757397 0.0014011360945782186 18
1756059757404 0.0013914610101506146 19
1756059757412 0.0013810619377328263 20
1756059757419 0.001369950248557865 21
1756059757426 0.0013581380930947034 22
1756059757434 0.001345638387761916 23
1756059757441 0.0013324648008037657 24
1756059757449 0.0013186317373441783 25
1756059757457 0.001304154323634952 26
1756059757464 0.0012890483905154226 27
1756059757471 0.001273330456101673 28
1756059757478 0.0012570177077242165 29
1756059757486 0.0012401279831339021 30
1756059757493 0.0012226797509965975 31
1756059757501 0.0012046920906979722 32
1756059757508 0.0011861846714804705 33
1756059757516 0.0011671777309352834 34
1756059757546 0.0011476920528728403 35
1756059757559 0.0011277489445960167 36
1756059757570 0.001107370213600911 37
1756059757578 0.0010865781437306694 38
1756059757585 0.0010653954708084285 39
1756059757593 0.001043845357776028 40
1756059757601 0.0010219513693656738 41
1756059757608 0.0009997374463322475 42
1756059757616 0.0009772278792744454 43
1756059757625 0.0009544472820733624 44
1756059757634 0.0009314205649775767 45
1756059757643 0.0009081729073641579 46
1756059757651 0.0008847297302053876 47
1756059757660 0.0008611166682712995 48
1756059757668 0.0008373595420984349 49
1756059757676 0.0008134843297554657 50
1756059757684 0.000789517138436556 51
1756059757691 0.0007654841759135307 52
1756059757699 0.0007414117218780603 53
1756059757706 0.0007173260992052042 54
1756059757714 0.0006932536451697336 55
1756059757721 0.0006692206826467085 56
1756059757729 0.0006452534913277989 57
1756059757737 0.0006213782789848294 58
1756059757744 0.0005976211528119652 59
1756059757752 0.000574008090877877 60
1756059757760 0.0005505649137191065 61
1756059757767 0.0005273172561056878 62
1756059757775 0.0005042905390099022 63
1756059757782 0.00048150994180881906 64
1756059757790 0.00045900037475101656 65
1756059757798 0.0004367864517175907 66
1756059757806 0.0004148924633072362 67
1756059757814 0.0003933423502748358 68
1756059757822 0.00037215967735259524 69
1756059757830 0.00035136760748235354 70
1756059757837 0.0003309888764872479 71
1756059757845 0.000311045768210424 72
1756059757854 0.0002915600901479809 73
1756059757863 0.0002725531496027939 74
1756059757874 0.00025404573038529207 75
1756059757884 0.00023605807008666679 76
1756059757896 0.0002186098379493621 77
1756059757904 0.00020172011335904794 78
1756059757913 0.00018540736498159162 79
1756059757921 0.000169689430567842 80
1756059757929 0.0001545834974483124 81
1756059757937 0.000140106083739086 82
1756059757945 0.00012627302027949856 83
1756059757953 0.00011309943332134809 84
1756059757961 0.00010059972798856075 85
1756059757968 8.878757252539934e-05 86
1756059757976 7.7675883350438e-05 87
1756059757984 6.72768109326497e-05 88
1756059757992 5.760172650504556e-05 89
1756059758000 4.866120963039918e-05 90
1756059758009 4.0465036632649327e-05 91
1756059758017 3.302216990663423e-05 92
1756059758025 2.6340748117843802e-05 93
1756059758033 2.042807730290823e-05 94
1756059758041 1.5290622880554753e-05 95
1756059758049 1.0934002581767008e-05 96
1756059758057 7.3629803068783045e-06 97
1756059758065 4.581460916317067e-06 98
1756059758073 2.5924859606990703e-06 99
1756059758081 1.3982303549363287e-06 100
