1756059791113 1.2042505353689195 1
1756059791127 0.9583391666412353 2
1756059791136 0.8187291592359542 3
1756059791146 0.7992941081523895 4
1756059791155 0.824237248301506 5
1756059791165 0.7164397925138474 6
1756059791174 0.7011251982301474 7
1756059791184 0.8085129588842392 8
1756059791193 0.9172322928905488 9
1756059791202 0.557109672948718 10
1756059791212 0.6045808896422387 11
1756059791221 0.5044684305787086 12
1756059791231 0.45139780193567275 13
1756059791240 0.4039984107017517 14
1756059791250 0.39469034150242804 15
1756059791260 0.3815652817487717 16
1756059791269 0.37923083603382113 17
1756059791279 0.7691400676965714 18
1756059791288 0.41344992965459826 19
1756059791298 0.34490686282515526 20
1756059791307 0.36933976635336874 21
1756059791317 0.36544567793607713 22
1756059791326 0.33052532337605955 23
1756059791336 0.3782616935670376 24
1756059791346 0.34098975360393524 25
1756059791356 0.35213954374194145 26
1756059791365 0.28858114704489707 27
1756059791376 0.32382878810167315 28
1756059791385 0.31128137186169624 29
1756059791395 0.29304676577448846 30
1756059791405 0.27445088103413584 31
1756059791414 0.2866648256778717 32
1756059791424 0.2574859566986561 33
1756059791434 0.2399497412145138 34
1756059791444 0.2587648034095764 35
1756059791454 0.23672479167580604 36
1756059791463 0.27513632252812387 37
1756059791473 0.26635830476880074 38
1756059791483 0.35364894568920135 39
1756059791494 0.3623241439461708 40
1756059791504 0.33951755836606023 41
1756059791513 0.35639372617006304 42
1756059791523 0.2885276351124048 43
1756059791533 0.3397677205502987 44
1756059791543 0.36466201916337015 45
1756059791554 0.2622627094388008 46
1756059791564 0.4545563109219074 47
1756059791574 0.44463599324226377 48
1756059791584 0.30796861946582793 49
1756059791594 0.37747122049331666 50
1756059791604 0.3948589786887169 51
1756059791613 0.3066001497209072 52
1756059791623 0.25915164202451707 53
1756059791633 0.2240058746188879 54
1756059791644 0.24244295209646224 55
1756059791654 0.30217348635196684 56
1756059791664 0.25409557297825813 57
1756059791674 0.268268971145153 58
1756059791685 0.2928015500307083 59
1756059791695 0.25616024136543275 60
1756059791705 0.22381879910826682 61
1756059791714 0.22159527912735938 62
1756059791724 0.2292267709970474 63
1756059791735 0.22726151160895824 64
1756059791745 0.28010971546173097 65
1756059791756 0.2061248503625393 66
1756059791766 0.2059659868478775 67
1756059791777 0.23588379696011544 68
1756059791787 0.2406279258430004 69
1756059791798 0.1889830820262432 70
1756059791808 0.2580947794020176 71
1756059791818 0.23678025491535665 72
1756059791828 0.1999046377837658 73
1756059791838 0.2312992736697197 74
1756059791849 0.20805933512747288 75
1756059791859 0.1751620065420866 76
