1755908155370 1.0918612718582152 1
1755908155389 0.8785850703716278 2
1755908155397 0.7960272192955017 3
1755908155407 0.6924071311950684 4
1755908155415 0.6428277760744094 5
1755908155423 0.5910536468029022 6
1755908155431 0.5541396677494049 7
1755908155439 0.525820329785347 8
1755908155446 0.5194912523031234 9
1755908155458 0.4920328289270401 10
1755908155465 0.4709612011909485 11
1755908155473 0.48027040958404543 12
1755908155482 0.47455779314041135 13
1755908155494 0.4459129273891449 14
1755908155502 0.4255455583333969 15
1755908155510 0.3888333588838577 16
1755908155518 0.38619383573532107 17
1755908155528 0.3816077560186386 18
1755908155536 0.37446740865707395 19
1755908155544 0.35837786793708803 20
1755908155553 0.34771621525287627 21
1755908155561 0.34396747350692747 22
1755908155569 0.32598326802253724 23
1755908155578 0.2994211822748184 24
1755908155587 0.30811430513858795 25
1755908155596 0.31551380157470704 26
1755908155607 0.2870605945587158 27
1755908155615 0.28235399425029756 28
1755908155624 0.26215914338827134 29
1755908155632 0.2565483585000038 30
1755908155640 0.2536231964826584 31
1755908155651 0.24900303781032562 32
1755908155659 0.2570988520979881 33
1755908155667 0.2537099480628967 34
1755908155675 0.27048509567976 35
1755908155684 0.2401875823736191 36
1755908155691 0.2306676134467125 37
1755908155701 0.2293291762471199 38
1755908155712 0.22104908227920533 39
1755908155721 0.20940893441438674 40
1755908155729 0.20557289868593215 41
1755908155740 0.2129560962319374 42
1755908155749 0.21096099317073821 43
1755908155758 0.19658993631601335 44
1755908155767 0.2039685219526291 45
1755908155776 0.18924182653427124 46
1755908155788 0.20458627343177796 47
1755908155796 0.1899355098605156 48
1755908155805 0.19870250225067138 49
1755908155814 0.17818985283374786 50
1755908155822 0.18942760974168776 51
1755908155830 0.18812260180711746 52
1755908155839 0.18337145298719407 53
1755908155848 0.18470592498779298 54
1755908155856 0.17987086325883866 55
1755908155864 0.1799346148967743 56
1755908155872 0.1767440155148506 57
1755908155882 0.16233329176902772 58
1755908155890 0.16815292239189147 59
1755908155899 0.1780507192015648 60
