1755908155370 0.00041893595016568506 1
1755908155389 0.0008378719003313701 2
1755908155397 0.0012568078504970551 3
1755908155407 0.0016757438006627403 4
1755908155415 0.0020946797508284254 5
1755908155423 0.0020946797508284254 6
1755908155431 0.002094107398811317 7
1755908155439 0.0020923909686185183 8
1755908155446 0.0020895323371412458 9
1755908155458 0.002085534630251049 10
1755908155465 0.002080402219381719 11
1755908155473 0.002074140716749188 12
1755908155482 0.0020667569692146546 13
1755908155494 0.00205825905079764 14
1755908155502 0.0020486562538471692 15
1755908155510 0.0020379590788807194 16
1755908155518 0.0020261792231020628 17
1755908155528 0.0020133295676105427 18
1755908155536 0.0019994241633157833 19
1755908155544 0.001984478215573223 20
1755908155553 0.001968508067557284 21
1755908155561 0.001951531182390351 22
1755908155569 0.0019335661240471012 23
1755908155578 0.0019146325370550737 24
1755908155587 0.0018947511250136633 25
1755908155596 0.0018739436279550416 26
1755908155607 0.0018522327985717496 27
1755908155615 0.0018296423773369625 28
1755908155624 0.0018061970665446316 29
1755908155632 0.0017819225032978875 30
1755908155640 0.0017568452314752456 31
1755908155651 0.0017309926727052621 32
1755908155659 0.0017043930963813896 33
1755908155667 0.0016770755887498066 34
1755908155675 0.0016490700211040366 35
1755908155684 0.001620407017121127 36
1755908155691 0.0015911179193751068 37
1755908155701 0.0015612347550643434 38
1755908155712 0.0015307902009902702 39
1755908155721 0.0014998175478257844 40
1755908155729 0.0014683506637123865 41
1755908155740 0.0014364239572258611 42
1755908155749 0.0014040723397510091 43
1755908155758 0.001371331187306557 44
1755908155767 0.0013382363018620022 45
1755908155776 0.001304823872188684 46
1755908155788 0.0012711304342878941 47
1755908155796 0.0012371928314392948 48
1755908155805 0.001203048173913334 49
1755908155814 0.0011687337983917099 50
1755908155822 0.0011342872271402564 51
1755908155830 0.0010997461269788974 52
1755908155839 0.0010651482680935328 53
1755908155848 0.0010305314827348923 54
1755908155856 0.0009959336238495274 55
1755908155864 0.0009613925236881692 56
1755908155872 0.0009269459524367155 57
1755908155882 0.0008926315769150912 58
1755908155890 0.0008584869193891308 59
1755908155899 0.0008245493165405312 60
