1755908136930 1.56504065990448 1
1755908136943 0.9302421450614929 2
1755908136949 0.8506759345531464 3
1755908136954 0.7728667557239532 4
1755908136960 0.6991441726684571 5
1755908136966 0.6099397420883179 6
1755908136971 0.5618981033563614 7
1755908136977 0.5779970169067383 8
1755908136983 0.4811513215303421 9
1755908136988 0.4507906258106232 10
1755908136994 0.379945307970047 11
1755908137000 0.31523395627737044 12
1755908137005 0.3163181275129318 13
1755908137011 0.277880933880806 14
1755908137017 0.28487746715545653 15
1755908137022 0.2755615755915642 16
1755908137028 0.2478905960917473 17
1755908137034 0.23314433246850969 18
1755908137040 0.2339669018983841 19
1755908137046 0.20015281885862352 20
1755908137052 0.161671981215477 21
1755908137058 0.16915694624185562 22
1755908137063 0.16189230382442474 23
1755908137069 0.15850602984428405 24
1755908137075 0.14805328994989395 25
1755908137081 0.13318586349487305 26
1755908137087 0.12500766590237616 27
1755908137092 0.12555500417947768 28
1755908137098 0.12824476435780524 29
1755908137104 0.11180425807833672 30
1755908137110 0.10812652185559272 31
1755908137117 0.11896260604262351 32
1755908137123 0.12076361626386642 33
1755908137129 0.12382941246032715 34
1755908137135 0.10994636490941048 35
1755908137141 0.09299695938825607 36
1755908137147 0.07863557264208794 37
1755908137153 0.07668633088469505 38
1755908137159 0.07444208674132824 39
1755908137166 0.08390607088804244 40
1755908137172 0.0826611191034317 41
1755908137178 0.07402307726442814 42
1755908137184 0.0849346399307251 43
1755908137190 0.08035868927836418 44
1755908137196 0.07262068763375282 45
1755908137202 0.0802103966474533 46
1755908137208 0.06604404672980309 47
1755908137215 0.07387701906263829 48
1755908137221 0.05706976391375065 49
1755908137227 0.059721042215824124 50
1755908137233 0.05371111929416657 51
1755908137240 0.058422600850462914 52
1755908137247 0.06031609252095223 53
1755908137255 0.0590833880007267 54
1755908137261 0.05160392783582211 55
1755908137268 0.04841035231947899 56
1755908137275 0.05046209208667278 57
1755908137282 0.04752383437007666 58
1755908137289 0.04800485298037529 59
1755908137297 0.05715772919356823 60
1755908137303 0.049590568616986276 61
1755908137310 0.03999188281595707 62
1755908137316 0.04856958873569965 63
1755908137323 0.04435393251478672 64
1755908137330 0.05261974222958088 65
1755908137336 0.04592410549521446 66
1755908137343 0.04441948998719454 67
1755908137349 0.043916314467787744 68
1755908137357 0.047158196195960046 69
1755908137364 0.04522570986300707 70
1755908137370 0.04284030571579933 71
1755908137377 0.036163823865354064 72
1755908137383 0.04081058222800493 73
1755908137390 0.03889914210885763 74
1755908137397 0.04077834580093622 75
1755908137403 0.04000939354300499 76
1755908137410 0.04053424671292305 77
1755908137417 0.03588288277387619 78
1755908137424 0.04021333120763302 79
1755908137430 0.040667037665843966 80
1755908137437 0.04199826791882515 81
1755908137444 0.0349445853382349 82
1755908137451 0.032828410156071186 83
1755908137458 0.03631901238113642 84
1755908137465 0.03215368762612343 85
1755908137473 0.0378390621393919 86
