1755988591260 1.4805756330490112 1
1755988591272 0.9729515790939331 2
1755988591278 0.9551701307296753 3
1755988591284 0.8021492838859559 4
1755988591289 0.6447582960128784 5
1755988591295 0.5691238760948181 6
1755988591301 0.5248007595539093 7
1755988591307 0.48667771816253663 8
1755988591313 0.49397515058517455 9
1755988591320 0.4910100042819977 10
1755988591326 0.47138058543205263 11
1755988591332 0.41098433136940005 12
1755988591338 0.3546703398227692 13
1755988591344 0.32015749216079714 14
1755988591351 0.3570791959762573 15
1755988591356 0.2980589985847473 16
1755988591363 0.3375813663005829 17
1755988591369 0.31301688551902773 18
1755988591375 0.34832051396369934 19
1755988591381 0.2570547640323639 20
1755988591387 0.2705735802650452 21
1755988591393 0.2874152362346649 22
1755988591399 0.23451612293720245 23
1755988591405 0.22870981991291045 24
1755988591412 0.2200890749692917 25
1755988591418 0.2114296942949295 26
1755988591424 0.22110566794872283 27
1755988591431 0.20715101957321166 28
1755988591437 0.18015491664409639 29
1755988591443 0.17766445279121398 30
1755988591449 0.17533037066459656 31
1755988591456 0.17041485607624055 32
1755988591462 0.15775601267814637 33
1755988591468 0.1482567384839058 34
1755988591475 0.13912924528121948 35
1755988591481 0.14762881994247437 36
1755988591487 0.12987228333950043 37
1755988591494 0.12754815965890884 38
1755988591500 0.15433216392993926 39
1755988591506 0.1249310165643692 40
1755988591513 0.13503728210926055 41
1755988591519 0.1306341290473938 42
1755988591526 0.1250767856836319 43
1755988591532 0.12365431040525436 44
1755988591539 0.11729055047035217 45
1755988591545 0.10640031397342682 46
