1755907851449 1.029200267791748 1
1755907851463 0.6449709832668304 2
1755907851473 0.527794498205185 3
1755907851480 0.4286870539188385 4
1755907851488 0.36630900800228117 5
1755907851495 0.2648968279361725 6
1755907851501 0.2678410544991493 7
1755907851509 0.21487640738487243 8
1755907851517 0.1933978572487831 9
1755907851524 0.1829332172870636 10
1755907851532 0.1601352021098137 11
1755907851539 0.15183747559785843 12
1755907851547 0.14780009686946868 13
1755907851556 0.14910522177815438 14
1755907851565 0.14126211181282997 15
1755907851573 0.11752501726150513 16
1755907851581 0.11953124925494193 17
1755907851588 0.11064336150884628 18
1755907851595 0.12184668779373169 19
1755907851604 0.12305185943841934 20
1755907851611 0.12363768815994262 21
1755907851619 0.10572876185178756 22
1755907851625 0.09908996671438217 23
1755907851633 0.10612428858876229 24
1755907851640 0.09791122525930404 25
1755907851648 0.09787643924355507 26
1755907851655 0.08195600174367428 27
1755907851663 0.08172979354858398 28
1755907851670 0.0919334452599287 29
1755907851680 0.07895136997103691 30
1755907851688 0.08439008705317974 31
1755907851699 0.08502261824905873 32
1755907851707 0.0919732891023159 33
1755907851718 0.07894660905003548 34
1755907851725 0.06404412984848022 35
1755907851733 0.07631823047995567 36
1755907851740 0.07334912978112698 37
1755907851748 0.05768003389239311 38
1755907851755 0.06950432769954204 39
1755907851763 0.06600132808089257 40
1755907851770 0.054888848587870596 41
1755907851778 0.05896044857800007 42
1755907851785 0.060460783913731574 43
1755907851793 0.06173708587884903 44
1755907851801 0.054198422282934186 45
1755907851813 0.06567936353385448 46
1755907851821 0.05436924770474434 47
1755907851829 0.052910223603248596 48
1755907851836 0.05990244410932064 49
1755907851845 0.056868189945816994 50
1755907851853 0.05831625014543533 51
1755907851862 0.07116302885115147 52
1755907851871 0.05098056271672249 53
1755907851879 0.05371609814465046 54
1755907851887 0.05176425240933895 55
1755907851896 0.05744285061955452 56
1755907851904 0.053545906022191045 57
1755907851912 0.045137095637619494 58
1755907851920 0.05497414991259575 59
1755907851928 0.052418127469718453 60
1755907851935 0.046999501250684264 61
1755907851945 0.04506012052297592 62
1755907851953 0.05503213256597519 63
1755907851961 0.04613185599446297 64
1755907851970 0.052268289029598236 65
1755907851979 0.04899584148079157 66
1755907851987 0.03552944734692574 67
1755907851996 0.04242257159203291 68
1755907852005 0.0475537596270442 69
1755907852014 0.04531200025230646 70
1755907852022 0.045784272253513336 71
1755907852030 0.051839386485517024 72
