1755976514772 1.016365532691662 1
1755976514794 0.9272399728114789 2
1755976514802 0.831561586795709 3
1755976514808 0.7268388217840439 4
1755976514815 0.6861558801088578 5
1755976514822 0.6539314442720169 6
1755976514829 0.6525044318957206 7
1755976514836 0.633728271875626 8
1755976514843 0.6052159735789666 9
1755976514850 0.6122528314590454 10
1755976514857 0.5972425738970438 11
1755976514864 0.5488221607147119 12
1755976514871 0.5696783791749905 13
1755976514878 0.515952753715026 14
1755976514885 0.5858282920641776 15
1755976514892 0.5743112785693927 16
1755976514900 0.5241182240156027 17
1755976514908 0.5373945465454688 18
1755976514914 0.4889995791973212 19
1755976514922 0.5086167981991401 20
1755976514929 0.5245825571891589 21
1755976514936 0.5050647579706632 22
1755976514943 0.4790462576425992 23
1755976514950 0.47075907924236393 24
1755976514958 0.4779021044572194 25
1755976514965 0.4942868313728235 26
1755976514975 0.4897133776774773 27
1755976514982 0.4966086592429724 28
1755976514990 0.5022511039024744 29
1755976514998 0.4717820019294054 30
1755976515005 0.48122820258140564 31
1755976515012 0.4312126139799754 32
1755976515019 0.4621487985818814 33
1755976515028 0.43566977748504054 34
1755976515035 0.43078268873385894 35
1755976515043 0.4447007973988851 36
1755976515051 0.4507270592909593 37
1755976515058 0.42570878450687116 38
1755976515065 0.4583060374626747 39
1755976515073 0.4343715615761586 40
1755976515080 0.39861173583911014 41
1755976515087 0.39407348479980076 42
1755976515094 0.42183567392520416 43
1755976515102 0.4197643361030481 44
1755976515109 0.3891301147448711 45
1755976515116 0.402702360581129 46
1755976515123 0.39848779485775876 47
1755976515131 0.40662245490612126 48
1755976515138 0.38313156328140163 49
1755976515147 0.36817211906115216 50
1755976515155 0.37330517402062047 51
1755976515163 0.34712218321286714 52
