1755976473992 2.8387510776519775 1
1755976474002 1.8406051336190639 2
1755976474008 1.9977473891698396 3
1755976474016 1.9447321830651698 4
1755976474022 1.3899435966442792 5
1755976474028 1.0774887739083705 6
1755976474034 0.9102372718163025 7
1755976474040 0.8513478338718414 8
1755976474046 0.9314595361550649 9
1755976474052 0.8855336640889828 10
1755976474058 0.8609059796883509 11
1755976474064 0.6554953631682273 12
1755976474070 0.7481073263363961 13
1755976474076 0.5963695595661799 14
1755976474082 0.5863160063058902 15
1755976474087 0.5712645657551594 16
1755976474093 0.5795858269318556 17
1755976474099 0.7162538896768521 18
1755976474105 0.7074678463813586 19
1755976474111 0.6299207936494778 20
1755976474117 0.5771149026277738 21
1755976474123 0.6620669143322186 22
1755976474129 0.572190632040684 23
1755976474135 0.47166122114047027 24
1755976474141 0.4421105082982626 25
