1755907345629 1.101143491268158 1
1755907345642 0.7707967936992646 2
1755907345648 0.5928994327783584 3
1755907345655 0.5863396346569061 4
1755907345661 0.5386704593896866 5
1755907345668 0.44083032608032224 6
1755907345674 0.36469063311815264 7
1755907345680 0.3096239656209946 8
1755907345686 0.297049517929554 9
1755907345692 0.2781457230448723 10
1755907345700 0.2443607270717621 11
1755907345705 0.1976030558347702 12
1755907345712 0.18263714611530305 13
1755907345718 0.1587445244193077 14
1755907345725 0.18625621795654296 15
1755907345732 0.1698923848569393 16
1755907345738 0.15497199296951295 17
1755907345745 0.1476222239434719 18
1755907345751 0.13330755531787872 19
1755907345758 0.1268320530653 20
1755907345764 0.12509315609931945 21
1755907345770 0.10854121074080467 22
1755907345777 0.10305348411202431 23
1755907345784 0.08982692509889603 24
1755907345791 0.09270074665546417 25
1755907345797 0.07931299656629562 26
1755907345804 0.07669479623436928 27
1755907345810 0.08131797015666961 28
1755907345817 0.07445957139134407 29
1755907345824 0.08489848524332047 30
1755907345830 0.07953365966677665 31
1755907345837 0.07260077632963657 32
1755907345843 0.07542195320129394 33
1755907345849 0.06506270729005337 34
1755907345856 0.07157009765505791 35
1755907345862 0.06710651554167271 36
1755907345868 0.06325637549161911 37
1755907345875 0.05483343414962292 38
1755907345881 0.0665259812027216 39
1755907345887 0.054975871741771695 40
1755907345893 0.06589475683867932 41
1755907345900 0.05299539752304554 42
1755907345906 0.05318308211863041 43
1755907345913 0.050352320447564124 44
1755907345919 0.05573350414633751 45
1755907345926 0.04919818192720413 46
1755907345932 0.0481516320258379 47
1755907345939 0.05135265775024891 48
1755907345945 0.0480208046734333 49
1755907345951 0.044353419728577134 50
1755907345958 0.043187697790563105 51
1755907345964 0.0455845944583416 52
1755907345971 0.04351039901375771 53
1755907345978 0.04271847270429134 54
1755907345985 0.039991707913577555 55
1755907345992 0.05060923006385565 56
1755907345999 0.03939181827008724 57
1755907346006 0.0450777355581522 58
