1755907326759 0.0003431682994247156 1
1755907326769 0.0006863365988494312 2
1755907326774 0.0010295048982741468 3
1755907326778 0.0013726731976988623 4
1755907326782 0.001715841497123578 5
1755907326786 0.0017158414971235778 6
1755907326790 0.001715372708623564 7
1755907326794 0.0017139668557368643 8
1755907326799 0.0017116254757429702 9
1755907326802 0.001708351128906529 10
1755907326807 0.0017041473956777328 11
1755907326811 0.001699018872777149 12
1755907326815 0.001692971168169273 13
1755907326819 0.0016860108949303017 14
1755907326824 0.0016781456640168326 15
1755907326828 0.0016693840759433934 16
1755907326833 0.001659735711377906 17
1755907326837 0.001649211120665367 18
1755907326841 0.0016378218122911998 19
1755907326845 0.0016255802402968956 20
1755907326849 0.0016124997906617011 21
1755907326854 0.0015985947666652476 22
1755907326858 0.001583880373247123 23
1755907326863 0.0015683727003804962 24
1755907326867 0.001552088705477965 25
1755907326872 0.0015350461948488762 26
1755907326876 0.0015172638042283873 27
1755907326880 0.001498760978399563 28
1755907326885 0.0014795579499307916 29
1755907326889 0.0014596757170517677 30
1755907326894 0.0014391360206922367 31
1755907326898 0.0014179613207086065 32
1755907326902 0.0013961747713244258 33
1755907326907 0.001373800195811579 34
1755907326912 0.0013508620604398896 35
1755907326916 0.0013273854477236118 36
1755907326920 0.0013033960289940709 37
1755907326925 0.0012789200363284385 38
1755907326929 0.0012539842338653417 39
1755907326934 0.0012286158885386697 40
1755907326939 0.0012028427402615838 41
1755907326943 0.0011766929715933264 42
1755907326947 0.00115019517692201 43
1755907326953 0.0011233783311970704 44
1755907326957 0.0010962717582455872 45
1755907326962 0.0010689050987071084 46
1755907326966 0.0010413082776220455 47
1755907326971 0.001013511471709083 48
1755907326976 0.0009855450763673777 49
1755907326981 0.0009574396724396382 50
1755907326986 0.0009292259927724188 51
1755907326990 0.0009009348886102074 52
1755907326995 0.0008725972958600395 53
1755907327000 0.0008442442012635386 54
1755907327004 0.0008159066085133705 55
1755907327009 0.0007876155043511593 56
1755907327014 0.00075940182468394 57
1755907327018 0.0007312964207561999 58
1755907327024 0.0007033300254144952 59
1755907327028 0.0006755332195015325 60
1755907327033 0.0006479363984164696 61
1755907327038 0.0006205697388779908 62
1755907327042 0.0005934631659265075 63
1755907327047 0.0005666463202015679 64
1755907327052 0.0005401485255302513 65
1755907327056 0.0005139987568619944 66
1755907327061 0.0004882256085849081 67
1755907327066 0.00046285726325823623 68
1755907327071 0.0004379214607951396 69
1755907327076 0.00041344546812950713 70
1755907327081 0.00038945604939996615 71
1755907327085 0.0003659794366836883 72
1755907327090 0.0003430413013119987 73
1755907327095 0.00032066672579915195 74
1755907327100 0.0002988801764149712 75
1755907327105 0.00027770547643134126 76
1755907327110 0.0002571657800718101 77
1755907327115 0.0002372835471927862 78
1755907327120 0.00021808051872401516 79
1755907327125 0.0001995776928951909 80
1755907327130 0.00018179530227470183 81
1755907327135 0.000164752791645613 82
