1756056285190 2.8303640604019167 1
1756056285204 1.9526643753051758 2
1756056285210 1.8788361340761184 3
1756056285214 2.0240689307451247 4
1756056285219 1.440801775455475 5
1756056285224 1.4311557084321975 6
1756056285228 1.0796871155500412 7
1756056285233 1.1305024176836014 8
1756056285237 0.9512332439422607 9
1756056285242 1.0201125472784043 10
1756056285246 0.6370433270931244 11
1756056285251 0.6614165797829628 12
1756056285256 0.6017592951655388 13
1756056285260 0.49049686938524245 14
1756056285266 0.4567007541656494 15
1756056285271 0.5420216023921967 16
1756056285276 0.4652571022510529 17
1756056285280 0.42560476809740067 18
1756056285285 0.4336213067173958 19
1756056285290 0.5489104464650154 20
1756056285294 0.44813920110464095 21
1756056285299 0.4681678406894207 22
1756056285304 0.46271098405122757 23
1756056285308 0.40983414798974993 24
1756056285313 0.34789926633238794 25
1756056285318 0.33329962864518164 26
1756056285323 0.3533175364136696 27
1756056285327 0.355150531232357 28
1756056285332 0.3223470911383629 29
1756056285337 0.2952126614749432 30
1756056285342 0.3435384241864085 31
1756056285346 0.512399372830987 32
1756056285351 0.4659011743962765 33
1756056285356 0.29710317105054856 34
1756056285361 0.46013230830430984 35
1756056285366 0.27731798246968536 36
1756056285371 0.2955483734607697 37
1756056285376 0.32368412651121614 38
1756056285381 0.3496627978980541 39
1756056285387 0.29830041006207464 40
1756056285392 0.45178494304418565 41
1756056285398 0.33878264054656027 42
1756056285403 0.2652787394821644 43
1756056285408 0.22847762256860732 44
1756056285414 0.2788055814802647 45
1756056285420 0.3003936469554901 46
1756056285425 0.22673624455928804 47
1756056285430 0.3644778273999691 48
1756056285436 0.22033947482705116 49
1756056285441 0.24333131760358812 50
1756056285446 0.19178630150854586 51
1756056285451 0.24810486435890197 52
1756056285457 0.1960470274090767 53
1756056285462 0.2560572151094675 54
1756056285467 0.19652458019554614 55
1756056285472 0.273208162561059 56
1756056285478 0.2960968632251024 57
1756056285483 0.220849596709013 58
1756056285488 0.1755875889211893 59
1756056285493 0.4454812094569206 60
1756056285498 0.17826615273952484 61
1756056285504 0.23178668916225434 62
1756056285509 0.1913281660526991 63
1756056285514 0.4562041010707617 64
1756056285520 0.17744567804038525 65
1756056285526 0.16158270500600339 66
1756056285532 0.1720925834029913 67
1756056285537 0.22002659775316716 68
1756056285542 0.1758058901876211 69
1756056285548 0.17269284874200821 70
1756056285554 0.22125997133553027 71
1756056285559 0.24307073876261712 72
1756056285565 0.14323978498578072 73
1756056285571 0.14695734791457654 74
1756056285576 0.14885300397872925 75
1756056285582 0.41796724759042264 76
1756056285587 0.1454848416149616 77
1756056285593 0.12223968207836151 78
1756056285598 0.23209797758609058 79
1756056285604 0.19160557836294173 80
1756056285610 0.19967431090772153 81
1756056285615 0.12018775120377541 82
1756056285621 0.17057912051677704 83
1756056285627 0.15643078684806824 84
1756056285632 0.23279476463794707 85
