1756056285190 1.8820258021354674 1
1756056285204 1.4068550437688827 2
1756056285210 1.3205215752124786 3
1756056285214 1.3848422795534134 4
1756056285219 1.112119734287262 5
1756056285224 1.08574221432209 6
1756056285228 0.9573121339082717 7
1756056285233 1.0179857954382896 8
1756056285237 0.7614620551466942 9
1756056285242 0.8776216000318527 10
1756056285246 0.5641081959009171 11
1756056285251 0.6070835694670678 12
1756056285256 0.5008091777563095 13
1756056285260 0.430028660595417 14
1756056285266 0.43595932573080065 15
1756056285271 0.48185944110155104 16
1756056285276 0.4539472937583923 17
1756056285280 0.3784865655004978 18
1756056285285 0.40095107853412626 19
1756056285290 0.47830478847026825 20
1756056285294 0.4061506912112236 21
1756056285299 0.4274189665913582 22
1756056285304 0.40376033782958987 23
1756056285308 0.3772144764661789 24
1756056285313 0.2922150336205959 25
1756056285318 0.32654125094413755 26
1756056285323 0.29835243448615073 27
1756056285327 0.34681128785014154 28
1756056285332 0.2962208554148674 29
1756056285337 0.27291482537984846 30
1756056285342 0.2769820770248771 31
1756056285346 0.4700510747730732 32
1756056285351 0.4140299931168556 33
1756056285356 0.2739522740244865 34
1756056285361 0.39044848680496214 35
1756056285366 0.2592568507650867 36
1756056285371 0.2597208760678768 37
1756056285376 0.30821235924959184 38
1756056285381 0.29157465547323225 39
1756056285387 0.24966710582375526 40
1756056285392 0.3668456055223942 41
1756056285398 0.31699621602892875 42
1756056285403 0.2364128403365612 43
1756056285408 0.21543042324483394 44
1756056285414 0.2657873846590519 45
1756056285420 0.2774972259998322 46
1756056285425 0.20751119703054427 47
1756056285430 0.25716328509151937 48
1756056285436 0.1887413365766406 49
1756056285441 0.19848467037081718 50
1756056285446 0.17316438630223274 51
1756056285451 0.22920289374887942 52
1756056285457 0.19289854653179644 53
1756056285462 0.2367813654243946 54
1756056285467 0.18290319815278053 55
1756056285472 0.25857097245752814 56
1756056285478 0.2708263725042343 57
1756056285483 0.19549484588205815 58
1756056285488 0.16791261360049248 59
1756056285493 0.3813870303332806 60
1756056285498 0.16837582215666771 61
1756056285504 0.1907377153635025 62
1756056285509 0.18146043568849562 63
1756056285514 0.40858494155108926 64
1756056285520 0.15340574458241463 65
1756056285526 0.13742770217359065 66
1756056285532 0.16370491571724416 67
1756056285537 0.21535532139241695 68
1756056285542 0.15156329721212386 69
1756056285548 0.15403873696923256 70
1756056285554 0.2104432299733162 71
1756056285559 0.2299448773264885 72
1756056285565 0.1255854366812855 73
1756056285571 0.14258785285055636 74
1756056285576 0.14402218237519265 75
1756056285582 0.41380546875298024 76
1756056285587 0.13439965397119522 77
1756056285593 0.11649575494229794 78
1756056285598 0.22786274291574954 79
1756056285604 0.1738305225968361 80
1756056285610 0.18458799608051776 81
1756056285615 0.10809888727962971 82
1756056285621 0.15474642626941204 83
1756056285627 0.13602797612547873 84
1756056285632 0.21987964808940888 85
