1755909138383 0.0011657909444157547 1
1755909138389 0.0023315818888315094 2
1755909138395 0.003497372833247264 3
1755909138399 0.004663163777663019 4
1755909138403 0.005828954722078773 5
1755909138407 0.005828954722078773 6
1755909138411 0.005827361526347917 7
1755909138415 0.0058225836812914895 8
1755909138419 0.005814626411412912 9
1755909138423 0.005803498417869969 10
1755909138427 0.005789211868960221 11
1755909138431 0.005771782386815148 12
1755909138435 0.005751229030317577 13
1755909138440 0.005727574274261077 14
1755909138444 0.005700843984774102 15
1755909138448 0.005671067391035753 16
1755909138452 0.005638277053314111 17
1755909138456 0.005602508827362049 18
1755909138461 0.0055638018252095025 19
1755909138465 0.005522198372395034 20
1755909138469 0.005477743961683481 21
1755909138473 0.005430487203320285 22
1755909138478 0.005380479771876898 23
1755909138482 0.005327776349745401 24
1755909138487 0.005272434567344112 25
1755909138491 0.005214514940099568 26
1755909138495 0.00515408080227379 27
1755909138499 0.005091198237709209 28
1755909138504 0.005025936007566942 29
1755909138508 0.004958365475137478 30
1755909138513 0.004888560527805973 31
1755909138519 0.004816597496257462 32
1755909138524 0.004742555071010396 33
1755909138529 0.0046665142163697035 34
1755909138534 0.004588558081893511 35
1755909138540 0.00450877191147033 36
1755909138545 0.004427242950106107 37
1755909138550 0.0043440603485231 38
1755909138555 0.004259315065674865 39
1755909138560 0.004173099769283977 40
1755909138566 0.0040855087345112425 41
1755909138570 0.0039966377408671835 42
1755909138575 0.003906583967478562 43
1755909138581 0.0038154458868244192 44
1755909138586 0.0037233231570578764 45
1755909138591 0.003630316513031401 46
1755909138596 0.003536527656144726 47
1755909138601 0.003442059143135863 48
1755909138606 0.0033470142739368135 49
1755909138611 0.0032514969787166134 50
1755909138615 0.003155611704235214 51
1755909138620 0.0030594632996324873 52
1755909138625 0.0029631569017772312 53
1755909138630 0.0028667978203015423 54
1755909138635 0.0027704914224462858 55
1755909138640 0.00267434301784356 56
1755909138644 0.0025784577433621606 57
1755909138649 0.00248294044814196 58
1755909138655 0.002387895578942912 59
1755909138660 0.0022934270659340484 60
1755909138665 0.0021996382090473726 61
1755909138671 0.0021066315650208976 62
1755909138675 0.0020145088352543548 63
1755909138680 0.0019233707546002117 64
