1755909259295 2.10297380871587 1
1755909259310 1.603939066072563 2
1755909259316 0.962453554590027 3
1755909259322 0.7771075905917527 4
1755909259328 0.7863414748148485 5
1755909259334 0.7423063532098547 6
1755909259340 0.742275439009264 7
1755909259347 0.6553638098495347 8
1755909259353 0.6411408648475424 9
1755909259359 0.6197800272470945 10
1755909259365 0.6092942707337342 11
1755909259371 0.5329146466471932 12
1755909259377 0.5281855843283914 13
1755909259383 0.5600185623610174 14
1755909259389 0.48471480066126044 15
1755909259395 0.47645982780626844 16
1755909259403 0.5007538113307644 17
1755909259409 0.5099187311414001 18
1755909259416 0.6009587131730922 19
1755909259423 0.7885296166717232 20
1755909259429 0.7675001549643355 21
1755909259435 0.7203042495560337 22
1755909259442 0.6570257326805746 23
1755909259449 0.6141997999572134 24
1755909259455 0.5322980458860274 25
1755909259461 0.46948916145733427 26
1755909259467 0.49775595324380056 27
1755909259474 0.462401464387968 28
1755909259480 0.4236585408836216 29
1755909259487 0.4333423801830837 30
1755909259494 0.41150146974371626 31
1755909259500 0.4481075113856947 32
1755909259507 0.41143383995279087 33
1755909259513 0.4018360445058191 34
1755909259520 0.44732404103526824 35
1755909259526 0.37605888222332123 36
1755909259533 0.3703103344161789 37
1755909259540 0.35361923335434553 38
1755909259547 0.39542705178647847 39
1755909259553 0.3961529766100568 40
1755909259560 0.5331732566867556 41
1755909259567 0.46558592574937 42
1755909259574 0.3947144570675763 43
1755909259580 0.4239047578015885 44
1755909259587 0.37962524573524276 45
1755909259594 0.3415357300213405 46
1755909259601 0.34585750567448603 47
1755909259608 0.3393149216260229 48
1755909259615 0.3602656066030651 49
1755909259622 0.3745031034598103 50
1755909259629 0.4570866491306912 51
1755909259636 0.3717812770953426 52
1755909259642 0.3553226257299448 53
1755909259650 0.3321604466476998 54
1755909259657 0.343678809895918 55
1755909259665 0.372257498661419 56
1755909259674 0.3231827909876774 57
1755909259686 0.3339757662895438 58
1755909259694 0.32683028803243264 59
1755909259701 0.30127396231347864 60
1755909259708 0.31256140333104443 61
1755909259716 0.2732954921273442 62
1755909259723 0.30167504864466654 63
1755909259732 0.3573500106667543 64
1755909259741 0.3084865017951309 65
1755909259749 0.3851490913854017 66
1755909259756 0.28170877041948306 67
1755909259764 0.24544658240946857 68
1755909259771 0.24459834812910525 69
1755909259778 0.26386779575765906 70
1755909259785 0.262126308466707 71
1755909259792 0.23202611989789196 72
1755909259804 0.2330081845065216 73
1755909259811 0.22833184752758448 74
1755909259819 0.22648698425331673 75
1755909259826 0.24330680643196229 76
1755909259833 0.21149616388531475 77
1755909259840 0.23104958937733205 78
1755909259848 0.21074868634633429 79
1755909259855 0.22088798159709225 80
1755909259862 0.20948140294133843 81
1755909259870 0.2019712206024628 82
1755909259878 0.18454312958887645 83
1755909259889 0.20731120382423524 84
1755909259896 0.20870331650624027 85
1755909259904 0.20107316757951463 86
1755909259912 0.20204052987036766 87
1755909259920 0.17537468289593597 88
1755909259928 0.1995915833909016 89
1755909259939 0.19390603585483193 90
1755909259946 0.19645487577593945 91
1755909259954 0.19034483332138558 92
1755909259961 0.1758357806542477 93
1755909259969 0.20181110733515256 94
1755909259976 0.20172196597634973 95
1755909259984 0.19874634854979328 96
1755909259991 0.20227383725441894 97
1755909259999 0.17482097668258786 98
1755909260007 0.17721667861590137 99
1755909260015 0.2451218535470498 100
