1755986396862 2.1831484913825987 1
1755986396881 1.686126470565796 2
1755986396889 1.3565375477075576 3
1755986396898 1.2234873592853546 4
1755986396907 1.1900452971458435 5
1755986396916 0.9683177642524242 6
1755986396925 0.933453094959259 7
1755986396933 0.8747425436973572 8
1755986396942 0.8705627396702766 9
1755986396951 0.6714884206652642 10
1755986396960 0.800437793135643 11
1755986396973 0.6969963684678078 12
1755986396986 0.770981302857399 13
1755986397005 0.7259081229567528 14
1755986397013 0.744986142218113 15
1755986397023 0.6437225475907326 16
1755986397031 0.6976609125733375 17
1755986397039 0.6182801477611065 18
1755986397048 0.7822757542133332 19
1755986397056 0.7536320000886917 20
1755986397065 0.6315317332744599 21
1755986397074 0.6364328831434249 22
1755986397082 0.5237145811319351 23
1755986397091 0.5358072355389595 24
1755986397100 0.5900068953633308 25
1755986397108 0.5062285929918289 26
1755986397117 0.4551589757204056 27
1755986397126 0.4553442656993866 28
1755986397135 0.8086470052599907 29
1755986397144 0.4863646999001503 30
1755986397153 0.4847834318876266 31
1755986397162 0.6680114150047303 32
1755986397170 0.5314191371202469 33
1755986397179 0.44076908379793167 34
1755986397187 0.4874562069773674 35
1755986397197 0.4678691938519478 36
1755986397206 0.5071486994624138 37
1755986397215 0.5339154899120331 38
1755986397225 0.4218172927387059 39
1755986397234 0.5263197600841523 40
1755986397244 0.41082958728075025 41
1755986397253 0.4490767613053322 42
1755986397263 0.38176210001111033 43
1755986397272 0.41797105222940445 44
1755986397282 0.4070309638977051 45
1755986397291 0.4473924532532692 46
1755986397300 0.3985161021351814 47
1755986397309 0.32310951203107835 48
1755986397319 0.3644064463675022 49
1755986397328 0.3178485669195652 50
1755986397339 0.3368846006691456 51
1755986397357 0.3559056885540485 52
1755986397376 0.41591028720140455 53
1755986397385 0.2988139666616917 54
1755986397395 0.3722565047442913 55
1755986397405 0.3458471715450287 56
1755986397413 0.2857959121465683 57
1755986397423 0.3078299805521965 58
1755986397433 0.3051780477166176 59
1755986397442 0.31749153807759284 60
1755986397453 0.43383368849754333 61
1755986397462 0.3409565441310406 62
1755986397481 0.3139721408486366 63
1755986397490 0.3353768974542618 64
1755986397500 0.38101583942770956 65
1755986397509 0.3594278946518898 66
1755986397518 0.30276729092001914 67
1755986397530 0.31454473808407785 68
1755986397539 0.3076589971780777 69
1755986397550 0.34125963896512984 70
1755986397559 0.2887167289853096 71
1755986397569 0.30213134959340093 72
1755986397578 0.3237466856837273 73
1755986397589 0.33838586807250975 74
1755986397600 0.28824081271886826 75
1755986397610 0.24691479559987783 76
1755986397619 0.29421798437833785 77
1755986397629 0.2879536531865597 78
1755986397639 0.2655663013458252 79
1755986397648 0.25681602507829665 80
1755986397657 0.2540917120873928 81
1755986397667 0.23832966461777688 82
1755986397676 0.4902061514556408 83
1755986397685 0.31432027034461496 84
1755986397694 0.2847137190401554 85
1755986397703 0.2615182906389236 86
1755986397712 0.33318751081824305 87
1755986397721 0.2508653327822685 88
1755986397731 0.3207753702998161 89
1755986397740 0.24232451245188713 90
1755986397749 0.2806288167834282 91
1755986397759 0.25361636355519296 92
1755986397768 0.3038905277848244 93
1755986397778 0.259241446852684 94
1755986397787 0.24009723588824272 95
1755986397796 0.24728936403989793 96
1755986397805 0.2452349692583084 97
1755986397815 0.2607828676700592 98
1755986397824 0.329877595603466 99
1755986397833 0.2894299186766148 100
