1755986396862 1.16857251226902 1
1755986396881 1.012114554643631 2
1755986396889 0.9084846049547195 3
1755986396898 0.8620738923549652 4
1755986396907 0.8490813463926316 5
1755986396916 0.7600640177726745 6
1755986396925 0.7267848074436187 7
1755986396933 0.705765038728714 8
1755986396942 0.6878323376178741 9
1755986396951 0.6173153147101402 10
1755986396960 0.6703802019357681 11
1755986396973 0.6180935621261596 12
1755986396986 0.6504795610904693 13
1755986397005 0.6346436932682991 14
1755986397013 0.6370508447289467 15
1755986397023 0.6028178468346596 16
1755986397031 0.6300355657935143 17
1755986397039 0.5969105899333954 18
1755986397048 0.6510492712259293 19
1755986397056 0.6528101906180381 20
1755986397065 0.5946992382407188 21
1755986397074 0.6112626194953918 22
1755986397082 0.5585662603378296 23
1755986397091 0.5555613994598388 24
1755986397100 0.5759780198335648 25
1755986397108 0.5340777561068535 26
1755986397117 0.5094225153326988 27
1755986397126 0.5159730240702629 28
1755986397135 0.6104316115379333 29
1755986397144 0.5263022944331169 30
1755986397153 0.5298517629504204 31
1755986397162 0.549800130724907 32
1755986397170 0.5479146972298622 33
1755986397179 0.4954641819000244 34
1755986397187 0.5176934644579887 35
1755986397197 0.5171215280890464 36
1755986397206 0.5243151798844338 37
1755986397215 0.5461145982146263 38
1755986397225 0.47785535380244254 39
1755986397234 0.5296291902661323 40
1755986397244 0.4761256068944931 41
1755986397253 0.4979903146624565 42
1755986397263 0.4642870396375656 43
1755986397272 0.47921183705329895 44
1755986397282 0.47912158221006396 45
1755986397291 0.48843867182731626 46
1755986397300 0.4624898433685303 47
1755986397309 0.43349271416664126 48
1755986397319 0.4553535208106041 49
1755986397328 0.4260753631591797 50
1755986397339 0.4408220425248146 51
1755986397357 0.44090216755867007 52
1755986397376 0.48465356081724165 53
1755986397385 0.4128407299518585 54
1755986397395 0.45764013230800626 55
1755986397405 0.4496192291378975 56
1755986397413 0.4020800247788429 57
1755986397423 0.4218205749988556 58
1755986397433 0.41496397405862806 59
1755986397442 0.41399342119693755 60
1755986397453 0.4879098773002625 61
1755986397462 0.43513758629560473 62
1755986397481 0.42059173583984377 63
1755986397490 0.4217882975935936 64
1755986397500 0.4539205342531204 65
1755986397509 0.4389154061675072 66
1755986397518 0.4174438327550888 67
1755986397530 0.419277486205101 68
1755986397539 0.4114170581102371 69
1755986397550 0.4354670539498329 70
1755986397559 0.4066483601927757 71
1755986397569 0.41241771876811983 72
1755986397578 0.42533678859472274 73
1755986397589 0.4296362742781639 74
1755986397600 0.4038113310933113 75
1755986397610 0.37131997793912885 76
1755986397619 0.4040567621588707 77
1755986397629 0.3926030769944191 78
1755986397639 0.39153918623924255 79
1755986397648 0.38480777740478517 80
1755986397657 0.37804323732852935 81
1755986397667 0.3667879343032837 82
1755986397676 0.4591907858848572 83
1755986397685 0.4071965828537941 84
1755986397694 0.3846907213330269 85
1755986397703 0.38217848986387254 86
1755986397712 0.40081213116645814 87
1755986397721 0.3780811741948128 88
1755986397731 0.41919110268354415 89
1755986397740 0.3701548919081688 90
1755986397749 0.3865416064858437 91
1755986397759 0.3776416122913361 92
1755986397768 0.40481612235307696 93
1755986397778 0.3856757879257202 94
1755986397787 0.36965864300727846 95
1755986397796 0.37766892910003663 96
1755986397805 0.3783362150192261 97
1755986397815 0.3843501091003418 98
1755986397824 0.4114119544625282 99
1755986397833 0.40069242715835574 100
