1755986351953 1.1039120316505433 1
1755986351963 0.9941897541284561 2
1755986351970 0.8578496843576431 3
1755986351979 0.8275429725646972 4
1755986351987 0.765175673365593 5
1755986351994 0.803398534655571 6
1755986352003 0.7287070959806442 7
1755986352010 0.7140517204999923 8
1755986352018 0.6513150915503502 9
1755986352025 0.6727522358298301 10
1755986352032 0.6206348583102226 11
1755986352040 0.6209372788667679 12
1755986352048 0.6283632338047027 13
1755986352055 0.6697889566421509 14
1755986352063 0.7418731331825257 15
1755986352070 0.6566591918468475 16
1755986352078 0.6852471560239792 17
1755986352085 0.6368156939744949 18
1755986352092 0.6561288088560104 19
1755986352099 0.6378730803728103 20
1755986352106 0.6748580545186996 21
1755986352114 0.6582902804017067 22
1755986352121 0.6433578461408616 23
1755986352129 0.6403823018074035 24
1755986352137 0.5620371878147126 25
1755986352145 0.5218032479286194 26
1755986352154 0.5423417389392853 27
1755986352162 0.5291384786367417 28
1755986352172 0.5317746654152871 29
1755986352180 0.5497703969478607 30
1755986352188 0.5469798550009728 31
1755986352196 0.5196881279349327 32
1755986352204 0.5366408661007881 33
1755986352212 0.5276819109916687 34
1755986352220 0.5124870985746384 35
1755986352227 0.48512817472219466 36
1755986352235 0.49172774851322176 37
1755986352242 0.519822770357132 38
1755986352250 0.4973396763205528 39
1755986352257 0.5239734441041947 40
1755986352265 0.5108669832348823 41
1755986352273 0.5548116624355316 42
