1755986396862 3.721982729434967 1
1755986396881 2.1889961540699003 2
1755986396889 1.8326159805059432 3
1755986396898 1.5865670651197434 4
1755986396907 1.4763647317886353 5
1755986396916 1.1402652375400066 6
1755986396925 1.2269872009754181 7
1755986396933 1.1090555608272552 8
1755986396942 1.0014550358057022 9
1755986396951 0.9501633554697037 10
1755986396960 0.9071597099304199 11
1755986396973 0.8939733073115349 12
1755986396986 0.96945920586586 13
1755986397005 0.8485209688544273 14
1755986397013 0.9163880571722984 15
1755986397023 0.7692430332303047 16
1755986397031 0.7952557191252708 17
1755986397039 0.8467822805047035 18
1755986397048 0.9046378955245018 19
1755986397056 0.8345948666334152 20
1755986397065 0.7756418138742447 21
1755986397074 0.6698781982064247 22
1755986397082 0.620828102529049 23
1755986397091 0.5873427703976631 24
1755986397100 0.8167143821716308 25
1755986397108 0.5800567999482155 26
1755986397117 0.4750351935625076 27
1755986397126 0.548796632885933 28
1755986397135 0.976978151500225 29
1755986397144 0.6016808986663819 30
1755986397153 0.6124395504593849 31
1755986397162 0.7275071680545807 32
1755986397170 0.6280718132853508 33
1755986397179 0.5568137422204018 34
1755986397187 0.5125498950481415 35
1755986397197 0.5188991621136665 36
1755986397206 0.5871724888682366 37
1755986397215 0.6295759804546833 38
1755986397225 0.5826125212945044 39
1755986397234 0.5706804767251015 40
1755986397244 0.4623389169573784 41
1755986397253 0.47644088193774226 42
1755986397263 0.45879013240337374 43
1755986397272 0.4751327082514763 44
1755986397282 0.45388111770153045 45
1755986397291 0.5212824463844299 46
1755986397300 0.5038174003362655 47
1755986397309 0.361381471157074 48
1755986397319 0.4329637251794338 49
1755986397328 0.3625734239816666 50
1755986397339 0.4696009859442711 51
1755986397357 0.45514850318431854 52
1755986397376 0.4637674927711487 53
1755986397385 0.32780587747693063 54
1755986397395 0.42634339183568953 55
1755986397405 0.3977924108505249 56
1755986397413 0.3237963929772377 57
1755986397423 0.4202022083103657 58
1755986397433 0.43159461244940756 59
1755986397442 0.3633748158812523 60
1755986397453 0.5091521427035332 61
1755986397462 0.3647655934095383 62
1755986397481 0.4476787768304348 63
1755986397490 0.3983944982290268 64
1755986397500 0.410946736484766 65
1755986397509 0.4610032320022583 66
1755986397518 0.35370696857571604 67
1755986397530 0.33288736790418627 68
1755986397539 0.391816895455122 69
1755986397550 0.41567303985357285 70
1755986397559 0.37530120760202407 71
1755986397569 0.3503311909735203 72
1755986397578 0.35854901298880576 73
1755986397589 0.3858607806265354 74
1755986397600 0.35710349306464195 75
1755986397610 0.28752461485564706 76
1755986397619 0.321602838486433 77
1755986397629 0.3434474356472492 78
1755986397639 0.30278310030698774 79
1755986397648 0.3057753838598728 80
1755986397657 0.29271347522735597 81
1755986397667 0.29495055228471756 82
1755986397676 0.5252924002707005 83
1755986397685 0.3355262141674757 84
1755986397694 0.3154753796756268 85
1755986397703 0.2918518245220184 86
1755986397712 0.38360337167978287 87
1755986397721 0.3142464816570282 88
1755986397731 0.3572973981499672 89
1755986397740 0.2925522863864899 90
1755986397749 0.33412536382675173 91
1755986397759 0.28753586709499357 92
1755986397768 0.31567865014076235 93
1755986397778 0.2995790809392929 94
1755986397787 0.26161777004599573 95
1755986397796 0.2782319739460945 96
1755986397805 0.28572729900479316 97
1755986397815 0.3046315237879753 98
1755986397824 0.35599864199757575 99
1755986397833 0.36569123789668084 100
