1756053403743 1.8872124910354615 1
1756053403752 1.4468027114868165 2
1756053403757 1.3336120903491975 3
1756053403761 0.9967955470085144 4
1756053403766 1.1418892025947571 5
1756053403771 1.0251795768737793 6
1756053403776 0.8324848234653472 7
1756053403781 0.8597837686538696 8
1756053403786 0.6925044536590577 9
1756053403791 0.6485892057418823 10
1756053403795 0.6172416657209396 11
1756053403800 0.6227643519639969 12
1756053403805 0.5545156836509705 13
1756053403810 0.5078673213720322 14
1756053403815 0.502714741230011 15
1756053403820 0.4611583486199379 16
1756053403825 0.48416373133659363 17
1756053403830 0.3840362191200256 18
1756053403835 0.3944957196712494 19
1756053403840 0.37041460573673246 20
1756053403845 0.32602040767669677 21
1756053403849 0.42314058542251587 22
1756053403854 0.33799982368946074 23
1756053403860 0.4057255327701569 24
1756053403864 0.3318596601486206 25
1756053403869 0.313272762298584 26
1756053403874 0.2862550765275955 27
1756053403880 0.2790060296654701 28
1756053403886 0.2855722472071648 29
1756053403891 0.29744063317775726 30
1756053403897 0.28232827335596083 31
1756053403902 0.2875216990709305 32
1756053403907 0.2698809623718262 33
1756053403912 0.26796099692583086 34
1756053403917 0.2333123117685318 35
1756053403922 0.2238533839583397 36
1756053403928 0.22408661544322966 37
1756053403933 0.21870952397584914 38
1756053403938 0.22384527027606965 39
1756053403943 0.21976923942565918 40
1756053403949 0.21643224209547043 41
1756053403954 0.19038373827934266 42
1756053403960 0.19041195064783095 43
1756053403965 0.1915379449725151 44
1756053403970 0.18757714852690696 45
1756053403975 0.17672244012355803 46
1756053403980 0.17020591124892234 47
1756053403986 0.1593148447573185 48
1756053403991 0.16995752304792405 49
1756053403996 0.1553204648196697 50
1756053404001 0.16567866802215575 51
1756053404006 0.1695204831659794 52
1756053404011 0.14967676997184753 53
1756053404017 0.16586935445666312 54
1756053404022 0.16199958622455596 55
1756053404027 0.14100634977221488 56
1756053404033 0.13142260909080505 57
1756053404038 0.11882601827383041 58
1756053404043 0.12599633634090424 59
1756053404048 0.11779682040214538 60
1756053404053 0.11565102115273476 61
1756053404059 0.13764799013733864 62
1756053404065 0.12365591153502464 63
1756053404071 0.10670036226511001 64
1756053404077 0.11857961639761924 65
1756053404082 0.11836516484618187 66
1756053404088 0.10590535998344422 67
1756053404094 0.11022548228502274 68
1756053404100 0.11440004631876946 69
1756053404106 0.11136328503489494 70
1756053404111 0.10185711905360222 71
1756053404117 0.10800030529499054 72
1756053404122 0.09224610477685928 73
1756053404128 0.09942768886685371 74
1756053404135 0.09726030975580216 75
1756053404141 0.08866843283176422 76
1756053404147 0.09709399417042733 77
1756053404153 0.09270933344960212 78
1756053404160 0.10324274674057961 79
1756053404166 0.07995277494192124 80
1756053404171 0.09867384731769561 81
1756053404177 0.09375026300549508 82
1756053404183 0.08344401009380817 83
1756053404190 0.07990341074764729 84
1756053404196 0.08900258764624595 85
1756053404202 0.09478067085146905 86
1756053404208 0.0841510310769081 87
1756053404214 0.0886209636926651 88
1756053404220 0.07434422634541989 89
1756053404225 0.09130187556147576 90
1756053404231 0.08775552101433277 91
1756053404237 0.08427864611148835 92
1756053404242 0.08432873114943504 93
1756053404248 0.08029551096260548 94
1756053404254 0.07920891344547272 95
