1756053423776 1.844107484817505 1
1756053423789 1.2772912502288818 2
1756053423796 1.4423167765140534 3
1756053423803 1.153620672225952 4
1756053423809 1.090397197008133 5
1756053423816 0.8679399371147156 6
1756053423822 0.7973837733268738 7
1756053423829 0.766840648651123 8
1756053423836 0.8015155911445617 9
1756053423843 0.6126183211803437 10
1756053423851 0.6129290878772735 11
1756053423858 0.5908683657646179 12
1756053423864 0.6083312869071961 13
1756053423871 0.4875910967588425 14
1756053423879 0.468154701590538 15
1756053423886 0.4700185418128967 16
1756053423894 0.4623243361711502 17
1756053423901 0.37351551055908205 18
1756053423907 0.39687559902668 19
1756053423914 0.3423650473356247 20
1756053423921 0.2989727944135666 21
1756053423928 0.31935360133647916 22
1756053423935 0.308715483546257 23
1756053423943 0.2878893703222275 24
1756053423950 0.28189789950847627 25
1756053423957 0.27134362906217574 26
1756053423964 0.24682505875825883 27
1756053423971 0.2602971389889717 28
1756053423977 0.2481265887618065 29
1756053423984 0.250462119281292 30
1756053423991 0.2291165992617607 31
1756053423998 0.21706272661685944 32
1756053424006 0.21551545709371567 33
1756053424013 0.1936662718653679 34
1756053424021 0.21038754731416703 35
1756053424028 0.21189283430576325 36
1756053424035 0.1986819326877594 37
1756053424042 0.2080237090587616 38
1756053424049 0.2107069343328476 39
1756053424056 0.19484827518463135 40
1756053424063 0.23581384867429733 41
1756053424070 0.16555593833327292 42
1756053424077 0.17022075802087783 43
1756053424084 0.1685638502240181 44
1756053424092 0.16264919936656952 45
1756053424099 0.15128422379493714 46
1756053424106 0.1746551811695099 47
1756053424114 0.13701783418655394 48
1756053424121 0.12131245508790016 49
1756053424129 0.14018534496426582 50
1756053424137 0.13785728439688683 51
1756053424145 0.14826279357075692 52
1756053424152 0.12508644610643388 53
1756053424160 0.12391672804951667 54
1756053424168 0.11758027374744415 55
1756053424175 0.11360610648989677 56
1756053424182 0.11912937238812446 57
1756053424189 0.12302515581250191 58
1756053424197 0.10937461107969285 59
1756053424204 0.10874744951725006 60
1756053424212 0.11372496783733368 61
1756053424219 0.11531477943062782 62
