1756053423776 2.7192270159721375 1
1756053423789 1.7145143151283264 2
1756053423796 1.6735914707183839 3
1756053423803 1.6057873368263245 4
1756053423809 1.184428334236145 5
1756053423816 1.0205363631248474 6
1756053423822 0.9712176322937012 7
1756053423829 0.9120858192443848 8
1756053423836 0.9207176089286804 9
1756053423843 0.6467941999435425 10
1756053423851 0.6951472461223602 11
1756053423858 0.6865806639194488 12
1756053423864 0.6139199674129486 13
1756053423871 0.5456685423851013 14
1756053423879 0.49428215324878694 15
1756053423886 0.5177495121955872 16
1756053423894 0.4732030600309372 17
1756053423901 0.38516227900981903 18
1756053423907 0.4144484311342239 19
1756053423914 0.35730721354484557 20
1756053423921 0.3135273948311806 21
1756053423928 0.3272598832845688 22
1756053423935 0.3390744343400002 23
1756053423943 0.3159450367093086 24
1756053423950 0.2856136918067932 25
1756053423957 0.3113451674580574 26
1756053423964 0.27645977437496183 27
1756053423971 0.26116629391908647 28
1756053423977 0.2665783166885376 29
1756053423984 0.28023813366889955 30
1756053423991 0.23496526777744292 31
1756053423998 0.2196265712380409 32
1756053424006 0.22745239734649658 33
1756053424013 0.20743124336004257 34
1756053424021 0.23791758120059966 35
1756053424028 0.24675901532173156 36
1756053424035 0.24373236000537873 37
1756053424042 0.26892402321100234 38
1756053424049 0.23327115178108215 39
1756053424056 0.25911721885204314 40
1756053424063 0.25911925733089447 41
1756053424070 0.21420060098171234 42
1756053424077 0.20307256132364274 43
1756053424084 0.19182025045156478 44
1756053424092 0.17762590795755387 45
1756053424099 0.17941485941410065 46
1756053424106 0.17425151765346528 47
1756053424114 0.1583304785192013 48
1756053424121 0.150468610227108 49
1756053424129 0.17074559330940248 50
1756053424137 0.16339983195066451 51
1756053424145 0.1670663833618164 52
1756053424152 0.1523078016936779 53
1756053424160 0.14208423271775245 54
1756053424168 0.12842921316623687 55
1756053424175 0.12855119183659552 56
1756053424182 0.12562037482857705 57
1756053424189 0.13881356716156007 58
1756053424197 0.12883889973163604 59
1756053424204 0.12177203595638275 60
1756053424212 0.11955664828419685 61
1756053424219 0.13143448457121848 62
