1755979535573 1.8666425202137384 1
1755979535584 1.6241377729635973 2
1755979535590 1.3856962796969292 3
1755979535595 1.1709122482018592 4
1755979535601 1.04823721295748 5
1755979535606 0.9590069666886941 6
1755979535611 0.7660902234224173 7
1755979535617 0.7910684179037045 8
1755979535622 0.7281536857287089 9
1755979535627 0.5972092335040753 10
1755979535633 0.5026969202818015 11
1755979535638 0.49846006509585256 12
1755979535644 0.5401765153958247 13
1755979535650 0.49131642014552385 14
1755979535655 0.4939780380481329 15
1755979535660 0.4839535042261466 16
1755979535666 0.43275969246259105 17
1755979535671 0.45912379102829176 18
1755979535678 0.47512248387703526 19
1755979535683 0.5226687895946014 20
1755979535690 0.38468766862001175 21
1755979535695 0.41010558223113036 22
1755979535701 0.3577852050463359 23
1755979535707 0.35959036782001835 24
1755979535713 0.3693616332916113 25
1755979535718 0.37430655039273775 26
1755979535724 0.3742392143377891 27
1755979535730 0.37528209197215545 28
1755979535736 0.34122042205089176 29
