1755979510013 1.1144120677923546 1
1755979510022 0.9254680917813227 2
1755979510026 0.867939537916428 3
1755979510030 0.7921080940809005 4
1755979510035 0.7778885456231924 5
1755979510039 0.701224012252612 6
1755979510043 0.6343344304806147 7
1755979510047 0.6386150167538569 8
1755979510052 0.639733054699042 9
1755979510056 0.5896178376980317 10
1755979510061 0.5535919941388644 11
1755979510065 0.5721213962787237 12
1755979510069 0.5595944554377825 13
1755979510074 0.6159623257624798 14
1755979510078 0.564472666917703 15
1755979510082 0.5624511944941986 16
1755979510087 0.5459584662547479 17
1755979510091 0.5220394547169025 18
1755979510095 0.5547970120723431 19
1755979510100 0.5233402703052912 20
1755979510104 0.5100792333101615 21
1755979510109 0.5015690953303606 22
1755979510114 0.5117144905603849 23
1755979510118 0.5052002332149408 24
1755979510122 0.45019748501288587 25
1755979510127 0.4685867879635248 26
1755979510132 0.46197231839864683 27
1755979510136 0.4428964669887836 28
1755979510141 0.4288265288640291 29
1755979510146 0.47205867446385896 30
1755979510150 0.44828975888398975 31
1755979510155 0.45156885492496 32
1755979510160 0.46932321328383225 33
1755979510164 0.47559354855464053 34
1755979510169 0.47149512477410144 35
1755979510174 0.4280039484684284 36
