1755979510013 0.0009750676284088131 1
1755979510022 0.0019501352568176262 2
1755979510026 0.0029252028852264395 3
1755979510030 0.0039002705136352523 4
1755979510035 0.004875338142044066 5
1755979510039 0.004875338142044066 6
1755979510043 0.004874005637745562 7
1755979510047 0.0048700095819239385 8
1755979510052 0.004863354344207566 9
1755979510056 0.004854047202001177 10
1755979510061 0.004842098332528127 11
1755979510065 0.0048275208017017545 12
1755979510069 0.004810330549837992 13
1755979510074 0.004790546374224867 14
1755979510078 0.0047681899085679465 15
1755979510082 0.00474328559933419 16
1755979510087 0.004715860679020105 17
1755979510091 0.004685945136373404 18
1755979510095 0.004653571683600757 19
1755979510100 0.004618775720597469 20
1755979510104 0.004581595296238214 21
1755979510109 0.004542071066771153 22
1755979510114 0.004500246251360916 23
1755979510118 0.004456166584829092 24
1755979510122 0.004409880267643861 25
1755979510127 0.004361437913213495 26
1755979510132 0.004310892492541342 27
1755979510136 0.004258299276302805 28
1755979510141 0.004203715774407677 29
1755979510146 0.0041472016731138915 30
1755979510150 0.004088818769761483 31
1755979510155 0.004028630905198096 32
1755979510160 0.003966703893969964 33
1755979510164 0.0039031054523546607 34
1755979510169 0.0038379051243143487 35
1755979510174 0.00377117420545048 36
