1755979566126 1.0220885368493886 1
1755979566134 0.8760301929253799 2
1755979566141 0.9204643154755617 3
1755979566147 0.7922108677717355 4
1755979566153 0.7320159138777317 5
1755979566160 0.7402162750562032 6
1755979566166 0.6227864829393533 7
1755979566172 0.6482589000310653 8
1755979566179 0.6043105392883985 9
1755979566186 0.5878851237969521 10
1755979566192 0.557552402600264 11
1755979566199 0.5506390738181579 12
1755979566205 0.5428586350037501 13
1755979566212 0.5484971556908045 14
1755979566219 0.5335918374550648 15
1755979566225 0.5261419056317745 16
1755979566232 0.4779741114530808 17
1755979566239 0.4705486427514981 18
1755979566246 0.5134967565536499 19
1755979566252 0.506163640664174 20
1755979566259 0.5346850867454822 21
1755979566266 0.45853703908431226 22
1755979566272 0.507852471791781 23
1755979566279 0.48715843909826034 24
1755979566286 0.4470607111087212 25
1755979566293 0.4456163499599848 26
1755979566299 0.4521997196552081 27
1755979566306 0.4256823154596182 28
1755979566313 0.4225185536421262 29
1755979566320 0.47364703584940004 30
1755979566327 0.4625209608139136 31
1755979566334 0.4658183585374783 32
1755979566340 0.4231993005825923 33
1755979566348 0.41871633437963635 34
1755979566355 0.40582237182519376 35
1755979566362 0.489524265894523 36
1755979566369 0.4563123606718503 37
1755979566376 0.4381509186365666 38
