1755987736811 1.1081623911857605 1
1755987736823 0.8412988960742951 2
1755987736830 0.7316962897777557 3
1755987736836 0.7071095883846283 4
1755987736841 0.6831180274486541 5
1755987736847 0.6167893052101135 6
1755987736853 0.6679584503173828 7
1755987736858 0.5636147737503052 8
1755987736863 0.5066724300384522 9
1755987736869 0.5019534766674042 10
1755987736873 0.46594634652137756 11
1755987736879 0.43037636280059816 12
1755987736884 0.4057709962129593 13
1755987736890 0.42970319986343386 14
1755987736895 0.3783346593379974 15
1755987736901 0.3734675019979477 16
1755987736906 0.35986760854721067 17
1755987736912 0.3649426341056824 18
1755987736918 0.3405122756958008 19
1755987736922 0.3318413019180298 20
1755987736928 0.3378301650285721 21
1755987736933 0.35318637192249297 22
1755987736938 0.32583837807178495 23
1755987736943 0.32424881756305696 24
1755987736949 0.3013450771570206 25
1755987736954 0.30933223068714144 26
1755987736959 0.32084942162036895 27
1755987736964 0.2933429151773453 28
1755987736969 0.26908788830041885 29
1755987736975 0.2794194221496582 30
1755987736980 0.2785938963294029 31
1755987736985 0.27836041152477264 32
1755987736990 0.26151918768882754 33
1755987736995 0.26577138155698776 34
1755987737000 0.25448349118232727 35
1755987737005 0.23807977885007858 36
1755987737010 0.2775277107954025 37
1755987737015 0.27298194319009783 38
1755987737020 0.2397112727165222 39
1755987737025 0.23645208775997162 40
1755987737031 0.22243697792291642 41
1755987737036 0.21157608926296234 42
1755987737042 0.21252110600471497 43
1755987737048 0.22297329008579253 44
1755987737054 0.21284204572439194 45
1755987737060 0.19730799049139022 46
1755987737066 0.22257979363203048 47
1755987737071 0.2567881554365158 48
1755987737077 0.23707417845726014 49
1755987737083 0.23059451580047607 50
1755987737089 0.21236542314291001 51
1755987737095 0.20795980840921402 52
1755987737101 0.2187843441963196 53
1755987737107 0.19645784497261048 54
1755987737113 0.21676657646894454 55
1755987737119 0.19798801094293594 56
1755987737125 0.1989530310034752 57
1755987737130 0.1879796028137207 58
1755987737136 0.18055325597524643 59
1755987737142 0.18352405726909637 60
1755987737148 0.17577096223831176 61
1755987737153 0.18508213758468628 62
1755987737159 0.1813337117433548 63
1755987737164 0.19228861033916472 64
1755987737170 0.18767143189907073 65
1755987737176 0.1789957344532013 66
1755987737182 0.1802140235900879 67
1755987737189 0.19347348362207412 68
1755987737194 0.17938897758722305 69
1755987737199 0.16615937799215316 70
1755987737206 0.1727356046438217 71
1755987737211 0.17049311995506286 72
1755987737218 0.16999717503786088 73
1755987737224 0.16367220133543015 74
1755987737230 0.15090810507535934 75
1755987737245 0.15616403073072432 76
1755987737256 0.16581152528524398 77
1755987737262 0.161313995718956 78
1755987737268 0.16220247447490693 79
1755987737275 0.165229232609272 80
1755987737281 0.1497206762433052 81
1755987737287 0.15215710774064065 82
1755987737293 0.1538998767733574 83
1755987737299 0.16667569428682327 84
1755987737305 0.15668491423130035 85
1755987737311 0.15867676138877868 86
1755987737318 0.15417751744389535 87
1755987737324 0.16349945589900017 88
1755987737331 0.16028394252061845 89
1755987737338 0.15102935656905175 90
1755987737344 0.16013277173042298 91
1755987737351 0.1458627015352249 92
1755987737358 0.15746767148375512 93
1755987737364 0.14695448577404022 94
1755987737371 0.14935632199048995 95
