1755987736811 2.120180332660675 1
1755987736823 1.222633308172226 2
1755987736830 0.9514227390289307 3
1755987736836 0.8842838287353516 4
1755987736841 0.8260417759418488 5
1755987736847 0.6584796667098999 6
1755987736853 0.7665512710809708 7
1755987736858 0.5475673705339432 8
1755987736863 0.45017423629760744 9
1755987736869 0.4312400907278061 10
1755987736873 0.36951057612895966 11
1755987736879 0.32616879642009733 12
1755987736884 0.29787923991680143 13
1755987736890 0.31732590943574907 14
1755987736895 0.2542746260762215 15
1755987736901 0.24554095268249512 16
1755987736906 0.22286744117736818 17
1755987736912 0.2329500809311867 18
1755987736918 0.20529127717018128 19
1755987736922 0.196267706155777 20
1755987736928 0.21112735271453859 21
1755987736933 0.22231577783823014 22
1755987736938 0.18511567860841752 23
1755987736943 0.17971152812242508 24
1755987736949 0.15587263107299804 25
1755987736954 0.16955508068203926 26
1755987736959 0.18255708813667298 27
1755987736964 0.14449983239173889 28
1755987736969 0.12493853121995926 29
1755987736975 0.1402117371559143 30
1755987736980 0.13376190811395644 31
1755987736985 0.13664358034729956 32
1755987736990 0.11901594251394272 33
1755987736995 0.12064284831285477 34
1755987737000 0.11303199976682662 35
1755987737005 0.09849061742424965 36
1755987737010 0.13673367202281952 37
1755987737015 0.13372921720147132 38
1755987737020 0.09847637340426445 39
1755987737025 0.10059790760278702 40
1755987737031 0.08472130261361599 41
1755987737036 0.0784372180700302 42
1755987737042 0.08024914376437664 43
1755987737048 0.08500515520572663 44
1755987737054 0.07786191925406456 45
1755987737060 0.06642291508615017 46
1755987737066 0.08597456812858581 47
1755987737071 0.11606602743268013 48
1755987737077 0.09495721906423568 49
1755987737083 0.09540031328797341 50
1755987737089 0.07636560797691345 51
1755987737095 0.07701813131570816 52
1755987737101 0.0810083031654358 53
1755987737107 0.06657656244933605 54
1755987737113 0.08001220375299453 55
1755987737119 0.06522455401718616 56
1755987737125 0.06997200399637223 57
1755987737130 0.06009970344603062 58
1755987737136 0.05618853457272053 59
1755987737142 0.05919138491153717 60
1755987737148 0.05140732377767563 61
1755987737153 0.05836694538593292 62
1755987737159 0.05553888045251369 63
1755987737164 0.06250418014824391 64
1755987737170 0.06228168122470379 65
1755987737176 0.056107716634869576 66
1755987737182 0.054842446371912955 67
1755987737189 0.06363222301006317 68
1755987737194 0.05560792125761509 69
1755987737199 0.04848954938352108 70
1755987737206 0.05210900977253914 71
1755987737211 0.048851998150348665 72
1755987737218 0.05024434030056 73
1755987737224 0.04470380879938603 74
1755987737230 0.038110938295722006 75
1755987737245 0.041099732555449006 76
1755987737256 0.047013358771800996 77
1755987737262 0.044172261655330655 78
1755987737268 0.04267438091337681 79
1755987737275 0.04554266296327114 80
1755987737281 0.037509120814502236 81
1755987737287 0.040437898226082326 82
1755987737293 0.04106853511184454 83
1755987737299 0.04661400653421879 84
1755987737305 0.039866294525563714 85
1755987737311 0.042357453145086765 86
1755987737318 0.04037194363772869 87
1755987737324 0.04524787086993456 88
1755987737331 0.04341543707996607 89
1755987737338 0.03917141128331423 90
1755987737344 0.04271819423884153 91
1755987737351 0.036100548878312114 92
1755987737358 0.041628417745232585 93
1755987737364 0.03635577205568552 94
1755987737371 0.03863166142255068 95
