1755987736811 0.0004634399366633494 1
1755987736823 0.0009268798733266987 2
1755987736830 0.001390319809990048 3
1755987736836 0.0018537597466533975 4
1755987736841 0.0023171996833167468 5
1755987736847 0.0023171996833167468 6
1755987736853 0.0023165665007298455 7
1755987736858 0.0023146676453450034 8
1755987736863 0.0023115051935327056 9
1755987736869 0.0023070826033875784 10
1755987736873 0.002301404710947013 11
1755987736879 0.0022944777249030318 12
1755987736884 0.0022863092198131723 13
1755987736890 0.002276908127817822 14
1755987736895 0.002266284728873052 15
1755987736901 0.002254450639509638 16
1755987736906 0.0022414188001305515 17
1755987736912 0.0022272034608608227 18
1755987736918 0.0022118201659652352 19
1755987736922 0.0021952857368509023 20
1755987736928 0.002177618253673304 21
1755987736933 0.0021588370355659046 22
1755987736938 0.00213896261951496 23
1755987736943 0.0021180167379026304 24
1755987736949 0.002096022294742933 25
1755987736954 0.002073003340636545 26
1755987736959 0.00204898504647182 27
1755987736964 0.0020239936759007945 28
1755987736969 0.0019980565566202683 29
1755987736975 0.0019712020504893692 30
1755987736980 0.0019434595225162783 31
1755987736985 0.0019148593087480218 32
1755987736990 0.0018854326830984515 33
1755987736995 0.0018552118231506779 34
1755987737000 0.0018242297749713554 35
1755987737005 0.0017925204169752947 36
1755987737010 0.001760118422879912 37
1755987737015 0.0017270592237900294 38
1755987737020 0.0016933789694544815 39
1755987737025 0.0016591144887368953 40
1755987737031 0.0016243032493438703 41
1755987737036 0.0015889833168545883 42
1755987737042 0.0015531933130966654 43
1755987737048 0.0015169723739137462 44
1755987737054 0.0014803601063710376 45
1755987737060 0.0014433965454455613 46
1755987737066 0.001406122110248496 47
1755987737071 0.0013685775598274719 48
1755987737077 0.0013308039485971502 49
1755987737083 0.0012928425814468258 50
1755987737089 0.0012547349685741336 51
1755987737095 0.0012165227800942596 52
1755987737101 0.0011782478004742814 53
1755987737107 0.001139951882842465 54
1755987737113 0.0011016769032224868 55
1755987737119 0.001063464714742613 56
1755987737125 0.0010253571018699209 57
1755987737130 0.000987395734719596 58
1755987737136 0.0009496221234892752 59
1755987737142 0.0009120775730682508 60
1755987737148 0.0008748031378711852 61
1755987737153 0.0008378395769457091 62
1755987737159 0.0008012273094030003 63
1755987737164 0.0007650063702200813 64
1755987737170 0.0007292163664621579 65
1755987737176 0.0006938964339728766 66
1755987737182 0.0006590851945798513 67
1755987737189 0.0006248207138622652 68
1755987737194 0.0005911404595267175 69
1755987737199 0.0005580812604368348 70
1755987737206 0.0005256792663414521 71
1755987737211 0.0004939699083453911 72
1755987737218 0.0004629878601660686 73
1755987737224 0.0004327670002182949 74
1755987737230 0.0004033403745687246 75
1755987737245 0.00037474016080046846 76
1755987737256 0.0003469976328273774 77
1755987737262 0.00032014312669647856 78
1755987737268 0.0002942060074159526 79
1755987737275 0.000269214636844927 80
1755987737281 0.000245196342680202 81
1755987737287 0.0002221773885738137 82
1755987737293 0.00020018294541411654 83
1755987737299 0.00017923706380178648 84
1755987737305 0.0001593626477508423 85
1755987737311 0.00014058142964344284 86
1755987737318 0.00012291394646584466 87
1755987737324 0.00010637951735151164 88
1755987737331 9.099622245592412e-05 89
1755987737338 7.67808831861954e-05 90
1755987737344 6.374904380710894e-05 91
1755987737351 5.191495444369454e-05 92
1755987737358 4.129155549892488e-05 93
1755987737364 3.1890463503574566e-05 94
1755987737371 2.3721958413715167e-05 95
