1755987759852 1.0173365831375123 1
1755987759869 0.8276185929775238 2
1755987759877 0.7816323816776276 3
1755987759885 0.7123657524585724 4
1755987759893 0.647601306438446 5
1755987759900 0.6540221631526947 6
1755987759908 0.5495338946580887 7
1755987759916 0.5560195624828339 8
1755987759924 0.47502810657024386 9
1755987759931 0.4848856955766678 10
1755987759939 0.4705458253622055 11
1755987759946 0.4337298184633255 12
1755987759954 0.38945828676223754 13
1755987759962 0.37989531457424164 14
1755987759969 0.3377422124147415 15
1755987759976 0.3266999363899231 16
1755987759984 0.3289607286453247 17
1755987759992 0.3369552344083786 18
1755987759999 0.3303472399711609 19
1755987760007 0.33530611991882325 20
1755987760014 0.3230024129152298 21
1755987760023 0.37233700454235075 22
1755987760031 0.3749301373958588 23
1755987760039 0.42682160437107086 24
1755987760047 0.3535716742277145 25
1755987760055 0.33558993637561796 26
1755987760063 0.31682043671607973 27
1755987760070 0.2958357334136963 28
1755987760078 0.26429162472486495 29
1755987760085 0.26013687551021575 30
1755987760093 0.26297248005867 31
1755987760101 0.24173012524843215 32
1755987760109 0.23829138725996019 33
1755987760117 0.21828833520412444 34
1755987760125 0.2118133470416069 35
1755987760133 0.2337988168001175 36
1755987760141 0.23865157961845399 37
1755987760149 0.23892777413129807 38
1755987760157 0.2326859638094902 39
1755987760166 0.23453214317560195 40
1755987760174 0.22571478486061097 41
1755987760182 0.2119149312376976 42
1755987760191 0.20787968039512633 43
1755987760199 0.20189870595932008 44
1755987760207 0.22437111735343934 45
1755987760215 0.20116036981344224 46
1755987760223 0.19320446848869324 47
1755987760232 0.19764384478330613 48
1755987760240 0.18803055286407472 49
1755987760248 0.19358183145523072 50
1755987760256 0.1844212904572487 51
1755987760264 0.18237707316875457 52
1755987760272 0.20504342764616013 53
1755987760281 0.20313223898410798 54
1755987760289 0.2068803146481514 55
1755987760297 0.21049460619688035 56
1755987760305 0.17744419127702712 57
1755987760313 0.17524012178182602 58
1755987760321 0.17017993181943894 59
1755987760329 0.1758490338921547 60
1755987760338 0.16190568655729293 61
1755987760346 0.16787319183349608 62
1755987760354 0.166486756503582 63
1755987760363 0.15548962503671646 64
1755987760371 0.15199901163578033 65
1755987760380 0.16061362326145173 66
1755987760388 0.16013944298028945 67
1755987760397 0.18279975801706314 68
1755987760406 0.17464169561862947 69
1755987760414 0.1564992107450962 70
