1755987736811 3.9356279134750367 1
1755987736823 1.6544054210186006 2
1755987736830 1.7330850958824158 3
1755987736836 1.1668895363807679 4
1755987736841 1.0155867636203766 5
1755987736847 0.8330996364355088 6
1755987736853 0.9260368108749389 7
1755987736858 0.5852600783109665 8
1755987736863 0.46236844062805177 9
1755987736869 0.4203113168478012 10
1755987736873 0.3594802498817444 11
1755987736879 0.3417363315820694 12
1755987736884 0.3171534836292267 13
1755987736890 0.334822815656662 14
1755987736895 0.280822890996933 15
1755987736901 0.2514577478170395 16
1755987736906 0.24291469901800156 17
1755987736912 0.24155206829309464 18
1755987736918 0.2386455699801445 19
1755987736922 0.2129369780421257 20
1755987736928 0.24727538973093033 21
1755987736933 0.2291806384921074 22
1755987736938 0.17816234454512597 23
1755987736943 0.1704208582639694 24
1755987736949 0.169243885576725 25
1755987736954 0.17513760700821876 26
1755987736959 0.20231382995843888 27
1755987736964 0.15799377411603927 28
1755987736969 0.12624312937259674 29
1755987736975 0.14617179781198503 30
1755987736980 0.1270318292081356 31
1755987736985 0.13303177282214165 32
1755987736990 0.149628646671772 33
1755987736995 0.12486599907279014 34
1755987737000 0.11250525712966919 35
1755987737005 0.12132167890667915 36
1755987737010 0.13239407315850257 37
1755987737015 0.14149202331900596 38
1755987737020 0.10880185589194298 39
1755987737025 0.10267903059720992 40
1755987737031 0.09368884228169919 41
1755987737036 0.08560969866812229 42
1755987737042 0.0855403333902359 43
1755987737048 0.09881727211177349 44
1755987737054 0.0788508839905262 45
1755987737060 0.07487544752657413 46
1755987737066 0.09986329600214958 47
1755987737071 0.11998617127537728 48
1755987737077 0.11605329066514969 49
1755987737083 0.10741309374570847 50
1755987737089 0.08860446177423001 51
1755987737095 0.08142298832535744 52
1755987737101 0.09197832122445107 53
1755987737107 0.07052936367690563 54
1755987737113 0.0755642581731081 55
1755987737119 0.06961619146168233 56
1755987737125 0.0744515173137188 57
1755987737130 0.062973902374506 58
1755987737136 0.06604496687650681 59
1755987737142 0.06125373281538486 60
1755987737148 0.04873098731040955 61
1755987737153 0.06287959739565849 62
1755987737159 0.05542807541787624 63
1755987737164 0.06526589021086693 64
1755987737170 0.06745225861668587 65
1755987737176 0.0557204395532608 66
1755987737182 0.05715736597776413 67
1755987737189 0.06940752156078815 68
1755987737194 0.05546724088490009 69
1755987737199 0.05501636676490307 70
1755987737206 0.054993650317192076 71
1755987737211 0.04872481897473335 72
1755987737218 0.050629298016428945 73
1755987737224 0.050936226919293406 74
1755987737230 0.04205803573131561 75
1755987737245 0.042830533161759374 76
1755987737256 0.04536030627787113 77
1755987737262 0.04664997383952141 78
1755987737268 0.04180295690894127 79
1755987737275 0.04425172321498394 80
1755987737281 0.035615610890090466 81
1755987737287 0.04099005032330751 82
1755987737293 0.040054358541965485 83
1755987737299 0.048797373101115225 84
1755987737305 0.04107513353228569 85
1755987737311 0.04158691931515932 86
1755987737318 0.038721298798918724 87
1755987737324 0.04338319469243288 88
1755987737331 0.04330455008894205 89
1755987737338 0.04264333043247461 90
1755987737344 0.04789770431816578 91
1755987737351 0.03401825800538063 92
1755987737358 0.03949060589075089 93
1755987737364 0.03689151369035244 94
1755987737371 0.03981663882732391 95
