1756055968879 1.0525656700134278 1
1756055968893 0.9683018654584885 2
1756055968897 0.9137386828660965 3
1756055968902 0.7799267441034317 4
1756055968906 0.7881763637065887 5
1756055968911 0.654083052277565 6
1756055968916 0.6333039402961731 7
1756055968920 0.6881672441959381 8
1756055968925 0.5670480474829673 9
1756055968929 0.5609084308147431 10
1756055968934 0.5367854595184326 11
1756055968938 0.5780473634600639 12
1756055968944 0.5782459884881973 13
1756055968948 0.5448749512434006 14
1756055968953 0.5644180372357368 15
1756055968957 0.5407342776656151 16
1756055968962 0.49138245582580564 17
1756055968967 0.5171147480607032 18
1756055968971 0.5384510815143585 19
1756055968976 0.47956195324659345 20
1756055968981 0.48086794167757035 21
1756055968986 0.4704010859131813 22
1756055968991 0.5470373868942261 23
1756055968996 0.5192595243453979 24
1756055969001 0.5112432524561882 25
1756055969008 0.511894465982914 26
1756055969013 0.46099665611982343 27
1756055969018 0.43013741374015807 28
1756055969024 0.4292509764432907 29
1756055969029 0.4213929817080498 30
1756055969034 0.4740754336118698 31
1756055969040 0.4385409340262413 32
1756055969045 0.40115744024515154 33
1756055969050 0.4561608612537384 34
1756055969056 0.5117693781852722 35
1756055969061 0.5197422742843628 36
1756055969066 0.45699396431446077 37
1756055969072 0.4801785260438919 38
1756055969078 0.45601291209459305 39
1756055969084 0.46696714758872987 40
1756055969089 0.4651236206293106 41
1756055969095 0.4002744123339653 42
1756055969100 0.4137470632791519 43
1756055969106 0.4201237678527832 44
1756055969111 0.40332957059144975 45
1756055969116 0.36819457411766054 46
1756055969122 0.3886548072099686 47
1756055969128 0.40644957721233366 48
1756055969133 0.37948082089424134 49
1756055969139 0.3716993913054466 50
1756055969145 0.37201701998710635 51
1756055969151 0.38617021292448045 52
1756055969156 0.44192816466093066 53
1756055969162 0.3903311789035797 54
1756055969167 0.3765430212020874 55
1756055969174 0.39671830013394355 56
1756055969180 0.3944766134023666 57
1756055969185 0.42177669107913973 58
1756055969191 0.3438071981072426 59
1756055969198 0.3528790585696697 60
1756055969204 0.3497913032770157 61
1756055969209 0.3932708740234375 62
1756055969215 0.39325459748506547 63
1756055969220 0.32384640723466873 64
1756055969226 0.3582440435886383 65
1756055969231 0.32379858419299123 66
1756055969237 0.376480957865715 67
1756055969245 0.31956786662340164 68
1756055969251 0.31156385838985445 69
1756055969257 0.3332125425338745 70
1756055969264 0.2935389369726181 71
1756055969270 0.36188259720802307 72
1756055969276 0.29271402209997177 73
1756055969283 0.3259290374815464 74
1756055969289 0.2958563782274723 75
1756055969296 0.3341383680701256 76
1756055969302 0.2737094983458519 77
1756055969307 0.3001056231558323 78
1756055969313 0.286955164372921 79
1756055969319 0.29489633813500404 80
1756055969325 0.2701122410595417 81
1756055969332 0.3404895007610321 82
1756055969338 0.28636421635746956 83
1756055969344 0.343922733515501 84
1756055969350 0.30464892759919165 85
1756055969356 0.28456212505698203 86
1756055969362 0.2674685478210449 87
1756055969368 0.30293661504983904 88
1756055969374 0.2609424404799938 89
1756055969380 0.28069011569023133 90
1756055969386 0.23771916180849076 91
1756055969393 0.307722058147192 92
1756055969399 0.29837717711925504 93
1756055969406 0.28503555729985236 94
1756055969413 0.3021461822092533 95
1756055969419 0.30288778245449066 96
1756055969426 0.27973043769598005 97
1756055969432 0.29602906852960587 98
1756055969438 0.2581621304154396 99
1756055969445 0.2701412573456764 100
