1755987990365 1.7608945727348329 1
1755987990379 1.191626363992691 2
1755987990387 1.0498742938041687 3
1755987990396 1.01105797290802 4
1755987990403 0.9445623517036438 5
1755987990411 0.7862575948238373 6
1755987990419 0.8943715393543243 7
1755987990427 0.7051917374134063 8
1755987990434 0.689470499753952 9
1755987990441 0.5923186004161834 10
1755987990449 0.5462451577186584 11
1755987990456 0.4636444002389908 12
1755987990464 0.5173869520425797 13
1755987990471 0.557506188750267 14
1755987990478 0.4620467036962509 15
1755987990486 0.45028896629810333 16
1755987990493 0.41726193726062777 17
1755987990501 0.3573334127664566 18
1755987990509 0.39142324328422545 19
1755987990517 0.32650652527809143 20
1755987990525 0.32766391187906263 21
1755987990532 0.2973154872655869 22
1755987990540 0.2916025310754776 23
1755987990547 0.2638767436146736 24
1755987990555 0.26259261816740037 25
1755987990563 0.22377052307128906 26
1755987990571 0.2096927911043167 27
1755987990579 0.21474402397871017 28
1755987990587 0.24124604612588882 29
1755987990595 0.22224469780921935 30
1755987990602 0.20656436681747437 31
1755987990610 0.20700664520263673 32
1755987990618 0.20276614427566528 33
1755987990625 0.20717788934707643 34
1755987990633 0.195996655523777 35
1755987990641 0.21615608483552934 36
1755987990648 0.2205424576997757 37
1755987990656 0.1974440947175026 38
1755987990664 0.19851818978786467 39
1755987990672 0.1902626372873783 40
1755987990680 0.1636415719985962 41
1755987990687 0.15296597480773927 42
1755987990695 0.15233008861541747 43
