1755907868463 0.000619034895126202 1
1755907868475 0.001238069790252404 2
1755907868480 0.001857104685378606 3
1755907868485 0.002476139580504808 4
1755907868490 0.00309517447563101 5
1755907868495 0.00309517447563101 6
1755907868500 0.0030943286170407873 7
1755907868505 0.0030917919662040686 8
1755907868510 0.003087567296911302 9
1755907868515 0.003081659228776332 10
1755907868520 0.0030740742221849237 11
1755907868526 0.0030648205712304226 12
1755907868530 0.0030539083946442866 13
1755907868535 0.0030413496247314016 14
1755907868540 0.003027157994322282 15
1755907868544 0.0030113490217564196 16
1755907868550 0.002993939993913211 17
1755907868555 0.002974949947309006 18
1755907868560 0.0029543996472809566 19
1755907868565 0.002932311565280428 20
1755907868570 0.0029087098543007926 21
1755907868575 0.002883620322466491 22
1755907868580 0.002857070404812222 23
1755907868585 0.00282908913328314 24
1755907868590 0.0027997071049888442 25
1755907868595 0.002768956448745892 26
1755907868599 0.0027368707899454088 27
1755907868605 0.0027034852137842154 28
1755907868611 0.0026688362268996826 29
1755907868615 0.0026329617174502564 30
1755907868620 0.002595900913685317 31
1755907868625 0.0025576943410496587 32
1755907868630 0.002518383777869516 33
1755907868634 0.002478012209668575 34
1755907868640 0.002436623782163933 35
1755907868644 0.0023942637529934083 36
1755907868649 0.002350978442226975 37
1755907868654 0.0023068151817164477 38
1755907868659 0.002261822263338796 39
1755907868666 0.0022160488861896863 40
1755907868671 0.0021695451027849938 41
1755907868676 0.0021223617643291092 42
1755907868681 0.0020745504651098964 43
1755907868686 0.0020261634860810917 44
1755907868691 0.0019772537376938535 45
1755907868696 0.0019278747020399574 46
