1755907910343 1.9442118048667907 1
1755907910356 1.10489884018898 2
1755907910365 0.8629824161529541 3
1755907910374 0.7219608306884766 4
1755907910382 0.6525877118110657 5
1755907910391 0.5072340488433837 6
1755907910399 0.4680553138256073 7
1755907910408 0.453093820810318 8
1755907910417 0.39834749400615693 9
1755907910425 0.3411178708076477 10
1755907910434 0.3142447739839554 11
1755907910442 0.2963497668504715 12
1755907910450 0.31662780195474627 13
1755907910459 0.28509055376052855 14
1755907910467 0.2256449580192566 15
1755907910474 0.21050801873207092 16
1755907910483 0.20297299474477767 17
1755907910492 0.1992885798215866 18
1755907910500 0.1704230636358261 19
1755907910509 0.17929061651229858 20
1755907910518 0.1536666825413704 21
1755907910526 0.14971209615468978 22
1755907910535 0.14817026183009147 23
1755907910543 0.12647353038191794 24
1755907910552 0.13959746956825256 25
1755907910561 0.1382419779896736 26
1755907910569 0.11672523617744446 27
1755907910577 0.11161940768361092 28
1755907910585 0.11296529695391655 29
1755907910593 0.1084522508084774 30
1755907910602 0.11331519111990929 31
1755907910611 0.09027753844857216 32
1755907910619 0.08044948503375053 33
1755907910628 0.08989713191986085 34
1755907910637 0.08003123477101326 35
1755907910646 0.07947764098644257 36
1755907910655 0.06573313884437085 37
1755907910663 0.06955865509808064 38
1755907910672 0.06770243123173714 39
1755907910680 0.07243785932660103 40
1755907910690 0.06048885807394981 41
1755907910699 0.053664620220661166 42
1755907910708 0.05571438074111938 43
1755907910717 0.050921829789876936 44
1755907910727 0.06295851171016693 45
1755907910736 0.05253823101520538 46
1755907910745 0.05582045689225197 47
1755907910754 0.06435791552066802 48
1755907910763 0.06403796523809432 49
1755907910772 0.05903029404580593 50
1755907910781 0.04706279300153256 51
1755907910790 0.0509547371417284 52
1755907910799 0.0553274504840374 53
1755907910808 0.050496483221650124 54
1755907910817 0.045872613415122034 55
