1755907868463 1.0161163449287414 1
1755907868475 0.7365217864513397 2
1755907868480 0.7385622143745423 3
1755907868485 0.6769303500652313 4
1755907868490 0.6212722063064575 5
1755907868495 0.5470152229070664 6
1755907868500 0.5395770072937012 7
1755907868505 0.5035109996795655 8
1755907868510 0.4567157208919525 9
1755907868515 0.4409943461418152 10
1755907868520 0.439003124833107 11
1755907868526 0.4069979012012482 12
1755907868530 0.407183039188385 13
1755907868535 0.3704687416553497 14
1755907868540 0.360822269320488 15
1755907868544 0.32350076735019684 16
1755907868550 0.3330110818147659 17
1755907868555 0.3314315050840378 18
1755907868560 0.33677237927913667 19
1755907868565 0.3164928197860718 20
1755907868570 0.30061121582984923 21
1755907868575 0.2980520695447922 22
1755907868580 0.27968720346689224 23
1755907868585 0.27649128139019014 24
1755907868590 0.27067955732345583 25
1755907868595 0.27357488721609113 26
1755907868599 0.2800233900547028 27
1755907868605 0.25964384377002714 28
1755907868611 0.24878280907869338 29
1755907868615 0.2419681429862976 30
1755907868620 0.24946427941322327 31
1755907868625 0.2355422094464302 32
1755907868630 0.2284475862979889 33
1755907868634 0.2188310369849205 34
1755907868640 0.19475664794445038 35
1755907868644 0.20754378885030747 36
1755907868649 0.19906216114759445 37
1755907868654 0.20571562349796296 38
1755907868659 0.2082926884293556 39
1755907868666 0.21282265782356263 40
1755907868671 0.24626016914844512 41
1755907868676 0.2095038637518883 42
1755907868681 0.19228050708770753 43
1755907868686 0.19371539801359178 44
1755907868691 0.18475389182567598 45
1755907868696 0.17517295628786086 46
