1755907892419 1.5740087568759917 1
1755907892434 0.9948997735977173 2
1755907892440 0.8284902811050415 3
1755907892446 0.7565453290939331 4
1755907892453 0.6294412463903427 5
1755907892458 0.49845331609249116 6
1755907892464 0.41593741476535795 7
1755907892470 0.3552864521741867 8
1755907892477 0.32190141677856443 9
1755907892482 0.3495504200458527 10
1755907892488 0.3002558171749115 11
1755907892494 0.23587443232536315 12
1755907892500 0.2261006787419319 13
1755907892507 0.24884540289640428 14
1755907892512 0.2501791283488274 15
1755907892519 0.234425188601017 16
1755907892526 0.2139774441719055 17
1755907892533 0.20134177207946777 18
1755907892540 0.15585877373814583 19
1755907892547 0.1548210233449936 20
1755907892552 0.1438395597040653 21
1755907892559 0.12585636079311371 22
1755907892567 0.1327366955578327 23
1755907892574 0.12867075949907303 24
1755907892580 0.11478030756115913 25
1755907892588 0.10001330003142357 26
1755907892594 0.09474513828754424 27
1755907892603 0.10578819066286087 28
1755907892609 0.08389105126261712 29
1755907892616 0.09580160826444625 30
1755907892622 0.08411320708692074 31
1755907892629 0.07477465867996216 32
1755907892635 0.07211913727223873 33
1755907892642 0.08250574618577958 34
1755907892649 0.08830338940024376 35
1755907892655 0.09294826276600361 36
1755907892662 0.09398015588521957 37
1755907892668 0.09851425923407078 38
1755907892675 0.06815962754189968 39
1755907892681 0.06659900844097137 40
1755907892688 0.062209800630807874 41
1755907892695 0.05488742291927338 42
1755907892702 0.058050002157688144 43
1755907892709 0.055706750974059104 44
1755907892716 0.06980641968548298 45
1755907892723 0.05380369201302528 46
1755907892730 0.05054129734635353 47
1755907892737 0.05045959055423736 48
1755907892744 0.048769672587513926 49
1755907892750 0.04242129996418953 50
1755907892757 0.04012943413108587 51
1755907892763 0.03997775632888079 52
1755907892770 0.04077131655067205 53
1755907892776 0.04108112081885338 54
1755907892783 0.04418149683624506 55
1755907892791 0.03713887743651867 56
1755907892798 0.03417767696082592 57
1755907892805 0.0343636304140091 58
1755907892812 0.03409777879714966 59
1755907892819 0.029539439640939236 60
1755907892826 0.03391386289149523 61
1755907892842 0.03163992781192064 62
1755907892848 0.0420892670750618 63
1755907892855 0.03399806451052427 64
1755907892862 0.027765259705483915 65
1755907892869 0.02977415397763252 66
1755907892876 0.03226104825735092 67
1755907892883 0.02805190794169903 68
1755907892891 0.028767805173993112 69
1755907892898 0.03068768437951803 70
1755907892905 0.04029406104236841 71
1755907892911 0.034569275379180905 72
1755907892919 0.0290449358522892 73
1755907892927 0.022384331747889518 74
1755907892934 0.024525115638971327 75
1755907892941 0.026509453542530537 76
1755907892948 0.028969984501600266 77
1755907892955 0.023136576265096666 78
1755907892961 0.026842609979212284 79
1755907892968 0.026497025042772293 80
1755907892975 0.02343131201341748 81
1755907892982 0.025004224479198457 82
1755907892990 0.023249946534633636 83
1755907892997 0.030452065356075763 84
1755907893005 0.02158603360876441 85
1755907893013 0.021132613811641932 86
1755907893021 0.023013829812407495 87
1755907893030 0.026345528475940228 88
1755907893038 0.02786522898823023 89
1755907893045 0.020548026636242868 90
