1755907910343 1.0637501180171967 1
1755907910356 0.7984715104103088 2
1755907910365 0.694721269607544 3
1755907910374 0.6434821367263794 4
1755907910382 0.5990090370178223 5
1755907910391 0.5215298771858216 6
1755907910399 0.5136844515800476 7
1755907910408 0.4939456611871719 8
1755907910417 0.46169730424880984 9
1755907910425 0.43729872405529024 10
1755907910434 0.40570042133331297 11
1755907910442 0.39909543097019196 12
1755907910450 0.4041226804256439 13
1755907910459 0.3919524371623993 14
1755907910467 0.35338158905506134 15
1755907910474 0.34112994372844696 16
1755907910483 0.33842392861843107 17
1755907910492 0.3311095356941223 18
1755907910500 0.3066814780235291 19
1755907910509 0.3150977283716202 20
1755907910518 0.29272142350673674 21
1755907910526 0.2847885936498642 22
1755907910535 0.2853109061717987 23
1755907910543 0.26452219784259795 24
1755907910552 0.27137291729450225 25
1755907910561 0.2744412511587143 26
1755907910569 0.25332231223583224 27
1755907910577 0.24590873569250107 28
1755907910585 0.2516682744026184 29
1755907910593 0.24897091388702391 30
1755907910602 0.25604483038187026 31
1755907910611 0.22685548961162566 32
1755907910619 0.21206749081611634 33
1755907910628 0.2174744188785553 34
1755907910637 0.2124662771821022 35
1755907910646 0.20844842195510865 36
1755907910655 0.19035141468048095 37
1755907910663 0.19468257427215577 38
1755907910672 0.198975832760334 39
1755907910680 0.19663860499858857 40
1755907910690 0.18439786583185197 41
1755907910699 0.17599816620349884 42
1755907910708 0.17975998669862747 43
1755907910717 0.1703326940536499 44
1755907910727 0.19085904955863953 45
1755907910736 0.17260970026254654 46
1755907910745 0.17856454998254775 47
1755907910754 0.189408577978611 48
1755907910763 0.1845288872718811 49
1755907910772 0.18486328274011612 50
1755907910781 0.16456308513879775 51
1755907910790 0.168870809674263 52
1755907910799 0.17539158016443251 53
1755907910808 0.17030294090509415 54
1755907910817 0.1609452933073044 55
