1755913701007 0.8258351802825927 1
1755913701021 0.8077999591827393 2
1755913701028 0.680403059720993 3
1755913701036 0.586278760433197 4
1755913701044 0.4913086980581284 5
1755913701052 0.40861732959747316 6
1755913701059 0.37081692516803744 7
1755913701067 0.34665620028972627 8
1755913701075 0.35869492292404176 9
1755913701082 0.35820325911045076 10
1755913701090 0.33774766623973845 11
1755913701098 0.2964964359998703 12
1755913701105 0.2868396192789078 13
1755913701113 0.2816674381494522 14
1755913701121 0.2906775563955307 15
1755913701128 0.25453866422176363 16
1755913701136 0.24629942327737808 17
1755913701143 0.2173139601945877 18
1755913701150 0.2198411926627159 19
1755913701157 0.22192746847867967 20
1755913701164 0.2015096053481102 21
1755913701172 0.2260387048125267 22
1755913701180 0.20072286278009416 23
1755913701188 0.19322355836629868 24
1755913701196 0.19054160714149476 25
1755913701204 0.18664124011993408 26
1755913701212 0.1891505613923073 27
1755913701219 0.17782144993543625 28
1755913701227 0.21240565925836563 29
1755913701234 0.21277890652418135 30
1755913701242 0.20737673044204713 31
1755913701249 0.18286137878894806 32
1755913701257 0.17582436203956603 33
1755913701265 0.17520467042922974 34
1755913701272 0.16625604629516602 35
1755913701281 0.16156644821166993 36
1755913701288 0.16444119513034822 37
1755913701296 0.1682599015533924 38
1755913701304 0.1508484289050102 39
1755913701312 0.1407919742166996 40
1755913701320 0.151431106030941 41
1755913701329 0.14681177586317062 42
