1755913701007 1.2852505207061768 1
1755913701021 1.163420855998993 2
1755913701028 0.8299342513084411 3
1755913701036 0.6242006301879883 4
1755913701044 0.436313858628273 5
1755913701052 0.30584405958652494 6
1755913701059 0.24805320799350739 7
1755913701067 0.21579399704933167 8
1755913701075 0.23672914057970046 9
1755913701082 0.2234489932656288 10
1755913701090 0.2058728665113449 11
1755913701098 0.16592824459075928 12
1755913701105 0.15426789745688438 13
1755913701113 0.14929217770695685 14
1755913701121 0.15093137472867965 15
1755913701128 0.11305803209543228 16
1755913701136 0.10594729483127593 17
1755913701143 0.08605327643454075 18
1755913701150 0.08846261650323868 19
1755913701157 0.08461373001337051 20
1755913701164 0.07146948128938675 21
1755913701172 0.09421015307307243 22
1755913701180 0.07319380640983582 23
1755913701188 0.06630038097500801 24
1755913701196 0.06650772728025914 25
1755913701204 0.06186053156852722 26
1755913701212 0.06687340065836907 27
1755913701219 0.059677430614829066 28
1755913701227 0.0804378867149353 29
1755913701234 0.08190000168979168 30
1755913701242 0.07567194253206252 31
1755913701249 0.06046360209584236 32
1755913701257 0.054568111523985864 33
1755913701265 0.05525145456194878 34
1755913701272 0.04870149046182633 35
1755913701281 0.048649436607956884 36
1755913701288 0.04702038411051035 37
1755913701296 0.05152901858091354 38
1755913701304 0.041043725050985816 39
1755913701312 0.03529417011886835 40
1755913701320 0.040374906919896605 41
1755913701329 0.04017788246273994 42
