1755913701007 0.0012380402992662098 1
1755913701021 0.0024760805985324197 2
1755913701028 0.0037141208977986297 3
1755913701036 0.004952161197064839 4
1755913701044 0.006190201496331049 5
1755913701052 0.006190201496331049 6
1755913701059 0.006188509546089225 7
1755913701067 0.006183435545486501 8
1755913701075 0.006174985042868039 9
1755913701082 0.006163167278734384 10
1755913701090 0.0061479951756371115 11
1755913701098 0.006129485324048201 12
1755913701105 0.006107657964218608 13
1755913701113 0.006082536964045838 14
1755913701121 0.00605414979297476 15
1755913701128 0.006022527491960162 16
1755913701136 0.005987704639523929 17
1755913701143 0.005949719313943938 18
1755913701150 0.0059086130516160145 19
1755913701157 0.005864430801634498 20
1755913701164 0.005817220876641066 21
1755913701172 0.005767034899995571 22
1755913701180 0.00571392774932665 23
1755913701188 0.005657957496523849 24
1755913701196 0.005599185344236861 25
1755913701204 0.005537675558951328 26
1755913701212 0.005473495400714381 27
1755913701219 0.00540671504958677 28
1755913701227 0.005337407528901992 29
1755913701234 0.0052656486254163545 30
1755913701242 0.005191516806437266 31
1755913701249 0.005115093134020385 32
1755913701257 0.005036461176329461 33
1755913701265 0.004955706916255766 34
1755913701272 0.004872918657397067 35
1755913701281 0.004788186927498943 36
1755913701288 0.0047016043794640165 37
1755913701296 0.004613265690037374 38
1755913701304 0.004523267456278925 39
1755913701312 0.004431708089935946 40
1755913701320 0.004338687709831273 41
1755913701329 0.004244308032384835 42
