1755913683633 1.3074913680553437 1
1755913683644 1.0206409513950347 2
1755913683650 1.0062771797180177 3
1755913683656 0.7290845572948456 4
1755913683662 0.5812509477138519 5
1755913683668 0.4962358146905899 6
1755913683674 0.33970093727111816 7
1755913683680 0.2960548669099808 8
1755913683686 0.2961794435977936 9
1755913683693 0.21363476365804673 10
1755913683699 0.17466927766799928 11
1755913683705 0.16716675609350204 12
1755913683711 0.19140925854444504 13
1755913683717 0.19642467349767684 14
1755913683723 0.17547793611884116 15
1755913683729 0.1283056303858757 16
1755913683735 0.1224813424050808 17
1755913683741 0.1133916549384594 18
1755913683747 0.10295367911458016 19
1755913683753 0.09229660779237747 20
1755913683759 0.0827313095331192 21
1755913683765 0.07632713466882705 22
1755913683771 0.08650756254792213 23
1755913683777 0.06781939640641213 24
1755913683782 0.09227579049766063 25
1755913683788 0.0789544578641653 26
1755913683794 0.07278714179992676 27
1755913683800 0.07755866758525372 28
1755913683806 0.0969804298132658 29
1755913683813 0.1043513536453247 30
1755913683819 0.08315174058079719 31
1755913683825 0.08015132397413254 32
1755913683831 0.07657126635313034 33
1755913683838 0.08472919389605522 34
1755913683844 0.07179672196507454 35
1755913683851 0.058657166361808774 36
1755913683857 0.0636116921901703 37
1755913683864 0.06835565865039825 38
1755913683871 0.05709505453705788 39
1755913683877 0.051203908026218416 40
1755913683884 0.04588414579629898 41
1755913683890 0.043980732932686804 42
1755913683898 0.10288622155785561 43
1755913683904 0.09094690158963203 44
1755913683911 0.0842456255108118 45
1755913683917 0.05794037953019142 46
1755913683924 0.05025388412177563 47
