1756053487901 2.347067487239838 1
1756053487913 1.116009110212326 2
1756053487919 0.8370966374874115 3
1756053487925 0.6171353787183762 4
1756053487931 0.6180005460977555 5
1756053487937 0.5614264577627182 6
1756053487944 0.6676523000001907 7
1756053487950 0.5001945167779922 8
1756053487956 0.5115648984909058 9
1756053487962 0.4037894934415817 10
1756053487969 0.36454397439956665 11
1756053487975 0.35341176241636274 12
1756053487981 0.3227433502674103 13
1756053487987 0.2930842384696007 14
1756053487993 0.3012228786945343 15
1756053488000 0.28986771404743195 16
1756053488006 0.2531007811427116 17
1756053488013 0.26955959349870684 18
1756053488019 0.2653799086809158 19
1756053488026 0.22789883911609649 20
1756053488033 0.2560890927910805 21
1756053488040 0.21669085323810577 22
1756053488046 0.2223694443702698 23
1756053488052 0.2782034605741501 24
1756053488059 0.2265063278377056 25
1756053488067 0.19743003845214843 26
1756053488074 0.22738695591688157 27
1756053488080 0.18596346974372863 28
1756053488088 0.19407044351100922 29
1756053488095 0.17920729219913484 30
1756053488101 0.15039007365703583 31
1756053488108 0.16512448489665985 32
1756053488114 0.1711134672164917 33
1756053488121 0.15916320458054542 34
1756053488128 0.18424920439720155 35
1756053488135 0.1675171822309494 36
1756053488142 0.13949783146381378 37
1756053488149 0.13473740965127945 38
1756053488155 0.1206399753689766 39
1756053488162 0.14510950595140457 40
1756053488169 0.136753860861063 41
1756053488176 0.12229260131716728 42
1756053488183 0.11631261631846428 43
1756053488190 0.14039989337325096 44
1756053488197 0.1075829342007637 45
1756053488204 0.13447728678584098 46
1756053488210 0.12112910971045494 47
1756053488217 0.1428317204117775 48
1756053488224 0.13897617533802986 49
1756053488231 0.13396286815404893 50
1756053488238 0.12188964262604714 51
1756053488245 0.10863609462976456 52
1756053488252 0.11214454248547553 53
1756053488260 0.10660210773348808 54
1756053488267 0.1133856602013111 55
1756053488274 0.10348821990191936 56
1756053488281 0.1059935562312603 57
1756053488287 0.10592550858855247 58
1756053488295 0.09785646498203278 59
1756053488303 0.09837841987609863 60
1756053488310 0.0916510634124279 61
1756053488317 0.08257220387458801 62
1756053488325 0.09146062359213829 63
1756053488332 0.09293320477008819 64
1756053488340 0.07741969972848892 65
1756053488347 0.0968332763761282 66
1756053488355 0.08046687878668309 67
1756053488362 0.08839206956326962 68
1756053488369 0.08275222368538379 69
1756053488376 0.0779508776962757 70
1756053488384 0.07537227682769299 71
1756053488391 0.06409408412873745 72
1756053488398 0.06991611048579216 73
1756053488405 0.07826506346464157 74
1756053488412 0.09283387213945389 75
1756053488420 0.06979626640677453 76
1756053488427 0.0713843684643507 77
1756053488434 0.06694434694945813 78
1756053488442 0.08236117698252202 79
1756053488449 0.07056486941874027 80
1756053488456 0.07776542119681835 81
1756053488463 0.07302778847515583 82
1756053488470 0.06429882496595382 83
1756053488478 0.07576852142810822 84
1756053488487 0.05965702012181282 85
1756053488494 0.06931316182017326 86
1756053488501 0.06233198493719101 87
1756053488509 0.052801968157291414 88
1756053488516 0.05609804429113865 89
1756053488524 0.05360913835465908 90
1756053488531 0.0609596062451601 91
1756053488539 0.051494380086660387 92
1756053488546 0.05602308697998524 93
1756053488554 0.056404604017734526 94
1756053488561 0.06187726221978664 95
1756053488569 0.08467494919896126 96
1756053488576 0.0632458746433258 97
1756053488584 0.05152243450284004 98
1756053488591 0.05264749266207218 99
1756053488599 0.05663472153246403 100
