1756053507921 1.5914599180221558 1
1756053507936 0.9954928755760193 2
1756053507944 0.7930780827999115 3
1756053507953 0.688439068198204 4
1756053507962 0.5997585237026215 5
1756053507971 0.5439101666212082 6
1756053507980 0.41928596794605255 7
1756053507988 0.42594524621963503 8
1756053507997 0.443948957324028 9
1756053508006 0.36673231422901154 10
1756053508014 0.34798421859741213 11
1756053508024 0.3505464673042297 12
1756053508033 0.31179113388061525 13
1756053508043 0.2916183888912201 14
1756053508051 0.2673686757683754 15
1756053508060 0.23477184176445007 16
1756053508069 0.252329882979393 17
1756053508078 0.21883415579795837 18
1756053508088 0.23345641046762466 19
1756053508097 0.23601565957069398 20
1756053508106 0.2426069349050522 21
1756053508114 0.24389950633049012 22
1756053508123 0.2177409201860428 23
1756053508133 0.18044157102704048 24
1756053508142 0.1884223148226738 25
1756053508151 0.18841778561472894 26
1756053508160 0.17182637453079225 27
1756053508169 0.22868351340293885 28
1756053508178 0.18841983675956725 29
1756053508187 0.20072999298572541 30
1756053508197 0.1421226292848587 31
1756053508205 0.14341833144426347 32
1756053508214 0.17257199883461 33
1756053508224 0.144626584649086 34
1756053508233 0.14512119814753532 35
1756053508242 0.12149029299616813 36
1756053508252 0.12475862056016922 37
1756053508260 0.11976265460252762 38
1756053508269 0.11002230122685433 39
1756053508278 0.10476284623146057 40
1756053508288 0.1196198046207428 41
1756053508297 0.11942994147539139 42
1756053508306 0.11677852421998977 43
1756053508315 0.1077352836728096 44
1756053508324 0.10557596385478973 45
1756053508333 0.10111770257353783 46
1756053508342 0.09230635166168213 47
1756053508352 0.08269013538956642 48
1756053508361 0.09684096053242683 49
1756053508371 0.10549291968345642 50
1756053508379 0.09223794788122178 51
1756053508389 0.08502693325281144 52
1756053508398 0.09214140847325325 53
1756053508407 0.10062663182616234 54
1756053508417 0.09307989254593849 55
1756053508426 0.0967792458832264 56
1756053508436 0.07553637996315957 57
1756053508445 0.07398332878947259 58
1756053508455 0.08199215941131115 59
1756053508464 0.06790812686085701 60
1756053508473 0.067523680254817 61
1756053508482 0.06845906153321266 62
1756053508491 0.05702313706278801 63
1756053508501 0.08388638347387314 64
