1756053507921 2.444497084617615 1
1756053507936 1.3996164858341218 2
1756053507944 0.9483729302883148 3
1756053507953 0.7692714989185333 4
1756053507962 0.6681552588939667 5
1756053507971 0.5802886426448822 6
1756053507980 0.46367629170417785 7
1756053507988 0.4593818008899689 8
1756053507997 0.5054335772991181 9
1756053508006 0.4337813317775726 10
1756053508014 0.36327854096889495 11
1756053508024 0.442139533162117 12
1756053508033 0.34261405766010283 13
1756053508043 0.3287464067339897 14
1756053508051 0.3169316291809082 15
1756053508060 0.27323395311832427 16
1756053508069 0.2982405871152878 17
1756053508078 0.23628566265106202 18
1756053508088 0.25518445670604706 19
1756053508097 0.279710191488266 20
1756053508106 0.3233847811818123 21
1756053508114 0.27733245193958284 22
1756053508123 0.2576520338654518 23
1756053508133 0.21764472201466561 24
1756053508142 0.2158982589840889 25
1756053508151 0.23683808743953705 26
1756053508160 0.22324490845203399 27
1756053508169 0.2715334951877594 28
1756053508178 0.24744756072759627 29
1756053508187 0.2140841081738472 30
1756053508197 0.16465672850608826 31
1756053508205 0.20732883661985396 32
1756053508214 0.2142637178301811 33
1756053508224 0.19484037160873413 34
1756053508233 0.17063260525465013 35
1756053508242 0.15018723160028458 36
1756053508252 0.15975562557578088 37
1756053508260 0.14516128301620485 38
1756053508269 0.13013845011591912 39
1756053508278 0.1611148312687874 40
1756053508288 0.14730848968029023 41
1756053508297 0.18280376195907594 42
1756053508306 0.1379188247025013 43
1756053508315 0.1281556934118271 44
1756053508324 0.12534079179167748 45
1756053508333 0.1277096264064312 46
1756053508342 0.11230082884430885 47
1756053508352 0.11415376365184784 48
1756053508361 0.13292739987373353 49
1756053508371 0.1433699682354927 50
1756053508379 0.11613886877894401 51
1756053508389 0.11373472511768341 52
1756053508398 0.11666749715805054 53
1756053508407 0.15190501064062117 54
1756053508417 0.11651927158236504 55
1756053508426 0.11726874858140945 56
1756053508436 0.10731959566473961 57
1756053508445 0.09190483540296554 58
1756053508455 0.11096707507967948 59
1756053508464 0.0791301779448986 60
1756053508473 0.07902548797428607 61
1756053508482 0.08249161466956138 62
1756053508491 0.06964448615908622 63
1756053508501 0.10206442028284073 64
