1756053487901 1.5114949226379395 1
1756053487913 0.9611071527004242 2
1756053487919 0.7013298749923706 3
1756053487925 0.5677218824625015 4
1756053487931 0.5483453214168549 5
1756053487937 0.4600317865610123 6
1756053487944 0.48934694528579714 7
1756053487950 0.45451000332832336 8
1756053487956 0.4000062495470047 9
1756053487962 0.3592215359210968 10
1756053487969 0.34837873578071593 11
1756053487975 0.30222797095775605 12
1756053487981 0.2844455897808075 13
1756053487987 0.2722844839096069 14
1756053487993 0.27755739390850065 15
1756053488000 0.2673514634370804 16
1756053488006 0.23923369497060776 17
1756053488013 0.23609740734100343 18
1756053488019 0.25195835083723067 19
1756053488026 0.21159436106681823 20
1756053488033 0.2095036745071411 21
1756053488040 0.17671069949865342 22
1756053488046 0.18004539012908935 23
1756053488052 0.2115471601486206 24
1756053488059 0.18831417262554168 25
1756053488067 0.17876106798648833 26
1756053488074 0.18207913041114807 27
1756053488080 0.16017791628837585 28
1756053488088 0.14997153133153915 29
1756053488095 0.14266524612903594 30
1756053488101 0.12696828693151474 31
1756053488108 0.12946054413914682 32
1756053488114 0.13536829650402069 33
1756053488121 0.14245849177241326 34
1756053488128 0.146841848641634 35
1756053488135 0.13826017156243325 36
1756053488142 0.11106018275022507 37
1756053488149 0.11066711246967316 38
1756053488155 0.1121728777885437 39
1756053488162 0.11786635667085647 40
1756053488169 0.11786782070994377 41
1756053488176 0.10531973615288734 42
1756053488183 0.10762721449136733 43
1756053488190 0.1047978237271309 44
1756053488197 0.10364235490560532 45
1756053488204 0.10299052298069 46
1756053488210 0.09087169282138348 47
1756053488217 0.10140821561217309 48
1756053488224 0.10675427466630935 49
1756053488231 0.11415797472000122 50
1756053488238 0.09733291938900948 51
1756053488245 0.0865981213748455 52
1756053488252 0.08687248378992081 53
1756053488260 0.08699727803468704 54
1756053488267 0.08851104825735093 55
1756053488274 0.08348577246069908 56
1756053488281 0.08937888890504837 57
1756053488287 0.07811520919203759 58
1756053488295 0.08132184594869614 59
1756053488303 0.07820800915360451 60
1756053488310 0.07728362083435059 61
1756053488317 0.06975991688668728 62
1756053488325 0.07639267034828663 63
1756053488332 0.07073889411985874 64
1756053488340 0.062336478009819986 65
1756053488347 0.07413298450410366 66
1756053488355 0.062304170057177546 67
1756053488362 0.061835921555757525 68
1756053488369 0.06822071708738804 69
1756053488376 0.06555029191076756 70
1756053488384 0.058875036984682085 71
1756053488391 0.053622059524059296 72
1756053488398 0.05931145623326302 73
1756053488405 0.06381126567721367 74
1756053488412 0.05924344025552273 75
1756053488420 0.05747198611497879 76
1756053488427 0.05184920318424702 77
1756053488434 0.054978355392813684 78
1756053488442 0.06224854104220867 79
1756053488449 0.057125674560666084 80
1756053488456 0.06004583425819874 81
1756053488463 0.05738906301558018 82
1756053488470 0.050476350262761115 83
1756053488478 0.06349059380590916 84
1756053488487 0.050211211666464806 85
1756053488494 0.05351240560412407 86
1756053488501 0.05186208635568619 87
1756053488509 0.05221786573529243 88
1756053488516 0.048999077454209325 89
1756053488524 0.047642292082309724 90
1756053488531 0.0480145525187254 91
1756053488539 0.040286272019147876 92
1756053488546 0.04551417455077171 93
1756053488554 0.049250129237771036 94
1756053488561 0.05223260186612606 95
1756053488569 0.06423533223569393 96
1756053488576 0.05147048626095056 97
1756053488584 0.044080401211977004 98
1756053488591 0.049623900651931764 99
1756053488599 0.049483466893434525 100
