1755988904092 1.9846750676631928 1
1755988904101 1.2106735587120057 2
1755988904106 1.1527457147836686 3
1755988904111 1.0660822540521622 4
1755988904115 0.7409828409552575 5
1755988904120 0.659188711643219 6
1755988904124 0.6386752188205719 7
1755988904129 0.5983528986573219 8
1755988904134 0.5816707640886307 9
1755988904139 0.4457501105964184 10
1755988904143 0.39661107808351515 11
1755988904148 0.33630185276269914 12
1755988904153 0.3712867096066475 13
1755988904158 0.4418880924582481 14
1755988904163 0.4099938325583935 15
1755988904168 0.3331427052617073 16
1755988904173 0.5375006251037121 17
1755988904178 0.2892880864441395 18
1755988904184 0.2748195707798004 19
1755988904189 0.22438808158040047 20
1755988904193 0.3208997555077076 21
1755988904198 0.3041672699153423 22
1755988904203 0.2795052044093609 23
1755988904208 0.34506799280643463 24
1755988904212 0.3085879754275084 25
1755988904217 0.3413640007376671 26
1755988904222 0.3903610594570637 27
1755988904227 0.3574221573770046 28
1755988904232 0.24961151517927646 29
1755988904237 0.1994749680161476 30
1755988904243 0.36029220968484876 31
1755988904248 0.2581274822354317 32
1755988904253 0.25030907019972803 33
1755988904258 0.22803355418145657 34
1755988904264 0.22090649604797363 35
1755988904269 0.20371139757335185 36
1755988904274 0.18505834154784678 37
1755988904279 0.23729755356907845 38
1755988904284 0.19282325953245164 39
1755988904289 0.1949852168560028 40
1755988904294 0.2715611387044191 41
1755988904299 0.26214155182242393 42
1755988904304 0.3183529257774353 43
1755988904309 0.5025627478957176 44
1755988904314 0.2102547574788332 45
1755988904319 0.24562153816223145 46
1755988904324 0.239625433832407 47
