1755988922753 0.00039248439069993195 1
1755988922764 0.0007849687813998639 2
1755988922771 0.0011774531720997957 3
1755988922777 0.0015699375627997278 4
1755988922783 0.0019624219534996597 5
1755988922790 0.0019624219534996597 6
1755988922796 0.0019618857569724483 7
1755988922802 0.0019602777537138447 8
1755988922808 0.001957599702051804 9
1755988922815 0.0019538545303964985 10
1755988922821 0.0019490463340381488 11
1755988922827 0.0019431803706688787 12
1755988922834 0.0019362630546335097 13
1755988922841 0.001928301949915567 14
1755988922847 0.0019193057618661763 15
1755988922853 0.0019092843276848888 16
1755988922860 0.0018982486056628486 17
1755988922866 0.0018862106632000619 18
1755988922873 0.0018731836636098722 19
1755988922879 0.0018591818517250712 20
1755988922886 0.0018442205383213822 21
1755988922893 0.0018283160833753528 22
1755988922899 0.0018114858781749588 23
1755988922906 0.0017937483263024893 24
1755988922912 0.001775122823510496 25
1755988922918 0.0017556297365128252 26
1755988922924 0.0017352903807139142 27
1755988922931 0.0017141269969007098 28
1755988922937 0.001692162726922694 29
1755988922943 0.0016694215883866115 30
1755988922949 0.0016459284483935702 31
1755988922955 0.0016217089963472286 32
