1755988904092 1.1134579211473465 1
1755988904101 0.8522958487272263 2
1755988904106 0.8330259472131729 3
1755988904111 0.7715661734342575 4
1755988904115 0.6639639467000962 5
1755988904120 0.613619202375412 6
1755988904124 0.6114933580160141 7
1755988904129 0.5912374973297119 8
1755988904134 0.5755416169762612 9
1755988904139 0.5031155794858932 10
1755988904143 0.488493113219738 11
1755988904148 0.4368510067462921 12
1755988904153 0.45607658475637436 13
1755988904158 0.5096622347831726 14
1755988904163 0.45995785892009733 15
1755988904168 0.4349083542823792 16
1755988904173 0.49454751163721083 17
1755988904178 0.4057569056749344 18
1755988904184 0.4037500828504562 19
1755988904189 0.36440158188343047 20
1755988904193 0.42001731544733045 21
1755988904198 0.4175004631280899 22
1755988904203 0.40287430584430695 23
1755988904208 0.4359461352229118 24
1755988904212 0.40879792496562006 25
1755988904217 0.43108500838279723 26
1755988904222 0.4505686953663826 27
1755988904227 0.454555869102478 28
1755988904232 0.3783300444483757 29
1755988904237 0.3405186966061592 30
1755988904243 0.3980051189661026 31
1755988904248 0.39240249544382094 32
1755988904253 0.3808684080839157 33
1755988904258 0.35394138991832735 34
1755988904264 0.3386086657643318 35
1755988904269 0.3396815285086632 36
1755988904274 0.3247327163815498 37
1755988904279 0.3586936049163342 38
1755988904284 0.33888268768787383 39
1755988904289 0.3338069409132004 40
1755988904294 0.3779950261116028 41
1755988904299 0.38207671195268633 42
1755988904304 0.4225260391831398 43
1755988904309 0.4716192573308945 44
1755988904314 0.3438985377550125 45
1755988904319 0.3675174340605736 46
1755988904324 0.34823497459292413 47
