1755988962784 1.7006171464920044 1
1755988962802 1.002242174744606 2
1755988962809 0.8498432174324989 3
1755988962815 0.7843852370977402 4
1755988962822 0.6987949296832084 5
1755988962829 0.7568731784820557 6
1755988962836 0.9789066821336746 7
1755988962843 0.7742657274007797 8
1755988962850 0.6264756247401237 9
1755988962857 0.599799494445324 10
1755988962864 0.5806037694215774 11
1755988962871 0.4996494516730309 12
1755988962878 0.5452662631869316 13
1755988962885 0.500942800194025 14
1755988962892 0.405894685536623 15
1755988962899 0.5507125847041607 16
1755988962906 0.5849349677562714 17
1755988962914 0.46341821402311323 18
1755988962920 0.4456250250339508 19
1755988962928 0.4107967883348465 20
1755988962935 0.42573020458221433 21
1755988962942 0.48355838358402253 22
1755988962949 0.6435963079333306 23
1755988962956 0.615983958542347 24
1755988962963 0.48847343027591705 25
1755988962971 0.4581544354557991 26
1755988962978 0.45530254319310187 27
1755988962985 0.49134033769369123 28
1755988962992 0.5089000649750233 29
1755988962999 0.5798635378479957 30
1755988963006 0.5006389349699021 31
1755988963014 0.3909364819526672 32
1755988963021 0.3376497089862823 33
1755988963028 0.33819568157196045 34
1755988963036 0.3210941515862942 35
1755988963043 0.4082134298980236 36
1755988963050 0.3181736782193184 37
1755988963058 0.3063689202070236 38
1755988963065 0.3184229634702206 39
1755988963072 0.3532065309584141 40
1755988963080 0.33430918753147126 41
1755988963087 0.3067321114242077 42
1755988963094 0.3462058536708355 43
1755988963102 0.3353677004575729 44
1755988963109 0.26658638641238214 45
1755988963117 0.23700609877705575 46
1755988963124 0.2562070541083813 47
1755988963132 0.23158993646502496 48
1755988963139 0.2116967760026455 49
1755988963146 0.29973946660757067 50
1755988963154 0.2950293064117432 51
1755988963163 0.2794801238924265 52
1755988963171 0.22882470041513442 53
1755988963179 0.19605932086706163 54
1755988963187 0.19167780205607415 55
1755988963195 0.2330126129090786 56
1755988963203 0.3223107814788818 57
1755988963211 0.2575854189693928 58
1755988963219 0.2805927224457264 59
1755988963227 0.3044866893440485 60
1755988963234 0.22770692482590676 61
1755988963242 0.20926844105124473 62
1755988963250 0.2308134689927101 63
1755988963258 0.21035634130239486 64
1755988963266 0.19563241079449653 65
1755988963274 0.2002604492008686 66
1755988963282 0.18675266206264496 67
1755988963289 0.1896647248417139 68
1755988963297 0.19652390368282796 69
1755988963305 0.22704572826623917 70
1755988963313 0.20248284041881562 71
1755988963321 0.2090187303721905 72
1755988963328 0.1670610211789608 73
1755988963336 0.14975867606699467 74
1755988963344 0.24028811305761338 75
1755988963352 0.19577820971608162 76
1755988963360 0.18064923770725727 77
1755988963368 0.1647615533322096 78
1755988963376 0.14914740733802317 79
1755988963384 0.14864346608519555 80
1755988963392 0.140306069329381 81
1755988963400 0.123410389944911 82
1755988963408 0.1877588454633951 83
1755988963416 0.1594496563076973 84
1755988963424 0.14054254963994026 85
1755988963432 0.16853516027331353 86
1755988963440 0.1476902961730957 87
1755988963448 0.1548368390649557 88
1755988963456 0.1981534443795681 89
1755988963464 0.14625633284449577 90
1755988963472 0.15656587705016137 91
1755988963480 0.19838959239423276 92
1755988963488 0.24362272545695304 93
1755988963496 0.1689988948404789 94
1755988963504 0.1423976045101881 95
1755988963513 0.12012021020054817 96
1755988963521 0.1450065691024065 97
1755988963529 0.11694897711277008 98
1755988963538 0.15418903902173042 99
1755988963546 0.12651856802403927 100
