1756064797599 1.2352170900062278 1
1756064797605 1.1132493570998863 2
1756064797610 0.9798031206484195 3
1756064797614 0.891268116456491 4
1756064797619 0.7780667664828124 5
1756064797623 0.6875147057904137 6
1756064797627 0.5569509874891352 7
1756064797632 0.4743377610489174 8
1756064797637 0.48318050194669654 9
1756064797641 0.4087680787951858 10
1756064797645 0.39874247158015214 11
1756064797650 0.35259260844301293 12
1756064797655 0.3512456980016496 13
1756064797659 0.315337758925226 14
1756064797664 0.28537820665924635 15
1756064797668 0.2790248344341914 16
1756064797672 0.26059253403434046 17
1756064797677 0.2857703362350111 18
1756064797682 0.3010905440206881 19
1756064797687 0.25835003621048397 20
1756064797691 0.24570365415679085 21
1756064797696 0.23308015421584802 22
1756064797716 0.22064969881817145 23
1756064797722 0.19745199768631547 24
1756064797729 0.25113676985104877 25
1756064797734 0.19990543469234748 26
1756064797739 0.19181592652091273 27
1756064797744 0.21050179804916735 28
1756064797749 0.18468353235059315 29
1756064797754 0.19389189062295137 30
1756064797759 0.18067435175180435 31
1756064797764 0.16751807100243038 32
1756064797769 0.17133778168095481 33
1756064797775 0.153157071934806 34
1756064797780 0.15960408002138138 35
1756064797785 0.17148878811686127 36
1756064797791 0.15186457418733174 37
1756064797798 0.15529497933608513 38
1756064797805 0.14381305625041327 39
1756064797810 0.12755267846363563 40
1756064797815 0.12462005405514329 41
1756064797820 0.13240079636927005 42
1756064797825 0.13465583903921974 43
1756064797830 0.13759434250769792 44
1756064797835 0.1420832552291729 45
1756064797840 0.15296334718112592 46
1756064797844 0.13646453591408553 47
1756064797849 0.11620433821722313 48
1756064797856 0.1095127031483032 49
1756064797862 0.1234965283009741 50
1756064797867 0.11181302382438271 51
1756064797872 0.12411108557824735 52
1756064797878 0.12316545871672807 53
1756064797882 0.1197363852902695 54
1756064797888 0.1321729976269934 55
1756064797894 0.1195386156991676 56
1756064797899 0.11392819522707551 57
1756064797904 0.09613362575570743 58
1756064797909 0.0987457430197133 59
1756064797914 0.097606944265189 60
1756064797921 0.10099554337837079 61
1756064797927 0.08884910052573239 62
1756064797932 0.09582437892202977 63
1756064797938 0.09013258003526264 64
1756064797943 0.08344195507190845 65
1756064797948 0.0740149332969277 66
1756064797954 0.08031505249716618 67
1756064797961 0.08006765058747044 68
1756064797967 0.08185548404300655 69
1756064797973 0.08030742820766237 70
1756064797978 0.08584309769449411 71
1756064797984 0.07714287426184725 72
1756064797990 0.07704128076632817 73
1756064797995 0.0723555379167751 74
1756064798001 0.07343460647044359 75
1756064798006 0.08052813772250104 76
1756064798012 0.08649429209806302 77
1756064798018 0.0701294890432446 78
1756064798023 0.07557329107765798 79
1756064798029 0.06933618695647628 80
1756064798035 0.07299340447341954 81
1756064798040 0.06067805695864889 82
1756064798046 0.06844971811881771 83
1756064798051 0.06313727851267215 84
1756064798057 0.06497409539642157 85
1756064798063 0.0640040738163171 86
1756064798068 0.06629286202843543 87
1756064798074 0.0719844794107808 88
1756064798080 0.0620033830680229 89
