1755977152314 0.0003622193303830448 1
1755977152325 0.0007244386607660896 2
1755977152329 0.0010866579911491345 3
1755977152334 0.0014488773215321792 4
1755977152338 0.0018110966519152242 5
1755977152343 0.0018110966519152242 6
1755977152347 0.0018106018233868997 7
1755977152352 0.0018091178788896569 8
1755977152356 0.0018066464410950163 9
1755977152363 0.0018031902124839214 10
1755977152367 0.0017987529723916143 11
1755977152373 0.0017933395728749891 12
1755977152378 0.0017869559334069388 13
1755977152383 0.0017796090344034976 14
1755977152388 0.0017713069095908597 15
1755977152393 0.0017620586372206176 16
1755977152398 0.001751874330142826 17
1755977152402 0.0017407651247477503 18
1755977152407 0.001728743168788386 19
1755977152412 0.0017158216080970703 20
1755977152417 0.0017020145722107063 21
1755977152422 0.0016873371589203236 22
1755977152426 0.0016718054177618628 23
1755977152431 0.0016554363324662467 24
1755977152436 0.0016382478023879172 25
1755977152440 0.0016202586229321554 26
1755977152445 0.0016014884650025819 27
1755977152450 0.0015819578534913119 28
1755977152455 0.0015616881448352875 29
1755977152460 0.001540701503663327 30
1755977152465 0.0015190208785594297 31
1755977152470 0.0014966699769688343 32
1755977152476 0.001473673239274278 33
1755977152481 0.0014500558120707947 34
