1755977202979 1.9630565736200902 1
1755977203000 1.4664161437517638 2
1755977203006 1.3372413554748932 3
1755977203012 1.1963204842109185 4
1755977203018 1.0583319091177605 5
1755977203024 1.0186667508119112 6
1755977203030 0.8115421951591194 7
1755977203037 0.7590377299816577 8
1755977203043 0.7824897624358729 9
1755977203050 0.7020256830887361 10
1755977203056 0.7054486100549822 11
1755977203062 0.638537965037606 12
1755977203069 0.6657231450080872 13
1755977203075 0.5568890443869999 14
1755977203082 0.5334364777648604 15
1755977203089 0.6227309316783757 16
1755977203096 0.5296801510569337 17
1755977203102 0.5402985713505125 18
1755977203108 0.5525700411239227 19
1755977203117 0.6362888528542086 20
1755977203123 0.4514498147484544 21
1755977203131 0.43058307826906056 22
1755977203138 0.5092255461525608 23
1755977203144 0.45209675199993243 24
1755977203150 0.44194823116451115 25
1755977203156 0.47800727062798165 26
1755977203163 0.46031874312275367 27
1755977203170 0.39876007646709294 28
1755977203178 0.35235724752986586 29
1755977203184 0.4060937611313609 30
1755977203192 0.4216921514311394 31
1755977203200 0.35775007472022785 32
