1755977202979 0.8768624702057282 1
1755977203000 0.7747113445362488 2
1755977203006 0.7606175100648558 3
1755977203012 0.7336190675760245 4
1755977203018 0.678807127785373 5
1755977203024 0.6377801117184875 6
1755977203030 0.6089351645537785 7
1755977203037 0.5827523733114267 8
1755977203043 0.5833744071907812 9
1755977203050 0.5551114755791503 10
1755977203056 0.5403433519524413 11
1755977203062 0.5481441378980488 12
1755977203069 0.5286648633418145 13
1755977203075 0.52921194883136 14
1755977203082 0.5092410460695044 15
1755977203089 0.5186520547835858 16
1755977203096 0.5173306937341566 17
1755977203102 0.5048833682939604 18
1755977203108 0.5010875297057165 19
1755977203117 0.519265126098286 20
1755977203123 0.4728969772914787 21
1755977203131 0.453809444586952 22
1755977203138 0.4745712802781687 23
1755977203144 0.4705902345768817 24
1755977203150 0.45824327252127905 25
1755977203156 0.46307401552602845 26
1755977203163 0.45751731828242154 27
1755977203170 0.4515280224286117 28
1755977203178 0.4401299736716531 29
1755977203184 0.4431172191322624 30
1755977203192 0.4510016404576116 31
1755977203200 0.43015422836526646 32
