1756344046959 1.1626759668191273 1
1756344046973 1.0132107983032863 2
1756344046985 0.9466200321912766 3
1756344046998 0.7666347225507101 4
1756344047010 0.7374937285979589 5
1756344047022 0.6544849028189977 6
1756344047034 0.6267340630292892 7
1756344047046 0.5530588254332542 8
1756344047058 0.5398285537958145 9
1756344047070 0.4936962102850278 10
1756344047082 0.5280565693974495 11
1756344047095 0.5220945030450821 12
1756344047112 0.5235039343436559 13
1756344047124 0.4825885519385338 14
1756344047137 0.41414108375708264 15
1756344047149 0.3987581580877304 16
1756344047161 0.35963183889786404 17
1756344047173 0.3599502618114154 18
1756344047187 0.36059434960285824 19
1756344047199 0.35675647606452304 20
1756344047212 0.35417095323403675 21
1756344047224 0.35265379399061203 22
1756344047237 0.3472747678558032 23
1756344047249 0.3363822177052498 24
1756344047262 0.33155220995346707 25
1756344047275 0.3243168542782466 26
1756344047288 0.31601258118947345 27
1756344047300 0.314068670074145 28
1756344047313 0.3186667338013649 29
1756344047326 0.30045776814222336 30
1756344047338 0.29180550078550976 31
1756344047351 0.274843730032444 32
1756344047364 0.27022716651360196 33
1756344047376 0.26739903166890144 34
1756344047389 0.26997776081164676 35
1756344047402 0.2666938987871011 36
1756344047415 0.24989687030514082 37
1756344047428 0.24940580253799757 38
1756344047441 0.2311803214251995 39
1756344047454 0.23057572295268378 40
1756344047467 0.2587401208778222 41
1756344047480 0.2466109817226728 42
1756344047493 0.30380193640788394 43
1756344047507 0.31417088210582733 44
1756344047522 0.2682315471271674 45
1756344047535 0.27106256783008575 46
1756344047548 0.27643085022767383 47
1756344047561 0.24652250731984773 48
1756344047575 0.25143567969401676 49
1756344047588 0.2423791711529096 50
1756344047601 0.23375747601191202 51
1756344047615 0.24054246520002684 52
1756344047628 0.22027713308731714 53
1756344047641 0.21069261307517687 54
1756344047655 0.20263220990697542 55
1756344047668 0.19814141218860945 56
1756344047682 0.18657046556472778 57
1756344047695 0.17403281604250273 58
1756344047709 0.21342315897345543 59
1756344047722 0.20343309765060744 60
1756344047736 0.21778944755593935 61
1756344047749 0.18806126341223717 62
1756344047763 0.1774934766193231 63
1756344047777 0.17406747117638588 64
1756344047790 0.17265396937727928 65
1756344047804 0.16322065393129984 66
1756344047818 0.1615869253873825 67
1756344047831 0.16704889635245004 68
1756344047845 0.17337790504097939 69
1756344047859 0.1784399834771951 70
1756344047872 0.1583660567800204 71
1756344047886 0.16546331408123174 72
1756344047900 0.15887519841392836 73
1756344047914 0.1792380896707376 74
1756344047928 0.159777553131183 75
1756344047942 0.14803647994995117 76
1756344047956 0.14524344354867935 77
1756344047970 0.14837717140714327 78
1756344047984 0.14779177432258925 79
1756344047998 0.13574334730704626 80
1756344048012 0.14935870779057345 81
1756344048026 0.1352875723193089 82
1756344048041 0.14755596841375032 83
1756344048055 0.14158813282847404 84
1756344048069 0.13424352183938026 85
1756344048083 0.14003692318995795 86
1756344048098 0.13823763405283293 87
1756344048112 0.14249094886084399 88
1756344048126 0.14940123818814754 89
1756344048141 0.1508866356064876 90
