1756344046959 4.256796936194102 1
1756344046973 3.057007054487864 2
1756344046985 2.489240219195684 3
1756344046998 1.4053722123305004 4
1756344047010 1.0522147119045258 5
1756344047022 0.9889198814829191 6
1756344047034 0.8011912877360979 7
1756344047046 0.5004360874493917 8
1756344047058 0.48676667114098865 9
1756344047070 0.45895713816086453 10
1756344047082 0.6046777963638306 11
1756344047095 0.5527958199381828 12
1756344047112 0.6296770672003428 13
1756344047124 0.38082939634720486 14
1756344047137 0.2571742658813794 15
1756344047149 0.27946849664052326 16
1756344047161 0.22736100604136786 17
1756344047173 0.22204577550292015 18
1756344047187 0.2597099157671134 19
1756344047199 0.23647081851959229 20
1756344047212 0.23231742655237517 21
1756344047224 0.223014318694671 22
1756344047237 0.19190973043441772 23
1756344047249 0.21620220442612967 24
1756344047262 0.2251614344616731 25
1756344047275 0.2088163886219263 26
1756344047288 0.18038325880964598 27
1756344047300 0.17007177447279295 28
1756344047313 0.17992160841822624 29
1756344047326 0.16111618652939796 30
1756344047338 0.15564287888507047 31
1756344047351 0.13816825735072294 32
1756344047364 0.14888007938861847 33
1756344047376 0.1664770587037007 34
1756344047389 0.1462791201968988 35
1756344047402 0.14248543418943882 36
1756344047415 0.11281716575225194 37
1756344047428 0.11012216005474329 38
1756344047441 0.09018083103001118 39
1756344047454 0.10091814367721479 40
1756344047467 0.12300608990093072 41
1756344047480 0.13399429867664972 42
1756344047493 0.18067799136042595 43
1756344047507 0.17279738560318947 44
1756344047522 0.14508423085014024 45
1756344047535 0.1541205539057652 46
1756344047548 0.13003462304671606 47
1756344047561 0.11779676998655002 48
1756344047575 0.10853695310652256 49
1756344047588 0.10899996571242809 50
1756344047601 0.104841073974967 51
1756344047615 0.12062860590716203 52
1756344047628 0.09465012885630131 53
1756344047641 0.07353619765490294 54
1756344047655 0.061798434083660446 55
1756344047668 0.06516664506246646 56
1756344047682 0.05451757709185282 57
1756344047695 0.07186680178468426 58
1756344047709 0.08407923641304176 59
1756344047722 0.08270429540425539 60
1756344047736 0.08137231258054574 61
1756344047749 0.06550647349407275 62
1756344047763 0.05607612493137518 63
1756344047777 0.049244049626092114 64
1756344047790 0.05415896279737353 65
1756344047804 0.044334541695813336 66
1756344047818 0.05477346976598104 67
1756344047831 0.053748504258692265 68
1756344047845 0.070241612692674 69
1756344047859 0.06080517421166102 70
1756344047872 0.04287169128656387 71
1756344047886 0.046732873345414795 72
1756344047900 0.04665913355226318 73
1756344047914 0.05777171067893505 74
1756344047928 0.04333657336731752 75
1756344047942 0.03656422936667999 76
1756344047956 0.03557621734216809 77
1756344047970 0.03576440930676957 78
1756344047984 0.04253766592592001 79
1756344047998 0.03576489149903258 80
1756344048012 0.039307190415759884 81
1756344048026 0.03593580424785614 82
1756344048041 0.03991164484371742 83
1756344048055 0.036871159759660564 84
1756344048069 0.03658250765874982 85
1756344048083 0.03358266223222017 86
1756344048098 0.03526490414515138 87
1756344048112 0.033032251521945 88
1756344048126 0.034630144170174994 89
1756344048141 0.03576522118722399 90
