1756056497320 1.1021905452013017 1
1756056497331 1.018868088722229 2
1756056497335 0.9448905199766159 3
1756056497340 0.9243193417787552 4
1756056497344 0.8129791438579559 5
1756056497349 0.7348455399274826 6
1756056497354 0.7426383674144745 7
1756056497359 0.6617649525403977 8
1756056497364 0.6123691573739052 9
1756056497368 0.6204737186431885 10
1756056497373 0.5654746234416962 11
1756056497378 0.6178980320692062 12
1756056497383 0.5335845589637757 13
1756056497388 0.5665744543075562 14
1756056497393 0.5104726314544678 15
1756056497398 0.5021275103092193 16
1756056497403 0.49378121346235276 17
1756056497407 0.5207365974783897 18
1756056497412 0.5236823827028274 19
1756056497417 0.517152139544487 20
1756056497422 0.5260777816176414 21
1756056497427 0.46534869372844695 22
1756056497432 0.4441341578960419 23
1756056497437 0.48309868276119233 24
1756056497441 0.43864157795906067 25
1756056497446 0.4733121320605278 26
1756056497451 0.45918810963630674 27
1756056497456 0.4502218052744865 28
1756056497461 0.45937666296958923 29
1756056497466 0.45016918927431104 30
1756056497471 0.4289899215102196 31
1756056497476 0.3975078195333481 32
1756056497480 0.42075065076351165 33
1756056497485 0.38710799515247346 34
1756056497490 0.4112445771694183 35
1756056497495 0.43998229652643206 36
1756056497500 0.42281381636857984 37
1756056497505 0.4035490959882736 38
1756056497510 0.4283132255077362 39
1756056497515 0.42014398276805875 40
1756056497520 0.4371852546930313 41
1756056497525 0.45341998487710955 42
1756056497530 0.4151232860982418 43
1756056497535 0.3830089300870895 44
1756056497540 0.41120986044406893 45
1756056497545 0.4040486663579941 46
1756056497551 0.3762245386838913 47
1756056497556 0.4475815758109093 48
1756056497561 0.39521358013153074 49
1756056497566 0.371783746778965 50
1756056497571 0.41756499856710433 51
1756056497576 0.40578361600637436 52
1756056497581 0.3804219365119934 53
1756056497586 0.4096257001161575 54
1756056497591 0.39950665831565857 55
1756056497597 0.3460531458258629 56
1756056497602 0.3592946320772171 57
1756056497607 0.3853071257472038 58
1756056497613 0.38018267750740053 59
1756056497618 0.36205433756113053 60
1756056497623 0.36613756120204927 61
1756056497628 0.37680230289697647 62
1756056497634 0.32909137904644015 63
1756056497642 0.335314117372036 64
1756056497648 0.30979960411787033 65
1756056497653 0.3519108608365059 66
1756056497658 0.30899408012628554 67
1756056497664 0.33081206157803533 68
1756056497670 0.3493687570095062 69
1756056497675 0.32109796851873396 70
1756056497681 0.35567954182624817 71
1756056497687 0.29121469520032406 72
1756056497692 0.39648468643426893 73
