1756056526801 0.0009832931564869739 1
1756056526812 0.0019665863129739477 2
1756056526820 0.002949879469460922 3
1756056526827 0.0039331726259478955 4
1756056526834 0.00491646578243487 5
1756056526841 0.00491646578243487 6
1756056526848 0.004915122035018632 7
1756056526855 0.004911092262137989 8
1756056526863 0.004904380870290423 9
1756056526870 0.004894995198284381 10
1756056526876 0.004882945509214405 11
1756056526883 0.00486824497923858 12
1756056526890 0.004850909683170604 13
1756056526896 0.004830958576902212 14
1756056526904 0.004808413476675192 15
1756056526911 0.0047832990352256344 16
1756056526919 0.004755642714826542 17
1756056526926 0.004725474757258222 18
1756056526937 0.0046928281507393555 19
1756056526943 0.0046577385938548575 20
1756056526950 0.004620244456520001 21
1756056526957 0.004580386738023481 22
1756056526963 0.004538209022195285 23
1756056526970 0.004493757429748427 24
1756056526976 0.0044470805678466134 25
1756056526983 0.004398229476953033 26
1756056526990 0.004347257575018352 27
1756056526996 0.004294220599068975 28
1756056527003 0.00423917654425942 29
1756056527010 0.004182185600455474 30
1756056527016 0.0041233100864174555 31
1756056527023 0.004062614381655561 32
1756056527030 0.004000164856031823 33
1756056527036 0.003936029797185637 34
1756056527043 0.0038702793358622286 35
1756056527050 0.0038029853692257178 36
1756056527056 0.003734221482240621 37
1756056527063 0.0036640628672077744 38
1756056527070 0.003592586241542659 39
1756056527077 0.0035198697638860296 40
1756056527084 0.003445992948638593 41
1756056527091 0.003371036579013171 42
1756056527098 0.003295082618699453 43
1756056527105 0.003218214122237896 44
1756056527112 0.0031405151442008093 45
1756056527118 0.0030620706472799116 46
1756056527125 0.002982966409380875 47
1756056527132 0.0029032889298264463 48
1756056527139 0.0028231253347707035 49
1756056527146 0.002742563281927892 50
1756056527153 0.002661690864719994 51
1756056527160 0.0025805965159478696 52
1756056527168 0.0024993689110912867 53
1756056527174 0.002418096871343583 54
1756056527182 0.002336869266487 55
1756056527189 0.002255774917714876 56
1756056527196 0.002174902500506978 57
1756056527203 0.002094340447664166 58
1756056527210 0.0020141768526084247 59
1756056527220 0.001934499373053995 60
1756056527227 0.001855395135154958 61
1756056527234 0.0017769506382340607 62
1756056527242 0.0016992516601969736 63
