1756056558092 0.0009832931564869739 1
1756056558106 0.0019665863129739477 2
1756056558114 0.002949879469460922 3
1756056558122 0.0039331726259478955 4
1756056558130 0.00491646578243487 5
1756056558138 0.00491646578243487 6
1756056558146 0.004915122035018632 7
1756056558154 0.004911092262137989 8
1756056558162 0.004904380870290423 9
1756056558170 0.004894995198284381 10
1756056558178 0.004882945509214405 11
1756056558186 0.00486824497923858 12
1756056558195 0.004850909683170604 13
1756056558204 0.004830958576902212 14
1756056558213 0.004808413476675192 15
1756056558221 0.0047832990352256344 16
1756056558231 0.004755642714826542 17
1756056558240 0.004725474757258222 18
1756056558249 0.0046928281507393555 19
1756056558257 0.0046577385938548575 20
1756056558266 0.004620244456520001 21
1756056558275 0.004580386738023481 22
1756056558283 0.004538209022195285 23
1756056558291 0.004493757429748427 24
1756056558300 0.0044470805678466134 25
1756056558308 0.004398229476953033 26
1756056558317 0.004347257575018352 27
1756056558325 0.004294220599068975 28
1756056558333 0.00423917654425942 29
1756056558341 0.004182185600455474 30
1756056558349 0.0041233100864174555 31
1756056558357 0.004062614381655561 32
1756056558366 0.004000164856031823 33
1756056558374 0.003936029797185637 34
1756056558384 0.0038702793358622286 35
1756056558392 0.0038029853692257178 36
1756056558400 0.003734221482240621 37
1756056558409 0.0036640628672077744 38
1756056558418 0.003592586241542659 39
1756056558426 0.0035198697638860296 40
1756056558434 0.003445992948638593 41
1756056558442 0.003371036579013171 42
1756056558451 0.003295082618699453 43
1756056558460 0.003218214122237896 44
1756056558469 0.0031405151442008093 45
1756056558477 0.0030620706472799116 46
1756056558486 0.002982966409380875 47
1756056558494 0.0029032889298264463 48
1756056558503 0.0028231253347707035 49
1756056558511 0.002742563281927892 50
1756056558520 0.002661690864719994 51
1756056558528 0.0025805965159478696 52
1756056558537 0.0024993689110912867 53
1756056558545 0.002418096871343583 54
1756056558554 0.002336869266487 55
1756056558563 0.002255774917714876 56
1756056558571 0.002174902500506978 57
1756056558580 0.002094340447664166 58
1756056558589 0.0020141768526084247 59
1756056558597 0.001934499373053995 60
1756056558606 0.001855395135154958 61
1756056558616 0.0017769506382340607 62
1756056558625 0.0016992516601969736 63
1756056558634 0.0016223831637354163 64
1756056558643 0.0015464292034216977 65
1756056558652 0.0014714728337962774 66
1756056558661 0.0013975960185488396 67
1756056558670 0.0013248795408922105 68
1756056558678 0.001253402915227096 69
1756056558687 0.0011832443001942496 70
1756056558697 0.0011144804132091522 71
