1756056558092 2.5804076850414277 1
1756056558106 2.213834375143051 2
1756056558114 1.8568657845258714 3
1756056558122 1.5756292462348938 4
1756056558130 1.1884325981140136 5
1756056558138 1.027740439772606 6
1756056558146 1.033543974161148 7
1756056558154 0.8350521460175514 8
1756056558162 0.7851012885570526 9
1756056558170 0.8391493439674378 10
1756056558178 0.744933295249939 11
1756056558186 0.6566011056303978 12
1756056558195 0.762918196618557 13
1756056558204 0.6656175941228867 14
1756056558213 0.8208361685276031 15
1756056558221 0.6353077828884125 16
1756056558231 0.6697397544980049 17
1756056558240 0.5951813936233521 18
1756056558249 0.6060302019119262 19
1756056558257 0.5166692033410072 20
1756056558266 0.5395749479532241 21
1756056558275 0.4136739656329155 22
1756056558283 0.4504179671406746 23
1756056558291 0.44263026118278503 24
1756056558300 0.41242835819721224 25
1756056558308 0.3937716938555241 26
1756056558317 0.4069306991994381 27
1756056558325 0.4935401797294617 28
1756056558333 0.4631034106016159 29
1756056558341 0.4019265532493591 30
1756056558349 0.4066567823290825 31
1756056558357 0.5825820900499821 32
1756056558366 0.485481995344162 33
1756056558374 0.44393962547183036 34
1756056558384 0.49880635291337966 35
1756056558392 0.5032795399427414 36
1756056558400 0.44013297706842425 37
1756056558409 0.38588258549571036 38
1756056558418 0.4194716602563858 39
1756056558426 0.3887747287750244 40
1756056558434 0.4024426966905594 41
1756056558442 0.4025703400373459 42
1756056558451 0.47866337597370145 43
1756056558460 0.4936398945748806 44
1756056558469 0.387451659142971 45
1756056558477 0.34405523240566255 46
1756056558486 0.3640275277197361 47
1756056558494 0.2902015753090382 48
1756056558503 0.33294024914503095 49
1756056558511 0.2982897736132145 50
1756056558520 0.3189158223569393 51
1756056558528 0.24036323316395283 52
1756056558537 0.3119083076715469 53
1756056558545 0.3388852968811989 54
1756056558554 0.30240406170487405 55
1756056558563 0.2869856610894203 56
1756056558571 0.27677378207445147 57
1756056558580 0.25470001325011254 58
1756056558589 0.19837172208353876 59
1756056558597 0.22646247707307338 60
1756056558606 0.24335807487368583 61
1756056558616 0.2674806274473667 62
1756056558625 0.26459156423807145 63
1756056558634 0.3249419771134853 64
1756056558643 0.33547692373394966 65
1756056558652 0.33986596763134 66
1756056558661 0.2547130689024925 67
1756056558670 0.3183487169444561 68
1756056558678 0.20114827603101731 69
1756056558687 0.19467937126755713 70
1756056558697 0.2666171949356794 71
