1755904087351 1.745024901169997 0
1755904087357 1.1526993131026244 1
1755904087363 1.0373616615931194 2
1755904087369 0.790782277400677 3
1755904087375 0.6137118794215031 4
1755904087380 0.6425514068358984 5
1755904087386 0.576216615927525 6
1755904087391 0.4811503298771687 7
1755904087397 0.48957774348748034 8
1755904087402 0.34799496600261104 9
1755904087351 1.745024901169997 0
1755904087351 1.745024901169997 0
1755904087351 1.745024901169997 0
1755904087351 1.745024901169997 0
1755904087351 1.745024901169997 0
1755904087351 1.745024901169997 0
1755904087351 1.745024901169997 0
