1755979300891 1.6283344595463245 1
1755979300902 1.171038576147773 2
1755979300908 1.080143918077667 3
1755979300915 0.9725651224325229 4
1755979300921 0.8810295450997043 5
1755979300927 0.7345714648435642 6
1755979300932 0.7371569562267948 7
1755979300938 0.5899773085272157 8
1755979300944 0.6073646042254064 9
1755979300950 0.5594504320776308 10
1755979300956 0.5616523350601073 11
1755979300962 0.6070033909825535 12
1755979300968 0.5449115604936302 13
1755979300975 0.5034389499720041 14
1755979300981 0.5112509516539512 15
1755979300987 0.5065707926239286 16
1755979300994 0.4531165867947139 17
1755979301001 0.5203643777927796 18
1755979301007 0.44807533261837895 19
1755979301016 0.4892254400175887 20
1755979301022 0.4564640777451651 21
1755979301029 0.4203469445566078 22
1755979301035 0.44165618911192017 23
1755979301042 0.4424911243962003 24
1755979301048 0.44635302370244806 25
1755979301054 0.3658393257624143 26
