1755979300891 0.0011243761522495243 1
1755979300902 0.0022487523044990485 2
1755979300908 0.0033731284567485725 3
1755979300915 0.004497504608998097 4
1755979300921 0.0056218807612476215 5
1755979300927 0.0056218807612476215 6
1755979300932 0.00562034417360075 7
1755979300938 0.005615736090896169 8
1755979300944 0.005608061552004659 9
1755979300950 0.005597328948921823 10
1755979300956 0.0055835500175915554 11
1755979300962 0.0055667398250729685 12
1755979300968 0.005546916753064774 13
1755979300975 0.005524102477805176 14
1755979300981 0.0054983219463692135 15
1755979300987 0.005469603349389505 16
1755979300994 0.005437978090230207 17
1755979301001 0.005403480750647893 18
1755979301007 0.005366149052976911 19
1755979301016 0.005326023818880564 20
1755979301022 0.005283148924713226 21
1755979301029 0.005237571253542186 22
1755979301035 0.005189340643881704 23
1755979301042 0.005138509835195329 24
1755979301048 0.005085134410226069 25
1755979301054 0.005029272734217479 26
