1755989051475 0.0005653276050624804 1
1755989051487 0.0011306552101249608 2
1755989051494 0.0016959828151874412 3
1755989051500 0.0022613104202499216 4
1755989051506 0.002826638025312402 5
1755989051512 0.002826638025312402 6
1755989051518 0.0028258655768886322 7
1755989051524 0.002823549076278333 8
1755989051531 0.002819691056540911 9
1755989051537 0.0028142957363643064 10
1755989051543 0.002807369015451919 11
1755989051549 0.0027989184680713695 12
1755989051555 0.0027889533347721486 13
1755989051562 0.0027774845122812124 14
1755989051568 0.0027645245415875716 15
1755989051574 0.002750087594228903 16
1755989051581 0.0027341894567951826 17
1755989051587 0.0027168475136662793 18
1755989051594 0.0026980807280023934 19
1755989051600 0.0026779096210081165 20
1755989051606 0.0026563562494927983 21
1755989051613 0.0026334441817517473 22
1755989051619 0.002609198471794646 23
1755989051625 0.002583645631949362 24
1755989051632 0.002556813603871102 25
1755989051639 0.0025287317279886258 26
1755989051645 0.002499430711420917 27
1755989051652 0.002468942594399399 28
1755989051658 0.002437300715232414 29
1755989051665 0.002404539673850268 30
1755989051671 0.002370695293970721 31
1755989051678 0.002335804583926272 32
1755989051684 0.0022999056961960952 33
1755989051691 0.0022630378856868614 34
1755989051698 0.0022252414668080737 35
1755989051705 0.002186557769388856 36
1755989051711 0.0021470290934843873 37
1755989051718 0.0021066986631214143 38
1755989051725 0.0020656105790334144 39
1755989051731 0.002023809770437088 40
1755989051738 0.001981341945902923 41
1755989051745 0.0019382535433735395 42
1755989051752 0.0018945916793844874 43
1755989051758 0.001850404097543001 44
1755989051765 0.0018057391163210684 45
1755989051772 0.0017606455762198914 46
1755989051779 0.0017151727863635136 47
1755989051786 0.0016693704705800186 48
1755989051792 0.0016232887130292523 49
1755989051799 0.0015769779034365318 50
1755989051806 0.001530488681992217 51
1755989051812 0.00148387188397741 52
1755989051819 0.0014371784841763198 53
1755989051826 0.001390459541136082 54
1755989051834 0.0013437661413349916 55
1755989051841 0.001297149343320185 56
1755989051848 0.0012506601218758705 57
1755989051855 0.0012043493122831494 58
1755989051862 0.0011582675547323839 59
1755989051869 0.0011124652389488884 60
1755989051876 0.0010669924490925107 61
1755989051883 0.0010218989089913338 62
1755989051890 0.0009772339277694011 63
1755989051897 0.0009330463459279144 64
1755989051904 0.0008893844819388621 65
1755989051911 0.0008462960794094796 66
1755989051918 0.0008038282548753141 67
1755989051925 0.0007620274462789879 68
1755989051932 0.0007209393621909883 69
1755989051939 0.0006806089318280155 70
1755989051947 0.0006410802559235464 71
1755989051954 0.0006023965585043283 72
1755989051961 0.000564600139625541 73
1755989051968 0.0005277323291163068 74
1755989051975 0.00049183344138613 75
1755989051982 0.00045694273134168155 76
1755989051990 0.0004230983514621343 77
1755989051997 0.00039033731007998853 78
