1755906251398 1.0474134683609009 1
1755906251415 0.7357760593295097 2
1755906251420 0.6517678618431091 3
1755906251426 0.7300058141350746 4
1755906251431 0.6954453483223915 5
1755906251436 0.5393564373254776 6
1755906251442 0.5069157674908638 7
1755906251447 0.44738635793328285 8
1755906251452 0.4006268009543419 9
1755906251458 0.36241116374731064 10
1755906251463 0.5545640751719475 11
1755906251468 0.3815145865082741 12
1755906251473 0.4269032657146454 13
1755906251479 0.4310054525732994 14
1755906251484 0.3521532014012337 15
1755906251489 0.35086211785674093 16
1755906251494 0.3430018462240696 17
1755906251499 0.3409922793507576 18
1755906251504 0.3603728748857975 19
1755906251510 0.3278945878148079 20
1755906251515 0.42294217795133593 21
1755906251520 0.5023686736822128 22
1755906251525 0.34576104357838633 23
1755906251531 0.3155325151979923 24
1755906251536 0.27270053178071973 25
1755906251541 0.3679352380335331 26
1755906251546 0.3332501046359539 27
1755906251552 0.2836647599935532 28
1755906251557 0.30231047943234446 29
1755906251562 0.2506580263376236 30
1755906251568 0.233241406083107 31
1755906251573 0.3258658289909363 32
1755906251578 0.3636969938874245 33
1755906251584 0.41687386855483055 34
1755906251589 0.38305761516094206 35
1755906251595 0.31433420851826666 36
1755906251600 0.43781906813383104 37
1755906251605 0.43930203169584275 38
1755906251611 0.3557235233485699 39
1755906251616 0.47205654084682463 40
1755906251622 0.3615871511399746 41
1755906251627 0.3125347726047039 42
1755906251633 0.3190137930214405 43
