1755906267101 0.9574136108160018 1
1755906267117 0.6402554359287024 2
1755906267123 0.661246457695961 3
1755906267130 0.5843356758356094 4
1755906267136 0.5416418522596359 5
1755906267142 0.4576447904109955 6
1755906267148 0.5514641523361206 7
1755906267155 0.39351331498473885 8
1755906267161 0.38418861776590346 9
1755906267168 0.35970944762229917 10
1755906267174 0.34553171694278717 11
1755906267180 0.37157724276185033 12
1755906267187 0.3502832792699337 13
1755906267193 0.3235010035336018 14
1755906267199 0.3376990906894207 15
1755906267206 0.3720650143921375 16
1755906267212 0.3127035453915596 17
1755906267219 0.328275203704834 18
1755906267225 0.35882037207484246 19
1755906267232 0.30679762586951254 20
1755906267238 0.28732642009854314 21
1755906267245 0.25139506086707114 22
1755906267251 0.32164822667837145 23
1755906267259 0.2967026226222515 24
1755906267265 0.3470176324248314 25
1755906267273 0.2737275004386902 26
