1755906230648 1.033120435476303 1
1755906230655 0.7915376663208008 2
1755906230659 0.6412950852885843 3
1755906230663 0.5248758163303137 4
1755906230668 0.5151281975209713 5
1755906230671 0.42910801656544206 6
1755906230675 0.6343428313732147 7
1755906230679 0.3965910539031029 8
1755906230683 0.32138501182198526 9
1755906230688 0.29420721530914307 10
1755906230692 0.3461706519126892 11
1755906230696 0.2505655221641064 12
1755906230699 0.39761910662055017 13
1755906230703 0.336295023560524 14
1755906230708 0.27126254979521036 15
1755906230711 0.39644303545355797 16
1755906230716 0.25519973412156105 17
1755906230720 0.2420862764120102 18
1755906230724 0.26093246713280677 19
1755906230728 0.3065026067197323 20
1755906230732 0.2903661116957664 21
1755906230736 0.25999238677322867 22
1755906230740 0.19261247515678406 23
1755906230744 0.298878163844347 24
1755906230748 0.29719532616436484 25
1755906230753 0.220004540681839 26
1755906230757 0.20728560984134675 27
1755906230761 0.1943865016102791 28
1755906230765 0.18633984550833702 29
1755906230769 0.2997239474207163 30
1755906230773 0.1506492397747934 31
1755906230778 0.18030187599360942 32
1755906230782 0.3848967716097832 33
1755906230786 0.2396899275481701 34
