1755906251398 0.7502214998006821 1
1755906251415 0.6478785008192063 2
1755906251420 0.6090480208396911 3
1755906251426 0.6457365408539772 4
1755906251431 0.6179479569196701 5
1755906251436 0.5563864946365357 6
1755906251442 0.5373045355081558 7
1755906251447 0.4891857713460922 8
1755906251452 0.46899004429578783 9
1755906251458 0.4564166605472565 10
1755906251463 0.5123948156833649 11
1755906251468 0.4729901567101479 12
1755906251473 0.4895785331726074 13
1755906251479 0.48760810643434527 14
1755906251484 0.43973062187433243 15
1755906251489 0.4412622004747391 16
1755906251494 0.43325974345207213 17
1755906251499 0.4155844792723656 18
1755906251504 0.45513606518507005 19
1755906251510 0.42902498692274094 20
1755906251515 0.47174754440784455 21
1755906251520 0.519518232345581 22
1755906251525 0.4334239110350609 23
1755906251531 0.41935669630765915 24
1755906251536 0.3918776631355286 25
1755906251541 0.43326623141765597 26
1755906251546 0.42146340012550354 27
1755906251552 0.38987272456288335 28
1755906251557 0.41156035810709 29
1755906251562 0.3763085067272186 30
1755906251568 0.35956149995326997 31
1755906251573 0.38237965703010557 32
1755906251578 0.41127627342939377 33
1755906251584 0.46458847969770434 34
1755906251589 0.4560145646333694 35
1755906251595 0.41802525520324707 36
1755906251600 0.4724270045757294 37
1755906251605 0.48723818063735963 38
1755906251611 0.4367229789495468 39
1755906251616 0.4558273032307625 40
1755906251622 0.44897179007530214 41
1755906251627 0.41362115144729616 42
1755906251633 0.38969290554523467 43
