1755906230648 0.7779956489801407 1
1755906230655 0.6748998373746872 2
1755906230659 0.5917694941163063 3
1755906230663 0.5446618884801865 4
1755906230668 0.5390741989016533 5
1755906230671 0.4835788980126381 6
1755906230675 0.5448958739638329 7
1755906230679 0.49681843966245653 8
1755906230683 0.42371841222047807 9
1755906230688 0.4023840382695198 10
1755906230692 0.40114799737930296 11
1755906230696 0.3644514512270689 12
1755906230699 0.44889538139104845 13
1755906230703 0.4374146729707718 14
1755906230708 0.3856956034898758 15
1755906230711 0.4419571444392204 16
1755906230716 0.37120411098003386 17
1755906230720 0.3713392958045006 18
1755906230724 0.3614526316523552 19
1755906230728 0.39083915650844575 20
1755906230732 0.412026971578598 21
1755906230736 0.3647149741649628 22
1755906230740 0.32995506525039675 23
1755906230744 0.361626411229372 24
1755906230748 0.39866256415843965 25
1755906230753 0.343722365796566 26
1755906230757 0.33948100358247757 27
1755906230761 0.3256175145506859 28
1755906230765 0.32747185677289964 29
1755906230769 0.358782584965229 30
1755906230773 0.2853384431451559 31
1755906230778 0.31772607415914533 32
1755906230782 0.3912195064127445 33
1755906230786 0.37186077386140826 34
