1756345522723 1.7766333766605542 1
1756345522733 1.1804669292076775 2
1756345522739 1.396821545517963 3
1756345522745 1.1507224855215654 4
1756345522753 0.9825662089430768 5
1756345522759 0.8676712357479593 6
1756345522765 0.7034180358700131 7
1756345522771 0.7436793757521588 8
1756345522777 0.6414106863996257 9
1756345522783 0.5838630160559779 10
1756345522789 0.4466517243696296 11
1756345522796 0.3979422398235487 12
1756345522802 0.42643064519633417 13
1756345522808 0.4262508477853692 14
1756345522814 0.35198420934055163 15
1756345522820 0.34229656665221503 16
1756345522827 0.4858465395543886 17
1756345522833 0.4865314902170845 18
1756345522839 0.3926399583401887 19
1756345522846 0.34799939070058905 20
1756345522852 0.3562632034654203 21
1756345522858 0.29090960582961206 22
1756345522865 0.32998065326524817 23
1756345522871 0.3663596906091856 24
1756345522878 0.30846090873946314 25
1756345522884 0.27608488564905914 26
1756345522891 0.23922204776950504 27
1756345522898 0.21731991061697836 28
1756345522904 0.21267546454201575 29
1756345522911 0.22468533075374106 30
1756345522918 0.2692995453658311 31
1756345522924 0.2134080224710962 32
1756345522931 0.2242039759521899 33
1756345522938 0.195011043354221 34
1756345522945 0.18998644889696784 35
1756345522952 0.1770555665311606 36
1756345522959 0.16472127612518228 37
1756345522965 0.17564423285100772 38
1756345522972 0.19157048606354257 39
1756345522979 0.18025527246620343 40
1756345522986 0.17065539243428604 41
1756345522993 0.15925509838954263 42
1756345523000 0.1914107760657435 43
1756345523008 0.19579238541748212 44
1756345523015 0.15941445108341135 45
1756345523022 0.14922565999238388 46
1756345523029 0.16909138761136844 47
1756345523036 0.14026400446891785 48
1756345523044 0.13773482908373294 49
1756345523051 0.12716726505238077 50
1756345523058 0.1403953808805217 51
1756345523065 0.11993421160656473 52
1756345523073 0.15062474621378857 53
1756345523080 0.11152024793884029 54
1756345523087 0.12035110657629759 55
1756345523095 0.1120903443383134 56
1756345523102 0.12134032988029977 57
1756345523110 0.12021426111459732 58
1756345523117 0.14059635996818542 59
1756345523125 0.12826962380305582 60
1756345523132 0.10580470186212788 61
1756345523140 0.10753198939820995 62
1756345523148 0.12713637235371963 63
1756345523155 0.1273624174620794 64
1756345523163 0.11888109957394392 65
1756345523171 0.11470711522776147 66
1756345523179 0.10409773724234622 67
1756345523186 0.11380175695471141 68
1756345523194 0.10855372768381367 69
1756345523202 0.09129315193580545 70
1756345523210 0.09675122943261395 71
1756345523218 0.09439055022338162 72
1756345523226 0.08977879729607831 73
1756345523234 0.09537466566847719 74
