1756345522723 2.6578714562499006 1
1756345522733 1.6511214660561604 2
1756345522739 1.8704714567764946 3
1756345522745 1.7309842524321184 4
1756345522753 1.2569916688877603 5
1756345522759 1.240858635176783 6
1756345522765 0.8510551452636719 7
1756345522771 1.194400844366654 8
1756345522777 0.6745532764040906 9
1756345522783 0.6118335827537205 10
1756345522789 0.41452523547670117 11
1756345522796 0.4798504399216693 12
1756345522802 0.4746930210486702 13
1756345522808 0.47044736535652826 14
1756345522814 0.3653975187436394 15
1756345522820 0.39686718842257623 16
1756345522827 0.7465797325839167 17
1756345522833 0.6376249051612356 18
1756345522839 0.44670896167340485 19
1756345522846 0.41439668510271155 20
1756345522852 0.3944689087245775 21
1756345522858 0.31467209367648413 22
1756345522865 0.43157614994308224 23
1756345522871 0.5163494102332903 24
1756345522878 0.39277521488459216 25
1756345522884 0.2945024176784184 26
1756345522891 0.24696739212326382 27
1756345522898 0.25404003780821094 28
1756345522904 0.22624060641164365 29
1756345522911 0.26155343165864114 30
1756345522918 0.3339126803304838 31
1756345522924 0.2604900549935258 32
1756345522931 0.2880159454501193 33
1756345522938 0.24307050491156784 34
1756345522945 0.21288121750821237 35
1756345522952 0.2090541049838066 36
1756345522959 0.18430921176205511 37
1756345522965 0.18559754866620767 38
1756345522972 0.26970561820527783 39
1756345522979 0.20985304240299307 40
1756345522986 0.17456292458202527 41
1756345522993 0.24116544328306033 42
1756345523000 0.29964546664901404 43
1756345523008 0.26690406384675397 44
1756345523015 0.17320335624010666 45
1756345523022 0.18690519099650177 46
1756345523029 0.1893111940311349 47
1756345523036 0.169559081611426 48
1756345523044 0.20038505352061728 49
1756345523051 0.14350516122320425 50
1756345523058 0.18960548062687335 51
1756345523065 0.14222754991572836 52
1756345523073 0.19192365022457164 53
1756345523080 0.12123356403216072 54
1756345523087 0.12703879436720972 55
1756345523095 0.1447091797447723 56
1756345523102 0.17130949996087863 57
1756345523110 0.15808360472969388 58
1756345523117 0.17650815099477768 59
1756345523125 0.13515694828137106 60
1756345523132 0.12726821653220965 61
1756345523140 0.12259716038470683 62
1756345523148 0.185696038538995 63
1756345523155 0.14610436105209848 64
1756345523163 0.11992846899058508 65
1756345523171 0.13498755576817886 66
1756345523179 0.1082694506191689 67
1756345523186 0.14083681287972824 68
1756345523194 0.12533208598261295 69
1756345523202 0.11440687723781752 70
1756345523210 0.13101241527044255 71
1756345523218 0.10131603301219318 72
1756345523226 0.0996813275243925 73
1756345523234 0.12825579163820847 74
