1756345538724 0.0006983164111106059 1
1756345538735 0.0013966328222212118 2
1756345538744 0.002094949233331818 3
1756345538753 0.0027932656444424235 4
1756345538762 0.0034915820555530296 5
1756345538771 0.0034915820555530296 6
1756345538780 0.0034911724322904884 7
1756345538789 0.0034899437547816483 8
1756345538798 0.003487896599772601 9
1756345538808 0.00348503192820602 10
1756345538817 0.003481351084770092 11
1756345538826 0.0034768557972673134 12
1756345538835 0.0034715481758034526 13
1756345538844 0.003465430711797059 14
1756345538853 0.0034585062768099804 15
1756345538863 0.003450778121199443 16
1756345538873 0.003442249872592316 17
1756345538882 0.0034329255341822938 18
1756345538891 0.0034228094828507786 19
1756345538901 0.003411906467112356 20
1756345538910 0.0034002216048858217 21
1756345538919 0.003387760381091813 22
1756345538929 0.0033745286450781627 23
1756345538938 0.0033605326078741944 24
1756345538947 0.0033457788392752368 25
1756345538957 0.0033302742647587412 26
1756345538966 0.0033140261622334305 27
1756345538976 0.003297042158623021 28
1756345538986 0.003279330226286116 29
1756345538995 0.0032608986792739478 30
1756345539005 0.003241756169427729 31
1756345539014 0.003221911682317443 32
1756345539024 0.0032013745330239838 33
1756345539034 0.0031801543617666194 34
1756345539044 0.003158261129377834 35
1756345539054 0.0031357051126276745 36
1756345539064 0.0031124968993997935 37
1756345539076 0.003088647383721456 38
1756345539086 0.0030641677606498365 39
1756345539096 0.003039069521017019 40
1756345539106 0.003013364446036152 41
1756345539116 0.0029870646017713027 42
1756345539126 0.0029601823334735942 43
1756345539135 0.002932730259786302 44
1756345539145 0.002904721266821608 45
1756345539155 0.0028761685021118106 46
1756345539165 0.00284708536843782 47
1756345539176 0.002817485517537839 48
1756345539186 0.0027873828436991875 49
1756345539196 0.0027567914772362615 50
1756345539206 0.0027257257778577136 51
1756345539216 0.0026942003279259463 52
1756345539226 0.002662229925612095 53
1756345539237 0.002629829577949704 54
1756345539247 0.0025970144937903705 55
1756345539257 0.002563800076664646 56
1756345539268 0.00253020191755156 57
1756345539278 0.002496235787560149 58
1756345539288 0.00246191763052644 59
1756345539299 0.00242726355552935 60
1756345539309 0.0023922898293290175 61
1756345539319 0.002357012868731122 62
1756345539330 0.0023214492328807726 63
1756345539340 0.0022856156154895764 64
1756345539351 0.002249528836999548 65
1756345539361 0.0022132058366875224 66
1756345539372 0.002176663664713796 67
1756345539383 0.00213991947411871 68
1756345539393 0.0021029905127709497 69
1756345539404 0.002065894115271322 70
1756345539415 0.0020286476948158266 71
1756345539426 0.0019912687350218342 72
1756345539438 0.0019537747817212066 73
1756345539449 0.0019161834347242131 74
1756345539460 0.0018785123395581088 75
1756345539471 0.001840779179184257 76
1756345539482 0.001803001665697675 77
1756345539493 0.0017651975320129064 78
1756345539503 0.0017273845235401231 79
1756345539514 0.0016895803898553548 80
