1756345592415 0.9617228222929913 1
1756345592437 0.8289829362993655 2
1756345592455 0.8225150678468787 3
1756345592474 0.7461683931558029 4
1756345592493 0.7700190414553103 5
1756345592512 0.6508605881877567 6
1756345592530 0.5694929711196733 7
1756345592549 0.5473379129948823 8
1756345592568 0.5631284286146578 9
1756345592586 0.5279490921808325 10
1756345592605 0.491935177989628 11
1756345592624 0.543186744917994 12
1756345592642 0.5788012678208558 13
1756345592661 0.5267812933610834 14
1756345592680 0.4868850500687309 15
1756345592700 0.447487517543461 16
1756345592718 0.4432084910247637 17
1756345592737 0.42368242662885913 18
1756345592756 0.4114942926427592 19
1756345592775 0.417486398116402 20
1756345592794 0.4106193742026453 21
1756345592813 0.38877825762914575 22
1756345592832 0.39712088652279065 23
1756345592851 0.3573858776818151 24
1756345592870 0.3844307738801707 25
1756345592889 0.4508625268936157 26
1756345592909 0.4084595791671587 27
1756345592928 0.4082105367080025 28
1756345592947 0.35512769092684204 29
1756345592966 0.33939039059307263 30
1756345592986 0.3624740916749705 31
1756345593005 0.3700067349102186 32
1756345593024 0.33113412235094153 33
1756345593044 0.31588046317515167 34
1756345593063 0.3349142217117807 35
1756345593082 0.31352998381075653 36
1756345593104 0.3178774086029633 37
1756345593123 0.3247121222641157 38
1756345593143 0.3161325998928236 39
1756345593163 0.29714232359243475 40
1756345593183 0.3007032016049261 41
1756345593203 0.2970115270303643 42
1756345593222 0.3325948326484017 43
1756345593242 0.30297139546145563 44
1756345593262 0.29557036187337793 45
1756345593282 0.2948310692673144 46
1756345593302 0.28156159364658856 47
1756345593322 0.2691170333520226 48
1756345593341 0.2998423064532487 49
1756345593361 0.29403330774410913 50
1756345593381 0.2814152972853702 51
1756345593401 0.2948304349961488 52
1756345593421 0.2747000242057054 53
1756345593441 0.283067326830781 54
1756345593461 0.2874872930671858 55
1756345593481 0.2616794459197832 56
1756345593501 0.2638837306395821 57
1756345593521 0.26804402146650397 58
1756345593541 0.23787241331909015 59
1756345593561 0.25609183181887085 60
1756345593582 0.26982746176097705 61
1756345593602 0.2540517073610555 62
1756345593622 0.24978372130704962 63
1756345593642 0.23270506508972333 64
1756345593662 0.23681709559067435 65
1756345593683 0.23082388937473297 66
1756345593703 0.22211124002933502 67
1756345593723 0.21898967805116074 68
1756345593744 0.23562095994534699 69
