1756345538724 1.8584862221842227 1
1756345538735 1.5845630972281746 2
1756345538744 1.3212658918422202 3
1756345538753 1.0942734713139741 4
1756345538762 1.146117363287055 5
1756345538771 0.8397104118181311 6
1756345538780 0.668410264927408 7
1756345538789 0.6883258171703505 8
1756345538798 0.5086273538029712 9
1756345538808 0.4262721836566925 10
1756345538817 0.531423392503158 11
1756345538826 0.4687251137650531 12
1756345538835 0.5104123133680095 13
1756345538844 0.4041906679454057 14
1756345538853 0.402414189732593 15
1756345538863 0.38433117257512134 16
1756345538873 0.37681795332742773 17
1756345538882 0.34268892524035083 18
1756345538891 0.3068003557298494 19
1756345538901 0.31891838363979175 20
1756345538910 0.2607041901868323 21
1756345538919 0.26662584426610364 22
1756345538929 0.2714121529589529 23
1756345538938 0.25544294714927673 24
1756345538947 0.2557274666817292 25
1756345538957 0.22405287688193115 26
1756345538966 0.2452180256014285 27
1756345538976 0.2211355657681175 28
1756345538986 0.20250223253084265 29
1756345538995 0.2044947604122369 30
1756345539005 0.20942260130592014 31
1756345539014 0.18828275896932767 32
1756345539024 0.18675112821485684 33
1756345539034 0.17006921055524246 34
1756345539044 0.2982801872750987 35
1756345539054 0.3063147968572119 36
1756345539064 0.3144049216871676 37
1756345539076 0.2898659155420635 38
1756345539086 0.31884634494781494 39
1756345539096 0.2328400177800137 40
1756345539106 0.19442636746427286 41
1756345539116 0.2139512306970099 42
1756345539126 0.26129122985445935 43
1756345539135 0.211135001934093 44
1756345539145 0.19138815610305124 45
1756345539155 0.1986350245449854 46
1756345539165 0.18756420456844827 47
1756345539176 0.15867800362732098 48
1756345539186 0.1775675610355709 49
1756345539196 0.18546946152396823 50
1756345539206 0.16797639397175415 51
1756345539216 0.15252930152675379 52
1756345539226 0.15347824569629587 53
1756345539237 0.18103464822406354 54
1756345539247 0.14656338743541553 55
1756345539257 0.12587292395208194 56
1756345539268 0.15819150630546652 57
1756345539278 0.13359026870001917 58
1756345539288 0.1173709669838781 59
1756345539299 0.10773980925264566 60
1756345539309 0.10436554350282835 61
1756345539319 0.1372385096290837 62
1756345539330 0.13304530861585037 63
1756345539340 0.1213153294571068 64
1756345539351 0.12049343048230461 65
1756345539361 0.12352622786293858 66
1756345539372 0.11189382847236551 67
1756345539383 0.12850326429242673 68
1756345539393 0.11772060637240825 69
1756345539404 0.09856796037891637 70
1756345539415 0.09758473932743073 71
1756345539426 0.09073462223877078 72
1756345539438 0.10020550308020218 73
1756345539449 0.08614036246486333 74
1756345539460 0.0813185093195542 75
1756345539471 0.0780996375757715 76
1756345539482 0.08633075071417767 77
1756345539493 0.0983185620735521 78
1756345539503 0.09462922212222348 79
1756345539514 0.08481793008420778 80
