1755978937703 0.001222366275473401 1
1755978937711 0.002444732550946802 2
1755978937716 0.003667098826420203 3
1755978937721 0.004889465101893604 4
1755978937725 0.006111831377367005 5
1755978937730 0.006111831377367005 6
1755978937739 0.0061101608512687975 7
1755978937743 0.006105151099669938 8
1755978937748 0.0060968076006602465 9
1755978937754 0.0060851394777333935 10
1755978937759 0.0060701594898104885 11
1755978937763 0.006051884017288392 12
1755978937768 0.006030333044127988 13
1755978937772 0.006005530136002021 14
1755978937777 0.005977502414526372 15
1755978937781 0.005946280527602977 16
1755978937786 0.005911898615906793 17
1755978937790 0.005874394275553467 18
1755978937794 0.005833808516988543 19
1755978937800 0.0057901857201431385 20
1755978937805 0.0057435735859051405 21
1755978937810 0.005694023083958985 22
1755978937814 0.005641588397051056 23
1755978937819 0.005586326861741652 24
1755978937823 0.00552829890570829 25
1755978937828 0.005467567981668934 26
1755978937833 0.005404200497997381 27
1755978937837 0.005338265746106671 28
1755978937842 0.005269835824679955 29
1755978937846 0.005198985560831633 30
1755978937851 0.005125792428285011 31
1755978937856 0.005050336462655918 32
1755978937860 0.004972700173934936 33
1755978937865 0.0048929684562639365 34
1755978937870 0.004811228495105583 35
1755978937876 0.00472756967190731 36
1755978937881 0.004642083466364018 37
1755978937886 0.004554863356386371 38
1755978937891 0.004466004715884078 39
1755978937896 0.004375604710475918 40
1755978937901 0.004283762191240568 41
1755978937907 0.004190577586624389 42
1755978937912 0.00409615279262441 43
1755978937917 0.004000591061366538 44
1755978937922 0.0039039968882008808 45
1755978937927 0.0038064758974376126 46
1755978937932 0.0037081347268483446 47
1755978937937 0.0036090809110592864 48
1755978937942 0.003509422763963708 49
1755978937947 0.003409269260282295 50
1755978937952 0.003308729916400882 51
1755978937957 0.0032079146706158997 52
1755978937962 0.003106933762918461 53
1755978937967 0.003005897614448544 54
1755978937972 0.0029049167067511047 55
1755978937977 0.0028041014609661236 56
