1755978937703 1.9590947240978092 1
1755978937711 1.6726868539661557 2
1755978937716 1.4329468358259696 3
1755978937721 1.0843479623655221 4
1755978937725 1.1908537482286428 5
1755978937730 1.1050331950574726 6
1755978937739 1.037385378178064 7
1755978937743 0.8892390259674617 8
1755978937748 0.7891218172652381 9
1755978937754 0.9080710682969588 10
1755978937759 0.8507637764726367 11
1755978937763 0.9035899685574816 12
1755978937768 0.8146977211747851 13
1755978937772 0.8818155159423877 14
1755978937777 0.6856562255264876 15
1755978937781 0.7540343920518826 16
1755978937786 0.6787916491558026 17
1755978937790 0.6997404303643611 18
1755978937794 0.6353109602804308 19
1755978937800 0.5788233508537342 20
1755978937805 0.676107551950913 21
1755978937810 0.5818395455936333 22
1755978937814 0.567172650102671 23
1755978937819 0.5667724932556029 24
1755978937823 0.5121497511863708 25
1755978937828 0.45003257120971557 26
1755978937833 0.5195477130738172 27
1755978937837 0.47036610021219627 28
1755978937842 0.45348982667768156 29
1755978937846 0.43806122175671836 30
1755978937851 0.434867010294617 31
1755978937856 0.4929399552283349 32
1755978937860 0.5409887630444068 33
1755978937865 0.5779852640706223 34
1755978937870 0.4983057172654511 35
1755978937876 0.5228454906058002 36
1755978937881 0.5235872206749854 37
1755978937886 0.4674213304148092 38
1755978937891 0.4191835310745549 39
1755978937896 0.4002061504628751 40
1755978937901 0.3585028837059999 41
1755978937907 0.48884042613692097 42
1755978937912 0.38548633678779975 43
1755978937917 0.39961959953819004 44
1755978937922 0.40550956449338366 45
1755978937927 0.4104379364712672 46
1755978937932 0.3567679100609445 47
1755978937937 0.3430906252621056 48
1755978937942 0.44335043914132305 49
1755978937947 0.3346030531185014 50
1755978937952 0.3691354575869325 51
1755978937957 0.3327156515767822 52
1755978937962 0.4096182430912922 53
1755978937967 0.3823704085760302 54
1755978937972 0.3294062683141077 55
1755978937977 0.31505473069362827 56
