1756056684364 0.9487933337688446 1
1756056684373 0.8679785400629043 2
1756056684378 0.818817263841629 3
1756056684383 0.7411051332950592 4
1756056684388 0.7073372334241868 5
1756056684392 0.6223071843385697 6
1756056684396 0.5898057639598846 7
1756056684401 0.6181951522827148 8
1756056684406 0.5645110338926316 9
1756056684410 0.5192769698798656 10
1756056684415 0.5434516444802284 11
1756056684420 0.5377022564411164 12
1756056684424 0.5635941296815872 13
1756056684429 0.5358241021633148 14
1756056684434 0.5155984610319138 15
1756056684438 0.503426830470562 16
1756056684443 0.5351315110921859 17
1756056684448 0.5147544667124748 18
1756056684452 0.4977149322628975 19
1756056684457 0.5124955087900162 20
1756056684461 0.5345277532935142 21
1756056684466 0.47662498950958254 22
1756056684471 0.5375798553228378 23
1756056684476 0.5564465820789337 24
1756056684481 0.4486939385533333 25
1756056684486 0.5037399813532829 26
1756056684491 0.4842387169599533 27
1756056684496 0.44711447302252055 28
1756056684501 0.41959960460662843 29
1756056684505 0.4224030539393425 30
1756056684510 0.4417266696691513 31
1756056684515 0.41996693313121797 32
1756056684520 0.3559285506606102 33
1756056684525 0.3558915615081787 34
1756056684530 0.3697952166199684 35
1756056684535 0.34143096059560774 36
1756056684540 0.3743815585970879 37
1756056684545 0.4228659525513649 38
1756056684550 0.40490533262491224 39
1756056684554 0.43033856749534605 40
1756056684560 0.39682606756687167 41
1756056684565 0.3900435730814934 42
1756056684570 0.38959280848503114 43
1756056684575 0.3963000014424324 44
1756056684580 0.37781201153993604 45
1756056684585 0.4026613309979439 46
1756056684590 0.4049069702625275 47
1756056684595 0.4232524842023849 48
1756056684600 0.3501440957188606 49
1756056684605 0.4556559756398201 50
1756056684610 0.43052965849637986 51
1756056684615 0.3225894760340452 52
1756056684621 0.37339413464069365 53
1756056684626 0.37439915239810945 54
1756056684631 0.3254651308059692 55
1756056684636 0.3354810975492001 56
1756056684641 0.3576934583485126 57
1756056684646 0.33514480516314504 58
1756056684652 0.3051538489758968 59
1756056684657 0.3121934592723846 60
1756056684662 0.33128038197755816 61
1756056684667 0.3285651333630085 62
1756056684672 0.30583913028240206 63
1756056684678 0.27801951169967654 64
1756056684683 0.3467180892825127 65
1756056684688 0.2784818932414055 66
1756056684694 0.2951602071523666 67
1756056684699 0.3185091622173786 68
1756056684705 0.28657738491892815 69
1756056684710 0.36738158762454987 70
1756056684716 0.34307912141084673 71
1756056684722 0.28648931756615637 72
1756056684727 0.27653281688690184 73
1756056684733 0.27013724520802496 74
1756056684738 0.29893824085593224 75
1756056684744 0.29113246947526933 76
1756056684749 0.27119975760579107 77
1756056684755 0.28559167981147765 78
1756056684760 0.27097217440605165 79
1756056684766 0.27179342955350877 80
1756056684772 0.28772151470184326 81
1756056684777 0.2659537151455879 82
1756056684783 0.23634095005691053 83
1756056684789 0.2718911893665791 84
1756056684794 0.29625122994184494 85
1756056684800 0.27903192266821863 86
1756056684806 0.2817446105182171 87
1756056684811 0.23988645821809768 88
1756056684817 0.27536486759781836 89
1756056684823 0.2642266981303692 90
1756056684829 0.279915701597929 91
1756056684834 0.25782191902399065 92
1756056684840 0.310274675488472 93
1756056684846 0.2681698754429817 94
1756056684852 0.24881094694137573 95
1756056684857 0.3047227546572685 96
1756056684863 0.2876192644238472 97
1756056684869 0.2866087816655636 98
1756056684876 0.2708130605518818 99
1756056684882 0.280878696590662 100
