1756056759859 1.3369023740291595 1
1756056759877 1.4148029625415801 2
1756056759886 1.214287781715393 3
1756056759894 1.0929584592580794 4
1756056759903 0.9026960074901581 5
1756056759911 0.8935779958963395 6
1756056759920 0.6485170990228653 7
1756056759930 0.6592555686831474 8
1756056759940 0.5661701738834382 9
1756056759949 0.6170271888375283 10
1756056759958 0.5555414855480194 11
1756056759968 0.5809214428067208 12
1756056759977 0.5499270975589752 13
1756056759986 0.5128483936190605 14
1756056759995 0.4697955012321472 15
1756056760004 0.5348570063710213 16
1756056760013 0.5568211287260055 17
1756056760022 0.48765904679894445 18
1756056760032 0.4127411648631096 19
1756056760041 0.41843870729207994 20
1756056760049 0.40339803248643874 21
1756056760059 0.3929164431989193 22
1756056760068 0.34560456685721874 23
1756056760077 0.35442209541797637 24
1756056760086 0.30518180802464484 25
1756056760095 0.3519531935453415 26
1756056760104 0.31827225610613824 27
1756056760114 0.3213122397661209 28
1756056760123 0.3509280145168304 29
1756056760132 0.30671974644064903 30
1756056760141 0.30425299927592275 31
1756056760150 0.40231914445757866 32
1756056760159 0.322355218231678 33
1756056760168 0.33000153452157976 34
1756056760177 0.4553032726049423 35
1756056760187 0.35529176890850067 36
1756056760197 0.33085754290223124 37
1756056760206 0.32279645949602126 38
1756056760216 0.2956943534314632 39
1756056760225 0.3033041298389435 40
1756056760234 0.235885701328516 41
1756056760243 0.284018587321043 42
1756056760253 0.2862745925784111 43
1756056760262 0.3058397315442562 44
1756056760272 0.3069259159266949 45
1756056760281 0.2883875289931893 46
1756056760290 0.2686999514698982 47
1756056760299 0.2787067495286465 48
1756056760309 0.28784364759922026 49
1756056760318 0.2482066847383976 50
1756056760327 0.49498698823153975 51
1756056760337 0.3698086105287075 52
1756056760346 0.3414995320141315 53
1756056760356 0.2751736968755722 54
1756056760365 0.28228616863489153 55
1756056760374 0.22002410218119622 56
1756056760384 0.24817670620977877 57
1756056760393 0.3042157024145126 58
1756056760403 0.2430002510547638 59
1756056760412 0.2517968825995922 60
1756056760422 0.2106752462685108 61
1756056760432 0.2314477976411581 62
1756056760442 0.18870959766209125 63
1756056760451 0.22938745617866516 64
1756056760461 0.2566752351820469 65
1756056760471 0.21880096271634103 66
1756056760481 0.20566030442714692 67
1756056760490 0.22254166454076768 68
1756056760500 0.20732359066605568 69
1756056760509 0.1736182499676943 70
1756056760519 0.16192346662282944 71
1756056760529 0.1935998871922493 72
1756056760539 0.14956204518675803 73
1756056760549 0.27254540026187896 74
1756056760558 0.3716416243463755 75
1756056760568 0.17060256749391556 76
1756056760578 0.2458776105195284 77
1756056760587 0.1796654812991619 78
1756056760597 0.20770294442772866 79
1756056760607 0.14411685653030873 80
1756056760617 0.1739578526467085 81
