1756056684364 1.6094588130712508 1
1756056684373 1.2931695401668548 2
1756056684378 1.1540253728628158 3
1756056684383 0.9706969946622849 4
1756056684388 0.9656363248825073 5
1756056684392 0.7022505909204483 6
1756056684396 0.6473453974351286 7
1756056684401 0.6738808915019036 8
1756056684406 0.5562705934047699 9
1756056684410 0.4729474112391472 10
1756056684415 0.5140167102217674 11
1756056684420 0.5697196468710899 12
1756056684424 0.5620753407478333 13
1756056684429 0.5257273450493812 14
1756056684434 0.4715773418545723 15
1756056684438 0.4304498046636581 16
1756056684443 0.5525055199861526 17
1756056684448 0.44597173631191256 18
1756056684452 0.4406712681055069 19
1756056684457 0.47300507575273515 20
1756056684461 0.6090978965163231 21
1756056684466 0.40567907728254793 22
1756056684471 0.5980920292437076 23
1756056684476 0.6277119174599648 24
1756056684481 0.3805702030658722 25
1756056684486 0.4505638763308525 26
1756056684491 0.43799238577485083 27
1756056684496 0.3694226564373821 28
1756056684501 0.3093269743025303 29
1756056684505 0.3230375349521637 30
1756056684510 0.33740362897515297 31
1756056684515 0.36811220496892927 32
1756056684520 0.22213919572532176 33
1756056684525 0.21964662298560142 34
1756056684530 0.2458976823836565 35
1756056684535 0.2109881706535816 36
1756056684540 0.31376389041543007 37
1756056684545 0.33473534174263475 38
1756056684550 0.2969105213880539 39
1756056684554 0.534509239345789 40
1756056684560 0.3116678636521101 41
1756056684565 0.26761045306921005 42
1756056684570 0.30815569385886193 43
1756056684575 0.2976821966469288 44
1756056684580 0.24526556581258774 45
1756056684585 0.3418977536261082 46
1756056684590 0.36776640340685846 47
1756056684595 0.3202816560864449 48
1756056684600 0.22102830857038497 49
1756056684605 0.5678068723529577 50
1756056684610 0.3548662282526493 51
1756056684615 0.18911029524169862 52
1756056684621 0.28305728249251844 53
1756056684626 0.2495374720543623 54
1756056684631 0.1891238119453192 55
1756056684636 0.2015346869826317 56
1756056684641 0.26734517961740495 57
1756056684646 0.218991931527853 58
1756056684652 0.160339143127203 59
1756056684657 0.17587593011558056 60
1756056684662 0.19400464072823526 61
1756056684667 0.2792089369148016 62
1756056684672 0.17875109650194645 63
1756056684678 0.13851143848150968 64
1756056684683 0.22720281295478345 65
1756056684688 0.1454551514238119 66
1756056684694 0.163394171372056 67
1756056684699 0.23418308719992637 68
1756056684705 0.14296327494084834 69
1756056684710 0.4304127495735884 70
1756056684716 0.31380198523402214 71
1756056684722 0.13466501496732236 72
1756056684727 0.13412083275616168 73
1756056684733 0.12423420585691929 74
1756056684738 0.15986863896250725 75
1756056684744 0.15507773421704768 76
1756056684749 0.12389147467911243 77
1756056684755 0.14605664387345313 78
1756056684760 0.13070945739746093 79
1756056684766 0.13630763664841652 80
1756056684772 0.1692553773522377 81
1756056684777 0.14021646194159984 82
1756056684783 0.10066447097342461 83
1756056684789 0.12610662430524827 84
1756056684794 0.22044134251773356 85
1756056684800 0.14699043333530426 86
1756056684806 0.18156267572194337 87
1756056684811 0.09686232600361108 88
1756056684817 0.13958529196679592 89
1756056684823 0.125106730312109 90
1756056684829 0.19051519893109797 91
1756056684834 0.11258669011294842 92
1756056684840 0.30165139455348255 93
1756056684846 0.12568631246685982 94
1756056684852 0.10759234242141247 95
1756056684857 0.21577473245561124 96
1756056684863 0.17336455471813678 97
1756056684869 0.17445309981703758 98
1756056684876 0.1725194610655308 99
1756056684882 0.15859749391674996 100
