1756056759859 1.8917706429958343 1
1756056759877 1.6225709646940232 2
1756056759886 1.5577727943658828 3
1756056759894 1.381805619597435 4
1756056759903 1.2151792794466019 5
1756056759911 1.19955433011055 6
1756056759920 0.900795704126358 7
1756056759930 0.7815976962447166 8
1756056759940 0.67525365203619 9
1756056759949 0.7394802331924438 10
1756056759958 0.7444807797670364 11
1756056759968 0.6984884485602378 12
1756056759977 0.651139909029007 13
1756056759986 0.5729555293917656 14
1756056759995 0.5506382316350937 15
1756056760004 0.6432072386145592 16
1756056760013 0.6949454054236412 17
1756056760022 0.5789453938603402 18
1756056760032 0.46584762036800387 19
1756056760041 0.5398574814200401 20
1756056760049 0.4932002827525139 21
1756056760059 0.44801114946603776 22
1756056760068 0.4296871993690729 23
1756056760077 0.42611906230449675 24
1756056760086 0.35138844028115274 25
1756056760095 0.4608407489955425 26
1756056760104 0.3645468637347221 27
1756056760114 0.3589937463402748 28
1756056760123 0.4339103735983372 29
1756056760132 0.3942470341920853 30
1756056760141 0.34041246995329855 31
1756056760150 0.4413200348615646 32
1756056760159 0.37977804616093636 33
1756056760168 0.3526417836546898 34
1756056760177 0.6244835421442986 35
1756056760187 0.41584118232131007 36
1756056760197 0.3569615475833416 37
1756056760206 0.37969544604420663 38
1756056760216 0.3260425925254822 39
1756056760225 0.36569076031446457 40
1756056760234 0.2760155491530895 41
1756056760243 0.30452779680490494 42
1756056760253 0.319068706035614 43
1756056760262 0.3399102859199047 44
1756056760272 0.3205984830856323 45
1756056760281 0.32208156362175944 46
1756056760290 0.2970250479876995 47
1756056760299 0.3442096658051014 48
1756056760309 0.3424228347837925 49
1756056760318 0.27079776078462603 50
1756056760327 0.5633133992552757 51
1756056760337 0.45760348811745644 52
1756056760346 0.39102606326341627 53
1756056760356 0.2992239147424698 54
1756056760365 0.2992569886147976 55
1756056760374 0.24212225675582885 56
1756056760384 0.2684079110622406 57
1756056760393 0.3590976186096668 58
1756056760403 0.2673621654510498 59
1756056760412 0.2682113818824291 60
1756056760422 0.23022422939538956 61
1756056760432 0.23080558143556118 62
1756056760442 0.2006411362439394 63
1756056760451 0.24604624696075916 64
1756056760461 0.28152124434709547 65
1756056760471 0.2603569634258747 66
1756056760481 0.22380132526159285 67
1756056760490 0.23967938646674156 68
1756056760500 0.23082809336483479 69
1756056760509 0.19714584723114967 70
1756056760519 0.1704152539372444 71
1756056760529 0.2069897849112749 72
1756056760539 0.1618903934955597 73
1756056760549 0.36280253008008 74
1756056760558 0.3854304078966379 75
1756056760568 0.20103560276329518 76
1756056760578 0.2597739227116108 77
1756056760587 0.19047649279236795 78
1756056760597 0.23276516385376453 79
1756056760607 0.16108171902596952 80
1756056760617 0.18038101568818093 81
