1756056724922 0.0010763108152989605 1
1756056724938 0.002152621630597921 2
1756056724945 0.0032289324458968814 3
1756056724952 0.004305243261195842 4
1756056724960 0.005381554076494803 5
1756056724967 0.005381554076494803 6
1756056724974 0.005380083187273266 7
1756056724981 0.005375672128004423 8
1756056724988 0.005368325722116822 9
1756056724995 0.005358052002797443 10
1756056725002 0.005344862204207524 11
1756056725009 0.005328770749198172 12
1756056725016 0.005309795233539188 13
1756056725023 0.005287956406678349 14
1756056725031 0.005263278149052193 15
1756056725038 0.005235787445973111 16
1756056725046 0.005205514358121307 17
1756056725053 0.005172491988673882 18
1756056725061 0.005136756447106995 19
1756056725068 0.0050983468097106875 20
1756056725075 0.005057305076859526 21
1756056725083 0.005013676127085818 22
1756056725091 0.004967507668005583 23
1756056725098 0.004918850184150989 24
1756056725105 0.004867756881766249 25
1756056725112 0.0048142836306273775 26
1756056725120 0.004758488902949405 27
1756056725126 0.004700433709447881 28
1756056725134 0.00464018153262454 29
1756056725142 0.004577798257350124 30
1756056725149 0.004513352098820245 31
1756056725157 0.004446913527963067 32
1756056725164 0.004378555194380379 33
1756056725172 0.004308351846906328 34
1756056725179 0.004236380251870662 35
1756056725187 0.004162719109155876 36
1756056725195 0.004087448966140045 37
1756056725202 0.004010652129619454 38
1756056725210 0.003932412575807317 39
1756056725217 0.003852815858507027 40
1756056725225 0.003771949015560325 41
1756056725233 0.0036899004736726955 42
1756056725241 0.0036067599517200714 43
1756056725248 0.003522618362642549 44
1756056725256 0.0034375677140324307 45
1756056725264 0.0033517010075252715 46
1756056725272 0.0032651121371039533 47
1756056725279 0.0031778957864269978 48
1756056725287 0.003090147325293372 49
1756056725295 0.0030019627053570167 50
1756056725303 0.002913438355205117 51
1756056725311 0.0028246710749148638 52
1756056725319 0.002735757930203987 53
1756056725329 0.0026467961462908166 54
1756056725338 0.002557883001579939 55
1756056725346 0.0024691157212896864 56
1756056725355 0.002380591371137787 57
1756056725362 0.002292406751201431 58
1756056725372 0.002204658290067806 59
1756056725379 0.00211744193939085 60
1756056725390 0.002030853068969532 61
1756056725398 0.0019449863624623725 62
1756056725407 0.001859935713852254 63
1756056725415 0.0017757941247747314 64
1756056725424 0.0016926536028221066 65
1756056725432 0.001610605060934479 66
1756056725441 0.001529738217987776 67
1756056725450 0.0014501415006874855 68
1756056725458 0.0013719019468753496 69
1756056725466 0.0012951051103547583 70
1756056725477 0.0012198349673389279 71
1756056725487 0.001146173824624141 72
1756056725498 0.0010742022295884745 73
1756056725507 0.0010039988821144237 74
1756056725516 0.0009356405485317358 75
1756056725525 0.0008692019776745577 76
1756056725533 0.0008047558191446788 77
1756056725541 0.0007423725438702634 78
1756056725549 0.0006821203670469228 79
1756056725557 0.0006240651735453981 80
1756056725564 0.0005682704458674264 81
1756056725572 0.0005147971947285535 82
1756056725580 0.00046370389234381336 83
1756056725588 0.0004150464084892195 84
1756056725596 0.00036887794940898495 85
1756056725604 0.00032524899963527634 86
1756056725612 0.0002842072667841155 87
1756056725620 0.00024579762938780784 88
1756056725629 0.00021006208782092123 89
1756056725637 0.00017703971837349574 90
1756056725645 0.00014676663052169144 91
1756056725653 0.00011927592744261003 92
1756056725662 9.459766981645431e-05 93
1756056725670 7.275884295561519e-05 94
1756056725679 5.378332729663083e-05 95
1756056725687 3.76918722872791e-05 96
1756056725695 2.4502073697359803e-05 97
1756056725703 1.4228354377980523e-05 98
1756056725712 6.881948490379978e-06 99
1756056725720 2.4708892215369775e-06 100
