1756056759859 0.0010763108152989605 1
1756056759877 0.002152621630597921 2
1756056759886 0.0032289324458968814 3
1756056759894 0.004305243261195842 4
1756056759903 0.005381554076494803 5
1756056759911 0.005381554076494803 6
1756056759920 0.005380083187273266 7
1756056759930 0.005375672128004423 8
1756056759940 0.005368325722116822 9
1756056759949 0.005358052002797443 10
1756056759958 0.005344862204207524 11
1756056759968 0.005328770749198172 12
1756056759977 0.005309795233539188 13
1756056759986 0.005287956406678349 14
1756056759995 0.005263278149052193 15
1756056760004 0.005235787445973111 16
1756056760013 0.005205514358121307 17
1756056760022 0.005172491988673882 18
1756056760032 0.005136756447106995 19
1756056760041 0.0050983468097106875 20
1756056760049 0.005057305076859526 21
1756056760059 0.005013676127085818 22
1756056760068 0.004967507668005583 23
1756056760077 0.004918850184150989 24
1756056760086 0.004867756881766249 25
1756056760095 0.0048142836306273775 26
1756056760104 0.004758488902949405 27
1756056760114 0.004700433709447881 28
1756056760123 0.00464018153262454 29
1756056760132 0.004577798257350124 30
1756056760141 0.004513352098820245 31
1756056760150 0.004446913527963067 32
1756056760159 0.004378555194380379 33
1756056760168 0.004308351846906328 34
1756056760177 0.004236380251870662 35
1756056760187 0.004162719109155876 36
1756056760197 0.004087448966140045 37
1756056760206 0.004010652129619454 38
1756056760216 0.003932412575807317 39
1756056760225 0.003852815858507027 40
1756056760234 0.003771949015560325 41
1756056760243 0.0036899004736726955 42
1756056760253 0.0036067599517200714 43
1756056760262 0.003522618362642549 44
1756056760272 0.0034375677140324307 45
1756056760281 0.0033517010075252715 46
1756056760290 0.0032651121371039533 47
1756056760299 0.0031778957864269978 48
1756056760309 0.003090147325293372 49
1756056760318 0.0030019627053570167 50
1756056760327 0.002913438355205117 51
1756056760337 0.0028246710749148638 52
1756056760346 0.002735757930203987 53
1756056760356 0.0026467961462908166 54
1756056760365 0.002557883001579939 55
1756056760374 0.0024691157212896864 56
1756056760384 0.002380591371137787 57
1756056760393 0.002292406751201431 58
1756056760403 0.002204658290067806 59
1756056760412 0.00211744193939085 60
1756056760422 0.002030853068969532 61
1756056760432 0.0019449863624623725 62
1756056760442 0.001859935713852254 63
1756056760451 0.0017757941247747314 64
1756056760461 0.0016926536028221066 65
1756056760471 0.001610605060934479 66
1756056760481 0.001529738217987776 67
1756056760490 0.0014501415006874855 68
1756056760500 0.0013719019468753496 69
1756056760509 0.0012951051103547583 70
1756056760519 0.0012198349673389279 71
1756056760529 0.001146173824624141 72
1756056760539 0.0010742022295884745 73
1756056760549 0.0010039988821144237 74
1756056760558 0.0009356405485317358 75
1756056760568 0.0008692019776745577 76
1756056760578 0.0008047558191446788 77
1756056760587 0.0007423725438702634 78
1756056760597 0.0006821203670469228 79
1756056760607 0.0006240651735453981 80
1756056760617 0.0005682704458674264 81
