1756056684364 2.2944135069847107 1
1756056684373 1.7316473722457886 2
1756056684378 1.49513119161129 3
1756056684383 1.1073029905557632 4
1756056684388 1.262933510541916 5
1756056684392 0.8520059764385224 6
1756056684396 0.8683645997196436 7
1756056684401 0.8024006485939026 8
1756056684406 0.6305351436138154 9
1756056684410 0.5312975846230984 10
1756056684415 0.5960862979292869 11
1756056684420 0.6054562479257584 12
1756056684424 0.576232872903347 13
1756056684429 0.5837978035211563 14
1756056684434 0.569888336956501 15
1756056684438 0.4985721468925476 16
1756056684443 0.6952979922294616 17
1756056684448 0.4808987662196159 18
1756056684452 0.46893287301063535 19
1756056684457 0.5011026412248611 20
1756056684461 0.7115706980228425 21
1756056684466 0.502830209583044 22
1756056684471 0.693095026165247 23
1756056684476 0.7582769803702831 24
1756056684481 0.5076511554419995 25
1756056684486 0.5608569018542766 26
1756056684491 0.5091025307774544 27
1756056684496 0.43259104326134545 28
1756056684501 0.3654112577438354 29
1756056684505 0.3707455098628998 30
1756056684510 0.41934305131435395 31
1756056684515 0.39377603530883787 32
1756056684520 0.2695976845920086 33
1756056684525 0.25883526131510737 34
1756056684530 0.2801405142992735 35
1756056684535 0.2265526708215475 36
1756056684540 0.3205399177968502 37
1756056684545 0.36578196212649344 38
1756056684550 0.3628487899899483 39
1756056684554 0.5694952413439751 40
1756056684560 0.4098677486181259 41
1756056684565 0.3549743086099625 42
1756056684570 0.36501986235380174 43
1756056684575 0.32396790757775307 44
1756056684580 0.2617654770612717 45
1756056684585 0.4063925802707672 46
1756056684590 0.46662466824054716 47
1756056684595 0.4312934152781963 48
1756056684600 0.26445272117853164 49
1756056684605 0.6458141393959522 50
1756056684610 0.36132037714123727 51
1756056684615 0.21478559256065638 52
1756056684621 0.3448700174689293 53
1756056684626 0.2969627849757671 54
1756056684631 0.21057494282722472 55
1756056684636 0.24013279378414154 56
1756056684641 0.2938410177826881 57
1756056684646 0.24417546316981315 58
1756056684652 0.20090062394738198 59
1756056684657 0.19300531297922136 60
1756056684662 0.22792840339243411 61
1756056684667 0.2979884285479784 62
1756056684672 0.20770692713558675 63
1756056684678 0.18532748920843006 64
1756056684683 0.27616801112890244 65
1756056684688 0.1619373820722103 66
1756056684694 0.1813265785574913 67
1756056684699 0.25879502706229685 68
1756056684705 0.1779790036380291 69
1756056684710 0.4664664093405008 70
1756056684716 0.3325238384306431 71
1756056684722 0.16815348975360395 72
1756056684727 0.16110325343906878 73
1756056684733 0.15166556015610694 74
1756056684738 0.17141751311719416 75
1756056684744 0.16420815028250219 76
1756056684749 0.14177815951406955 77
1756056684755 0.1704854190349579 78
1756056684760 0.15332435294985772 79
1756056684766 0.1515349864959717 80
1756056684772 0.18732436522841453 81
1756056684777 0.15577354580163955 82
1756056684783 0.11577545802574604 83
1756056684789 0.14712652564048767 84
1756056684794 0.24823290370404721 85
1756056684800 0.1706590685993433 86
1756056684806 0.20604508500546218 87
1756056684811 0.10867601241916418 88
1756056684817 0.15548173375427723 89
1756056684823 0.14558244198560716 90
1756056684829 0.20003368929028512 91
1756056684834 0.13826805725693703 92
1756056684840 0.32453990168869495 93
1756056684846 0.13416751138865948 94
1756056684852 0.13463750891387463 95
1756056684857 0.23995220251381397 96
1756056684863 0.19928068369627 97
1756056684869 0.20343309529125692 98
1756056684876 0.20129499938338996 99
1756056684882 0.19771978110074998 100
