1755982145991 0.00034798396731682956 1
1755982146007 0.0006959679346336591 2
1755982146012 0.0010439519019504887 3
1755982146019 0.0013919358692673182 4
1755982146024 0.001739919836584148 5
1755982146031 0.0017399198365841478 6
1755982146037 0.0017394444657564626 7
1755982146043 0.0017380188730844275 8
1755982146049 0.0017356446174326993 9
1755982146055 0.0017323242950149744 10
1755982146061 0.0017280615365550683 11
1755982146067 0.0017228610033167718 12
1755982146074 0.0017167283820068275 13
1755982146080 0.0017096703785565992 14
1755982146086 0.0017016947107892355 15
1755982146093 0.0016928100999803423 16
1755982146100 0.0016830262613213968 17
1755982146106 0.0016723538932963277 18
1755982146112 0.00166080466598288 19
1755982146120 0.0016483912082915569 20
1755982146127 0.0016351270941560915 21
1755982146134 0.0016210268276905494 22
1755982146140 0.001606105827329292 23
1755982146148 0.001590380408967147 24
1755982146155 0.001573867768118215 25
1755982146161 0.0015565859611128279 26
1755982146168 0.0015385538853532174 27
1755982146175 0.0015197912586494822 28
1755982146181 0.0015003185976584532 29
1755982146188 0.0014801571954490284 30
1755982146194 0.0014593290982185183 31
1755982146201 0.0014378570811854484 32
1755982146208 0.0014157646236851958 33
1755982146215 0.0013930758834956789 34
1755982146222 0.001369815670421182 35
1755982146229 0.0013460094191631996 36
1755982146236 0.0013216831615079617 37
1755982146243 0.0012968634978610602 38
1755982146250 0.0012715775681602943 39
1755982146257 0.0012458530221985471 40
1755982146265 0.0012197179893891448 41
1755982146271 0.0011932010480067527 42
1755982146279 0.0011663311939374553 43
1755982146287 0.001139137808972178 44
1755982146294 0.0011116506286781309 45
1755982146301 0.001083899709883403 46
1755982146309 0.0010559153978102617 47
1755982146315 0.001027728292893097 48
