1755982145991 1.7708096167483887 1
1755982146007 1.2458382395954875 2
1755982146012 1.145766260562005 3
1755982146019 1.077741537388269 4
1755982146024 1.0302002035178148 5
1755982146031 0.9057097044083979 6
1755982146037 0.7479302267749588 7
1755982146043 0.7463561753173927 8
1755982146049 0.5643434741280295 9
1755982146055 0.5648676348584039 10
1755982146061 0.5761997092079807 11
1755982146067 0.49406015931011793 12
1755982146074 0.502886999156568 13
1755982146080 0.504373266131847 14
1755982146086 0.4510220111190499 15
1755982146093 0.4034651794603893 16
1755982146100 0.4184120591584738 17
1755982146106 0.4274211976822321 18
1755982146112 0.4021808324115617 19
1755982146120 0.36530902033502405 20
1755982146127 0.41692951176460685 21
1755982146134 0.37862650711428036 22
1755982146140 0.40666431188583374 23
1755982146148 0.3477804515655939 24
1755982146155 0.3504895107312636 25
1755982146161 0.330660145342737 26
1755982146168 0.41539158768855133 27
1755982146175 0.373657509103998 28
1755982146181 0.36857866602284567 29
1755982146188 0.32249381499631063 30
1755982146194 0.30848980462783343 31
1755982146201 0.38696934931076965 32
1755982146208 0.299314363629787 33
1755982146215 0.3224300178033965 34
1755982146222 0.3222148378754591 35
1755982146229 0.30456230286266894 36
1755982146236 0.3187461771167718 37
1755982146243 0.3163128483605075 38
1755982146250 0.3426423413412912 39
1755982146257 0.288884983240784 40
1755982146265 0.2518653201979476 41
1755982146271 0.29534054252427894 42
1755982146279 0.3099769308389007 43
1755982146287 0.30113697351960395 44
1755982146294 0.23656959783334236 45
1755982146301 0.2495665585065817 46
1755982146309 0.22979927527440058 47
1755982146315 0.2666565980520341 48
