1755982225775 0.945880876346068 1
1755982225796 0.8443293641139935 2
1755982225803 0.8431244299009248 3
1755982225811 0.7907515144967413 4
1755982225817 0.7576967636486153 5
1755982225825 0.7058868090827743 6
1755982225832 0.681323628146927 7
1755982225840 0.6275288118170453 8
1755982225848 0.629418474900258 9
1755982225855 0.5846563264147028 10
1755982225862 0.5674016479547922 11
1755982225870 0.5806009862330053 12
1755982225876 0.5419711451251785 13
1755982225884 0.5149591580613867 14
1755982225893 0.5173796103759245 15
1755982225901 0.5181620213892553 16
1755982225908 0.4909006827450418 17
1755982225916 0.4952885454351252 18
1755982225923 0.491468464399313 19
1755982225931 0.4630965292453766 20
1755982225939 0.4787380801779883 21
1755982225946 0.4585394000078177 22
1755982225954 0.4639676306154821 23
1755982225961 0.45244174111973157 24
1755982225968 0.49953163366813164 25
1755982225976 0.45747164240131133 26
1755982225983 0.4656188650564714 27
1755982225991 0.4390376862380412 28
1755982225998 0.4566225645604072 29
1755982226006 0.47359222154338637 30
1755982226013 0.4519808114349068 31
1755982226020 0.3892661062153903 32
1755982226027 0.4088167159201263 33
1755982226035 0.44538631261169137 34
1755982226042 0.42286481969542317 35
1755982226049 0.42135042571402215 36
1755982226056 0.4250341071323915 37
1755982226064 0.4173719581071432 38
1755982226071 0.4243009823870349 39
1755982226078 0.39887581688243073 40
1755982226086 0.40363185417342495 41
1755982226093 0.4212620391861185 42
1755982226100 0.4022494740300364 43
1755982226108 0.38712591436002164 44
1755982226115 0.38410970220318086 45
1755982226122 0.3880194681031363 46
1755982226130 0.38295622421549513 47
1755982226137 0.3714711197784969 48
1755982226145 0.384083220323959 49
1755982226154 0.4005538894758596 50
1755982226162 0.3837429908188907 51
1755982226169 0.3805124322315315 52
1755982226178 0.38539041133670066 53
1755982226186 0.3466581798993148 54
1755982226193 0.36758584829119895 55
1755982226201 0.3421310788238203 56
1755982226208 0.37918072803453967 57
