1755986733250 1.3733852356672287 1
1755986733276 0.862692154943943 2
1755986733282 0.6661127213388681 3
1755986733289 0.6856529533863067 4
1755986733295 0.7335879996418952 5
1755986733301 1.0546729132533073 6
1755986733307 0.6753115221858025 7
1755986733314 0.6338901206851005 8
1755986733320 0.7161719620227813 9
1755986733327 0.6127188235521317 10
1755986733332 0.5229015439748764 11
1755986733338 0.49439781457185744 12
1755986733345 0.46240111291408537 13
1755986733351 0.5187264993786812 14
1755986733358 0.4889966413378716 15
1755986733364 0.4124175637960434 16
1755986733370 0.46181758046150206 17
1755986733378 0.35682418160140517 18
1755986733385 0.36687629520893095 19
1755986733391 0.329393370449543 20
1755986733397 0.37504754215478897 21
1755986733404 0.33245876878499986 22
1755986733410 0.33792873471975327 23
1755986733417 0.37226533740758894 24
1755986733423 0.3780201606452465 25
1755986733430 0.4421480238437653 26
1755986733438 0.343231725692749 27
1755986733446 0.33957385797984896 28
1755986733458 0.36218205392360686 29
1755986733467 0.3162636891007423 30
1755986733475 0.3557707332074642 31
1755986733483 0.308275143802166 32
1755986733493 0.28142327889800073 33
1755986733503 0.30120217353105544 34
1755986733515 0.30151679962873457 35
1755986733523 0.3938564285635948 36
1755986733530 0.3989147737622261 37
1755986733536 0.3100827939808369 38
1755986733543 0.23906123414635658 39
1755986733549 0.2780387096107006 40
1755986733556 0.3155652120709419 41
1755986733563 0.2749840147793293 42
1755986733571 0.2825339391827583 43
1755986733582 0.29418967440724375 44
1755986733590 0.2816479213535786 45
1755986733600 0.2778368301689625 46
1755986733607 0.34223619252443316 47
1755986733614 0.3646060340106487 48
1755986733625 0.3285393133759499 49
1755986733635 0.302107947319746 50
1755986733642 0.26632587909698485 51
1755986733649 0.2690378502011299 52
1755986733657 0.23540371432900428 53
1755986733664 0.25089833214879037 54
1755986733671 0.27980232089757917 55
1755986733680 0.22598490193486215 56
1755986733687 0.2251492016017437 57
