1755986733250 0.00034920887064667004 1
1755986733276 0.0006984177412933401 2
1755986733282 0.0010476266119400102 3
1755986733289 0.0013968354825866802 4
1755986733295 0.0017460443532333503 5
1755986733301 0.0017460443532333503 6
1755986733307 0.001745567308138406 7
1755986733314 0.0017441366944953801 8
1755986733320 0.0017417540766592873 9
1755986733327 0.0017384220599877503 10
1755986733332 0.0017341442879920791 11
1755986733338 0.0017289254383531455 12
1755986733345 0.0017227712178064071 13
1755986733351 0.0017156883559016766 14
1755986733358 0.001707684597644457 15
1755986733364 0.0016987686950268928 16
1755986733370 0.0016889503974575944 17
1755986733378 0.001678240441100803 18
1755986733385 0.0016666505371365525 19
1755986733391 0.0016541933589546668 20
1755986733397 0.001640882528296593 21
1755986733404 0.001626732600360229 22
1755986733410 0.0016117590478840248 23
1755986733417 0.0015959782442277746 24
1755986733423 0.0015794074454685847 25
1755986733430 0.0015620647715316083 26
1755986733438 0.001543969186376173 27
1755986733446 0.0015251404772589692 28
1755986733458 0.0015055992330969769 29
1755986733467 0.0014853668219537847 30
1755986733475 0.0014644653676739294 31
1755986733483 0.0014429177256907932 32
1755986733493 0.0014207474580345259 33
1755986733503 0.0013979788075673084 34
1755986733515 0.0013746366714741413 35
1755986733523 0.0013507465740381366 36
1755986733530 0.0013263346387300892 37
1755986733536 0.0013014275596428466 38
1755986733543 0.0012760525723017082 39
1755986733549 0.0012502374238827798 40
1755986733556 0.0012240103428718437 41
1755986733563 0.001197400008196923 42
1755986733571 0.0011704355178682954 43
1755986733582 0.0011431463571602472 44
1755986733590 0.0011155623663693568 45
1755986733600 0.0010877137081845701 46
1755986733607 0.0010596308347047422 47
1755986733614 0.001031344454139715 48
1755986733625 0.0010028854972313395 49
1755986733635 0.0009742850834311653 50
1755986733642 0.0009455744868717751 51
1755986733649 0.0009167851021689824 52
1755986733657 0.0008879484100922783 53
1755986733664 0.0008590959431410722 54
1755986733671 0.0008302592510643679 55
1755986733680 0.0008014698663615755 56
1755986733687 0.0007727592698021854 57
