1755909589650 1.8288120865821837 1
1755909589662 1.1706374287605286 2
1755909589668 0.8075073540210724 3
1755909589674 0.6803346574306488 4
1755909589680 0.6138453364372254 5
1755909589686 0.4914452791213989 6
1755909589692 0.4640250027179718 7
1755909589699 0.4327903985977173 8
1755909589705 0.38757756650447844 9
1755909589712 0.39004604816436766 10
1755909589718 0.3308575630187988 11
1755909589725 0.28322393298149107 12
1755909589732 0.27882031798362733 13
1755909589738 0.25535774379968645 14
1755909589744 0.22634774148464204 15
1755909589750 0.19891195446252824 16
1755909589756 0.18140810877084732 17
1755909589762 0.1699758693575859 18
1755909589768 0.15748651847243308 19
1755909589774 0.1616740956902504 20
1755909589780 0.14533446878194808 21
1755909589786 0.13191559314727783 22
1755909589792 0.133270563185215 23
1755909589798 0.14034662619233132 24
1755909589804 0.11755419000983239 25
1755909589810 0.14036145955324172 26
1755909589817 0.10743540152907372 27
1755909589823 0.11355771869421005 28
1755909589829 0.10197477154433728 29
1755909589836 0.10401140451431275 30
1755909589843 0.09858605414628982 31
1755909589850 0.09958886802196502 32
1755909589858 0.09669833779335021 33
1755909589866 0.08481769748032093 34
1755909589874 0.10330552570521831 35
1755909589881 0.09160343334078788 36
1755909589888 0.06750891879200935 37
1755909589895 0.07466189339756965 38
1755909589901 0.07010107152163983 39
1755909589907 0.08605540990829467 40
1755909589914 0.08975864797830582 41
1755909589921 0.07336874715983868 42
