1755977395817 0.8870864483443174 1
1755977395826 0.7703158015554602 2
1755977395831 0.7705459257999023 3
1755977395835 0.7615711944443839 4
1755977395840 0.7540181728152485 5
1755977395844 0.7076241660427738 6
1755977395848 0.6497180376734052 7
1755977395853 0.6617535732009194 8
1755977395857 0.6570291197919226 9
1755977395862 0.6055373278531161 10
1755977395867 0.6132191647956897 11
1755977395871 0.6227962305019428 12
1755977395875 0.6024051482801314 13
1755977395880 0.580223013441284 14
1755977395885 0.5959610319756842 15
1755977395889 0.6120557924369713 16
1755977395894 0.6128144035865735 17
1755977395898 0.5796420554836075 18
1755977395903 0.5775311906616409 19
1755977395907 0.557863338040067 20
1755977395912 0.5287607521205754 21
1755977395916 0.5490664851355862 22
1755977395922 0.5752346337615669 23
1755977395926 0.5489372181427943 24
1755977395931 0.5394788516032232 25
1755977395936 0.5474615735667092 26
1755977395940 0.5585870239641759 27
1755977395945 0.5521482922040023 28
1755977395950 0.547961531521438 29
1755977395954 0.559797238219868 30
1755977395958 0.5244546935155794 31
1755977395963 0.543862267748102 32
1755977395968 0.5221196161462115 33
1755977395973 0.5071096915703315 34
1755977395978 0.5116450736274967 35
1755977395983 0.5058520556270302 36
1755977395988 0.5313794941871197 37
1755977395993 0.49998482016773965 38
1755977395998 0.5157343923271477 39
1755977396003 0.5436919540553898 40
1755977396007 0.5350037755130174 41
1755977396013 0.49882986909383303 42
1755977396017 0.49666952274062415 43
1755977396023 0.4977279580258704 44
1755977396028 0.5051044790775745 45
1755977396033 0.4650705797331674 46
1755977396037 0.48897589065811853 47
1755977396042 0.49070667949589813 48
1755977396047 0.4876574502362833 49
1755977396052 0.4581963787605236 50
1755977396057 0.4764401266327152 51
1755977396062 0.4910185429957006 52
1755977396067 0.4691852482108327 53
1755977396072 0.49017096068951993 54
1755977396077 0.46532070056184544 55
1755977396082 0.49068007356934734 56
1755977396087 0.4718642958572933 57
1755977396092 0.4779224856333299 58
1755977396097 0.4614184409767002 59
1755977396103 0.450940989828729 60
1755977396108 0.45145512981848285 61
1755977396113 0.466554799250194 62
1755977396118 0.45314564120459866 63
1755977396124 0.45149169959031143 64
1755977396129 0.4349030151769712 65
1755977396135 0.44455213554493794 66
1755977396140 0.4417879871733777 67
1755977396146 0.442197511335472 68
1755977396151 0.4307263135522991 69
1755977396157 0.43103166717987557 70
1755977396162 0.4438516234422659 71
1755977396167 0.4373319003876154 72
1755977396174 0.42805547180113857 73
1755977396180 0.41936339921765514 74
