1755977535253 1.431475998519303 1
1755977535272 1.1845335329507853 2
1755977535280 1.1065638022763389 3
1755977535289 1.0026409262186522 4
1755977535297 0.9841180238630864 5
1755977535305 0.9113344488205848 6
1755977535313 0.8466716052649857 7
1755977535321 0.8428754164994537 8
1755977535329 0.6758798660783024 9
1755977535337 0.6945828412260328 10
1755977535346 0.6519033148304209 11
1755977535354 0.6090395245459173 12
1755977535362 0.6024460675460952 13
1755977535370 0.5755345910400539 14
1755977535378 0.6388228309231919 15
1755977535386 0.6195397616980912 16
1755977535394 0.586512014656872 17
1755977535402 0.594673048753243 18
1755977535410 0.5265307490314756 19
1755977535418 0.5278635533986153 20
1755977535426 0.5336007013336405 21
1755977535434 0.6049051894382997 22
1755977535443 0.5260525812189301 23
1755977535451 0.5159334927410274 24
1755977535459 0.509005479417838 25
1755977535468 0.463990396106398 26
1755977535476 0.5278982870377503 27
1755977535484 0.47341098491247596 28
1755977535492 0.5022319323056704 29
1755977535500 0.45237078759577365 30
1755977535508 0.44873996466011196 31
1755977535516 0.44997578530342547 32
1755977535524 0.4575125544102161 33
1755977535533 0.43541352489551943 34
1755977535542 0.480300324884328 35
1755977535550 0.5082813660045723 36
1755977535559 0.45682793836314955 37
1755977535567 0.41288345220027034 38
1755977535576 0.44215482028273795 39
1755977535585 0.4473834955073022 40
1755977535593 0.3852866828054577 41
1755977535603 0.3886126153074302 42
1755977535612 0.44339839185213115 43
1755977535621 0.4236692449489197 44
1755977535629 0.3821173727318838 45
1755977535637 0.40782622141497477 46
1755977535645 0.3560087061547614 47
1755977535653 0.35048058358105744 48
1755977535661 0.3999876952790595 49
1755977535669 0.3747262591858963 50
1755977535678 0.4296984233252414 51
1755977535686 0.3880111290649934 52
