1756056169058 1.506863071769476 1
1756056169066 0.9421429693698883 2
1756056169072 0.9949405580759049 3
1756056169077 1.0533866196870805 4
1756056169082 0.9217347726225853 5
1756056169086 0.8100913226604461 6
1756056169092 0.7219285771250725 7
1756056169096 0.6040153995156288 8
1756056169101 0.6212252005934715 9
1756056169106 0.48798274411819875 10
1756056169111 0.4249820478260517 11
1756056169116 0.43477504551410673 12
1756056169121 0.37820990532636645 13
1756056169126 0.4688562646508217 14
1756056169131 0.442227740585804 15
1756056169137 0.43912350162863734 16
1756056169142 0.49643253833055495 17
1756056169146 0.48373930901288986 18
1756056169152 0.4190434068441391 19
1756056169157 0.318891990929842 20
1756056169162 0.3749062567949295 21
1756056169166 0.3489600524306297 22
1756056169171 0.3860413864254951 23
1756056169176 0.43686125352978705 24
1756056169181 0.370592200756073 25
1756056169186 0.5079649195075036 26
1756056169191 0.4183820866048336 27
1756056169196 0.3286823987960815 28
1756056169201 0.4142966091632843 29
1756056169206 0.47776236981153486 30
1756056169211 0.3843099072575569 31
1756056169216 0.3113153461366892 32
1756056169221 0.5486551180481911 33
1756056169226 0.3904353350400925 34
1756056169231 0.30424299016594886 35
1756056169236 0.464388520270586 36
1756056169241 0.4253310613334179 37
1756056169246 0.3831093549728394 38
1756056169251 0.3134806968271732 39
1756056169256 0.306545190513134 40
1756056169262 0.20750991627573967 41
1756056169267 0.2600586570799351 42
1756056169272 0.4536357931792736 43
1756056169277 0.37394977286458014 44
1756056169282 0.2769869215786457 45
1756056169288 0.2770992390811443 46
1756056169293 0.24228941425681114 47
1756056169298 0.2279699869453907 48
1756056169303 0.2773410897701979 49
1756056169308 0.21724221259355544 50
1756056169313 0.27643037885427474 51
1756056169320 0.183293852256611 52
1756056169325 0.2436407759785652 53
1756056169331 0.3430876493453979 54
1756056169336 0.2528242878615856 55
1756056169342 0.17840541377663613 56
1756056169347 0.18385983742773532 57
1756056169352 0.19404220208525658 58
1756056169358 0.24762342385947705 59
1756056169363 0.19108864814043044 60
1756056169369 0.147700372710824 61
1756056169375 0.17534086015075445 62
1756056169380 0.19101461060345173 63
1756056169386 0.20073696374893188 64
1756056169391 0.29717546664178374 65
1756056169396 0.29429284334182737 66
1756056169402 0.2285778760910034 67
1756056169407 0.236502106115222 68
1756056169413 0.2811364509165287 69
1756056169418 0.15813131108880044 70
1756056169424 0.1295031026005745 71
1756056169429 0.1304540678858757 72
1756056169435 0.17486727200448512 73
1756056169440 0.15486825183033942 74
1756056169446 0.12883551120758058 75
1756056169451 0.19788317158818244 76
1756056169457 0.21272307373583316 77
1756056169462 0.17376602962613105 78
1756056169468 0.1678133003413677 79
