1756056247202 2.3036064505577087 1
1756056247224 1.7026324230246246 2
1756056247233 1.4335638403892517 3
1756056247246 1.1931457668542862 4
1756056247255 1.2560341224074363 5
1756056247265 0.9386610642075539 6
1756056247273 0.9211642280220985 7
1756056247282 0.7959536716341973 8
1756056247290 0.8166822299361229 9
1756056247300 0.8126453012228012 10
1756056247309 0.7666147768497467 11
1756056247319 0.6523682340979576 12
1756056247328 0.5217054694890976 13
1756056247337 0.5065924063324928 14
1756056247346 0.47782825827598574 15
1756056247358 0.4278817594051361 16
1756056247366 0.4216467306017876 17
1756056247376 0.5431290417909622 18
1756056247386 0.44286850094795227 19
1756056247395 0.4416162520647049 20
1756056247405 0.41084169000387194 21
1756056247413 0.3544812574982643 22
1756056247422 0.4321566462516785 23
1756056247432 0.5252581536769867 24
1756056247441 0.42728045880794524 25
1756056247450 0.4161083497107029 26
1756056247459 0.31733336448669436 27
1756056247468 0.294830809533596 28
1756056247478 0.3424498990178108 29
1756056247489 0.4219856970012188 30
1756056247498 0.3842778868973255 31
1756056247507 0.2990186646580696 32
1756056247516 0.31138406619429587 33
1756056247526 0.29108212143182755 34
1756056247536 0.31535789668560027 35
1756056247545 0.37269972935318946 36
1756056247555 0.3718048699200153 37
1756056247564 0.30092906206846237 38
1756056247574 0.34291148707270624 39
1756056247584 0.3398109219968319 40
1756056247593 0.32447134852409365 41
1756056247603 0.3893607921898365 42
1756056247613 0.32976142717525364 43
1756056247622 0.37184573262929915 44
1756056247633 0.27282684594392775 45
1756056247642 0.2625447042286396 46
1756056247652 0.2578129768371582 47
1756056247662 0.3536149777472019 48
1756056247675 0.5399682573974133 49
1756056247684 0.36699523851275445 50
1756056247694 0.3725460648536682 51
1756056247704 0.28528071185573933 52
1756056247714 0.3183662690222263 53
1756056247724 0.33550449162721635 54
1756056247734 0.3680647544562817 55
1756056247744 0.24717518091201782 56
1756056247754 0.2977832295000553 57
1756056247764 0.2621566988527775 58
1756056247774 0.33110192604362965 59
1756056247784 0.34600225538015367 60
1756056247793 0.35143979638814926 61
1756056247803 0.303089602291584 62
1756056247813 0.27874184846878053 63
1756056247823 0.240967458486557 64
1756056247833 0.2078744400292635 65
1756056247843 0.23554962426424025 66
1756056247854 0.1780766261741519 67
1756056247863 0.24664733558893204 68
1756056247873 0.25409101471304896 69
1756056247883 0.2609537586569786 70
1756056247893 0.23395769633352756 71
1756056247903 0.250171060487628 72
1756056247913 0.21368875466287135 73
1756056247923 0.1880097698420286 74
1756056247933 0.20730907693505288 75
1756056247943 0.17695552259683608 76
1756056247954 0.19762592688202857 77
1756056247964 0.19505324587225914 78
1756056247976 0.21723502986133097 79
1756056247987 0.18897308260202408 80
1756056247997 0.1670856200158596 81
1756056248007 0.16138515397906303 82
1756056248018 0.16233179159462452 83
1756056248028 0.14826158955693244 84
1756056248039 0.2805181875824928 85
1756056248049 0.17986082136631013 86
1756056248059 0.19593728072941302 87
1756056248069 0.1375452522188425 88
1756056248079 0.1779962729662657 89
1756056248089 0.17956931106746196 90
1756056248099 0.20302444845438003 91
1756056248110 0.1696168091148138 92
1756056248120 0.20704888440668584 93
1756056248130 0.15642401054501534 94
1756056248140 0.21773816049098968 95
