1756056206386 2.0096136808395384 1
1756056206398 1.378030675649643 2
1756056206405 1.4832093447446824 3
1756056206412 1.2578754127025604 4
1756056206418 1.139869999885559 5
1756056206425 0.949501384794712 6
1756056206431 0.8025088146328926 7
1756056206438 0.822529312968254 8
1756056206445 0.79881821423769 9
1756056206452 0.6303049370646476 10
1756056206459 0.6709770053625107 11
1756056206465 0.4986662223935127 12
1756056206471 0.4868767574429512 13
1756056206478 0.48000180870294573 14
1756056206484 0.4935738414525986 15
1756056206491 0.42099589556455613 16
1756056206498 0.47830027937889097 17
1756056206504 0.42153216414153577 18
1756056206511 0.39876660853624346 19
1756056206518 0.3647459797561169 20
1756056206524 0.3766805216670036 21
1756056206531 0.3484997719526291 22
1756056206537 0.370766694098711 23
1756056206544 0.3991930685937405 24
1756056206551 0.3719101302325726 25
1756056206557 0.4147574961185455 26
1756056206564 0.4393588684499264 27
1756056206571 0.3991193252615631 28
1756056206578 0.47710648477077483 29
1756056206585 0.46815725788474083 30
1756056206592 0.393598747253418 31
1756056206599 0.4238585777580738 32
1756056206606 0.3570374399423599 33
1756056206613 0.3257805034518242 34
1756056206620 0.3254834145307541 35
1756056206627 0.37520983442664146 36
1756056206634 0.39257671758532525 37
1756056206641 0.34911657869815826 38
1756056206648 0.32030877843499184 39
1756056206655 0.3024931102991104 40
1756056206661 0.34661115482449534 41
1756056206668 0.3412055127322674 42
1756056206675 0.31900018602609637 43
1756056206682 0.5776190333068371 44
1756056206689 0.3960439495742321 45
1756056206696 0.40934271514415743 46
1756056206703 0.3327562212944031 47
1756056206710 0.3061265617609024 48
1756056206717 0.37126483023166656 49
1756056206724 0.3694705799221992 50
1756056206731 0.2518294960260391 51
1756056206738 0.23695313967764378 52
1756056206745 0.24768929779529572 53
1756056206752 0.24380152244120837 54
1756056206760 0.23240990675985812 55
1756056206767 0.25206136479973795 56
1756056206774 0.23648380488157272 57
1756056206781 0.2873934157192707 58
1756056206788 0.24939496591687202 59
1756056206795 0.2377625934779644 60
1756056206802 0.25971131175756457 61
1756056206810 0.2389174647629261 62
1756056206817 0.19641259014606477 63
1756056206824 0.26999774761497974 64
1756056206831 0.2648776605725288 65
1756056206838 0.1935293696820736 66
1756056206845 0.19977212846279144 67
1756056206853 0.24007379896938802 68
1756056206860 0.2114593766629696 69
1756056206867 0.22275312878191472 70
1756056206874 0.1602240964770317 71
1756056206882 0.20733942538499833 72
1756056206889 0.27914659269154074 73
1756056206897 0.19439140222966672 74
1756056206904 0.1612354412674904 75
1756056206912 0.19076695665717125 76
1756056206919 0.17257873043417932 77
1756056206927 0.18939928561449051 78
1756056206935 0.15634258203208445 79
1756056206942 0.22433223202824593 80
1756056206950 0.17806728631258012 81
1756056206958 0.1530684247612953 82
1756056206966 0.19364225976169108 83
1756056206974 0.17118672356009484 84
1756056206982 0.15389923490583896 85
1756056206990 0.15206206850707532 86
1756056206998 0.2381590362638235 87
