1756056206386 1.391515988111496 1
1756056206398 0.9924064457416535 2
1756056206405 1.1529325902462007 3
1756056206412 1.0625767201185226 4
1756056206418 0.8485623955726623 5
1756056206425 0.7602510005235672 6
1756056206431 0.660936775803566 7
1756056206438 0.6672495007514954 8
1756056206445 0.6840920642018318 9
1756056206452 0.5153056144714355 10
1756056206459 0.535657811164856 11
1756056206465 0.4481015145778656 12
1756056206471 0.43522402495145796 13
1756056206478 0.42572294026613233 14
1756056206484 0.39829236045479777 15
1756056206491 0.3693003334105015 16
1756056206498 0.39321010559797287 17
1756056206504 0.35499909818172454 18
1756056206511 0.3594627887010574 19
1756056206518 0.30781575590372084 20
1756056206524 0.31376534700393677 21
1756056206531 0.28948885574936867 22
1756056206537 0.2976751871407032 23
1756056206544 0.35740705132484435 24
1756056206551 0.333481652289629 25
1756056206557 0.3502907112240791 26
1756056206564 0.38650143668055537 27
1756056206571 0.3508524173870683 28
1756056206578 0.41316612884402276 29
1756056206585 0.3688432423397899 30
1756056206592 0.33189995437860487 31
1756056206599 0.36661783754825594 32
1756056206606 0.31437974497675897 33
1756056206613 0.29843885228037836 34
1756056206620 0.27912484407424926 35
1756056206627 0.34199057668447497 36
1756056206634 0.32305206954479215 37
1756056206641 0.315500345826149 38
1756056206648 0.2896471001207829 39
1756056206655 0.279681334644556 40
1756056206661 0.27718213498592376 41
1756056206668 0.2852698005735874 42
1756056206675 0.263522756844759 43
1756056206682 0.44652475640177725 44
1756056206689 0.37388268336653707 45
1756056206696 0.3481227934360504 46
1756056206703 0.28116781935095786 47
1756056206710 0.26480906531214715 48
1756056206717 0.31632482782006266 49
1756056206724 0.3267254039645195 50
1756056206731 0.23838639557361602 51
1756056206738 0.21053626872599124 52
1756056206745 0.2267869919538498 53
1756056206752 0.21308374553918838 54
1756056206760 0.2049665879458189 55
1756056206767 0.21715702638030052 56
1756056206774 0.2269955575466156 57
1756056206781 0.24743643179535865 58
1756056206788 0.21926940754055976 59
1756056206795 0.19835863560438155 60
1756056206802 0.22189117260277272 61
1756056206810 0.2063939481973648 62
1756056206817 0.1855192005634308 63
1756056206824 0.2663039490580559 64
1756056206831 0.24231272377073765 65
1756056206838 0.1801486261188984 66
1756056206845 0.18403333090245724 67
1756056206853 0.22281596437096596 68
1756056206860 0.19785113409161567 69
1756056206867 0.20064966827630998 70
1756056206874 0.1539636693894863 71
1756056206882 0.18524061962962152 72
1756056206889 0.2631057444959879 73
1756056206897 0.18015286773443223 74
1756056206904 0.15052496157586576 75
1756056206912 0.16819429136812686 76
1756056206919 0.1682958874851465 77
1756056206927 0.17215455882251263 78
1756056206935 0.14902889877557754 79
1756056206942 0.21664309352636338 80
1756056206950 0.15311593003571033 81
1756056206958 0.14588607847690582 82
1756056206966 0.17373104430735112 83
1756056206974 0.16569978035986424 84
1756056206982 0.13800929859280586 85
1756056206990 0.13990176953375338 86
1756056206998 0.1934501700103283 87
