1755987382545 1.6333222150802613 1
1755987382559 1.0190242886543275 2
1755987382567 1.0483124613761903 3
1755987382572 0.7737522006034852 4
1755987382578 0.7464338839054108 5
1755987382584 0.5506550461053848 6
1755987382592 0.5149809658527374 7
1755987382597 0.4561957687139511 8
1755987382606 0.41136048436164857 9
1755987382613 0.46174644529819486 10
1755987382621 0.41691504418849945 11
1755987382627 0.4661351442337036 12
1755987382633 0.3705105632543564 13
1755987382638 0.3932194709777832 14
1755987382644 0.32110118120908737 15
1755987382648 0.31545053124427797 16
1755987382653 0.26954581439495084 17
1755987382660 0.2964627116918564 18
1755987382665 0.30238936841487885 19
1755987382672 0.2793316602706909 20
1755987382680 0.27264626771211625 21
1755987382686 0.28811006247997284 22
1755987382694 0.23946106284856797 23
1755987382701 0.27459648698568345 24
1755987382709 0.25883539766073227 25
1755987382717 0.2736889451742172 26
1755987382722 0.25897881388664246 27
1755987382728 0.24924228191375733 28
1755987382733 0.21502976715564728 29
1755987382739 0.21530506163835525 30
1755987382744 0.20851266384124756 31
1755987382749 0.19540699422359467 32
1755987382755 0.1678190529346466 33
1755987382763 0.1639859825372696 34
1755987382772 0.17225009351968765 35
1755987382778 0.17526916190981864 36
1755987382784 0.16125834733247757 37
1755987382792 0.18986144214868544 38
1755987382799 0.18968754261732101 39
1755987382806 0.19817630797624589 40
1755987382813 0.168231238424778 41
1755987382819 0.16791273206472396 42
1755987382825 0.14065008983016014 43
1755987382831 0.1302415058016777 44
1755987382838 0.13745346814393997 45
1755987382846 0.12700325399637222 46
1755987382854 0.13713002428412438 47
1755987382859 0.1223213292658329 48
1755987382869 0.14048494696617125 49
1755987382876 0.12065872922539711 50
1755987382883 0.12323873415589333 51
1755987382888 0.11199974194169045 52
1755987382895 0.10265215784311295 53
1755987382901 0.10370222702622414 54
1755987382907 0.10144811198115349 55
1755987382915 0.10575883761048317 56
1755987382923 0.10043696090579032 57
1755987382931 0.11762190386652946 58
1755987382936 0.1188509002327919 59
1755987382943 0.10721163377165795 60
1755987382951 0.11252784505486488 61
1755987382956 0.0959891252219677 62
1755987382965 0.09532910510897637 63
1755987382973 0.09720732793211936 64
1755987382980 0.08783093020319939 65
1755987382987 0.09061438068747521 66
1755987382995 0.09403175562620163 67
1755987383000 0.08756850436329841 68
1755987383006 0.10101373940706253 69
1755987383014 0.09731250852346421 70
1755987383021 0.08651711717247963 71
1755987383026 0.08763536661863328 72
