1755987414175 2.0571240901947023 1
1755987414201 0.9727014422416687 2
1755987414209 0.7354526400566102 3
1755987414217 0.6400097191333771 4
1755987414225 0.6217824071645737 5
1755987414233 0.6126829445362091 6
1755987414240 0.5283085614442825 7
1755987414248 0.49551317989826205 8
1755987414255 0.7081364035606384 9
1755987414262 0.5152017444372177 10
1755987414269 0.5272417217493057 11
1755987414277 0.4172774404287338 12
1755987414284 0.36563084423542025 13
1755987414292 0.45272745490074157 14
1755987414299 0.46129525303840635 15
1755987414307 0.4231780767440796 16
1755987414314 0.3536517724394798 17
1755987414322 0.3050162062048912 18
1755987414329 0.3284659594297409 19
1755987414337 0.2883076727390289 20
1755987414344 0.2854458510875702 21
1755987414352 0.2956843450665474 22
1755987414359 0.27773683667182925 23
1755987414367 0.24999510645866393 24
1755987414374 0.20395451113581659 25
1755987414382 0.22156018614768982 26
1755987414389 0.21318133622407914 27
1755987414398 0.23873537182807922 28
1755987414406 0.2484695717692375 29
1755987414414 0.21367008835077286 30
1755987414422 0.22911104559898376 31
1755987414429 0.23627593517303466 32
1755987414437 0.19619810134172438 33
1755987414444 0.20440325513482094 34
1755987414452 0.22175335362553597 35
1755987414460 0.15685737878084183 36
1755987414468 0.15688174292445184 37
1755987414475 0.17366541251540185 38
1755987414483 0.16333147138357162 39
1755987414491 0.1743341401219368 40
1755987414498 0.2439112901687622 41
