1755987382545 0.0009888051198575693 1
1755987382559 0.0019776102397151387 2
1755987382567 0.0029664153595727076 3
1755987382572 0.003955220479430277 4
1755987382578 0.004944025599287846 5
1755987382584 0.004944025599287846 6
1755987382592 0.004942674317807833 7
1755987382597 0.004938621950974254 8
1755987382606 0.004931872929990745 9
1755987382613 0.004922434634812663 10
1755987382621 0.0049103173860772144 11
1755987382627 0.004895534433817987 12
1755987382633 0.004878101942976235 13
1755987382638 0.004858038975724753 14
1755987382644 0.0048353674706236695 15
1755987382648 0.004810112218630951 16
1755987382653 0.004782300835993861 17
1755987382660 0.004751963734050987 18
1755987382665 0.004719134085977901 19
1755987382672 0.0046838477905127695 20
1755987382680 0.004646143432701616 21
1755987382686 0.004606062241706138 22
1755987382694 0.004563648045720221 23
1755987382701 0.004518947224044459 24
1755987382709 0.004472008656371061 25
1755987382717 0.004422883669334635 26
1755987382722 0.00437162598038726 27
1755987382728 0.004318291639059239 28
1755987382733 0.00426293896566977 29
1755987382739 0.004205628487554523 30
1755987382744 0.004146422872879895 31
1755987382749 0.004085386862116283 32
1755987382755 0.004022587197245336 33
1755987382763 0.003958092548778574 34
1755987382772 0.0038919734406671954 35
1755987382778 0.0038243021731851697 36
1755987382784 0.0037551527438699477 37
1755987382792 0.003684600766607245 38
1755987382799 0.0036127233889483635 39
1755987382806 0.0035395992077504805 40
1755987382813 0.0034653081832321385 41
1755987382819 0.003389931551537917 42
1755987382825 0.0033135517359079063 43
1755987382831 0.0032362522565491 44
1755987382838 0.0031581176393072775 45
1755987382846 0.003079233323239232 46
1755987382854 0.002999685567186416 47
1755987382859 0.0029195613554521653 48
1755987382869 0.0028389483026856383 49
1755987382876 0.0027579345580764874 50
1755987382883 0.0026766087089650104 51
1755987382888 0.0025950596839731965 52
1755987382895 0.0025133766557625843 53
1755987382901 0.0024316489435252625 54
1755987382907 0.00234996591531465 55
1755987382915 0.0022684168903228364 56
1755987382923 0.0021870910412113594 57
1755987382931 0.002106077296602208 58
1755987382936 0.0020254642438356824 59
1755987382943 0.0019453400321014305 60
1755987382951 0.0018657922760486143 61
1755987382956 0.0017869079599805693 62
1755987382965 0.0017087733427387465 63
1755987382973 0.0016314738633799398 64
1755987382980 0.0015550940477499285 65
1755987382987 0.0014797174160557083 66
1755987382995 0.0014054263915373659 67
1755987383000 0.001332302210339483 68
1755987383006 0.0012604248326806024 69
1755987383014 0.001189872855417899 70
1755987383021 0.0011207234261026771 71
1755987383026 0.0010530521586206508 72
