1755987414175 1.4103281259536744 1
1755987414201 0.7753882229328155 2
1755987414209 0.6124303311109542 3
1755987414217 0.5945941746234894 4
1755987414225 0.5328008264303208 5
1755987414233 0.5268089145421981 6
1755987414240 0.46196303367614744 7
1755987414248 0.45584423542022706 8
1755987414255 0.44292026162147524 9
1755987414262 0.46284070014953616 10
1755987414269 0.4026882767677307 11
1755987414277 0.3876954346895218 12
1755987414284 0.31588646173477175 13
1755987414292 0.37528969049453736 14
1755987414299 0.37632282376289367 15
1755987414307 0.3578097462654114 16
1755987414314 0.31008352488279345 17
1755987414322 0.2716880068182945 18
1755987414329 0.26468570828437804 19
1755987414337 0.2677312955260277 20
1755987414344 0.220902681350708 21
1755987414352 0.25649232417345047 22
1755987414359 0.21972104012966157 23
1755987414367 0.219106425344944 24
1755987414374 0.19620765149593353 25
1755987414382 0.19993936121463776 26
1755987414389 0.19940486997365953 27
1755987414398 0.18369654566049576 28
1755987414406 0.19943220168352127 29
1755987414414 0.1713453933596611 30
1755987414422 0.19713013023138046 31
1755987414429 0.18156200498342515 32
1755987414437 0.16548370569944382 33
1755987414444 0.16519541740417482 34
1755987414452 0.15736565887928008 35
1755987414460 0.14755088984966278 36
1755987414468 0.13097426369786264 37
1755987414475 0.15835520178079604 38
1755987414483 0.1348307751119137 39
1755987414491 0.1271010659635067 40
1755987414498 0.1583427369594574 41
