1755987382545 2.742865264415741 1
1755987382559 1.3665750205516816 2
1755987382567 1.3108748555183412 3
1755987382572 0.8935696065425873 4
1755987382578 0.8238367736339569 5
1755987382584 0.6064693957567215 6
1755987382592 0.6467330902814865 7
1755987382597 0.4944294571876526 8
1755987382606 0.4738209366798401 9
1755987382613 0.5279340714216232 10
1755987382621 0.552433067560196 11
1755987382627 0.4992103099822998 12
1755987382633 0.49776735305786135 13
1755987382638 0.41170911192893983 14
1755987382644 0.3701502472162247 15
1755987382648 0.36410229206085204 16
1755987382653 0.3341765731573105 17
1755987382660 0.36645293831825254 18
1755987382665 0.35527518689632415 19
1755987382672 0.29984472393989564 20
1755987382680 0.2994979709386826 21
1755987382686 0.3143091380596161 22
1755987382694 0.31501065343618395 23
1755987382701 0.279042461514473 24
1755987382709 0.2962359949946404 25
1755987382717 0.3254346936941147 26
1755987382722 0.3607494026422501 27
1755987382728 0.2306915670633316 28
1755987382733 0.24873748272657395 29
1755987382739 0.24803150147199632 30
1755987382744 0.2179123878479004 31
1755987382749 0.19632609486579894 32
1755987382755 0.18737444430589675 33
1755987382763 0.19321045503020287 34
1755987382772 0.22559614479541779 35
1755987382778 0.21783341765403746 36
1755987382784 0.2392722934484482 37
1755987382792 0.2712909340858459 38
1755987382799 0.24776226431131362 39
1755987382806 0.22862772643566132 40
1755987382813 0.22187895178794861 41
1755987382819 0.17719485759735107 42
1755987382825 0.16938328817486764 43
1755987382831 0.16075462847948074 44
1755987382838 0.16976224407553672 45
1755987382846 0.17409571409225463 46
1755987382854 0.1886724665760994 47
1755987382859 0.14859290719032286 48
1755987382869 0.15722958296537398 49
1755987382876 0.12138636633753777 50
1755987382883 0.1408902511000633 51
1755987382888 0.14064090102910995 52
1755987382895 0.11139548867940903 53
1755987382901 0.12962742447853087 54
1755987382907 0.11745379939675331 55
1755987382915 0.12009832859039307 56
1755987382923 0.12103162035346031 57
1755987382931 0.14117988124489783 58
1755987382936 0.1577242597937584 59
1755987382943 0.1805793635547161 60
1755987382951 0.13018098697066308 61
1755987382956 0.1465473510324955 62
1755987382965 0.09955241531133652 63
1755987382973 0.14289787039160728 64
1755987382980 0.10935495495796203 65
1755987382987 0.11529090106487275 66
1755987382995 0.11923636347055436 67
1755987383000 0.10295534729957581 68
1755987383006 0.1282218389213085 69
1755987383014 0.11121744066476821 70
1755987383021 0.14447762072086334 71
1755987383026 0.1298277720808983 72
