1755980187947 0.9085105897544267 1
1755980187964 0.8214847615786961 2
1755980187970 0.8472885555261142 3
1755980187975 0.8725764503726712 4
1755980187981 0.8393092736021265 5
1755980187987 0.7796428292602687 6
1755980187993 0.6709120556131586 7
1755980187998 0.6324760039131363 8
1755980188004 0.6226837847914014 9
1755980188011 0.6133506774128258 10
1755980188018 0.5455683423327161 11
1755980188024 0.5263017110236279 12
1755980188030 0.5513192183011538 13
1755980188036 0.512765894849579 14
1755980188042 0.5130543801691625 15
1755980188049 0.520979438896303 16
1755980188055 0.47239821626768486 17
1755980188063 0.507060175205206 18
1755980188069 0.49402080340818927 19
1755980188074 0.44309400196199294 20
1755980188080 0.47642265318276045 21
1755980188086 0.4520327096635645 22
1755980188092 0.4452903816452274 23
1755980188098 0.4190936994242978 24
1755980188104 0.4569520125915478 25
1755980188110 0.41576545462979897 26
1755980188116 0.4376146437285782 27
1755980188123 0.4732130195026274 28
1755980188129 0.47430705404900886 29
1755980188135 0.4907265328741693 30
1755980188141 0.46393308295057967 31
1755980188148 0.44823518588945466 32
1755980188154 0.45530555290835245 33
1755980188160 0.46006708098696425 34
1755980188167 0.44606527066850044 35
1755980188174 0.45772987681549865 36
1755980188180 0.41003560826375884 37
1755980188186 0.42930416027446844 38
1755980188192 0.3887926804554927 39
1755980188198 0.39279092519314257 40
1755980188205 0.405132566179548 41
1755980188211 0.4258934938675397 42
1755980188217 0.39958773824301635 43
1755980188224 0.43835217050917735 44
1755980188230 0.40477357824127397 45
1755980188236 0.38832945618536563 46
1755980188243 0.3817928137330266 47
1755980188250 0.3687327252579974 48
1755980188257 0.3731400991802092 49
1755980188263 0.3744746425322124 50
1755980188270 0.3563575655608982 51
1755980188276 0.33288621399309726 52
1755980188283 0.35232381561359805 53
1755980188289 0.35035477056131736 54
1755980188296 0.3479086257420577 55
1755980188302 0.34359662970165156 56
1755980188309 0.34842683607107633 57
1755980188316 0.33427546802279234 58
1755980188323 0.32422592868278555 59
1755980188329 0.325895643853522 60
1755980188337 0.3461989470116504 61
1755980188344 0.3448348360789287 62
1755980188351 0.3284936986573331 63
