1755980187947 0.0004163119504108527 1
1755980187964 0.0008326239008217054 2
1755980187970 0.0012489358512325582 3
1755980187975 0.0016652478016434108 4
1755980187981 0.0020815597520542637 5
1755980187987 0.0020815597520542637 6
1755980187993 0.0020809909866686634 7
1755980187998 0.0020792853124484614 8
1755980188004 0.0020764445945233747 9
1755980188011 0.002072471939176748 10
1755980188018 0.002067371690448876 11
1755980188024 0.0020611494253868624 12
1755980188030 0.0020538119479461972 13
1755980188036 0.002045367281550735 14
1755980188042 0.0020358246603191955 15
1755980188049 0.0020251945189677916 16
1755980188055 0.0020134884814000218 17
1755980188063 0.0020007193479960996 18
1755980188069 0.0019869010816159272 19
1755980188074 0.0019720487923309145 20
1755980188080 0.001956178720901335 21
1755980188086 0.0019393082210172948 22
1755980188092 0.001921455740322727 23
1755980188098 0.0019026408002431642 24
1755980188104 0.0018828839746393448 25
1755980188110 0.0018622068673099998 26
1755980188116 0.0018406320883684155 27
1755980188123 0.0018181832295186067 28
1755980188129 0.0017948848382581353 29
1755980188135 0.0017707623910357805 30
1755980188141 0.0017458422653934187 31
1755980188148 0.0017201517111225652 32
1755980188154 0.0016937188204671307 33
1755980188160 0.0016665724974049632 34
1755980188167 0.0016387424260417727 35
1755980188174 0.001610259038151998 36
1755980188180 0.0015811534799021077 37
1755980188186 0.0015514575777927245 38
1755980188192 0.0015212038038568138 39
1755980188198 0.0014904252401519936 40
1755980188205 0.001459155542585789 41
1755980188211 0.0014274289041133906 42
1755980188217 0.0013952800173481633 43
1755980188224 0.001362744036625779 44
1755980188230 0.0013298565395634691 45
1755980188236 0.0012966534881564222 46
1755980188243 0.0012631711894538697 47
1755980188250 0.0012294462558578604 48
1755980188257 0.001195515565088137 49
1755980188263 0.0011614162198568913 50
1755980188270 0.0011271855072974915 51
1755980188276 0.001092860858191551 52
1755980188283 0.0010584798060389187 53
1755980188289 0.0010240799460153448 54
1755980188296 0.0009896988938627122 55
1755980188302 0.0009553742447567723 56
1755980188309 0.0009211435321973725 57
1755980188316 0.0008870441869661264 58
1755980188323 0.0008531134961964035 59
1755980188329 0.000819388562600394 60
1755980188337 0.0007859062638978412 61
1755980188344 0.0007527032124907946 62
1755980188351 0.0007198157154284847 63
