1755980228073 1.8890868959488807 1
1755980228093 1.5091773805680213 2
1755980228102 1.4840246659594696 3
1755980228110 1.64627360629958 4
1755980228118 1.2633713425753952 5
1755980228126 0.9421015093465904 6
1755980228134 0.8091385517414514 7
1755980228142 0.7095187043214773 8
1755980228153 0.7561040683226152 9
1755980228163 0.6219512284189076 10
1755980228184 0.5736780709453991 11
1755980228195 0.5837993632469859 12
1755980228203 0.6931841646309023 13
1755980228213 0.6047974125324905 14
1755980228222 0.4845761399377476 15
1755980228230 0.4637577390515959 16
1755980228238 0.5736120592851144 17
1755980228248 0.5249824113660044 18
1755980228255 0.478179484218746 19
1755980228263 0.5349206440150738 20
1755980228270 0.5454439816923885 21
1755980228279 0.5133163961884263 22
1755980228288 0.4272316208520493 23
1755980228296 0.4221216491484023 24
