1755980091506 1.4149235510206841 1
1755980091520 1.4318551498574097 2
1755980091525 1.5085805604210147 3
1755980091530 1.1435803763278118 4
1755980091535 1.283858715326755 5
1755980091539 1.0129827121635535 6
1755980091544 0.8188712349185696 7
1755980091548 0.7164154801662866 8
1755980091553 0.6746783186862995 9
1755980091557 0.5740915556232651 10
1755980091563 0.5126946494950877 11
1755980091568 0.5458505006579609 12
1755980091572 0.5049898034179365 13
1755980091577 0.4951689849039177 14
1755980091581 0.5104547196987097 15
1755980091586 0.4349548284012776 16
1755980091591 0.5030599221006616 17
1755980091596 0.4204448836964446 18
1755980091602 0.40760043998817347 19
1755980091607 0.5030750740658153 20
1755980091612 0.44376140581322954 21
1755980091617 0.491346394086813 22
1755980091622 0.4167941425527845 23
1755980091627 0.4071258418745809 24
1755980091631 0.39182420326517775 25
1755980091636 0.33613043142990634 26
1755980091642 0.38814485198878623 27
1755980091646 0.3859897375880898 28
1755980091651 0.4328697250260935 29
1755980091656 0.38672042763852454 30
1755980091661 0.3686068676315345 31
1755980091666 0.3388412067448938 32
1755980091671 0.31442748871329546 33
1755980091676 0.2971022276135234 34
1755980091681 0.317484149104589 35
1755980091686 0.318104281344197 36
1755980091691 0.36247249092761574 37
1755980091696 0.33027853894156295 38
1755980091700 0.3422673716173544 39
1755980091705 0.28323265353774096 40
1755980091710 0.29939780781021363 41
1755980091715 0.2897873479243997 42
1755980091720 0.29528968258724586 43
1755980091725 0.3030500854184101 44
1755980091730 0.289951468733224 45
1755980091735 0.2737022169273008 46
1755980091740 0.29126815285001484 47
1755980091745 0.3182084783911705 48
1755980091750 0.29042906933403634 49
1755980091755 0.26592503592081657 50
1755980091760 0.23384842557179464 51
