1756054898749 3.029137921333313 1
1756054898759 1.8859647393226624 2
1756054898768 1.3162041544914245 3
1756054898776 1.092775160074234 4
1756054898785 0.9249614536762237 5
1756054898793 0.9033516108989715 6
1756054898802 0.8224081754684448 7
1756054898811 0.788134765625 8
1756054898819 0.5831846237182617 9
1756054898828 0.49070016443729403 10
1756054898836 0.4710665374994278 11
1756054898845 0.3545441210269928 12
1756054898853 0.40314621329307554 13
1756054898862 0.6261826515197754 14
1756054898870 0.42879567444324496 15
1756054898878 0.3745565086603165 16
1756054898887 0.3781037151813507 17
1756054898897 0.30867593735456467 18
1756054898905 0.3358349144458771 19
1756054898913 0.28438445180654526 20
1756054898923 0.2325695902109146 21
1756054898931 0.27729714959859847 22
1756054898940 0.3008444085717201 23
1756054898949 0.27248878180980685 24
1756054898957 0.23994458913803102 25
1756054898967 0.37952052652835844 26
1756054898975 0.40077938288450243 27
1756054898984 0.2960506722331047 28
1756054898992 0.23088414669036866 29
1756054899001 0.2303322285413742 30
1756054899010 0.22381628528237343 31
1756054899019 0.2703253164887428 32
1756054899028 0.24451093524694442 33
1756054899038 0.19561937749385833 34
1756054899047 0.20640492662787438 35
1756054899056 0.18845110088586808 36
1756054899065 0.1874990187585354 37
1756054899074 0.17358480989933014 38
1756054899083 0.167826047539711 39
1756054899092 0.1823820747435093 40
1756054899101 0.15604231804609298 41
1756054899111 0.15059787258505822 42
1756054899120 0.15776694864034652 43
1756054899129 0.14926385283470153 44
1756054899138 0.22978661060333253 45
1756054899149 0.19395529925823213 46
1756054899158 0.13563572391867637 47
1756054899167 0.13600284084677697 48
1756054899177 0.11601868942379952 49
1756054899186 0.12884712368249893 50
1756054899195 0.12593550086021424 51
1756054899205 0.1728590987622738 52
1756054899214 0.16169981360435487 53
1756054899224 0.12412416860461235 54
1756054899233 0.12327012270689011 55
1756054899242 0.1276804983615875 56
1756054899251 0.1916032113134861 57
1756054899260 0.11150958947837353 58
1756054899269 0.1246428556740284 59
1756054899279 0.1377902276813984 60
1756054899288 0.12465002462267875 61
1756054899298 0.10993269681930543 62
