1756054898749 1.1263399779796601 1
1756054898759 0.9610586941242218 2
1756054898768 0.8329432427883148 3
1756054898776 0.7447018802165986 4
1756054898785 0.6533719539642334 5
1756054898793 0.6381618618965149 6
1756054898802 0.6387246429920197 7
1756054898811 0.5595125287771225 8
1756054898819 0.5128092020750046 9
1756054898828 0.5133387625217438 10
1756054898836 0.46170174777507783 11
1756054898845 0.40887574255466463 12
1756054898853 0.41135684847831727 13
1756054898862 0.4248476713895798 14
1756054898870 0.46526503264904023 15
1756054898878 0.414036163687706 16
1756054898887 0.37379658222198486 17
1756054898897 0.36857573688030243 18
1756054898905 0.3694796085357666 19
1756054898913 0.352991846203804 20
1756054898923 0.34446497857570646 21
1756054898931 0.33454249501228334 22
1756054898940 0.3487597703933716 23
1756054898949 0.34239110350608826 24
1756054898957 0.32848542332649233 25
1756054898967 0.38942961394786835 26
1756054898975 0.40109588801860807 27
1756054898984 0.34874286949634553 28
1756054898992 0.3231653839349747 29
1756054899001 0.3293576776981354 30
1756054899010 0.31702702641487124 31
1756054899019 0.32994823455810546 32
1756054899028 0.3101073056459427 33
1756054899038 0.2928722739219666 34
1756054899047 0.28589053452014923 35
1756054899056 0.2817357391119003 36
1756054899065 0.2783570170402527 37
1756054899074 0.267924427986145 38
1756054899083 0.26476204991340635 39
1756054899092 0.262713722884655 40
1756054899101 0.2662892699241638 41
1756054899111 0.2609043136239052 42
1756054899120 0.25764974802732465 43
1756054899129 0.25723337233066557 44
1756054899138 0.28273615837097166 45
1756054899149 0.2539136230945587 46
1756054899158 0.24691584408283235 47
1756054899167 0.23471138924360274 48
1756054899177 0.22142745703458785 49
1756054899186 0.23833418935537337 50
1756054899195 0.22540481835603715 51
1756054899205 0.24018617123365402 52
1756054899214 0.24860248416662217 53
1756054899224 0.23299116045236587 54
1756054899233 0.2372334271669388 55
1756054899242 0.23738529086112975 56
1756054899251 0.24954889863729476 57
1756054899260 0.2221299946308136 58
1756054899269 0.23045244961977004 59
1756054899279 0.219514137506485 60
1756054899288 0.21023144274950029 61
1756054899298 0.2141813412308693 62
