1756054898749 0.0014554286291913515 1
1756054898759 0.002910857258382703 2
1756054898768 0.004366285887574055 3
1756054898776 0.005821714516765406 4
1756054898785 0.007277143145956758 5
1756054898793 0.007277143145956758 6
1756054898802 0.007275154057031046 7
1756054898811 0.007269188965293448 8
1756054898819 0.0072592543934842 9
1756054898828 0.007245361204911717 10
1756054898836 0.007227524591573725 11
1756054898845 0.007205764057545036 12
1756054898853 0.007180103397650125 13
1756054898862 0.00715057067144384 14
1756054898870 0.0071171981725286935 15
1756054898878 0.007080022393242278 16
1756054898887 0.007039083984753436 17
1756054898897 0.006994427712610797 18
1756054898905 0.006946102407792311 19
1756054898913 0.006894160913309294 20
1756054898923 0.006838660026423366 21
1756054898931 0.00677966043653948 22
1756054898940 0.00671722665884295 23
1756054898949 0.0066514269637530455 24
1756054898957 0.006582333302270284 25
1756054898967 0.006510021227299076 26
1756054898975 0.006434569811031726 27
1756054898984 0.006356061558484156 28
1756054898992 0.006274582317277881 29
1756054899001 0.0061902211837668916 30
1756054899010 0.006103070405612108 31
1756054899019 0.006013225280909904 32
1756054899028 0.005920784053985052 33
1756054899038 0.005825847807961982 34
1756054899047 0.005728520354231884 35
1756054899056 0.005628908118936463 36
1756054899065 0.005527120026592523 37
1756054899074 0.005423267380984604 38
1756054899083 0.0053174637434559285 39
1756054899092 0.00520982480873074 40
1756054899101 0.0051004682784038255 41
1756054899111 0.004989513732235537 42
1756054899120 0.004877082497393093 43
1756054899129 0.004763297515781095 44
1756054899138 0.0046482832096063605 45
1756054899149 0.00453216534532407 46
1756054899158 0.0044150708961139895 47
1756054899167 0.004297127903037168 48
1756054899177 0.0041784653350249125 49
1756054899186 0.004059212947853159 50
1756054899195 0.003939501142256433 51
1756054899205 0.0038194608213365628 52
1756054899214 0.003699223247422063 53
1756054899224 0.0035789198985346953 54
1756054899233 0.0034586823246201947 55
1756054899242 0.0033386420037003262 56
1756054899251 0.0032189301981036 57
1756054899260 0.0030996778109318454 58
1756054899269 0.002981015242919591 59
1756054899279 0.0028630722498427692 60
1756054899288 0.0027459778006326883 61
1756054899298 0.0026298599363503983 62
