1756054898749 2.114432179927826 1
1756054898759 1.5507445216178894 2
1756054898768 1.1883074820041657 3
1756054898776 0.9603799998760223 4
1756054898785 0.7753892302513122 5
1756054898793 0.7077372610569 6
1756054898802 0.7347881436347962 7
1756054898811 0.5716785252094269 8
1756054898819 0.46795271933078764 9
1756054898828 0.46589643359184263 10
1756054898836 0.38705234229564667 11
1756054898845 0.295604844391346 12
1756054898853 0.30626528710126877 13
1756054898862 0.35130471289157866 14
1756054898870 0.39142982959747313 15
1756054898878 0.32122793793678284 16
1756054898887 0.26099511831998823 17
1756054898897 0.252648064494133 18
1756054898905 0.2516643598675728 19
1756054898913 0.23739412128925325 20
1756054898923 0.2074144959449768 21
1756054898931 0.21076714843511582 22
1756054898940 0.2289227783679962 23
1756054898949 0.21628119498491288 24
1756054898957 0.19523325115442275 25
1756054898967 0.2881192699074745 26
1756054898975 0.2974832892417908 27
1756054898984 0.22431457191705703 28
1756054898992 0.1954748585820198 29
1756054899001 0.20193457454442978 30
1756054899010 0.18529211059212686 31
1756054899019 0.21094475835561752 32
1756054899028 0.17350810393691063 33
1756054899038 0.15276233702898026 34
1756054899047 0.15172021239995956 35
1756054899056 0.14351585805416106 36
1756054899065 0.14250757470726966 37
1756054899074 0.13241081163287163 38
1756054899083 0.12639811858534813 39
1756054899092 0.1274649865925312 40
1756054899101 0.12442879751324654 41
1756054899111 0.12036375552415848 42
1756054899120 0.12294201329350471 43
1756054899129 0.11945964768528938 44
1756054899138 0.1535886399447918 45
1756054899149 0.12050717994570732 46
1756054899158 0.1122444026172161 47
1756054899167 0.10186353251338005 48
1756054899177 0.08691391721367836 49
1756054899186 0.10294038578867912 50
1756054899195 0.09141212403774261 51
1756054899205 0.11040698438882827 52
1756054899214 0.11439861729741096 53
1756054899224 0.0972770780324936 54
1756054899233 0.10243904516100884 55
1756054899242 0.10379746928811073 56
1756054899251 0.12478125020861626 57
1756054899260 0.08776563704013825 58
1756054899269 0.10730128362774849 59
1756054899279 0.08867204785346985 60
1756054899288 0.08564062714576721 61
1756054899298 0.08302270658314229 62
