1755989153204 1.645253098011017 1
1755989153212 1.039711493253708 2
1755989153217 1.002120888233185 3
1755989153221 1.0062893688678742 4
1755989153226 1.035333578288555 5
1755989153230 0.9462341129779815 6
1755989153234 0.7562202274799347 7
1755989153239 0.7903987720608712 8
1755989153243 0.5953017026185989 9
1755989153247 0.6051557257771492 10
1755989153252 0.4877856716513634 11
1755989153257 0.47458933740854264 12
1755989153262 0.4124350629746914 13
1755989153267 0.4778622940182686 14
1755989153271 0.428509084880352 15
1755989153275 0.3822539120912552 16
1755989153280 0.4814602047204971 17
1755989153285 0.4168676853179932 18
1755989153289 0.5164953887462616 19
1755989153294 0.4250183619558811 20
1755989153298 0.4374026611447334 21
1755989153303 0.3391364820301533 22
1755989153308 0.31804393194615843 23
1755989153313 0.38679772764444353 24
1755989153318 0.27056544125080106 25
1755989153323 0.3160435013473034 26
1755989153327 0.31106151193380355 27
1755989153332 0.42412798702716825 28
1755989153337 0.4222192168235779 29
1755989153342 0.31219623759388926 30
1755989153346 0.34372070580720904 31
1755989153351 0.2964827924966812 32
1755989153356 0.2691912680864334 33
1755989153361 0.34491478875279424 34
1755989153366 0.28558783084154127 35
1755989153371 0.30443534553050994 36
1755989153376 0.2641691416501999 37
1755989153381 0.2504092320799828 38
1755989153386 0.2820413574576378 39
1755989153391 0.24714374244213105 40
1755989153396 0.2695935510098934 41
1755989153401 0.25527194440364837 42
1755989153406 0.2260487165302038 43
1755989153411 0.6446753650903702 44
1755989153416 0.41244730949401853 45
1755989153421 0.2819848537445068 46
1755989153426 0.324804475158453 47
1755989153431 0.2671378768980503 48
1755989153436 0.22191999852657318 49
1755989153441 0.2382932510226965 50
1755989153446 0.21246459893882275 51
1755989153451 0.19082079809159042 52
1755989153457 0.24294787794351577 53
1755989153462 0.16914089480414987 54
1755989153467 0.19585078172385692 55
1755989153472 0.24236494079232215 56
1755989153477 0.31559283696115015 57
1755989153483 0.17884496226906776 58
1755989153488 0.1844199810177088 59
1755989153493 0.17867237888276577 60
1755989153498 0.19567617997527123 61
1755989153504 0.2777054369449615 62
1755989153509 0.23507016971707345 63
1755989153514 0.18869779966771602 64
1755989153520 0.19217256866395474 65
1755989153525 0.18076414354145526 66
1755989153530 0.29440925903618337 67
1755989153536 0.18316945992410183 68
1755989153541 0.3204127762466669 69
1755989153546 0.1924959409981966 70
1755989153552 0.18658377528190612 71
1755989153557 0.18834933526813985 72
1755989153563 0.1851845823228359 73
