1755989211582 1.7061151817440987 1
1755989211597 1.600836780667305 2
1755989211606 1.5546593993902207 3
1755989211614 1.4314821884036064 4
1755989211622 1.1151703119277954 5
1755989211630 1.0594693154096604 6
1755989211638 0.9793507516384125 7
1755989211646 0.7503894954919815 8
1755989211654 0.826533105969429 9
1755989211663 0.7432852074503898 10
1755989211671 0.7080944210290909 11
1755989211679 0.6435826912522316 12
1755989211691 0.5436507627367974 13
1755989211700 0.4569327265024185 14
1755989211708 0.437499838322401 15
1755989211716 0.505752894282341 16
1755989211724 0.5121246691793203 17
1755989211733 0.5410097271203995 18
1755989211741 0.44397707283496857 19
1755989211749 0.5493513032793998 20
1755989211758 0.5300979986786842 21
1755989211766 0.6114173114299775 22
1755989211774 0.3898606143891811 23
1755989211783 0.5285262390971184 24
1755989211791 0.532038290053606 25
1755989211800 0.820052732527256 26
1755989211808 0.8053487434983253 27
1755989211817 0.6538572698831558 28
1755989211825 0.6006360128521919 29
1755989211834 0.670832385122776 30
1755989211843 0.5617615923285484 31
1755989211851 0.4323857642710209 32
1755989211860 0.5456876814365387 33
1755989211868 0.5110020607709884 34
