1755989211582 0.786299854516983 1
1755989211597 0.8090531826019287 2
1755989211606 0.7723613232374191 3
1755989211614 0.7235762909054756 4
1755989211622 0.7206356734037399 5
1755989211630 0.6918653935194016 6
1755989211638 0.7058172166347504 7
1755989211646 0.6046990990638733 8
1755989211654 0.5951224938035011 9
1755989211663 0.594967833161354 10
1755989211671 0.5978801786899567 11
1755989211679 0.5706476420164108 12
1755989211691 0.5298197194933891 13
1755989211700 0.4994714125990868 14
1755989211708 0.47847245037555697 15
1755989211716 0.505342598259449 16
1755989211724 0.5051964059472084 17
1755989211733 0.522182297706604 18
1755989211741 0.4870787814259529 19
1755989211749 0.5207737386226654 20
1755989211758 0.4979447081685066 21
1755989211766 0.5459488153457641 22
1755989211774 0.44300624132156374 23
1755989211783 0.5031094282865525 24
1755989211791 0.47593746781349183 25
1755989211800 0.6204712927341461 26
1755989211808 0.5824182108044624 27
1755989211817 0.6034653127193451 28
1755989211825 0.5432089745998383 29
1755989211834 0.5838626727461815 30
1755989211843 0.5127781629562378 31
1755989211851 0.4756113335490227 32
1755989211860 0.4999476060271263 33
1755989211868 0.48384844362735746 34
