1756054838461 0.001945474954288728 1
1756054838475 0.003890949908577456 2
1756054838482 0.005836424862866184 3
1756054838490 0.007781899817154912 4
1756054838497 0.00972737477144364 5
1756054838508 0.00972737477144364 6
1756054838516 0.009724715859440796 7
1756054838525 0.0097167420309135 8
1756054838532 0.009703462005126175 9
1756054838541 0.009684890303592045 10
1756054838548 0.009661047234194073 11
1756054838556 0.009631958868978581 12
1756054838564 0.009597657015645864 13
1756054838572 0.009558179182768927 14
1756054838581 0.00951356853877841 15
1756054838588 0.009463873864758552 16
1756054838596 0.009409149501105784 17
1756054838604 0.009349455288108306 18
1756054838611 0.009284856500511607 19
1756054838618 0.009215423776141495 20
1756054838626 0.009141233038662667 21
1756054838634 0.009062365414557303 22
1756054838641 0.008978907144414431 23
1756054838649 0.00889094948862714 24
1756054838656 0.008798588627600645 25
1756054838664 0.008701925556580453 26
1756054838672 0.008601065975215531 27
1756054838680 0.008496120171977296 28
1756054838688 0.00838720290356079 29
1756054838696 0.008274433269399918 30
1756054838704 0.008157934581433974 31
1756054838712 0.008037834229267824 32
1756054838720 0.007914263540873271 33
1756054838729 0.007787357638983828 34
1756054838736 0.007657255293339995 35
1756054838744 0.007524098768946591 36
1756054838753 0.007388033670508056 37
1756054838762 0.007249208783211845 38
1756054838772 0.00710777591003401 39
1756054838780 0.006963889705744873 40
1756054838788 0.006817707507796312 41
1756054838797 0.0066693891642755545 42
1756054838804 0.006519096859113655 43
1756054838813 0.006366994934739736 44
1756054838822 0.006213249712374964 45
1756054838830 0.006058029310162732 46
1756054838838 0.005901503459333933 47
1756054838846 0.005743843318608361 48
1756054838854 0.005585221287035155 49
1756054838862 0.005425810815476976 50
1756054838870 0.005265786216944032 51
1756054838878 0.00510532247598536 52
1756054838886 0.004944595057345797 53
1756054838894 0.004783779714097844 54
1756054838902 0.00462305229545828 55
1756054838910 0.00446258855449961 56
1756054838918 0.004302563955966666 57
1756054838926 0.0041431534844084865 58
1756054838935 0.003984531452835283 59
1756054838944 0.0038268713121097095 60
1756054838953 0.0036703454612809104 61
1756054838961 0.003515125059068678 62
1756054838969 0.003361379836703906 63
1756054838978 0.003209277912329987 64
1756054838986 0.003058985607168086 65
1756054838995 0.0029106672636473306 66
1756054839004 0.002764485065698768 67
1756054839013 0.0026205988614096316 68
1756054839022 0.0024791659882317982 69
1756054839032 0.002340341100935587 70
1756054839041 0.0022042760024970514 71
