1755988111058 1.007513129711151 1
1755988111072 0.977436113357544 2
1755988111081 0.9192821443080902 3
1755988111089 0.8132227838039399 4
1755988111097 0.7186176478862762 5
1755988111105 0.6787659823894501 6
1755988111112 0.6011263966560364 7
1755988111121 0.6187303483486175 8
1755988111129 0.5315275013446807 9
1755988111137 0.4983253926038742 10
1755988111145 0.47737728655338285 11
1755988111153 0.4809803575277328 12
1755988111161 0.4565833300352097 13
1755988111170 0.4448532313108444 14
1755988111178 0.4386603832244873 15
1755988111186 0.43825112879276273 16
1755988111194 0.43950834274291994 17
1755988111202 0.4406342267990112 18
1755988111209 0.3949573218822479 19
1755988111217 0.37168742418289186 20
1755988111225 0.36703939735889435 21
1755988111233 0.3850047171115875 22
1755988111241 0.3835066169500351 23
1755988111249 0.4083463937044144 24
1755988111257 0.3977999657392502 25
1755988111265 0.41716875433921813 26
1755988111274 0.371751007437706 27
1755988111282 0.34120209217071534 28
1755988111290 0.32451329529285433 29
1755988111298 0.35172793865203855 30
1755988111307 0.3169730454683304 31
1755988111315 0.29320716857910156 32
1755988111323 0.3066601574420929 33
1755988111331 0.30445303916931155 34
1755988111339 0.2927596241235733 35
1755988111347 0.2829273477196693 36
1755988111356 0.28785679638385775 37
1755988111364 0.29246172606945037 38
1755988111372 0.30667276680469513 39
1755988111380 0.283256858587265 40
1755988111389 0.2791527047753334 41
1755988111397 0.29617463499307634 42
1755988111405 0.27697550058364867 43
1755988111414 0.27462089210748675 44
1755988111423 0.2654381513595581 45
1755988111432 0.25787912756204606 46
1755988111441 0.23965184092521669 47
1755988111449 0.22572197169065475 48
1755988111458 0.2136881336569786 49
1755988111466 0.22385908514261246 50
1755988111474 0.2198086455464363 51
1755988111483 0.251932880282402 52
1755988111491 0.23123656660318376 53
1755988111500 0.20347162932157517 54
1755988111508 0.21960515528917313 55
1755988111517 0.2168669044971466 56
1755988111526 0.20234327912330627 57
1755988111534 0.21790638267993928 58
1755988111543 0.20331564396619797 59
1755988111551 0.22482666075229646 60
1755988111560 0.21339663863182068 61
1755988111568 0.23335024565458298 62
1755988111578 0.19657944589853288 63
1755988111587 0.19176746308803558 64
1755988111595 0.2006448030471802 65
1755988111604 0.18957764357328416 66
1755988111613 0.19786203354597093 67
1755988111622 0.19060133695602416 68
1755988111630 0.1929769203066826 69
1755988111640 0.20445753633975983 70
1755988111648 0.1962661027908325 71
1755988111657 0.18884804397821425 72
1755988111666 0.1813305675983429 73
1755988111675 0.16608957201242447 74
1755988111684 0.17372763454914092 75
