1755988111058 1.7264708876609802 1
1755988111072 1.648223340511322 2
1755988111081 1.4902230739593505 3
1755988111089 1.1958399713039398 4
1755988111097 0.8742773473262787 5
1755988111105 0.7921172142028808 6
1755988111112 0.6480283319950104 7
1755988111121 0.6579884618520737 8
1755988111129 0.4962259531021118 9
1755988111137 0.4351899057626724 10
1755988111145 0.41481364965438844 11
1755988111153 0.4005685091018677 12
1755988111161 0.37236034870147705 13
1755988111170 0.3491981208324432 14
1755988111178 0.34339378774166107 15
1755988111186 0.349326154589653 16
1755988111194 0.3439919650554657 17
1755988111202 0.3370359927415848 18
1755988111209 0.2892454996705055 19
1755988111217 0.24214830100536347 20
1755988111225 0.24223212748765946 21
1755988111233 0.25985598713159563 22
1755988111241 0.2641655892133713 23
1755988111249 0.29367461055517197 24
1755988111257 0.28626912236213686 25
1755988111265 0.3077558472752571 26
1755988111274 0.25222071409225466 27
1755988111282 0.19994344413280488 28
1755988111290 0.18032866716384888 29
1755988111298 0.2136395201086998 30
1755988111307 0.17818380296230316 31
1755988111315 0.15085771977901458 32
1755988111323 0.16849460005760192 33
1755988111331 0.16078784689307213 34
1755988111339 0.15374542474746705 35
1755988111347 0.14354371652007103 36
1755988111356 0.14820747151970864 37
1755988111364 0.14409313946962357 38
1755988111372 0.16116223931312562 39
1755988111380 0.14040706008672715 40
1755988111389 0.13484410047531128 41
1755988111397 0.15622965544462203 42
1755988111405 0.13260941877961158 43
1755988111414 0.12973363175988198 44
1755988111423 0.12431799545884133 45
1755988111432 0.1150477722287178 46
1755988111441 0.10045338794589043 47
1755988111449 0.09088304787874221 48
1755988111458 0.08082470782101155 49
1755988111466 0.0885680265724659 50
1755988111474 0.08371799848973752 51
1755988111483 0.10804512426257133 52
1755988111491 0.09370615482330322 53
1755988111500 0.07316897176206112 54
1755988111508 0.08314489647746086 55
1755988111517 0.08587940074503422 56
1755988111526 0.07201428003609181 57
1755988111534 0.07965740859508515 58
1755988111543 0.0690454464405775 59
1755988111551 0.08932635039091111 60
1755988111560 0.0801185540854931 61
1755988111568 0.09356637708842755 62
1755988111578 0.06760058812797069 63
1755988111587 0.06472376696765422 64
1755988111595 0.06747311316430568 65
1755988111604 0.060541462153196335 66
1755988111613 0.06818175986409188 67
1755988111622 0.061112324520945546 68
1755988111630 0.06364095322787762 69
1755988111640 0.0728516198694706 70
1755988111648 0.06792236343026162 71
1755988111657 0.060612314566969874 72
1755988111666 0.05704990178346634 73
1755988111675 0.04592907838523388 74
1755988111684 0.04951735287904739 75
