1756060354041 0.920993161201477 1
1756060354049 0.7670362651348114 2
1756060354054 0.7043522238731384 3
1756060354059 0.6666507303714753 4
1756060354064 0.6280734539031982 5
1756060354069 0.6106398344039917 6
1756060354073 0.5732979476451874 7
1756060354078 0.5523165464401245 8
1756060354082 0.5184392899274826 9
1756060354087 0.485710871219635 10
1756060354092 0.46524232923984526 11
1756060354096 0.4432902246713638 12
1756060354101 0.39858171045780183 13
1756060354106 0.39899814426898955 14
1756060354110 0.39552450478076934 15
1756060354115 0.3899456560611725 16
1756060354120 0.39576064646244047 17
1756060354124 0.42073661684989927 18
1756060354129 0.3621279865503311 19
1756060354134 0.3663721591234207 20
1756060354139 0.3488062143325806 21
1756060354144 0.3584821462631226 22
1756060354149 0.3359072744846344 23
1756060354154 0.3366525679826736 24
1756060354159 0.3386834800243378 25
1756060354164 0.31795038282871246 26
1756060354169 0.3123918235301971 27
1756060354174 0.2953109830617905 28
1756060354179 0.31630223989486694 29
1756060354184 0.3214996546506882 30
1756060354188 0.3070191711187363 31
1756060354194 0.2921850323677063 32
1756060354198 0.3067931830883026 33
1756060354203 0.2691009506583214 34
1756060354209 0.2802329033613205 35
1756060354214 0.25805304795503614 36
1756060354219 0.2454429343342781 37
1756060354224 0.2527239710092545 38
1756060354229 0.24616335481405258 39
1756060354234 0.24281672090291978 40
1756060354240 0.23771071135997773 41
1756060354245 0.24774323254823685 42
1756060354250 0.2524246409535408 43
1756060354255 0.23445116281509398 44
1756060354261 0.2486846700310707 45
1756060354266 0.27049497663974764 46
1756060354271 0.24442494958639144 47
1756060354276 0.2582464337348938 48
1756060354281 0.24277164340019225 49
1756060354287 0.24352388232946395 50
1756060354292 0.2156551405787468 51
1756060354298 0.23843124657869338 52
1756060354303 0.20665058195590974 53
1756060354309 0.23762773126363754 54
1756060354314 0.21242384761571884 55
1756060354319 0.21960737109184264 56
1756060354325 0.20914184004068376 57
1756060354330 0.1990892082452774 58
1756060354336 0.20097615718841552 59
1756060354341 0.19837238341569902 60
1756060354347 0.20494631081819534 61
1756060354352 0.1923433169722557 62
1756060354358 0.1806625634431839 63
1756060354364 0.19600715041160582 64
1756060354369 0.19658100455999375 65
1756060354375 0.17900026440620423 66
1756060354381 0.18610983937978745 67
1756060354386 0.17479453533887862 68
1756060354392 0.1861199453473091 69
1756060354398 0.1900501862168312 70
1756060354404 0.18269001096487045 71
1756060354410 0.18073585033416747 72
1756060354416 0.17699262350797654 73
1756060354422 0.16430270671844482 74
1756060354428 0.17859800159931183 75
1756060354434 0.17804046869277954 76
1756060354439 0.17790872156620025 77
1756060354445 0.17573705017566682 78
1756060354451 0.17268296629190444 79
1756060354457 0.17811062783002854 80
1756060354463 0.1590179219841957 81
1756060354469 0.17815804332494736 82
1756060354475 0.16802373379468918 83
1756060354481 0.16430482268333435 84
1756060354487 0.1680280551314354 85
1756060354493 0.1664626941084862 86
1756060354500 0.17953911423683167 87
1756060354506 0.1780657112598419 88
1756060354512 0.16876651644706725 89
1756060354518 0.16274708211421968 90
1756060354524 0.17871643751859664 91
1756060354530 0.16985007077455522 92
