1756060374424 1.2137135922908784 1
1756060374435 0.9773544371128082 2
1756060374442 0.8628691017627717 3
1756060374449 0.752467280626297 4
1756060374456 0.7151375114917755 5
1756060374463 0.5677368074655533 6
1756060374470 0.5007967561483383 7
1756060374478 0.5186726301908493 8
1756060374485 0.387475448846817 9
1756060374492 0.3687347710132599 10
1756060374499 0.44316479563713074 11
1756060374506 0.32985375821590424 12
1756060374512 0.31383403986692426 13
1756060374520 0.2815674364566803 14
1756060374527 0.2972037225961685 15
1756060374534 0.2216562584042549 16
1756060374542 0.22654429823160172 17
1756060374549 0.21700593531131745 18
1756060374556 0.20338196009397508 19
1756060374564 0.20113864541053772 20
1756060374571 0.1922677591443062 21
1756060374578 0.19259722977876664 22
1756060374585 0.15755149424076081 23
1756060374592 0.14969736114144325 24
1756060374599 0.1588081069290638 25
1756060374606 0.1571765199303627 26
1756060374614 0.14642126336693764 27
1756060374621 0.13342609405517578 28
1756060374628 0.1474972262978554 29
1756060374636 0.1419584035873413 30
1756060374643 0.13534022569656373 31
1756060374651 0.13448744416236877 32
1756060374658 0.1363469198346138 33
1756060374666 0.15079917758703232 34
1756060374673 0.12474068626761436 35
1756060374681 0.09439348131418228 36
1756060374689 0.12703463211655616 37
1756060374696 0.11552649959921837 38
1756060374704 0.11946549862623215 39
1756060374711 0.09888235554099083 40
1756060374718 0.10244189277291298 41
1756060374726 0.1001846395432949 42
1756060374734 0.09711692109704018 43
1756060374741 0.10295117422938346 44
1756060374749 0.10163319408893585 45
1756060374756 0.09842867217957973 46
1756060374764 0.11286354288458825 47
1756060374771 0.09224767684936523 48
1756060374779 0.09406131729483605 49
1756060374786 0.08164828643202782 50
1756060374794 0.08537791706621647 51
1756060374802 0.08173306286334991 52
1756060374810 0.07257861271500587 53
1756060374817 0.08257098346948624 54
1756060374825 0.07464118711650372 55
1756060374833 0.06811473220586776 56
1756060374841 0.07111035622656345 57
1756060374850 0.06327508389949799 58
1756060374858 0.06264170333743095 59
1756060374866 0.06190607994794846 60
1756060374874 0.05757238082587719 61
1756060374882 0.06981389448046685 62
1756060374890 0.06142120100557804 63
1756060374897 0.057446880638599394 64
1756060374905 0.05538890287280083 65
1756060374913 0.05729161649942398 66
1756060374920 0.06129021048545837 67
1756060374928 0.05028362162411213 68
1756060374936 0.052023856714367864 69
1756060374944 0.05291779451072216 70
1756060374952 0.05388639084994793 71
1756060374959 0.055507096275687215 72
