1756060354041 1.4920182704925538 1
1756060354049 1.0656293034553528 2
1756060354054 0.9100486218929291 3
1756060354059 0.8193000793457031 4
1756060354064 0.7203857123851776 5
1756060354069 0.6775933384895325 6
1756060354073 0.6131483227014541 7
1756060354078 0.5587729066610336 8
1756060354082 0.5150549113750458 9
1756060354087 0.42235525548458097 10
1756060354092 0.3844239294528961 11
1756060354096 0.3525837600231171 12
1756060354101 0.28528254479169846 13
1756060354106 0.28206946849823 14
1756060354110 0.27251472473144533 15
1756060354115 0.2600419923663139 16
1756060354120 0.2839963838458061 17
1756060354124 0.3240619257092476 18
1756060354129 0.22713164687156678 19
1756060354134 0.2453593447804451 20
1756060354139 0.21684883385896683 21
1756060354144 0.23266717791557312 22
1756060354149 0.2103666305541992 23
1756060354154 0.19906854778528213 24
1756060354159 0.21462248861789704 25
1756060354164 0.17738904803991318 26
1756060354169 0.17720790207386017 27
1756060354174 0.15301452651619912 28
1756060354179 0.17465995252132416 29
1756060354184 0.17779926657676698 30
1756060354188 0.16143227890133857 31
1756060354194 0.14818997532129288 32
1756060354198 0.15991345942020416 33
1756060354203 0.12650956511497496 34
1756060354209 0.1466442935168743 35
1756060354214 0.11629152148962021 36
1756060354219 0.10888019502162934 37
1756060354224 0.11281154602766037 38
1756060354229 0.10823738351464271 39
1756060354234 0.10624154210090637 40
1756060354240 0.10214986950159073 41
1756060354245 0.10752021297812461 42
1756060354250 0.11126575469970704 43
1756060354255 0.09987146332859993 44
1756060354261 0.11714810505509377 45
1756060354266 0.13540854305028915 46
1756060354271 0.10929394736886025 47
1756060354276 0.11841127574443817 48
1756060354281 0.10688347220420838 49
1756060354287 0.10313065499067306 50
1756060354292 0.08413554653525353 51
1756060354298 0.09943810142576695 52
1756060354303 0.07591933682560921 53
1756060354309 0.10194002166390419 54
1756060354314 0.0800451684743166 55
1756060354319 0.08610701225697995 56
1756060354325 0.07925108373165131 57
1756060354330 0.07281843349337577 58
1756060354336 0.07472124025225639 59
1756060354341 0.0691246896982193 60
1756060354347 0.07522455155849457 61
1756060354352 0.06690502390265465 62
1756060354358 0.05902775004506111 63
1756060354364 0.0710580289363861 64
1756060354369 0.0691887628287077 65
1756060354375 0.05758107341825962 66
1756060354381 0.06290875747799873 67
1756060354386 0.055418583750724795 68
1756060354392 0.06347754970192909 69
1756060354398 0.06372698806226254 70
1756060354404 0.05826520100235939 71
1756060354410 0.057695793360471724 72
1756060354416 0.05608482100069523 73
1756060354422 0.04890184178948402 74
1756060354428 0.0571457214653492 75
1756060354434 0.05551250725984573 76
1756060354439 0.05841971822082996 77
1756060354445 0.05673052780330181 78
1756060354451 0.05448814779520035 79
1756060354457 0.05607337243855 80
1756060354463 0.04590877331793308 81
1756060354469 0.056827545166015625 82
1756060354475 0.05087969861924648 83
1756060354481 0.04773118644952774 84
1756060354487 0.05066401772201061 85
1756060354493 0.05031710602343083 86
1756060354500 0.05766668468713761 87
1756060354506 0.05912614353001118 88
1756060354512 0.0510400302708149 89
1756060354518 0.04828365184366703 90
1756060354524 0.05597841776907444 91
1756060354530 0.05109589919447899 92
