1756053134068 0.0005509637938229965 1
1756053134078 0.001101927587645993 2
1756053134086 0.0016528913814689897 3
1756053134095 0.002203855175291986 4
1756053134103 0.0027548189691149827 5
1756053134111 0.0027548189691149827 6
1756053134119 0.0027540661539620917 7
1756053134128 0.002751808531695735 8
1756053134136 0.0027480485709927152 9
1756053134145 0.0027427903833148583 10
1756053134153 0.002736039718413189 11
1756053134161 0.002727803958040666 12
1756053134170 0.00271809210788034 13
1756053134178 0.0027069147876977733 14
1756053134186 0.0026942842197284823 15
1756053134195 0.0026802142153131005 16
1756053134203 0.002664720159794883 17
1756053134211 0.0026478189956960574 18
1756053134220 0.002629529204191425 19
1756053134229 0.0026098707848994686 20
1756053134237 0.0025888652340130616 21
1756053134246 0.0025665355207936985 22
1756053134254 0.002542906062454942 23
1756053134263 0.0025180026974625626 24
1756053134271 0.0024918526572805513 25
1756053134280 0.002464484536593916 26
1756053134288 0.002435928262040813 27
1756053134297 0.002406215059488207 28
1756053134305 0.002375377419886845 29
1756053134314 0.002343449063742876 30
1756053134322 0.0023104649042449783 31
1756053134331 0.002276461009087292 32
1756053134340 0.0022414745610299337 33
1756053134349 0.002205543817240187 34
1756053134358 0.0021687080674588567 35
1756053134367 0.0021310075910375113 36
1756053134376 0.0020924836128936052 37
1756053134385 0.0020531782584316356 38
1756053134394 0.00201313450747963 39
1756053134403 0.0019723961472913392 40
1756053134411 0.0019310077246655142 41
1756053134421 0.0018890144972346372 42
1756053134430 0.0018464623839763664 43
1756053134438 0.0018033979150018052 44
1756053134447 0.0017598681806755114 45
1756053134457 0.0017159207801228738 46
1756053134466 0.001671603769181167 47
1756053134475 0.0016269656078512005 48
1756053134484 0.001582055107307017 49
1756053134493 0.0015369213765215933 50
1756053134502 0.0014916137685668956 51
1756053134511 0.001446181826647023 52
1756053134520 0.00140067522992344 53
1756053134529 0.0013551437391915425 54
1756053134538 0.0013096371424679595 55
1756053134547 0.0012642052005480873 56
1756053134556 0.0012188975925933893 57
1756053134565 0.0011737638618079652 58
1756053134574 0.0011288533612637825 59
1756053134583 0.0010842151999338157 60
1756053134593 0.001039898188992109 61
1756053134602 0.0009959507884394713 62
1756053134611 0.0009524210541131774 63
1756053134620 0.0009093565851386161 64
1756053134629 0.000866804471880345 65
1756053134638 0.0008248112444494689 66
1756053134647 0.0007834228218236437 67
1756053134656 0.0007426844616353527 68
1756053134665 0.0007026407106833479 69
1756053134674 0.0006633353562213777 70
1756053134684 0.0006248113780774715 71
1756053134693 0.0005871109016561262 72
1756053134702 0.0005502751518747958 73
1756053134711 0.0005143444080850491 74
1756053134721 0.0004793579600276903 75
1756053134730 0.0004453540648700047 76
1756053134739 0.00041236990537210633 77
1756053134748 0.00038044154922813793 78
1756053134757 0.00034960390962677606 79
1756053134767 0.00031989070707417013 80
1756053134776 0.00029133443252106706 81
1756053134786 0.00026396631183443173 82
1756053134796 0.00023781627165242016 83
1756053134806 0.00021291290666004047 84
