1756053088879 0.0005509637938229965 1
1756053088891 0.001101927587645993 2
1756053088902 0.0016528913814689897 3
1756053088909 0.002203855175291986 4
1756053088917 0.0027548189691149827 5
1756053088927 0.0027548189691149827 6
1756053088933 0.0027540661539620917 7
1756053088937 0.002751808531695735 8
1756053088943 0.0027480485709927152 9
1756053088947 0.0027427903833148583 10
1756053088952 0.002736039718413189 11
1756053088957 0.002727803958040666 12
1756053088961 0.00271809210788034 13
1756053088967 0.0027069147876977733 14
1756053088972 0.0026942842197284823 15
1756053088976 0.0026802142153131005 16
1756053088981 0.002664720159794883 17
1756053088986 0.0026478189956960574 18
1756053088991 0.002629529204191425 19
1756053088996 0.0026098707848994686 20
1756053089001 0.0025888652340130616 21
1756053089006 0.0025665355207936985 22
1756053089011 0.002542906062454942 23
1756053089016 0.0025180026974625626 24
1756053089022 0.0024918526572805513 25
1756053089027 0.002464484536593916 26
1756053089031 0.002435928262040813 27
1756053089037 0.002406215059488207 28
1756053089042 0.002375377419886845 29
1756053089047 0.002343449063742876 30
1756053089052 0.0023104649042449783 31
1756053089057 0.002276461009087292 32
1756053089062 0.0022414745610299337 33
1756053089068 0.002205543817240187 34
1756053089072 0.0021687080674588567 35
1756053089078 0.0021310075910375113 36
1756053089083 0.0020924836128936052 37
1756053089089 0.0020531782584316356 38
1756053089094 0.00201313450747963 39
1756053089100 0.0019723961472913392 40
1756053089104 0.0019310077246655142 41
1756053089110 0.0018890144972346372 42
1756053089115 0.0018464623839763664 43
1756053089121 0.0018033979150018052 44
1756053089126 0.0017598681806755114 45
1756053089131 0.0017159207801228738 46
1756053089136 0.001671603769181167 47
1756053089142 0.0016269656078512005 48
1756053089147 0.001582055107307017 49
1756053089153 0.0015369213765215933 50
1756053089159 0.0014916137685668956 51
1756053089165 0.001446181826647023 52
1756053089170 0.00140067522992344 53
1756053089176 0.0013551437391915425 54
1756053089182 0.0013096371424679595 55
1756053089188 0.0012642052005480873 56
1756053089193 0.0012188975925933893 57
1756053089198 0.0011737638618079652 58
1756053089203 0.0011288533612637825 59
1756053089210 0.0010842151999338157 60
1756053089216 0.001039898188992109 61
1756053089221 0.0009959507884394713 62
1756053089227 0.0009524210541131774 63
1756053089233 0.0009093565851386161 64
1756053089239 0.000866804471880345 65
1756053089245 0.0008248112444494689 66
1756053089250 0.0007834228218236437 67
1756053089257 0.0007426844616353527 68
1756053089263 0.0007026407106833479 69
1756053089269 0.0006633353562213777 70
1756053089274 0.0006248113780774715 71
1756053089280 0.0005871109016561262 72
1756053089286 0.0005502751518747958 73
1756053089292 0.0005143444080850491 74
1756053089297 0.0004793579600276903 75
1756053089304 0.0004453540648700047 76
1756053089309 0.00041236990537210633 77
1756053089316 0.00038044154922813793 78
1756053089322 0.00034960390962677606 79
1756053089328 0.00031989070707417013 80
1756053089334 0.00029133443252106706 81
1756053089340 0.00026396631183443173 82
1756053089346 0.00023781627165242016 83
1756053089352 0.00021291290666004047 84
1756053089358 0.00018928344832128425 85
1756053089364 0.00016695373510192124 86
1756053089370 0.00014594818421551423 87
1756053089377 0.00012628976492355779 88
1756053089383 0.00010799997341892552 89
1756053089389 9.109880932009998e-05 90
1756053089395 7.56047538018823e-05 91
