1756053111445 1.6162449359893798 1
1756053111458 1.1667174816131591 2
1756053111465 1.3372847378253936 3
1756053111472 1.1763363778591156 4
1756053111478 0.9482600152492523 5
1756053111486 0.95557861328125 6
1756053111492 0.7047516345977783 7
1756053111500 0.6292258024215698 8
1756053111507 0.5234417706727982 9
1756053111514 0.4737852692604065 10
1756053111522 0.3901367366313934 11
1756053111528 0.4012706220149994 12
1756053111535 0.41578294336795807 13
1756053111542 0.4645473897457123 14
1756053111549 0.3532206296920776 15
1756053111557 0.3747984915971756 16
1756053111564 0.331766714155674 17
1756053111571 0.30811448097229005 18
1756053111578 0.35261023640632627 19
1756053111585 0.35668862164020537 20
1756053111593 0.32766438126564024 21
1756053111601 0.2851986393332481 22
1756053111608 0.2479159042239189 23
1756053111615 0.24468003064393998 24
1756053111622 0.2262156292796135 25
1756053111629 0.2161625161767006 26
1756053111636 0.17704501673579215 27
1756053111643 0.18071549981832505 28
1756053111650 0.16183499321341516 29
1756053111657 0.15399655401706697 30
1756053111664 0.1714967131614685 31
1756053111672 0.15369121134281158 32
1756053111679 0.1456390142440796 33
1756053111686 0.1549227640032768 34
1756053111694 0.17870313972234725 35
1756053111702 0.15781308561563492 36
1756053111710 0.19693122655153275 37
1756053111717 0.1603665128350258 38
1756053111725 0.15206960439682007 39
1756053111733 0.12776504829525948 40
1756053111741 0.1259465456008911 41
1756053111748 0.14114447236061095 42
1756053111756 0.12155369371175766 43
1756053111763 0.11929686143994331 44
1756053111770 0.09833983704447746 45
1756053111779 0.10086548626422882 46
1756053111786 0.11243138387799263 47
1756053111793 0.10620182603597642 48
1756053111801 0.10200904905796052 49
1756053111809 0.09096421301364899 50
1756053111816 0.08615167252719402 51
1756053111824 0.0868555698543787 52
1756053111831 0.08741210624575615 53
1756053111839 0.09400362968444824 54
1756053111847 0.1115272581577301 55
1756053111854 0.08336485400795937 56
1756053111862 0.07986450642347336 57
1756053111870 0.08018358685076236 58
1756053111878 0.07091893553733826 59
1756053111885 0.10165755860507489 60
1756053111893 0.0708475261926651 61
1756053111901 0.06974665634334087 62
1756053111908 0.07819837480783462 63
1756053111916 0.07677252367138862 64
1756053111924 0.06932013668119907 65
1756053111931 0.06533969230949879 66
1756053111939 0.07326018437743187 67
1756053111947 0.06516217589378356 68
1756053111954 0.06192258596420288 69
1756053111963 0.05983428284525871 70
1756053111971 0.06412581577897072 71
1756053111979 0.061118300259113315 72
1756053111987 0.05959783643484116 73
1756053111995 0.05455606542527676 74
1756053112003 0.05142446793615818 75
1756053112012 0.05380327925086022 76
1756053112020 0.052759240567684176 77
1756053112028 0.04863104708492756 78
