1756053111445 2.236852526664734 1
1756053111458 1.4356210947036743 2
1756053111465 1.7742731869220734 3
1756053111472 1.6309667706489563 4
1756053111478 1.1625970244407653 5
1756053111486 1.139087826013565 6
1756053111492 0.8113291501998902 7
1756053111500 0.7038795292377472 8
1756053111507 0.5892038524150849 9
1756053111514 0.5092632740736007 10
1756053111522 0.3932444632053375 11
1756053111528 0.42022657096385957 12
1756053111535 0.4797261327505112 13
1756053111542 0.5017225295305252 14
1756053111549 0.3394954353570938 15
1756053111557 0.39606182277202606 16
1756053111564 0.3467169165611267 17
1756053111571 0.34834242761135104 18
1756053111578 0.39940313100814817 19
1756053111585 0.4192317873239517 20
1756053111593 0.39452625513076783 21
1756053111601 0.2989192470908165 22
1756053111608 0.24601219743490219 23
1756053111615 0.24953635782003403 24
1756053111622 0.23589445203542708 25
1756053111629 0.22619422525167465 26
1756053111636 0.18582159131765366 27
1756053111643 0.18290296345949172 28
1756053111650 0.15945665836334227 29
1756053111657 0.16074100583791734 30
1756053111664 0.17697496414184571 31
1756053111672 0.15852725356817246 32
1756053111679 0.15252124965190889 33
1756053111686 0.1628991350531578 34
1756053111694 0.2010272353887558 35
1756053111702 0.18542438596487046 36
1756053111710 0.21177345067262648 37
1756053111717 0.1743686944246292 38
1756053111725 0.155589559674263 39
1756053111733 0.1299244485795498 40
1756053111741 0.14234658256173133 41
1756053111748 0.1620756633579731 42
1756053111756 0.12728971540927886 43
1756053111763 0.11894387528300285 44
1756053111770 0.10885582938790321 45
1756053111779 0.10773926675319671 46
1756053111786 0.12268430292606354 47
1756053111793 0.10797198861837387 48
1756053111801 0.09921846464276314 49
1756053111809 0.0921132866293192 50
1756053111816 0.08671308159828187 51
1756053111824 0.09439725056290627 52
1756053111831 0.08560654930770398 53
1756053111839 0.09975051209330558 54
1756053111847 0.12135072872042656 55
1756053111854 0.08644746728241444 56
1756053111862 0.08322356119751931 57
1756053111870 0.08720310181379318 58
1756053111878 0.07617392539978027 59
1756053111885 0.104554508253932 60
1756053111893 0.07189811281859874 61
1756053111901 0.07531231828033924 62
1756053111908 0.09129128977656364 63
1756053111916 0.09016907475888729 64
1756053111924 0.06772387996315957 65
1756053111931 0.06511901132762432 66
1756053111939 0.0736825130879879 67
1756053111947 0.06933161579072475 68
1756053111954 0.06545361913740635 69
1756053111963 0.06360406465828419 70
1756053111971 0.06330092437565327 71
1756053111979 0.061514897271990776 72
1756053111987 0.06077453903853893 73
1756053111995 0.06340256445109844 74
1756053112003 0.049450429156422615 75
1756053112012 0.0555900551378727 76
1756053112020 0.05420640558004379 77
1756053112028 0.052201397344470025 78
