1756357601895 0.0017983396229032376 1
1756357601910 0.003596679245806475 2
1756357601923 0.005395018868709712 3
1756357601935 0.00719335849161295 4
1756357601948 0.008991698114516188 5
1756357601961 0.008991698114516188 6
1756357601974 0.008990643047184844 7
1756357601986 0.008987478340443599 8
1756357601999 0.008982205479818338 9
1756357602012 0.008974826940410735 10
1756357602025 0.008965346185736432 11
1756357602038 0.008953767666099243 12
1756357602051 0.008940096816502173 13
1756357602064 0.008924340054096199 14
1756357602077 0.00890650477516804 15
1756357602090 0.008886599351668308 16
1756357602103 0.008864633127281678 17
1756357602116 0.00884061641304093 18
1756357602129 0.008814560482486909 19
1756357602142 0.008786477566376677 20
1756357602155 0.008756380846942347 21
1756357602168 0.0087242844517033 22
1756357602182 0.008690203446834657 23
1756357602195 0.00865415383009517 24
1756357602208 0.008616152523317799 25
1756357602222 0.00857621736446655 26
1756357602235 0.008534367099263248 27
1756357602248 0.008490621372388235 28
1756357602262 0.008445000718259071 29
1756357602275 0.008397526551391603 30
1756357602288 0.008348221156347898 31
1756357602302 0.008297107677275789 32
1756357602315 0.008244210107044916 33
1756357602328 0.008189553275984382 34
1756357602342 0.00813316284022729 35
1756357602355 0.008075065269667664 36
1756357602369 0.008015287835535368 37
1756357602382 0.007953858597594883 38
1756357602396 0.007890806390973943 39
1756357602410 0.007826160812628215 40
1756357602423 0.007759952207448367 41
1756357602437 0.007692211654016057 42
1756357602451 0.007622970950015522 43
1756357602464 0.007552262597307625 44
1756357602478 0.0074801197866733475 45
1756357602492 0.007406576382233903 46
1756357602506 0.007331666905554793 47
1756357602519 0.007255426519441236 48
1756357602533 0.007177891011432621 49
1756357602547 0.007099096777003679 50
1756357602561 0.007019080802480317 51
1756357602575 0.006937880647678081 52
1756357602589 0.006855534428271436 53
1756357602603 0.006772080797902109 54
1756357602617 0.006687558930034927 55
1756357602631 0.00660200849956963 56
1756357602645 0.006515469664217317 57
1756357602659 0.006427983045650257 58
1756357602673 0.00633958971043392 59
1756357602687 0.00625033115075016 60
1756357602701 0.006160249264920629 61
1756357602716 0.006069386337739531 62
1756357602730 0.005977785020624979 63
1756357602744 0.005885488311598244 64
1756357602759 0.00579253953510032 65
1756357602773 0.005698982321655253 66
1756357602787 0.005604860587389802 67
1756357602802 0.005510218513419042 68
1756357602817 0.005415100525107563 69
1756357602831 0.0053195512712160345 70
1756357602846 0.005223615602942899 71
1756357602860 0.005127338552871036 72
1756357602875 0.0050307653138293015 73
1756357602889 0.004933941217678826 74
1756357602904 0.004836911714034056 75
1756357602919 0.004739722348928534 76
1756357602933 0.004642418743435406 77
1756357602948 0.004545046572252707 78
1756357602963 0.004447651542263482 79
1756357602977 0.004350279371080784 80
1756357602992 0.004252975765587656 81
1756357603007 0.004155786400482134 82
1756357699346 0.0012281011197103034 1
1756357699378 0.002456202239420607 2
1756357699406 0.0036843033591309102 3
1756357699434 0.004912404478841214 4
1756357699463 0.0061405055985515175 5
1756357699491 0.0061405055985515175 6
1756357699520 0.006139785121486763 7
1756357699548 0.006137624028487291 8
1756357699576 0.0061340233339787185 9
1756357699605 0.006128984728141319 10
1756357699633 0.006122510576116638 11
1756357699661 0.0061146039168972965 12
1756357699690 0.0061052684619004646 13
1756357699718 0.0060945085932257136 14
1756357699746 0.006082329361598042 15
1756357699775 0.006068736483997045 16
1756357699803 0.0060537363409733334 17
1756357699832 0.006037335973653491 18
1756357699860 0.006019543080434932 19
1756357699889 0.006000366013372248 20
1756357699917 0.0059798137742567165 21
1756357699946 0.005957896010390828 22
1756357699974 0.005934623010059801 23
1756357700003 0.005910005697702225 24
1756357700032 0.005884055628782077 25
1756357700060 0.005856784984364551 26
1756357700089 0.00582820656539821 27
1756357700118 0.005798333786706173 28
1756357700147 0.005767180670689148 29
1756357700176 0.005734761840743251 30
1756357700204 0.005701092514395737 31
1756357700233 0.005666188496161828 32
1756357700262 0.005630066170126003 33
1756357700291 0.0055927424922512636 34
1756357700319 0.005554234982419914 35
1756357700348 0.0055145617162096795 36
1756357700377 0.005473741316408942 37
1756357700406 0.005431792944275145 38
1756357700435 0.005388736290540406 39
1756357700464 0.005344591566168626 40
1756357700493 0.005299379492868371 41
1756357700522 0.005253121293366026 42
1756357700552 0.005205838681443759 43
1756357700581 0.0051575538517469885 44
1756357700610 0.0051082894693661295 45
1756357700640 0.005058068659197508 46
1756357700669 0.005006914995088443 47
1756357700699 0.004954852488771591 48
1756357700729 0.004901905578593743 49
1756357700758 0.004848099118044367 50
1756357700788 0.004793458364089281 51
1756357700817 0.004738008965314933 52
1756357700847 0.00468177694988886 53
1756357700876 0.004624788713341947 54
1756357700906 0.004567071006178278 55
1756357700935 0.004508650921318333 56
1756357700965 0.004449555881381465 57
1756357700994 0.004389813625813616 58
1756357701024 0.00432945219786631 59
1756357701053 0.004268499931433041 60
1756357701083 0.004206985437749227 61
1756357701113 0.004144937591961987 62
1756357701142 0.004082385519576032 63
1756357701172 0.004019358582782035 64
1756357701202 0.003955886366673906 65
1756357701232 0.003891998665361428 66
1756357701261 0.003827725467984785 67
1756357701291 0.0037630969446375436 68
1756357701321 0.0036981434322046875 69
1756357701351 0.003632895420122366 70
1756357701381 0.00356738353606603 71
1756357701411 0.003501638531573681 72
1756357701441 0.003435691267610977 73
1756357701471 0.003369572700084975 74
1756357701501 0.0033033138653132997 75
1756357701531 0.003236945865455579 76
1756357701561 0.0031704998539139654 77
1756357701592 0.0031040070207096035 78
1756357701622 0.0030374985778419145 79
1756357701652 0.0029710057446375527 80
1756357701682 0.002904559733095939 81
1756357701713 0.0028381917332382187 82
1756357701743 0.0027719328984665437 83
1756357701773 0.002705814330940541 84
1756357787861 0.001285545734753673 1
1756357787904 0.002571091469507346 2
1756357787944 0.0038566372042610187 3
1756357787984 0.005142182939014692 4
1756357788023 0.0064277286737683655 5
1756357788063 0.006427728673768365 6
1756357788103 0.006426974490791166 7
1756357788143 0.006424712295876046 8
1756357788186 0.006420943150906265 9
1756357788226 0.006415668825133409 10
1756357788266 0.006408891794346896 11
1756357788306 0.006400615239711838 12
1756357788346 0.0063908430462757786 13
1756357788386 0.006379579801145044 14
1756357788426 0.006366830791331536 15
1756357788466 0.0063526020012709865 16
1756357788506 0.006336900110013838 17
1756357788546 0.006319732488090074 18
1756357788586 0.006301107194049462 19
1756357788626 0.006281032970678836 20
1756357788666 0.0062595192408982005 21
1756357788707 0.006236576103337576 22
1756357788747 0.006212214327596657 23
1756357788787 0.006186445349189524 24
1756357788827 0.006159281264176763 25
1756357788867 0.006130734823487531 26
1756357788908 0.006100819426934218 27
1756357788948 0.006069549116922523 28
1756357788988 0.0060369385718598905 29
1756357789029 0.006003003099265408 30
1756357789069 0.005967758628584401 31
1756357789109 0.00593122170371108 32
1756357789149 0.005893409475222778 33
1756357789190 0.0058543396923294005 34
1756357789231 0.00581403069454187 35
1756357789271 0.005772501403063494 36
1756357789312 0.005729771311908275 37
1756357789352 0.005685860478750343 38
1756357789393 0.005640789515508801 39
1756357789434 0.005594579578672412 40
1756357789475 0.00554725235936866 41
1756357789515 0.005498830073181844 42
1756357789556 0.005449335449724999 43
1756357789597 0.005398791721970525 44
1756357789637 0.005347222615344537 45
1756357789678 0.005294652336590055 46
1756357789719 0.005241105562404263 47
1756357789759 0.005186607427855172 48
1756357789800 0.005131183514583117 49
1756357789841 0.005074859838792635 50
1756357789882 0.0050176628390403545 51
1756357789923 0.004959619363824633 52
1756357789964 0.004900756658982764 53
1756357790005 0.004841102354901676 54
1756357790046 0.004780684453548116 55
1756357790087 0.0047195313153244175 56
1756357790127 0.004657671645756015 57
1756357790169 0.004595134482016955 58
1756357790210 0.0045319491792997334 59
1756357790251 0.004468145397035852 60
1756357790292 0.004403753084973561 61
1756357902248 0.0014651286500111708 1
1756357902305 0.0029302573000223415 2
1756357902359 0.004395385950033512 3
1756357902414 0.005860514600044683 4
1756357902468 0.007325643250055853 5
1756357902523 0.007325643250055853 6
1756357902577 0.0073247836959135105 7
1756357902632 0.007322205436964604 8
1756357902688 0.0073179096834541015 9
1756357902743 0.007311898451825725 10
1756357902798 0.007304174563775424 11
1756357902852 0.00729474164492686 12
1756357902907 0.007283604123129521 13
1756357902962 0.00727076722638028 14
1756357903017 0.0072562369803693405 15
1756357903072 0.007240020205651768 16
1756357903127 0.00722212451444588 17
1756357903182 0.0072025583070600505 18
1756357903237 0.007181330767949568 19
1756357903291 0.0071584518614054155 20
1756357903346 0.007133932326876996 21
1756357903400 0.007107783673930988 22
1756357903455 0.007080018176848711 23
1756357903510 0.007050648868864534 24
1756357903565 0.007019689536048014 25
1756357903620 0.0069871547108326685 26
1756357903675 0.006953059665194391 27
1756357903730 0.006917420403482722 28
1756357903785 0.006880253654908349 29
1756357903840 0.006841576865690347 30
1756357903896 0.006801408190866852 31
1756357903951 0.006759766485773017 32
1756357904006 0.006716671297190236 33
1756357904061 0.006672142854170822 34
1756357904116 0.0066262020585423935 35
1756357904171 0.0065788704750964835 36
1756357904226 0.00653017032146594 37
1756357904281 0.006480124457695875 38
1756357904336 0.006428756375513077 39
1756357904392 0.006376090187298896 40
1756357904447 0.006322150614770796 41
1756357904502 0.006266962977377889 42
1756357904557 0.006210553180415873 43
1756357904613 0.006152947702867 44
1756357904668 0.006094173584970721 45
1756357904724 0.006034258415530902 46
1756357904779 0.005973230318965524 47
1756357904834 0.005911117942104968 48
1756357904890 0.005847950440745089 49
1756357904946 0.005783757465961359 50
1756357905002 0.00571856915019054 51
1756357905057 0.005652416093086398 52
1756357905113 0.005585329347156107 53
1756357905169 0.005517340403184069 54
1756357905224 0.00544848117545003 55
1756357905280 0.005378783986748379 56
1756357905336 0.005308281553215706 57
1756357905392 0.005237006968973711 58
1756357905448 0.0051649936905947035 59
1756357905504 0.005092275521396945 60
1756357905560 0.005018886595577242 61
1756357905616 0.004944861362188215 62
1756357905672 0.004870234568967783 63
1756357905728 0.00479504124602843 64
1756357905784 0.00471931668941394 65
1756357905839 0.004643096444531285 66
1756357905895 0.004566416289465476 67
1756358080093 0.0016290358780721268 1
1756358080170 0.0032580717561442535 2
1756358080244 0.00488710763421638 3
1756358080318 0.006516143512288507 4
1756358080393 0.008145179390360633 5
1756358080468 0.008145179390360633 6
1756358080543 0.008144223662840264 7
1756358080618 0.008141356928901443 8
1756358080693 0.00813658053420044 9
1756358080768 0.008129896720795856 10
1756358080843 0.008121308626096196 11
1756358080918 0.008110820281387142 12
1756358080993 0.00809843660993927 13
1756358081068 0.008084163424697031 14
1756358081143 0.008068007425550142 15
1756358081218 0.008049976196188635 16
1756358081293 0.008030078200543026 17
1756358081369 0.008008322778811328 18
1756358081444 0.007984720143074721 19
1756358081519 0.007959281372503957 20
1756358081594 0.007932018408158756 21
1756358081670 0.007902944047382624 22
1756358081745 0.007872071937795735 23
1756358081820 0.007839416570888677 24
1756358081895 0.007804993275220086 25
1756358081970 0.007768818209221373 26
1756358082046 0.00773090835361188 27
1756358082122 0.007691281503428066 28
1756358082197 0.007649956259670452 29
1756358082272 0.007606952020572231 30
1756358082348 0.007562288972493662 31
1756358082423 0.007515988080446516 32
1756358082499 0.007468071078253009 33
1756358082575 0.007418560458343869 34
1756358082650 0.007367479461200293 35
1756358082726 0.007314852064444776 36
1756358082801 0.007260702971585919 37
1756358082877 0.007205057600422505 38
1756358082952 0.007147942071112281 39
1756358083028 0.007089383193911058 40
1756358083103 0.007029408456587863 41
1756358083179 0.00696804601152208 42
1756358083260 0.0069053246624886004 43
1756358083336 0.006841273851137229 44
1756358083414 0.006775923643172651 45
1756358083490 0.006709304714241468 46
1756358083567 0.006641448335532934 47
1756358083643 0.006572386359100131 48
1756358083719 0.006502151202908492 49
1756358083795 0.006430775835618679 50
1756358083871 0.006358293761110958 51
1756358083947 0.006284739002758353 52
1756358084024 0.006210146087455935 53
1756358084100 0.006134550029413759 54
1756358084176 0.006057986313721062 55
1756358084252 0.005980490879689413 56
1756358084329 0.005902100103982666 57
1756358084405 0.005822850783541599 58
1756358084482 0.005742780118311296 59
1756358084559 0.00566192569377934 60
1756358084635 0.005580325463333035 61
1756358084711 0.0054980177304439345 62
1756358084787 0.005415041130688046 63
1756358084864 0.005331434613610134 64
1756358084940 0.005247237424440652 65
1756358085017 0.00516248908567387 66
1756358085093 0.005077229378515864 67
1756358085170 0.004991498324211064 68
1756358085247 0.004905336165256115 69
1756358085323 0.004818783346509892 70
1756358085400 0.004731880496208529 71
1756358085477 0.004644668406894353 72
1756358085553 0.004557188016267714 73
1756358085630 0.0044694803879706604 74
1756358085706 0.004381586692311501 75
1756358085783 0.0042935481869393055 76
1756358085860 0.004205406197477394 77
1756358085936 0.0041172020981249296 78
1756358086013 0.004028977292235706 79
1756358086090 0.003940773192883241 80
1756358086167 0.0038526312034213293 81
1756358086244 0.0037645926980491335 82
1756358086320 0.0036766990023899752 83
1756358086397 0.0035889913740929213 84
1756358086474 0.003501510983466282 85
1756358086552 0.0034142988941521066 86
1756358086629 0.003327396043850742 87
1756358086706 0.0032408432251045207 88
1756358086783 0.0031546810661495705 89
1756358086860 0.003068950011844771 90
1756358086937 0.0029836903046867665 91
1756358087018 0.0028989419659199833 92
1756358087106 0.0028147447767505 93
