1756357562582 0.0011286526002231892 1
1756357562590 0.0022573052004463785 2
1756357562596 0.003385957800669568 3
1756357562602 0.004514610400892757 4
1756357562608 0.005643263001115947 5
1756357562614 0.005643263001115947 6
1756357562620 0.005642600875962649 7
1756357562626 0.0056406148113069265 8
1756357562632 0.005637305739415399 9
1756357562638 0.0056326752135795275 10
1756357562645 0.00562672540738649 11
1756357562651 0.005619459113698893 12
1756357562657 0.0056108797433437885 13
1756357562663 0.0056009913235116225 14
1756357562670 0.005589798495865851 15
1756357562676 0.005577306514364132 16
1756357562682 0.005563521242792085 17
1756357562689 0.005548449152010819 18
1756357562695 0.005532097316919478 19
1756357562702 0.005514473413134257 20
1756357562708 0.005495585713385435 21
1756357562714 0.005475443083634128 22
1756357562721 0.005454054978910566 23
1756357562727 0.005431431438875871 24
1756357562734 0.00540758308310939 25
1756357562741 0.005382521106123833 26
1756357562747 0.005356257272110518 27
1756357562754 0.005328803909417214 28
1756357562761 0.0053001739047611705 29
1756357562767 0.005270380697180033 30
1756357562774 0.005239438271723512 31
1756357562781 0.005207361152888743 32
1756357562787 0.0051741643978024275 33
1756357562794 0.005139863589152965 34
1756357562801 0.005104474827875871 35
1756357562808 0.005068014725595933 36
1756357562815 0.005030500396829657 37
1756357562822 0.004991949450951635 38
1756357562829 0.004952379983928641 39
1756357562836 0.004911810569825309 40
1756357562843 0.0048702602520854 41
1756357562850 0.004827748534592724 42
1756357562857 0.004784295372515948 43
1756357562864 0.004739921162941557 44
1756357562871 0.004694646735299382 45
1756357562878 0.004648493341585182 46
1756357562886 0.004601482646384875 47
1756357562893 0.00455363671670509 48
1756357562900 0.0045049780116148365 49
1756357562907 0.0044555293717031185 50
1756357562915 0.004405314008357477 51
1756357562922 0.004354355492868472 52
1756357562930 0.004302677745365224 53
1756357562937 0.004250305023587211 54
1756357562944 0.0041972619114975926 55
1756357562952 0.004143573307743393 56
1756357562959 0.004089264413967985 57
1756357562967 0.0040343607229813335 58
1756357562974 0.003978888006793574 59
1756357562982 0.003922872304517525 60
1756357562990 0.0038663399101458266 61
1756357562997 0.0038093173602084364 62
1756357563005 0.003751831421316277 63
1756357563013 0.0036939090775968838 64
1756357563020 0.0036355775180279466 65
1756357563028 0.0035768641236746963 66
1756357563036 0.003517796454837125 67
1756357563044 0.0034584022381130733 68
1756357563052 0.003398709353383252 69
1756357563059 0.0033387458207243185 70
1756357563067 0.00327853978725614 71
1756357563075 0.0032181195139294244 72
1756357563083 0.003157513362259919 73
1756357563091 0.0030967497810154027 74
1756357563099 0.0030358572928617183 75
1756357563107 0.0029748644809741236 76
1756357563116 0.0029137999756202364 77
1756357563124 0.0028526924407208695 78
1756357563132 0.0027915705603950777 79
1756357563140 0.002730463025495711 80
1756357563148 0.0026693985201418236 81
1756357563156 0.0026084057082542294 82
1756357563165 0.0025475132201005454 83
1756357563173 0.0024867496388560283 84
1756357563182 0.002426143487186523 85
1756357563190 0.0023657232138598076 86
1756357563198 0.0023055171803916283 87
1756357563207 0.002245553647732695 88
1756357563215 0.002185860763002874 89
1756357563224 0.002126466546278822 90
1756357563232 0.002067398877441252 91
1756357584886 0.0017983396229032376 1
1756357584897 0.003596679245806475 2
1756357584906 0.005395018868709712 3
1756357584915 0.00719335849161295 4
1756357584924 0.008991698114516188 5
1756357584933 0.008991698114516188 6
1756357584942 0.008990643047184844 7
1756357584951 0.008987478340443599 8
1756357584960 0.008982205479818338 9
1756357584969 0.008974826940410735 10
1756357584978 0.008965346185736432 11
1756357584987 0.008953767666099243 12
1756357584996 0.008940096816502173 13
1756357585005 0.008924340054096199 14
1756357585014 0.00890650477516804 15
1756357585023 0.008886599351668308 16
1756357585033 0.008864633127281678 17
1756357585042 0.00884061641304093 18
1756357585051 0.008814560482486909 19
1756357585061 0.008786477566376677 20
1756357585070 0.008756380846942347 21
1756357585079 0.0087242844517033 22
1756357585089 0.008690203446834657 23
1756357585098 0.00865415383009517 24
1756357585108 0.008616152523317799 25
1756357585117 0.00857621736446655 26
1756357585127 0.008534367099263248 27
1756357585136 0.008490621372388235 28
1756357585146 0.008445000718259071 29
1756357585156 0.008397526551391603 30
1756357585165 0.008348221156347898 31
1756357585175 0.008297107677275789 32
1756357585185 0.008244210107044916 33
1756357585194 0.008189553275984382 34
1756357585204 0.00813316284022729 35
1756357585214 0.008075065269667664 36
1756357585224 0.008015287835535368 37
1756357585233 0.007953858597594883 38
1756357585243 0.007890806390973943 39
1756357585253 0.007826160812628215 40
1756357585263 0.007759952207448367 41
1756357585273 0.007692211654016057 42
1756357585283 0.007622970950015522 43
1756357585293 0.007552262597307625 44
1756357585303 0.0074801197866733475 45
1756357585313 0.007406576382233903 46
1756357585323 0.007331666905554793 47
1756357585333 0.007255426519441236 48
1756357585343 0.007177891011432621 49
1756357585354 0.007099096777003679 50
1756357585364 0.007019080802480317 51
1756357585374 0.006937880647678081 52
1756357585385 0.006855534428271436 53
1756357585395 0.006772080797902109 54
1756357585405 0.006687558930034927 55
1756357585416 0.00660200849956963 56
1756357585426 0.006515469664217317 57
1756357585436 0.006427983045650257 58
1756357585447 0.00633958971043392 59
1756357585457 0.00625033115075016 60
1756357585468 0.006160249264920629 61
1756357585478 0.006069386337739531 62
1756357585489 0.005977785020624979 63
1756357585499 0.005885488311598244 64
1756357585510 0.00579253953510032 65
1756357585521 0.005698982321655253 66
1756357585531 0.005604860587389802 67
1756357585542 0.005510218513419042 68
1756357585553 0.005415100525107563 69
1756357585564 0.0053195512712160345 70
1756357585575 0.005223615602942899 71
1756357585585 0.005127338552871036 72
1756357585596 0.0050307653138293015 73
1756357585607 0.004933941217678826 74
1756357585618 0.004836911714034056 75
1756357585629 0.004739722348928534 76
1756357585640 0.004642418743435406 77
1756357585651 0.004545046572252707 78
1756357585662 0.004447651542263482 79
1756357585673 0.004350279371080784 80
1756357585684 0.004252975765587656 81
1756357585695 0.004155786400482134 82
1756357585706 0.004058756896837364 83
1756357585717 0.003961932800686887 84
1756357585728 0.003865359561645153 85
1756357585740 0.003769082511573291 86
1756357585751 0.0036731468433001536 87
1756357585762 0.0035775975894086266 88
1756357585774 0.003482479601097147 89
1756357585785 0.003387837527126387 90
1756357585796 0.003293715792860938 91
1756357585808 0.0032001585794158697 92
1756357585819 0.003107209802917945 93
1756357585830 0.00301491309389121 94
1756357585842 0.002923311776776658 95
1756357585853 0.0028324488495955597 96
1756357585865 0.0027423669637660283 97
1756357585876 0.0026531084040822693 98
1756357585888 0.0025647150688659325 99
1756357585899 0.002477228450298874 100
1756357585911 0.002390689614946559 101
1756357585922 0.002305139184481262 102
1756357585934 0.00222061731661408 103
1756357585946 0.0021371636862447542 104
1756357585958 0.0020548174668381072 105
1756357585969 0.001973617312035873 106
1756357585981 0.0018936013375125107 107
1756357585993 0.0018148071030835698 108
1756357586004 0.0017372715950749523 109
1756357586016 0.0016610312089613967 110
1756357586028 0.0015861217322822854 111
1756357586040 0.0015125783278428422 112
1756357679995 0.0012281011197103034 1
1756357680023 0.002456202239420607 2
1756357680049 0.0036843033591309102 3
1756357680075 0.004912404478841214 4
1756357680100 0.0061405055985515175 5
1756357680125 0.0061405055985515175 6
1756357680151 0.006139785121486763 7
1756357680177 0.006137624028487291 8
1756357680202 0.0061340233339787185 9
1756357680227 0.006128984728141319 10
1756357680253 0.006122510576116638 11
1756357680279 0.0061146039168972965 12
1756357680304 0.0061052684619004646 13
1756357680330 0.0060945085932257136 14
1756357680356 0.006082329361598042 15
1756357680382 0.006068736483997045 16
1756357680407 0.0060537363409733334 17
1756357680433 0.006037335973653491 18
1756357680459 0.006019543080434932 19
1756357680485 0.006000366013372248 20
1756357680511 0.0059798137742567165 21
1756357680537 0.005957896010390828 22
1756357680563 0.005934623010059801 23
1756357680589 0.005910005697702225 24
1756357680615 0.005884055628782077 25
1756357680641 0.005856784984364551 26
1756357680667 0.00582820656539821 27
1756357680693 0.005798333786706173 28
1756357680719 0.005767180670689148 29
1756357680745 0.005734761840743251 30
1756357680771 0.005701092514395737 31
1756357680798 0.005666188496161828 32
1756357680824 0.005630066170126003 33
1756357680850 0.0055927424922512636 34
1756357680877 0.005554234982419914 35
1756357680903 0.0055145617162096795 36
1756357680930 0.005473741316408942 37
1756357680956 0.005431792944275145 38
1756357680983 0.005388736290540406 39
1756357681009 0.005344591566168626 40
1756357681036 0.005299379492868371 41
1756357681064 0.005253121293366026 42
1756357681091 0.005205838681443759 43
1756357681117 0.0051575538517469885 44
1756357681144 0.0051082894693661295 45
1756357681170 0.005058068659197508 46
1756357681197 0.005006914995088443 47
1756357681224 0.004954852488771591 48
1756357681251 0.004901905578593743 49
1756357681277 0.004848099118044367 50
1756357681304 0.004793458364089281 51
1756357681331 0.004738008965314933 52
1756357681357 0.00468177694988886 53
1756357681384 0.004624788713341947 54
1756357681411 0.004567071006178278 55
1756357681438 0.004508650921318333 56
1756357681465 0.004449555881381465 57
1756357681492 0.004389813625813616 58
1756357681519 0.00432945219786631 59
1756357681546 0.004268499931433041 60
1756357681573 0.004206985437749227 61
1756357681600 0.004144937591961987 62
1756357681627 0.004082385519576032 63
1756357681654 0.004019358582782035 64
1756357681681 0.003955886366673906 65
1756357681708 0.003891998665361428 66
1756357681735 0.003827725467984785 67
1756357681763 0.0037630969446375436 68
1756357681790 0.0036981434322046875 69
1756357681817 0.003632895420122366 70
1756357681844 0.00356738353606603 71
1756357681872 0.003501638531573681 72
1756357681899 0.003435691267610977 73
1756357681926 0.003369572700084975 74
1756357681954 0.0033033138653132997 75
1756357681981 0.003236945865455579 76
1756357682009 0.0031704998539139654 77
1756357682037 0.0031040070207096035 78
1756357682064 0.0030374985778419145 79
1756357682092 0.0029710057446375527 80
1756357682120 0.002904559733095939 81
1756357682147 0.0028381917332382187 82
1756357682175 0.0027719328984665437 83
1756357682203 0.002705814330940541 84
1756357682231 0.002639867066977837 85
1756357682258 0.002574122062485488 86
1756357682286 0.0025086101784291518 87
1756357682314 0.0024433621663468305 88
1756357682342 0.0023784086539139744 89
1756357682370 0.0023137801305667333 90
1756357682398 0.002249506933190091 91
1756357773070 0.001285545734753673 1
1756357773110 0.002571091469507346 2
1756357773148 0.0038566372042610187 3
1756357773185 0.005142182939014692 4
1756357773223 0.0064277286737683655 5
1756357773260 0.006427728673768365 6
1756357773298 0.006426974490791166 7
1756357773335 0.006424712295876046 8
1756357773373 0.006420943150906265 9
1756357773411 0.006415668825133409 10
1756357773448 0.006408891794346896 11
1756357773486 0.006400615239711838 12
1756357773523 0.0063908430462757786 13
1756357773561 0.006379579801145044 14
1756357773599 0.006366830791331536 15
1756357773636 0.0063526020012709865 16
1756357773674 0.006336900110013838 17
1756357773712 0.006319732488090074 18
1756357773750 0.006301107194049462 19
1756357773789 0.006281032970678836 20
1756357773827 0.0062595192408982005 21
1756357773865 0.006236576103337576 22
1756357773903 0.006212214327596657 23
1756357773941 0.006186445349189524 24
1756357773979 0.006159281264176763 25
1756357774017 0.006130734823487531 26
1756357774055 0.006100819426934218 27
1756357774094 0.006069549116922523 28
1756357774132 0.0060369385718598905 29
1756357774170 0.006003003099265408 30
1756357774208 0.005967758628584401 31
1756357774246 0.00593122170371108 32
1756357774284 0.005893409475222778 33
1756357774322 0.0058543396923294005 34
1756357774360 0.00581403069454187 35
1756357774398 0.005772501403063494 36
1756357774436 0.005729771311908275 37
1756357774474 0.005685860478750343 38
1756357774513 0.005640789515508801 39
1756357774551 0.005594579578672412 40
1756357774589 0.00554725235936866 41
1756357774627 0.005498830073181844 42
1756357774665 0.005449335449724999 43
1756357774704 0.005398791721970525 44
1756357774743 0.005347222615344537 45
1756357774781 0.005294652336590055 46
1756357774820 0.005241105562404263 47
1756357774858 0.005186607427855172 48
1756357774897 0.005131183514583117 49
1756357774936 0.005074859838792635 50
1756357774974 0.0050176628390403545 51
1756357775012 0.004959619363824633 52
1756357775051 0.004900756658982764 53
1756357775090 0.004841102354901676 54
1756357775128 0.004780684453548116 55
1756357775167 0.0047195313153244175 56
1756357775205 0.004657671645756015 57
1756357775244 0.004595134482016955 58
1756357775283 0.0045319491792997334 59
1756357775321 0.004468145397035852 60
1756357775360 0.004403753084973561 61
1756357775399 0.004338802469119332 62
1756357775449 0.004273324037549647 63
1756357775488 0.004207348526099779 64
1756357775527 0.004140906903936265 65
1756357775566 0.00407403035901986 66
1756357775606 0.004006750283465779 67
1756357775645 0.003939098258808124 68
1756357775684 0.003871106041175373 69
1756357775722 0.00380280554638394 70
1756357775761 0.003734228834956757 71
1756357775800 0.0036654080970739385 72
1756357775841 0.003596375637462586 73
1756357775886 0.0035271638602328206 74
1756357775926 0.0034578052536671593 75
1756357775965 0.0033883323749703963 76
1756357776005 0.003318777834987115 77
1756357776045 0.0032491742828940295 78
1756357776085 0.0031795543908743357 79
1756357776125 0.0031099508387812504 80
1756357776164 0.003040396298797969 81
1756357860873 0.0012163332348435396 1
1756357860924 0.002432666469687079 2
1756357860973 0.0036489997045306187 3
1756357861022 0.004865332939374158 4
1756357861071 0.006081666174217698 5
1756357861120 0.006081666174217698 6
1756357861170 0.006080952602017685 7
1756357861219 0.006078812220371266 8
1756357861268 0.006075246033982067 9
1756357861317 0.006070255716832111 10
1756357861366 0.006063843611396048 11
1756357861415 0.006056012727541579 12
1756357861464 0.00604676674111662 13
1756357861514 0.006036109992223839 14
1756357861563 0.006024047483183402 15
1756357861612 0.006010584876184857 16
1756357861662 0.005995728490629279 17
1756357861711 0.005979485300162926 18
1756357861761 0.005961862929403775 19
1756357861810 0.005942869650362499 20
1756357861859 0.005922514378559549 21
1756357861908 0.00590080666884018 22
1756357861958 0.005877756710889361 23
1756357862008 0.005853375324448703 24
1756357862057 0.005827673954237625 25
1756357862107 0.005800664664581159 26
1756357862156 0.005772360133746909 27
1756357862207 0.0057427736479938206 28
1756357862256 0.005711919095335557 29
1756357862306 0.005679810959021415 30
1756357862355 0.0056464643107378264 31
1756357862405 0.0056118948035336486 32
1756357862455 0.005576118664472563 33
1756357862504 0.005539152687016026 34
1756357862554 0.005501014223140355 35
1756357862604 0.0054617211751916365 36
1756357862654 0.005421291987482296 37
1756357862704 0.005379745637633269 38
1756357862753 0.0053371016276658224 39
1756357862804 0.005293379974847234 40
1756357862854 0.0052486012022946085 41
1756357862903 0.005202786329341242 42
1756357862953 0.005155956861670062 43
1756357863003 0.005108134781218783 44
1756357863054 0.005059342535861487 45
1756357863103 0.005009603028871512 46
1756357863153 0.004958939608170556 47
1756357863203 0.004907376055369079 48
1756357863253 0.004854936574603113 49
1756357863303 0.004801645781172749 50
1756357863353 0.0047475286899876165 51
1756357863403 0.004692610703824785 52
1756357863453 0.004636917601404601 53
1756357863504 0.004580475525290055 54
1756357863554 0.004523310969615357 55
1756357863604 0.004465450767649484 56
1756357863655 0.004406922079200543 57
1756357863705 0.00434775237786684 58
1756357863755 0.004287969438140675 59
1756357863805 0.004227601322370876 60
1756357863856 0.004166676367590226 61
1756357863906 0.004105223172213947 62
1756357863957 0.0040432705826154896 63
1756357864007 0.003980847679585931 64
1756357864058 0.003917983764683338 65
1756357864109 0.003854708346478497 66
1756357864159 0.003791051126703475 67
1756357864210 0.0037270419863095114 68
1756357864260 0.0036627109714407772 69
1756357864311 0.003598088279330597 70
1756357864361 0.00353320424412675 71
1756357864412 0.003468089322652497 72
1756357864463 0.0034027740801100314 73
1756357864513 0.00333728917573305 74
1756357864564 0.003271665348395184 75
1756357864615 0.0032059334021810556 76
1756357864665 0.0031401241919267165 77
1756357864716 0.0030742686087362634 78
1756357864767 0.003008397565481435 79
1756357864818 0.002942541982290982 80
1756357864869 0.002876732772036643 81
1756357864920 0.002811000825822515 82
1756357864971 0.0027453769984846495 83
1756357865022 0.002679892094107667 84
1756357865074 0.0026145768515652016 85
1756357865125 0.0025494619300909485 86
1756357865176 0.002484577894887101 87
1756357865229 0.0024199552027769217 88
1756357865280 0.0023556241879081866 89
1756357865331 0.0022916150475142233 90
1756357865383 0.0022279578277392023 91
1756357865434 0.0021646824095343607 92
1756357865485 0.0021018184946317675 93
1756357865536 0.002039395591602209 94
1756357865588 0.0019774430020037515 95
1756357865639 0.001915989806627472 96
1756357865690 0.0018550648518468223 97
1756357865741 0.0017946967360770233 98
1756357865793 0.0017349137963508586 99
1756357865844 0.0016757440950171565 100
1756357865896 0.001617215406568214 101
1756357884281 0.0014651286500111708 1
1756357884335 0.0029302573000223415 2
1756357884387 0.004395385950033512 3
1756357884439 0.005860514600044683 4
1756357884491 0.007325643250055853 5
1756357884542 0.007325643250055853 6
1756357884594 0.0073247836959135105 7
1756357884646 0.007322205436964604 8
1756357884698 0.0073179096834541015 9
1756357884750 0.007311898451825725 10
1756357884802 0.007304174563775424 11
1756357884853 0.00729474164492686 12
1756357884905 0.007283604123129521 13
1756357884957 0.00727076722638028 14
1756357885010 0.0072562369803693405 15
1756357885063 0.007240020205651768 16
1756357885115 0.00722212451444588 17
1756357885167 0.0072025583070600505 18
1756357885219 0.007181330767949568 19
1756357885271 0.0071584518614054155 20
1756357885323 0.007133932326876996 21
1756357885376 0.007107783673930988 22
1756357885428 0.007080018176848711 23
1756357885480 0.007050648868864534 24
1756357885532 0.007019689536048014 25
1756357885585 0.0069871547108326685 26
1756357885637 0.006953059665194391 27
1756357885689 0.006917420403482722 28
1756357885741 0.006880253654908349 29
1756357885794 0.006841576865690347 30
1756357885846 0.006801408190866852 31
1756357885898 0.006759766485773017 32
1756357885951 0.006716671297190236 33
1756357886003 0.006672142854170822 34
1756357886055 0.0066262020585423935 35
1756357886108 0.0065788704750964835 36
1756357886161 0.00653017032146594 37
1756357886213 0.006480124457695875 38
1756357886266 0.006428756375513077 39
1756357886318 0.006376090187298896 40
1756357886371 0.006322150614770796 41
1756357886424 0.006266962977377889 42
1756357886477 0.006210553180415873 43
1756357886530 0.006152947702867 44
1756357886582 0.006094173584970721 45
1756357886635 0.006034258415530902 46
1756357886688 0.005973230318965524 47
1756357886741 0.005911117942104968 48
1756357886794 0.005847950440745089 49
1756357886848 0.005783757465961359 50
1756357886901 0.00571856915019054 51
1756357886954 0.005652416093086398 52
1756357887007 0.005585329347156107 53
1756357887060 0.005517340403184069 54
1756357887113 0.00544848117545003 55
1756357887166 0.005378783986748379 56
1756357887219 0.005308281553215706 57
1756357887272 0.005237006968973711 58
1756357887325 0.0051649936905947035 59
1756357887379 0.005092275521396945 60
1756357887432 0.005018886595577242 61
1756357887485 0.004944861362188215 62
1756357887539 0.004870234568967783 63
1756357887592 0.00479504124602843 64
1756357887646 0.00471931668941394 65
1756357887699 0.004643096444531285 66
1756357887753 0.004566416289465476 67
1756357887806 0.004489312218185187 68
1756357887859 0.004411820423647043 69
1756357887913 0.004333977280806503 70
1756357887967 0.004255819329543311 71
1756357888020 0.004177383257509532 72
1756357888074 0.004098705882908223 73
1756357888128 0.004019824137210825 74
1756357888181 0.003940775047821377 75
1756357888235 0.0038615957206957117 76
1756357888289 0.0037823233229237743 77
1756357888343 0.0037029950652832364 78
1756357888397 0.0036236481847726175 79
1756357888451 0.00354431992713208 80
1756357888505 0.0034650475293601423 81
1756357888558 0.0033858682022344776 82
1756357888612 0.0033068191128450297 83
1756357888671 0.0032279373671476306 84
1756357888727 0.0031492599925463218 85
1756357888781 0.0030708239205125432 86
1756357888835 0.0029926659692493503 87
1756357888889 0.0029148228264088112 88
1756357888943 0.0028373310318706674 89
1756357888997 0.0027602269605903787 90
1756357889053 0.00268354680552457 91
1756357889108 0.0026073265606419145 92
1756357889162 0.0025316020040274238 93
1756357889216 0.0024564086810880716 94
1756358012970 0.0014146813175980547 1
1756358013039 0.0028293626351961094 2
1756358013105 0.004244043952794164 3
1756358013172 0.005658725270392219 4
1756358013237 0.007073406587990274 5
1756358013302 0.007073406587990274 6
1756358013367 0.00707257663407013 7
1756358013432 0.007070087161893358 8
1756358013498 0.007065939340028064 9
1756358013563 0.007060135115478269 10
1756358013628 0.00705267721276998 11
1756358013693 0.0070435691326722815 12
1756358013759 0.0070328151505540705 13
1756358013824 0.00702042031437717 14
1756358013889 0.0070063904423268 15
1756358013954 0.006990732120080507 16
1756358014020 0.006973452697716803 17
1756358014085 0.0069545602862650276 18
1756358014151 0.006934063753897986 19
1756358014216 0.006911972721769201 20
1756358014282 0.0068882975594967005 21
1756358014347 0.0068630493802954795 22
1756358014413 0.0068362400357609154 23
1756358014480 0.00680788211030558 24
1756358014545 0.006777988915252064 25
1756358014611 0.006746574482584594 26
1756358014676 0.00671365355836236 27
1756358014742 0.006679241595797658 28
1756358014808 0.006643354748002093 29
1756358014873 0.0066060098604042395 30
1756358014939 0.0065672244628423365 31
1756358015004 0.006527016761335707 32
1756358015070 0.006485405629538782 33
1756358015136 0.006442410599881733 34
1756358015202 0.006398051854401871 35
1756358015268 0.006352350215270121 36
1756358015333 0.006305327135017008 37
1756358015399 0.0062570046864627565 38
1756358015465 0.0062074055523562216 39
1756358015531 0.006156553014727516 40
1756358015597 0.006104470943959332 41
1756358015663 0.006051183787582092 42
1756358015729 0.005996716558798177 43
1756358015794 0.005941094824740634 44
1756358015861 0.005884344694471862 45
1756358015927 0.005826492806727909 46
1756358015995 0.005767566317414154 47
1756358016061 0.005707592886858205 48
1756358016127 0.005646600666826043 49
1756358016193 0.005584618287307466 50
1756358016260 0.005521674843077058 51
1756358016329 0.005457799880036986 52
1756358016395 0.005393023381348042 53
1756358016462 0.005327375753355419 54
1756358016528 0.005260887811315863 55
1756358016595 0.005193590764932861 56
1756358016661 0.005125516203706684 57
1756358016728 0.005056696082106153 58
1756358016795 0.004987162704569085 59
1756358016862 0.004916948710338459 60
1756358016928 0.004846087058141426 61
1756358016995 0.004774611010718355 62
1756358017062 0.004702554119209168 63
1756358017129 0.004629950207404303 64
1756358017195 0.0045568333558676935 65
1756358017262 0.0044832378859392145 66
1756358017329 0.004409198343624111 67
1756358017396 0.004334749483376968 68
1756358017463 0.004259926251787829 69
1756358017530 0.004184763771178128 70
1756358017596 0.004109297323114134 71
1756358017663 0.004033562331845645 72
1756358017730 0.003957594347677702 73
1756358017797 0.003881429030283138 74
1756358017864 0.0038051021319637822 75
1756358017931 0.003728649480868192 76
1756358017998 0.0036521069641737773 77
1756358018065 0.0035755105112412126 78
1756358018133 0.0034988960767490616 79
1756358018200 0.0034222996238164973 80
1756358018273 0.003345757107122082 81
1756358018341 0.003269304456026492 82
1756358018408 0.003192977557707137 83
1756358018476 0.003116812240312573 84
1756358018544 0.0030408442561446294 85
1756358018611 0.0029651092648761406 86
1756358018678 0.002889642816812146 87
1756358018745 0.002814480336202446 88
1756358018813 0.002739657104613306 89
1756358018880 0.0026652082443661632 90
1756358018948 0.002591168702051061 91
1756358019015 0.002517573232122581 92
1756358019082 0.0024444563805859714 93
1756358019149 0.002371852468781106 94
1756358019217 0.002299795577271919 95
1756358019284 0.002228319529848848 96
1756358019352 0.002157457877651815 97
1756358019419 0.0020872438834211885 98
1756358019487 0.0020177105058841213 99
1756358019554 0.0019488903842835915 100
1756358019623 0.0018808158230574135 101
1756358019691 0.0018135187766744108 102
1756358019759 0.0017470308346348542 103
1756358019827 0.0016813832066422325 104
1756358019895 0.0016166067079532872 105
1756358019963 0.0015527317449132163 106
1756358020031 0.0014897883006828082 107
1756358020099 0.0014278059211642318 108
1756358020166 0.0013668137011320694 109
1756358020234 0.001306840270576121 110
1756358020302 0.0012479137812623643 111
1756358020370 0.0011900618935184123 112
1756358020438 0.0011333117632496387 113
1756358020506 0.0010776900291920967 114
1756358020575 0.0010232228004081827 115
1756358020643 0.0009699356440309426 116
1756358020712 0.0009178535732627582 117
1756358020780 0.0008670010356340523 118
1756358020848 0.0008174019015275167 119
1756358020916 0.0007690794529732661 120
1756358020984 0.0007220563727201525 121
1756358021052 0.000676354733588403 122
1756358021121 0.0006319959881085419 123
1756358021189 0.000589000958451493 124
1756358021258 0.0005473898266545669 125
1756358021327 0.0005071821251479372 126
1756358021395 0.0004683967275860334 127
1756358021464 0.00043105183998818096 128
1756358021533 0.0003951649921926153 129
1756358021602 0.0003607530296279143 130
1756358021674 0.00032783210540568035 131
1756358021744 0.00029641767273820953 132
1756358021814 0.00026652447768469364 133
1756358021883 0.00023816655222935816 134
1756358021952 0.00021135720769479416 135
1756358022021 0.0001861090284935739 136
1756358022092 0.0001624338662210723 137
1756358022435 0.00014034283409228703 138
1756358022506 0.00011984630172524611 139
1756358022576 0.00010095389027347028 140
1756358022646 8.367446790976735e-05 141
1756358022717 6.80161456634733e-05 142
1756358022787 5.398627361310483e-05 143
1756358022857 4.1591437436203744e-05 144
1756358022928 3.083745531799172e-05 145
1756358022998 2.172937522029422e-05 146
1756358023069 1.4271472512004512e-05 147
1756358023139 8.467247962209256e-06 148
1756358023209 4.319426096915394e-06 149
1756358023279 1.8299539201436136e-06 150
1756358051219 0.0016290358780721268 1
1756358051292 0.0032580717561442535 2
1756358051361 0.00488710763421638 3
1756358051432 0.006516143512288507 4
1756358051502 0.008145179390360633 5
1756358051573 0.008145179390360633 6
1756358051643 0.008144223662840264 7
1756358051713 0.008141356928901443 8
1756358051784 0.00813658053420044 9
1756358051854 0.008129896720795856 10
1756358051924 0.008121308626096196 11
1756358051995 0.008110820281387142 12
1756358052066 0.00809843660993927 13
1756358052137 0.008084163424697031 14
1756358052207 0.008068007425550142 15
1756358052278 0.008049976196188635 16
1756358052349 0.008030078200543026 17
1756358052420 0.008008322778811328 18
1756358052493 0.007984720143074721 19
1756358052564 0.007959281372503957 20
1756358052635 0.007932018408158756 21
1756358052706 0.007902944047382624 22
1756358052778 0.007872071937795735 23
1756358052850 0.007839416570888677 24
1756358052921 0.007804993275220086 25
1756358052992 0.007768818209221373 26
1756358053063 0.00773090835361188 27
1756358053134 0.007691281503428066 28
1756358053206 0.007649956259670452 29
1756358053277 0.007606952020572231 30
1756358053348 0.007562288972493662 31
1756358053420 0.007515988080446516 32
1756358053491 0.007468071078253009 33
1756358053562 0.007418560458343869 34
1756358053634 0.007367479461200293 35
1756358053705 0.007314852064444776 36
1756358053777 0.007260702971585919 37
1756358053848 0.007205057600422505 38
1756358053919 0.007147942071112281 39
1756358053990 0.007089383193911058 40
1756358054061 0.007029408456587863 41
1756358054133 0.00696804601152208 42
1756358054204 0.0069053246624886004 43
1756358054276 0.006841273851137229 44
1756358054347 0.006775923643172651 45
1756358054419 0.006709304714241468 46
1756358054491 0.006641448335532934 47
1756358054562 0.006572386359100131 48
1756358054634 0.006502151202908492 49
1756358054706 0.006430775835618679 50
1756358054778 0.006358293761110958 51
1756358054849 0.006284739002758353 52
1756358054921 0.006210146087455935 53
1756358054993 0.006134550029413759 54
1756358055064 0.006057986313721062 55
1756358055135 0.005980490879689413 56
1756358055207 0.005902100103982666 57
1756358055278 0.005822850783541599 58
1756358055350 0.005742780118311296 59
1756358055422 0.00566192569377934 60
1756358055494 0.005580325463333035 61
1756358055566 0.0054980177304439345 62
1756358055637 0.005415041130688046 63
1756358055709 0.005331434613610134 64
1756358055782 0.005247237424440652 65
1756358055854 0.00516248908567387 66
1756358055926 0.005077229378515864 67
1756358055998 0.004991498324211064 68
1756358056070 0.004905336165256115 69
1756358056142 0.004818783346509892 70
1756358056214 0.004731880496208529 71
1756358056286 0.004644668406894353 72
1756358056358 0.004557188016267714 73
1756358056430 0.0044694803879706604 74
1756358056502 0.004381586692311501 75
1756358056574 0.0042935481869393055 76
1756358056646 0.004205406197477394 77
1756358056719 0.0041172020981249296 78
1756358056791 0.004028977292235706 79
1756358056864 0.003940773192883241 80
1756358056936 0.0038526312034213293 81
1756358057008 0.0037645926980491335 82
1756358057081 0.0036766990023899752 83
1756358057154 0.0035889913740929213 84
1756358057227 0.003501510983466282 85
1756358057299 0.0034142988941521066 86
1756358057372 0.003327396043850742 87
1756358057444 0.0032408432251045207 88
1756358057516 0.0031546810661495705 89
1756358057589 0.003068950011844771 90
1756358057662 0.0029836903046867665 91
1756358057735 0.0028989419659199833 92
1756358057808 0.0028147447767505 93
1756358057881 0.0027311382596725883 94
1756358057953 0.0026481616599167003 95
1756358058026 0.0025658539270276 96
1756358058099 0.0024842536965812945 97
1756358058172 0.0024033992720493384 98
1756358058245 0.002323328606819037 99
1756358058318 0.0022440792863779708 100
1756358058391 0.0021656885106712217 101
1756358058465 0.0020881930766395735 102
1756358058538 0.0020116293609468757 103
1756358058611 0.0019360333029047007 104
1756358058684 0.0018614403876022814 105
1756358058758 0.001787885629249677 106
1756358058831 0.0017154035547419567 107
1756358058904 0.0016440281874521433 108
1756358058977 0.0015737930312605037 109
1756358059051 0.0015047310548277014 110
1756358059124 0.0014368746761191668 111
1756358059198 0.0013702557471879844 112
1756358059272 0.0013049055392234047 113
1756358059345 0.0012408547278720343 114
1756358059419 0.0011781333788385558 115
1756358059492 0.0011167709337727716 116
1756358059566 0.0010567961964495765 117
1756358059639 0.0009982373192483534 118
1756358059713 0.0009411217899381294 119
1756358059787 0.0008854764187747157 120
1756358059861 0.0008313273259158581 121
1756358059935 0.0007786999291603414 122
1756358060009 0.0007276189320167658 123
1756358060083 0.0006781083121076261 124
1756358060156 0.0006301913099141187 125
1756358060230 0.0005838904178669721 126
1756358060304 0.0005392273697884028 127
1756358060378 0.0004962231306901822 128
1756358060452 0.000454897886932568 129
1756358060526 0.00041527103674875534 130
1756358060600 0.0003773611811392619 131
1756358060674 0.0003411861151405479 132
1756358060748 0.00030676281947195766 133
1756358060822 0.0002741074525648983 134
1756358060896 0.00024323534297800896 135
1756358061224 0.00021416098220187864 136
1756358061298 0.00018689801785667654 137
1756358061373 0.0001614592472859121 138
1756358061448 0.00013785661154930507 139
1756358061523 0.00011610118981760732 140
1756358061598 9.620319417199843e-05 141
1756358061673 7.817196481049034e-05 142
1756358061748 6.201596566360352e-05 143
1756358061823 4.774278042136486e-05 144
