1756357660301 1.0662988813027092 1
1756357660326 0.8627603727838268 2
1756357660349 0.7880761493807253 3
1756357660372 0.7148621471031852 4
1756357660395 0.7634861780249554 5
1756357660418 0.6375998958297397 6
1756357660441 0.6041779492212378 7
1756357660464 0.5802355875139651 8
1756357660487 0.5840844278750212 9
1756357660510 0.5272321804710056 10
1756357660533 0.6062515015187471 11
1756357660557 0.5325147017188694 12
1756357660580 0.5724919399489528 13
1756357660603 0.5697002488633861 14
1756357660626 0.5000900250414143 15
1756357660649 0.5056625915610272 16
1756357660673 0.4902646710043368 17
1756357660696 0.4948152692421623 18
1756357660719 0.4480878296105758 19
1756357660743 0.4616620916387309 20
1756357660766 0.49118588540865027 21
1756357660790 0.4642907536548117 22
1756357660813 0.44219856028971466 23
1756357660837 0.4133636549763057 24
1756357660860 0.4218577885109445 25
1756357660884 0.42017332108124444 26
1756357660907 0.41350900478985 27
1756357660931 0.38728537896405096 28
1756357660954 0.379983470491741 29
1756357660978 0.35569468918054 30
1756357661002 0.3479441870813784 31
1756357661025 0.3751913322054822 32
1756357661049 0.3936454265013985 33
1756357661073 0.3868792562381081 34
1756357661096 0.4187496200851772 35
1756357661120 0.3884883186091547 36
1756357661144 0.43669513774954755 37
1756357661168 0.3976587368094403 38
1756357661192 0.3886004206926926 39
1756357661216 0.414043467329896 40
1756357661240 0.4090842358444048 41
1756357661264 0.3797344526518946 42
1756357661288 0.3541878306347391 43
1756357661312 0.34820790394492773 44
1756357661336 0.33520011668619903 45
1756357661360 0.31745169992032257 46
1756357661384 0.3294462781885396 47
1756357661408 0.29772565611030744 48
1756357661432 0.31402724722157355 49
1756357661457 0.3040072606957477 50
1756357661481 0.31524495586105017 51
1756357661505 0.3355356325273928 52
1756357661530 0.35072769548581995 53
1756357661554 0.37598386925199756 54
1756357661578 0.29546100549075915 55
1756357661603 0.29283057153224945 56
1756357661627 0.29794598467971967 57
1756357661652 0.28216511335061945 58
1756357661676 0.29251638443573663 59
1756357661701 0.2902753301288771 60
1756357661725 0.2997500235619752 61
1756357661750 0.29166086730749713 62
1756357661774 0.26098068771154986 63
1756357661799 0.2664822625077289 64
1756357661824 0.25221932517445605 65
1756357661848 0.2571808099746704 66
1756357661873 0.25817408769027045 67
1756357661898 0.28587585298911383 68
1756357661923 0.276963177582492 69
1756357661947 0.248208150267601 70
1756357661972 0.2599735486766566 71
1756357661997 0.24154811708823495 72
1756357662022 0.23272011785403543 73
1756357662047 0.24332268276940222 74
1756357662072 0.2352288598599641 75
1756357662097 0.24940175141977228 76
1756357754112 0.966880562512771 1
1756357754150 0.9149974040363146 2
1756357754186 0.7977299223775449 3
1756357754221 0.7159227366032808 4
1756357754257 0.7634458179059236 5
1756357754292 0.6556047563967498 6
1756357754328 0.5765998143216838 7
1756357754363 0.5832790408445441 8
1756357754399 0.5570446356483127 9
1756357754435 0.5399812861629154 10
1756357754471 0.5547716565754103 11
1756357754506 0.5217098023580469 12
1756357754542 0.4687161665895711 13
1756357754578 0.46119409799575806 14
1756357754614 0.4862283869929936 15
1756357754650 0.46647205560103705 16
1756357754686 0.47146033074544824 17
1756357754721 0.4338106772174006 18
1756357754757 0.4104104378949041 19
1756357754793 0.39050880204076355 20
1756357754829 0.37406623363494873 21
1756357754865 0.42197851901469025 22
1756357754901 0.44972419350043585 23
1756357754937 0.462938587302747 24
1756357754973 0.4423664419547371 25
1756357755009 0.42136218884716864 26
1756357755045 0.372829583675965 27
1756357755081 0.3759179244870725 28
1756357755118 0.3663397871929666 29
1756357755154 0.383534743734028 30
1756357755193 0.37373028501220373 31
1756357755229 0.3511540928612585 32
1756357755266 0.33922484517097473 33
1756357755303 0.32326455738233484 34
1756357755339 0.3576382022836934 35
1756357755376 0.32933216120885767 36
1756357755413 0.3625666382520095 37
1756357755449 0.3450891181178715 38
1756357755486 0.3042209938816402 39
1756357755522 0.3096974466157996 40
1756357755560 0.3417427481516548 41
1756357755597 0.2865217094836028 42
1756357755633 0.28695761120837665 43
1756357755670 0.2859457478575084 44
1756357755707 0.2787591821473578 45
1756357755744 0.30351491142874176 46
1756357755780 0.2788750743088515 47
1756357755817 0.27601836038672406 48
1756357755854 0.29201105107431824 49
1756357755891 0.29324485944664996 50
1756357755928 0.27891044124313025 51
1756357755965 0.27086727969024493 52
1756357756002 0.3039048514936281 53
1756357756038 0.2898253442152687 54
1756357756076 0.28921598908693896 55
1756357756113 0.30149877071380615 56
1756357756150 0.27863179535969446 57
1756357756187 0.27840000779732416 58
1756357756224 0.2510452069666075 59
1756357756261 0.28707189922747406 60
1756357756298 0.2601698118707408 61
1756357756336 0.2469842842091685 62
1756357756373 0.23830638696318088 63
1756357756410 0.24485868604286856 64
1756357756447 0.2795730453470479 65
1756357756485 0.2605145230241444 66
1756357756522 0.3160909997380298 67
1756357756560 0.29451838654020557 68
1756357756597 0.25366969989693683 69
1756357756635 0.25028189692808234 70
1756357756672 0.23551540465458579 71
1756357756710 0.2380125062621158 72
1756357756747 0.24596884198810742 73
1756357756785 0.23509701892085696 74
1756357756822 0.24215862802837207 75
1756357756860 0.2242140990236531 76
1756357756898 0.23382794079573258 77
1756357756935 0.22638570808846017 78
1756357850137 0.969228031842605 1
1756357850191 0.9108911156654358 2
1756357850238 0.777287993742072 3
1756357850285 0.7689362220142199 4
1756357850332 0.6893313293871672 5
1756357850379 0.6187542625095533 6
1756357850427 0.5980117074821306 7
1756357850488 0.5744751912096272 8
1756357850536 0.5117665606996288 9
1756357850583 0.4909912218218264 10
1756357850630 0.4854941108952398 11
1756357850678 0.49449940090594086 12
1756357850725 0.47012835093166516 13
1756357850773 0.45597138612166693 14
1756357850820 0.4555547366971555 15
1756357850867 0.46725177894467895 16
1756357850915 0.4649058243502741 17
1756357850962 0.4665721745594688 18
1756357851009 0.44926401584044745 19
1756357851057 0.47429410400597943 20
1756357851105 0.4221306067446004 21
1756357851153 0.4021562778431436 22
1756357851201 0.4748316173968108 23
1756357851249 0.42488981718602387 24
1756357851310 0.42682489623194153 25
1756357851357 0.3919014360593713 26
1756357851406 0.4016005785568901 27
1756357851454 0.3769571962563888 28
1756357851501 0.37508626865304034 29
1756357851549 0.44691705444584723 30
1756357851597 0.41311720791070355 31
1756357851645 0.4186235031355982 32
1756357851693 0.42666173240412836 33
1756357851742 0.4277888782646345 34
1756357851790 0.39982157686482306 35
1756357851838 0.3955254153065059 36
1756357851886 0.358358568471411 37
1756357851934 0.3617293303427489 38
1756357851982 0.3619178546511609 39
1756357852030 0.3501150737638059 40
1756357852090 0.33279777609783673 41
1756357852140 0.3414989269298056 42
1756357852188 0.32892274597416754 43
1756357852237 0.3714283886163131 44
1756357852285 0.3724308571089869 45
1756357852333 0.3462452020334161 46
1756357852382 0.3154058145440143 47
1756357852430 0.3330122297224791 48
1756357852479 0.3856700775416001 49
1756357852527 0.2937003983103711 50
1756357852577 0.3031287335831186 51
1756357852626 0.3025118954803633 52
1756357852675 0.27821086994979694 53
1756357852723 0.285106936874597 54
1756357852772 0.2685093581676483 55
1756357852821 0.27765143306359 56
1756357852869 0.2713259439105573 57
1756357852918 0.26727583486100903 58
1756357852967 0.27429559308549634 59
1756357853016 0.2728151990019757 60
1756357853065 0.29316670998283056 61
1756357853114 0.27593084197977313 62
1756357853162 0.27712299124054285 63
1756357853211 0.2576142329236735 64
1756357853260 0.23778668240360593 65
1756357853308 0.2427784554336382 66
1756357853357 0.23802228466324185 67
1756357977424 0.9399905334348264 1
1756357977488 0.867052964542223 2
1756357977550 0.8414543245149695 3
1756357977612 0.8186522774074388 4
1756357977674 0.7964908558389415 5
1756357977736 0.6865795254707336 6
1756357977798 0.6569708715314451 7
1756357977860 0.6324325903602268 8
1756357977923 0.5446102061997289 9
1756357977985 0.5343703834906869 10
1756357978047 0.5375784648501355 11
1756357978109 0.515596726666326 12
1756357978172 0.48640383974365564 13
1756357978234 0.46910808526951336 14
1756357978296 0.4708815424338631 15
1756357978358 0.5211094345735467 16
1756357978421 0.4880410977031874 17
1756357978483 0.48389766008957574 18
1756357978546 0.4392210426537887 19
1756357978608 0.45724534210951434 20
1756357978670 0.4266136664411296 21
1756357978733 0.4488447464030722 22
1756357978795 0.41504002394883527 23
1756357978858 0.41310433330743207 24
1756357978921 0.403775445792986 25
1756357978984 0.402848904547484 26
1756357979047 0.4005094287188157 27
1756357979110 0.37413560177968896 28
1756357979173 0.39667255075081537 29
1756357979236 0.41639212810474896 30
1756357979299 0.4172475752623185 31
1756357979362 0.4007746356984843 32
1756357979424 0.3874691685904627 33
1756357979487 0.3428442990002425 34
1756357979550 0.3552489565766376 35
1756357979613 0.4253319307513859 36
1756357979676 0.3538076618443365 37
1756357979739 0.35759854446286743 38
1756357979802 0.3355143782885178 39
1756357979865 0.33898702134256775 40
1756357979928 0.34401956978051557 41
1756357979991 0.32779402577358746 42
1756357980054 0.3112038574788881 43
1756357980117 0.3060518937266391 44
1756357980181 0.31298955238383747 45
1756357980244 0.3211627945951793 46
1756357980307 0.37948672149492346 47
1756357980370 0.3385370619918989 48
1756357980433 0.32157454801642377 49
1756357980497 0.28633798788423126 50
1756357980560 0.29848369437715283 51
1756357980624 0.2970714536697968 52
1756357980687 0.29942924432132556 53
1756357980750 0.28953828371089435 54
1756357980813 0.29720002995884937 55
1756357980876 0.3069944433543993 56
1756357980942 0.2828227488890938 57
1756357981006 0.281935163166212 58
1756357981070 0.25502562198949896 59
1756357981134 0.270916188540666 60
1756357981198 0.26912082278210187 61
1756357981263 0.2709060829618703 62
1756357981327 0.2547511374172957 63
1756357981391 0.28657409937485406 64
1756357981455 0.2532058040732923 65
1756357981519 0.2710361616766971 66
1756357981583 0.25828457656113996 67
1756357981647 0.2817769990019176 68
1756357981711 0.26583225506803265 69
1756357981776 0.2513440776130427 70
1756357981840 0.2684703961662624 71
1756357981904 0.25588845364425494 72
1756357981967 0.26101371969865717 73
1756357982031 0.2459376441395801 74
1756357982095 0.23209540740303372 75
1756357982159 0.2376289205706638 76
1756357982224 0.2585033787333447 77
1756357982287 0.25785620834516443 78
1756357982351 0.26790874548580335 79
1756357982416 0.2429420734229295 80
1756357982480 0.2269499217686446 81
1756357982544 0.23919520948244177 82
1756357982608 0.23363074465938236 83
1756357982672 0.24427799167840378 84
1756357982736 0.24213525458522464 85
1756357982801 0.2405979775864145 86
1756357982865 0.2195058989783992 87
1756357982929 0.22574902423050092 88
1756357982994 0.20750335571558579 89
1756357983058 0.22844378002311871 90
1756357983122 0.2180659647869027 91
1756357983186 0.2128802213979804 92
1756357983251 0.21561169365177985 93
1756357983316 0.2107315542905227 94
1756357983380 0.21275693566902823 95
1756357983445 0.19931012651194696 96
1756357983509 0.19905982522860818 97
1756357983574 0.20887892401736716 98
1756357983639 0.1883960301461427 99
1756357983703 0.20616035163402557 100
1756357983768 0.20992664992809296 101
1756357983833 0.21090177414209946 102
1756357983898 0.20053126047486844 103
1756357983963 0.20866728476856067 104
1756357984028 0.20461888028227765 105
1756357984093 0.19664721579655356 106
1756357984157 0.18977033379285232 107
1756357984222 0.19193757940893588 108
