1756357601895 1.8461895507314932 1
1756357601910 1.946873962879181 2
1756357601923 1.2830333787461985 3
1756357601935 1.100648688233417 4
1756357601948 1.042411780875662 5
1756357601961 1.1584245549595875 6
1756357601974 0.8204091968743698 7
1756357601986 0.7097885453182718 8
1756357601999 0.6136268182941105 9
1756357602012 0.5857827805954477 10
1756357602025 0.5334548107955767 11
1756357602038 0.4990570260130841 12
1756357602051 0.49175658562909 13
1756357602064 0.6039080386576445 14
1756357602077 0.6103407934955929 15
1756357602090 0.5726983676786008 16
1756357602103 0.5210019013156062 17
1756357602116 0.44052527844905853 18
1756357602129 0.3965798849644868 19
1756357602142 0.37011809323144995 20
1756357602155 0.39218247131161066 21
1756357602168 0.3410391710374666 22
1756357602182 0.3572481067284294 23
1756357602195 0.3897696798262389 24
1756357602208 0.45848361111205554 25
1756357602222 0.37670122929241345 26
1756357602235 0.36057487907616986 27
1756357602248 0.30780609340771387 28
1756357602262 0.3074561253837917 29
1756357602275 0.24667743755423505 30
1756357602288 0.24998820799848306 31
1756357602302 0.2984479950821918 32
1756357602315 0.2987024511979974 33
1756357602328 0.30103591408418573 34
1756357602342 0.30662304422129755 35
1756357602355 0.24137239611667136 36
1756357602369 0.2651572136775307 37
1756357602382 0.34805532771608105 38
1756357602396 0.2719631700412087 39
1756357602410 0.2633405379627062 40
1756357602423 0.23511552810668945 41
1756357602437 0.2233808766240659 42
1756357602451 0.2017341392195743 43
1756357602464 0.21008465860200964 44
1756357602478 0.17811157295237418 45
1756357602492 0.1761238704557004 46
1756357602506 0.17243617513905402 47
1756357602519 0.19263663045738055 48
1756357602533 0.18268267292043436 49
1756357602547 0.18392218357842902 50
1756357602561 0.17557248667530392 51
1756357602575 0.15169692476806435 52
1756357602589 0.15642693606407745 53
1756357602603 0.17347813559615094 54
1756357602617 0.15385867072188336 55
1756357602631 0.23805297522441202 56
1756357602645 0.21962218310521997 57
1756357602659 0.19943587546763214 58
1756357602673 0.1904969419474187 59
1756357602687 0.13806591344916302 60
1756357602701 0.15516909956932068 61
1756357602716 0.1769187933076983 62
1756357602730 0.21050611624251242 63
1756357602744 0.16661470772131629 64
1756357602759 0.166756181937197 65
1756357602773 0.1376909905153772 66
1756357602787 0.16511423124567323 67
1756357602802 0.1469949793232524 68
1756357602817 0.13369906693696976 69
1756357602831 0.09712840195583261 70
1756357602846 0.1224731621534928 71
1756357602860 0.12057383245100146 72
1756357602875 0.12223306978526323 73
1756357602889 0.1281324320513269 74
1756357602904 0.11107529473045598 75
1756357602919 0.11447514075299968 76
1756357602933 0.1244771806118281 77
1756357602948 0.10327041716031406 78
1756357602963 0.10849120889021002 79
1756357602977 0.10253708258919093 80
1756357602992 0.10716967705799185 81
1756357603007 0.10746126233235649 82
1756357699346 1.4821977148885312 1
1756357699378 1.6291937568913335 2
1756357699406 1.1682771884876748 3
1756357699434 1.0012380467808766 4
1756357699463 0.7843405772810397 5
1756357699491 0.7893223166465759 6
1756357699520 0.6857043439927308 7
1756357699548 0.6809966641923656 8
1756357699576 0.6364876368771428 9
1756357699605 0.5792834473692853 10
1756357699633 0.6204240296197974 11
1756357699661 0.5451410477576049 12
1756357699690 0.4261827365211818 13
1756357699718 0.42604646475418756 14
1756357699746 0.4165977382141611 15
1756357699775 0.36303369376970374 16
1756357699803 0.3352887986794762 17
1756357699832 0.3786303284375564 18
1756357699860 0.3522007167339325 19
1756357699889 0.3833086289789366 20
1756357699917 0.3255457282066345 21
1756357699946 0.29767125650592474 22
1756357699974 0.29710596605487494 23
1756357700003 0.26605588845584704 24
1756357700032 0.29194584424081055 25
1756357700060 0.2933081038620161 26
1756357700089 0.25882427394390106 27
1756357700118 0.2579974985640982 28
1756357700147 0.24456868158734363 29
1756357700176 0.240102073420649 30
1756357700204 0.24823750814665918 31
1756357700233 0.21707447942184366 32
1756357700262 0.29710348080033844 33
1756357700291 0.29707247277964716 34
1756357700319 0.24352073928584222 35
1756357700348 0.23855521367943805 36
1756357700377 0.26856986660024396 37
1756357700406 0.24157748209393543 38
1756357700435 0.18318891978782156 39
1756357700464 0.23226315690123517 40
1756357700493 0.23991777715475662 41
1756357700522 0.20162713074165842 42
1756357700552 0.2062222342128339 43
1756357700581 0.18084859232539716 44
1756357700610 0.2120134616675584 45
1756357700640 0.28468827514544776 46
1756357700669 0.21316400688627493 47
1756357700699 0.17061880068934482 48
1756357700729 0.20800536579411963 49
1756357700758 0.202439713737239 50
1756357700788 0.15893644969100537 51
1756357700817 0.15577361635539844 52
1756357700847 0.17749257353336914 53
1756357700876 0.1559407163573348 54
1756357700906 0.13293873291948569 55
1756357700935 0.1653992229181787 56
1756357700965 0.1553109589478244 57
1756357700994 0.15539572193570758 58
1756357701024 0.1464725920687551 59
1756357701053 0.14306109592966412 60
1756357701083 0.11093517182313878 61
1756357701113 0.14610019941692767 62
1756357701142 0.13761289871257285 63
1756357701172 0.15071436017751694 64
1756357701202 0.1592472218300985 65
1756357701232 0.13002049955336945 66
1756357701261 0.11938019939090895 67
1756357701291 0.12365925085285435 68
1756357701321 0.10067727773085884 69
1756357701351 0.13502571116323056 70
1756357701381 0.12443732194926428 71
1756357701411 0.12134973251301309 72
1756357701441 0.10797702666857968 73
1756357701471 0.12608785506175912 74
1756357701501 0.11338601293771164 75
1756357701531 0.12371690668489622 76
1756357701561 0.1242935087369836 77
1756357701592 0.1078911250376183 78
1756357701622 0.09631160452314046 79
1756357701652 0.10101080718247787 80
1756357701682 0.09226699853720872 81
1756357701713 0.08134864157308704 82
1756357701743 0.09045908729667249 83
1756357701773 0.08457931260699811 84
1756357787861 1.5577951617862866 1
1756357787904 1.3961204808691274 2
1756357787944 1.2114046786142432 3
1756357787984 1.3091159981230032 4
1756357788023 1.049997910209324 5
1756357788063 0.7893855766109799 6
1756357788103 0.6486758797065072 7
1756357788143 0.4991406902022984 8
1756357788186 0.47431813115658966 9
1756357788226 0.4609830211038175 10
1756357788266 0.41972272033276764 11
1756357788306 0.40033543628195056 12
1756357788346 0.4620908135953157 13
1756357788386 0.5573978696180426 14
1756357788426 0.35214798476385034 15
1756357788466 0.37033564564974414 16
1756357788506 0.42152704492859217 17
1756357788546 0.4181775249864744 18
1756357788586 0.40178875171619916 19
1756357788626 0.2734893456749294 20
1756357788666 0.2881820363842923 21
1756357788707 0.2987821691710016 22
1756357788747 0.2885533577722052 23
1756357788787 0.388821472292361 24
1756357788827 0.3919636049996252 25
1756357788867 0.3444911222095075 26
1756357788908 0.29438925178154657 27
1756357788948 0.3030408258023469 28
1756357788988 0.2642744604660117 29
1756357789029 0.2628214799839517 30
1756357789069 0.23892872035503387 31
1756357789109 0.22694683269314145 32
1756357789149 0.21069727254950482 33
1756357789190 0.2123484595314316 34
1756357789231 0.1945578449446222 35
1756357789271 0.17136122966590134 36
1756357789312 0.2063143305156542 37
1756357789352 0.19473940717137378 38
1756357789393 0.1972583778526472 39
1756357789434 0.23525481249975122 40
1756357789475 0.2561003313116405 41
1756357789515 0.21685654961544534 42
1756357789556 0.20006964388100998 43
1756357789597 0.20253949061683987 44
1756357789637 0.18756086994772372 45
1756357789678 0.1917509903078494 46
1756357789719 0.1732678371279136 47
1756357789759 0.19437997529040213 48
1756357789800 0.2145879987789237 49
1756357789841 0.16678459132495133 50
1756357789882 0.17840478860813638 51
1756357789923 0.182899151807246 52
1756357789964 0.16329204031954642 53
1756357790005 0.17310469208852106 54
1756357790046 0.171846153943435 55
1756357790087 0.15783805367739304 56
1756357790127 0.13528784623612528 57
1756357790169 0.1638647133241529 58
1756357790210 0.1441737361576246 59
1756357790251 0.13115045784608179 60
1756357790292 0.1198930970352629 61
1756357902248 1.5043806330017422 1
1756357902305 1.3327523806820745 2
1756357902359 1.6906049251556396 3
1756357902414 0.986246873503146 4
1756357902468 0.8295908933100493 5
1756357902523 0.8054421932800956 6
1756357902577 0.6544634077859961 7
1756357902632 0.5464778024217357 8
1756357902688 0.5791217529255411 9
1756357902743 0.5920230538948722 10
1756357902798 0.5592194484627765 11
1756357902852 0.5520737916231155 12
1756357902907 0.6325689152531002 13
1756357902962 0.4429304593283197 14
1756357903017 0.5375170629957448 15
1756357903072 0.5484941213027291 16
1756357903127 0.45049490876819775 17
1756357903182 0.47335801046827564 18
1756357903237 0.4093739973462146 19
1756357903291 0.38894970002381696 20
1756357903346 0.3458650896082754 21
1756357903400 0.345489532403324 22
1756357903455 0.3605144010937732 23
1756357903510 0.33335935032886005 24
1756357903565 0.37277260163555975 25
1756357903620 0.3065046544956124 26
1756357903675 0.2763102922750556 27
1756357903730 0.3390267497819403 28
1756357903785 0.35406878201857855 29
1756357903840 0.3101682844369308 30
1756357903896 0.2804221614547398 31
1756357903951 0.3056949221569559 32
1756357904006 0.332348073306291 33
1756357904061 0.3475343299948651 34
1756357904116 0.27586754055126855 35
1756357904171 0.22809371643740198 36
1756357904226 0.23703990811886994 37
1756357904281 0.19281058207802151 38
1756357904336 0.2715899788815042 39
1756357904392 0.3425932811654132 40
1756357904447 0.3039698451757431 41
1756357904502 0.23788962869540506 42
1756357904557 0.19340617371642072 43
1756357904613 0.17850914759480435 44
1756357904668 0.19474881660679114 45
1756357904724 0.17406566181908484 46
1756357904779 0.17959427218074384 47
1756357904834 0.21819116952626602 48
1756357904890 0.21117267854835675 49
1756357904946 0.20289383569489355 50
1756357905002 0.21567225423843964 51
1756357905057 0.2023359384873639 52
1756357905113 0.17626288306453955 53
1756357905169 0.16853795071011005 54
1756357905224 0.1634047987020534 55
1756357905280 0.16487334798211636 56
1756357905336 0.1633080590678298 57
1756357905392 0.14764756126248318 58
1756357905448 0.15413322267325028 59
1756357905504 0.160709784730621 60
1756357905560 0.17377803377483203 61
1756357905616 0.16540391743183136 62
1756357905672 0.13789226730232654 63
1756357905728 0.14319791353267172 64
1756357905784 0.16606485843658447 65
1756357905839 0.15115806784318842 66
1756357905895 0.14080940154583557 67
1756358080093 1.818285610364831 1
1756358080170 1.5938456706378772 2
1756358080244 1.0858696543652078 3
1756358080318 0.8347767280495685 4
1756358080393 0.9003518793893897 5
1756358080468 0.6346434924913489 6
1756358080543 0.7322475171607473 7
1756358080618 0.6619240719339122 8
1756358080693 0.644581526517868 9
1756358080768 0.5674593798492266 10
1756358080843 0.4902290183564891 11
1756358080918 0.44711200439411664 12
1756358080993 0.4871204482472461 13
1756358081068 0.4928791756215303 14
1756358081143 0.546389973681906 15
1756358081218 0.48530144147250964 16
1756358081293 0.6017094332238903 17
1756358081369 0.42896452675695007 18
1756358081444 0.5601842701435089 19
1756358081519 0.5110848351665165 20
1756358081594 0.4573486952678017 21
1756358081670 0.41575361140396283 22
1756358081745 0.36209622543791065 23
1756358081820 0.3636519384125005 24
1756358081895 0.3267414258873981 25
1756358081970 0.30449179721915204 26
1756358082046 0.3359134229628936 27
1756358082122 0.4079156634600266 28
1756358082197 0.3297941568105117 29
1756358082272 0.29182561519353284 30
1756358082348 0.3017971483261689 31
1756358082423 0.3450303336848383 32
1756358082499 0.32185187806253845 33
1756358082575 0.2722656882327536 34
1756358082650 0.23729078212509985 35
1756358082726 0.20592069755429807 36
1756358082801 0.2273194391442382 37
1756358082877 0.2361642653527467 38
1756358082952 0.21551911597666534 39
1756358083028 0.25201333735300147 40
1756358083103 0.21780017990133035 41
1756358083179 0.20416555132554925 42
1756358083260 0.19087876444277557 43
1756358083336 0.19287111642568008 44
1756358083414 0.2178168782721395 45
1756358083490 0.2065078493045724 46
1756358083567 0.20852105902588886 47
1756358083643 0.20224980005751486 48
1756358083719 0.21588434764872427 49
1756358083795 0.17698605876901877 50
1756358083871 0.15044766826474149 51
1756358083947 0.19271576663722162 52
1756358084024 0.17911472916603088 53
1756358084100 0.1445639654994011 54
1756358084176 0.14004921070907428 55
1756358084252 0.1482178442504095 56
1756358084329 0.19827055315608563 57
1756358084405 0.1790213714475217 58
1756358084482 0.15680945081555325 59
1756358084559 0.14177015585743863 60
1756358084635 0.14766461888085242 61
1756358084711 0.13330643429704334 62
1756358084787 0.13035402641348218 63
1756358084864 0.14028061732001926 64
1756358084940 0.12314479943850766 65
1756358085017 0.10750530530577121 66
1756358085093 0.13210038241484892 67
1756358085170 0.11622026335933934 68
1756358085247 0.13808755641398224 69
1756358085323 0.1856391705248667 70
1756358085400 0.1392212335182273 71
1756358085477 0.12957416733969812 72
1756358085553 0.12813705303098843 73
1756358085630 0.11830538835214532 74
1756358085706 0.13791500420674033 75
1756358085783 0.11686820148125938 76
1756358085860 0.1471151579981265 77
1756358085936 0.13345523275758908 78
1756358086013 0.12605778613816138 79
1756358086090 0.11331419355195502 80
1756358086167 0.09912478729434636 81
1756358086244 0.10685071349143982 82
1756358086320 0.09242286646495694 83
1756358086397 0.11089543075017307 84
1756358086474 0.08848227430944858 85
1756358086552 0.07925961263801741 86
1756358086629 0.07626268850720447 87
1756358086706 0.08786134907732839 88
1756358086783 0.09010995600534522 89
1756358086860 0.09282946019716885 90
1756358086937 0.07283131033182144 91
1756358087018 0.08101072875053986 92
1756358087106 0.12157699368570161 93
