1755979663624 2.217283272743225 1
1755979663632 2.0568289399147033 2
1755979663638 1.6786898612976073 3
1755979663645 1.6467594623565673 4
1755979663651 1.1846775650978087 5
1755979663658 1.1500478029251098 6
1755979663665 1.0826218664646148 7
1755979663671 0.7998160719871521 8
1755979663678 0.6882858574390411 9
1755979663685 0.5034162551164627 10
1755979663692 0.5218885481357575 11
1755979663698 0.7153904885053635 12
1755979663705 0.5396107077598572 13
1755979663712 0.693742573261261 14
1755979663719 0.4646352261304855 15
1755979663726 0.43234974294900896 16
1755979663733 0.3943302884697914 17
1755979663740 0.38276070058345796 18
1755979663746 0.4024444192647934 19
1755979663753 0.415494804084301 20
1755979663760 0.37497656643390653 21
1755979663767 0.44382495135068895 22
1755979663773 0.33877129703760145 23
1755979663780 0.3403807908296585 24
1755979663787 0.24863462448120116 25
1755979663794 0.26668073087930677 26
1755979663801 0.2682066038250923 27
1755979663809 0.2853296145796776 28
1755979663816 0.2520220875740051 29
1755979663824 0.24343684911727906 30
1755979663832 0.23220692723989486 31
1755979663839 0.22160892337560653 32
1755979663847 0.2230729267001152 33
1755979663854 0.2867549493908882 34
1755979663861 0.2297230616211891 35
1755979663868 0.18680562749505042 36
1755979663875 0.1779825359582901 37
1755979663882 0.17299298271536828 38
1755979663889 0.20051233917474748 39
1755979663896 0.17132094576954843 40
1755979663903 0.17679487392306328 41
1755979663910 0.2013154685497284 42
1755979663917 0.1778762400150299 43
1755979663924 0.19155930504202842 44
1755979663931 0.21998818591237068 45
1755979663939 0.2068446934223175 46
1755979663946 0.19257534742355348 47
1755979663953 0.14534201398491858 48
1755979663960 0.14261371418833732 49
1755979663967 0.16596774458885194 50
1755979663975 0.18381230980157853 51
