1755979647637 3.451268029212952 1
1755979647649 2.0868767738342284 2
1755979647655 1.9982876896858215 3
1755979647660 1.3690337061882019 4
1755979647666 0.9981437981128692 5
1755979647672 1.0726477205753326 6
1755979647678 0.8883865594863891 7
1755979647683 0.6843987017869949 8
1755979647689 0.6700669825077057 9
1755979647696 0.5924688577651978 10
1755979647702 0.4376185745000839 11
1755979647708 0.4095629006624222 12
1755979647714 0.527796396613121 13
1755979647720 0.4358982339501381 14
1755979647725 0.3480279564857483 15
1755979647731 0.37552001774311067 16
1755979647737 0.3081239968538284 17
1755979647744 0.36374660283327104 18
1755979647750 0.3300338119268417 19
1755979647756 0.2840030059218407 20
1755979647762 0.31322329193353654 21
1755979647768 0.2946517184376717 22
1755979647774 0.2771936431527138 23
1755979647780 0.2909044921398163 24
1755979647786 0.2906426519155502 25
1755979647792 0.23219465017318724 26
1755979647798 0.23949869126081466 27
1755979647804 0.18477729707956314 28
1755979647810 0.19976423159241677 29
1755979647816 0.18168071061372756 30
