1755979634922 1.1531156659126283 1
1755979634929 0.9691534876823426 2
1755979634934 0.9205535292625427 3
1755979634938 0.8972830891609191 4
1755979634942 0.8086619317531586 5
1755979634946 0.7270797908306121 6
1755979634950 0.688787305355072 7
1755979634955 0.6382843852043152 8
1755979634959 0.5941793501377106 9
1755979634963 0.5889568388462066 10
1755979634968 0.5499495744705201 11
1755979634972 0.5285053223371505 12
1755979634976 0.5061309337615967 13
1755979634981 0.5302292257547379 14
1755979634985 0.5210324168205261 15
1755979634990 0.5082844406366348 16
1755979634994 0.4640196979045868 17
1755979634999 0.4273940473794937 18
1755979635003 0.41448235511779785 19
1755979635008 0.4468173265457153 20
1755979635012 0.43389265835285185 21
1755979635017 0.45513885617256167 22
1755979635022 0.38876087963581085 23
1755979635026 0.37906784415245054 24
1755979635030 0.3588425487279892 25
1755979635035 0.3431768536567688 26
1755979635040 0.36253680288791656 27
1755979635044 0.354025337100029 28
1755979635049 0.36416118741035464 29
1755979635053 0.3840585798025131 30
1755979635058 0.32858090549707414 31
1755979635063 0.37126655876636505 32
1755979635067 0.34833628237247466 33
1755979635071 0.37022424340248106 34
1755979635076 0.30689892172813416 35
1755979635081 0.3212464153766632 36
1755979635086 0.32147189378738406 37
