1755979634922 2.1263070821762087 1
1755979634929 1.5571233749389648 2
1755979634934 1.4508936524391174 3
1755979634938 1.3999541342258452 4
1755979634942 1.0922563433647157 5
1755979634946 0.89266237616539 6
1755979634950 0.8284234225749969 7
1755979634955 0.6994709193706512 8
1755979634959 0.6058861613273621 9
1755979634963 0.6059361040592194 10
1755979634968 0.5459864884614944 11
1755979634972 0.4873989760875702 12
1755979634976 0.45674279034137727 13
1755979634981 0.5098966509103775 14
1755979634985 0.46902812123298643 15
1755979634990 0.4677536845207214 16
1755979634994 0.3752328991889954 17
1755979634999 0.3184887945652008 18
1755979635003 0.29591594338417054 19
1755979635008 0.3647665798664093 20
1755979635012 0.34219347685575485 21
1755979635017 0.3874488025903702 22
1755979635022 0.2861735910177231 23
1755979635026 0.2564892709255219 24
1755979635030 0.22786731272935867 25
1755979635035 0.2066142141819 26
1755979635040 0.23842489272356032 27
1755979635044 0.22168442159891127 28
1755979635049 0.2503952279686928 29
1755979635053 0.2769690528512001 30
1755979635058 0.19845066219568253 31
1755979635063 0.26165465712547303 32
1755979635067 0.21846100687980652 33
1755979635071 0.24043577015399933 34
1755979635076 0.16588730812072755 35
1755979635081 0.19768029898405076 36
1755979635086 0.1938770145177841 37
