1755979663624 0.0006263965135298419 1
1755979663632 0.0012527930270596838 2
1755979663638 0.0018791895405895257 3
1755979663645 0.0025055860541193676 4
1755979663651 0.0031319825676492095 5
1755979663658 0.0031319825676492095 6
1755979663665 0.003131126646781934 7
1755979663671 0.00312855982011701 8
1755979663678 0.003124284894441709 9
1755979663685 0.003118306544324493 10
1755979663692 0.003110631307003443 11
1755979663698 0.003101267575237882 12
1755979663705 0.0030902255881310194 13
1755979663712 0.003077517419933639 14
1755979663719 0.0030631569668410855 15
1755979663726 0.0030471599317979776 16
1755979663733 0.0030295438073272693 17
1755979663740 0.003010327856402431 18
1755979663746 0.0029895330913836736 19
1755979663753 0.00296718225104124 20
1755979663760 0.002943299775690892 21
1755979663767 0.0029179117804687877 22
1755979663773 0.0028910460267749577 23
1755979663780 0.002862731891916629 24
1755979663787 0.0028330003369845644 25
1755979663794 0.0028018838729975677 26
1755979663801 0.0027694165253521618 27
1755979663809 0.0027356337966163153 28
1755979663816 0.002700572627707909 29
1755979663824 0.00266427135750038 30
1755979663832 0.002626769680899732 31
1755979663839 0.002588108605438733 32
1755979663847 0.0025483304064357827 33
1755979663854 0.002507478580767474 34
1755979663861 0.0024655977993053944 35
1755979663868 0.002422733858069186 36
1755979663875 0.002378933628149267 37
1755979663882 0.002334245004453988 38
1755979663889 0.002288716853337247 39
1755979663896 0.0022423989591638526 40
1755979663903 0.002195341969871052 41
1755979663910 0.0021475973415857517 42
1755979663917 0.002099217282358003 43
1755979663924 0.002050254695072262 44
1755979663931 0.0020007631195988647 45
1755979663939 0.0019507966742489627 46
1755979663946 0.0019004099965969472 47
1755979663953 0.00184965818373506 48
1755979663960 0.001798596732025535 49
1755979663967 0.0017472814764161407 50
1755979663975 0.001695768529385482 51
