1755986838926 0.8554888546466828 1
1755986838942 0.7560809880495072 2
1755986838950 0.7687561482191085 3
1755986838958 0.737916998565197 4
1755986838965 0.6918879494071006 5
1755986838973 0.6479754880070686 6
1755986838980 0.6102975681424141 7
1755986838988 0.5330129504203797 8
1755986838996 0.590429475903511 9
1755986839004 0.5536696076393127 10
1755986839011 0.5738381966948509 11
1755986839019 0.485639725625515 12
1755986839026 0.48395697623491285 13
1755986839034 0.5217266693711281 14
1755986839042 0.6434946864843368 15
1755986839049 0.5755540817975998 16
1755986839057 0.5507523819804192 17
1755986839065 0.4928443655371666 18
1755986839072 0.47136492654681206 19
1755986839080 0.4991474062204361 20
1755986839087 0.484036548435688 21
1755986839095 0.4733167663216591 22
1755986839103 0.5350706279277802 23
1755986839110 0.514399154484272 24
1755986839118 0.49091404527425764 25
1755986839126 0.4960226282477379 26
1755986839133 0.44342519491910937 27
1755986839141 0.42555486485362054 28
