1755977786281 2.522735643696475 1
1755977786292 1.6692158219876227 2
1755977786299 1.5077969609916984 3
1755977786304 1.3399369999185784 4
1755977786308 1.3350183220652792 5
1755977786313 1.0381081835790114 6
1755977786317 0.9904437953388536 7
1755977786322 0.9884611524931797 8
1755977786327 0.7894560646314126 9
1755977786331 0.8834555154884016 10
1755977786336 0.7314520319560905 11
1755977786340 0.8396125993171295 12
1755977786345 0.6995134384601147 13
1755977786350 0.7558118803547574 14
1755977786354 0.6775331609434896 15
1755977786359 0.5126807606452471 16
1755977786363 0.622318194090546 17
1755977786368 0.5637953667478128 18
1755977786373 0.5684431517472515 19
1755977786378 0.4851515805953509 20
1755977786382 0.6104228558478417 21
1755977786387 0.5884384599986014 22
1755977786392 0.5264392795113774 23
1755977786397 0.4920592215154078 24
1755977786402 0.49720628540237227 25
1755977786407 0.4642344651284156 26
1755977786411 0.4821267835312075 27
1755977786416 0.5169626282794135 28
1755977786421 0.49332049145520507 29
