1755977786281 1.0410096351202431 1
1755977786292 0.8985487516824301 2
1755977786299 0.8498595674316605 3
1755977786304 0.7766415035569822 4
1755977786308 0.7907940153177683 5
1755977786313 0.6988567272564034 6
1755977786317 0.6830351975831118 7
1755977786322 0.6660212541555429 8
1755977786327 0.6526772855938255 9
1755977786331 0.6128853466603663 10
1755977786336 0.5906450748443604 11
1755977786340 0.6001630417712323 12
1755977786345 0.586902851021135 13
1755977786350 0.5701226344356289 14
1755977786354 0.5795003413767009 15
1755977786359 0.5240230420967201 16
1755977786363 0.5488807206804102 17
1755977786368 0.5304902226893933 18
1755977786373 0.51175308343652 19
1755977786378 0.5067832802797293 20
1755977786382 0.5209055566168451 21
1755977786387 0.49499176926427074 22
1755977786392 0.5022474856345684 23
1755977786397 0.49631049590451376 24
1755977786402 0.4892698298026989 25
1755977786407 0.4794344662071823 26
1755977786411 0.4681958467155308 27
1755977786416 0.47350507858511687 28
1755977786421 0.4725591095236989 29
