1755977900037 1.0095364716532942 1
1755977900056 0.9017495172364371 2
1755977900064 0.8107460183756692 3
1755977900070 0.7488888424712342 4
1755977900077 0.7871167110158251 5
1755977900084 0.7496184857634755 6
1755977900090 0.6714964543844198 7
1755977900097 0.6359994512099725 8
1755977900103 0.6018965201718467 9
1755977900110 0.5852537457045023 10
1755977900117 0.5958802603281937 11
1755977900123 0.5949911072656706 12
1755977900130 0.5743754718984876 13
1755977900137 0.5696925509285617 14
1755977900145 0.5832235979569422 15
1755977900152 0.5315159238004065 16
1755977900159 0.5348475977971956 17
1755977900166 0.5422164267533786 18
1755977900173 0.5128408949096481 19
1755977900180 0.517737051496258 20
1755977900187 0.5084582489806336 21
1755977900194 0.5016526552763853 22
1755977900201 0.4905741679203975 23
1755977900207 0.48381517150185327 24
1755977900215 0.47848007276460724 25
1755977900222 0.5025632009877787 26
1755977900229 0.49617324866257706 27
1755977900236 0.44402933507770687 28
1755977900243 0.49113870789478353 29
1755977900250 0.4795770343247946 30
1755977900257 0.44812568673839814 31
1755977900264 0.4781825563737324 32
1755977900270 0.4610730891490912 33
1755977900277 0.4502250258024637 34
1755977900284 0.4460183084011078 35
1755977900291 0.43496227496630185 36
1755977900298 0.45904551659311565 37
1755977900305 0.43865595603144014 38
1755977900312 0.4227772376367024 39
1755977900319 0.4289240978367917 40
1755977900326 0.43615940697007366 41
1755977900333 0.41655833922423324 42
1755977900340 0.42325466871261597 43
1755977900347 0.4454428789677558 44
1755977900354 0.43724829539076077 45
1755977900361 0.44311749644867787 46
1755977900368 0.41522925956682727 47
1755977900375 0.38814069988665645 48
1755977900382 0.41095934653436983 49
1755977900390 0.436468617869662 50
