1755977831776 0.9320720883158894 1
1755977831786 0.8393456664952365 2
1755977831791 0.8401997159053753 3
1755977831797 0.7702100242113138 4
1755977831802 0.7299775802469873 5
1755977831808 0.7143103430023441 6
1755977831814 0.6893649751489813 7
1755977831820 0.6104314048568924 8
1755977831825 0.6080753919366119 9
1755977831831 0.6008578368595668 10
1755977831836 0.5748161739343173 11
1755977831842 0.550533047744206 12
1755977831847 0.5765343707103234 13
1755977831853 0.5590804017983474 14
1755977831858 0.5464224761182611 15
1755977831864 0.5165085796411936 16
1755977831870 0.5363269281851781 17
1755977831875 0.5080671782617445 18
1755977831881 0.5122644916757361 19
1755977831887 0.50161050139116 20
1755977831893 0.5027121680897552 21
1755977831898 0.4939430166374553 22
1755977831904 0.4939489298826688 23
1755977831909 0.4803354585325563 24
1755977831915 0.46266791282536146 25
1755977831921 0.4685851043307936 26
1755977831926 0.4943373071682918 27
1755977831932 0.4477655972753252 28
1755977831938 0.4687164921265144 29
1755977831944 0.4461449154398658 30
1755977831949 0.47105468906365433 31
