1755907843865 0.00026404966813561127 1
1755907843879 0.0005280993362712225 2
1755907843884 0.0007921490044068338 3
1755907843889 0.001056198672542445 4
1755907843893 0.0013202483406780563 5
1755907843898 0.0013202483406780563 6
1755907843902 0.0013198876960051756 7
1755907843906 0.0013188061563461887 8
1755907843910 0.0013170049043488333 9
1755907843914 0.001314485909655723 10
1755907843918 0.0013112519267505713 11
1755907843923 0.001307306491946204 12
1755907843927 0.0013026539195176534 13
1755907843932 0.0012972992969845617 14
1755907843937 0.0012912484795480532 15
1755907843941 0.0012845080836881573 16
1755907843946 0.0012770854799287856 17
1755907843951 0.001268988784778171 18
1755907843956 0.0012602268518535867 19
1755907843960 0.0012508092622000439 20
1755907843965 0.0012407463138135613 21
1755907843970 0.001230049010380457 22
1755907843975 0.001218729049244978 23
1755907843981 0.0012067988086184294 24
1755907843986 0.001194271334043777 25
1755907843991 0.0011811603241305424 26
1755907843996 0.0011674801155755715 27
1755907844000 0.0011532456674860682 28
1755907844005 0.0011384725450220307 29
1755907844010 0.0011231769023759765 30
1755907844014 0.0011073754651085707 31
1755907844019 0.0010910855118594707 32
1755907844024 0.0010743248554533878 33
1755907844029 0.0010571118234220247 34
1755907844034 0.0010394652379631883 35
1755907844038 0.0010214043953589937 36
1755907844043 0.0010029490448756613 37
1755907844048 0.0009841193671679862 38
1755907844053 0.0009649359522120876 39
1755907844058 0.000945419776790571 40
1755907844063 0.0009255921815547269 41
1755907844068 0.0009054748476888392 42
1755907844074 0.0008850897732021313 43
1755907844079 0.000864459248874263 44
1755907844084 0.0008436058338806931 45
1755907844090 0.00082255233112455 46
1755907844095 0.0008013217623019934 47
1755907844100 0.0007799373427283264 48
1755907844105 0.0007584224559523899 49
1755907844110 0.0007368006281869955 50
1755907844115 0.0007150955025833555 51
1755907844120 0.0006933308133776464 52
1755907844125 0.0006715303599379688 53
