1755907881244 0.8092573761940003 1
1755907881259 0.6685034811496735 2
1755907881268 0.6799659252166748 3
1755907881275 0.6321533441543579 4
1755907881282 0.6260662078857422 5
1755907881290 0.5905066907405854 6
1755907881298 0.5658587843179703 7
1755907881307 0.5169224798679352 8
1755907881315 0.4929182708263397 9
1755907881325 0.4908838212490082 10
1755907881333 0.4671212673187256 11
1755907881341 0.4649076581001282 12
1755907881350 0.47485446035861967 13
1755907881359 0.4142737567424774 14
1755907881367 0.40553258061409 15
1755907881375 0.4007265567779541 16
1755907881384 0.4208924055099487 17
1755907881392 0.4072985529899597 18
1755907881399 0.35515518188476564 19
1755907881406 0.36734127402305605 20
1755907881413 0.34041455686092376 21
1755907881421 0.35129232704639435 22
1755907881429 0.3247707813978195 23
1755907881437 0.3239869922399521 24
1755907881445 0.3251772165298462 25
1755907881453 0.3092780739068985 26
1755907881462 0.2996824383735657 27
1755907881470 0.30438792407512666 28
1755907881479 0.3043211564421654 29
1755907881487 0.29425015300512314 30
1755907881495 0.27118669599294665 31
1755907881503 0.27237849682569504 32
1755907881511 0.26430761218070986 33
1755907881519 0.2597650304436684 34
1755907881527 0.2736081898212433 35
1755907881535 0.25898715257644656 36
1755907881543 0.2598033338785172 37
1755907881550 0.25698861181735994 38
1755907881558 0.2511075586080551 39
1755907881566 0.2441755935549736 40
1755907881575 0.24277103841304778 41
1755907881583 0.23098071813583373 42
1755907881591 0.2282351553440094 43
1755907881600 0.23033883720636367 44
1755907881608 0.22152527272701264 45
1755907881617 0.2173157349228859 46
1755907881625 0.21894615590572358 47
1755907881634 0.22252456247806549 48
1755907881642 0.2271158814430237 49
1755907881651 0.22412036657333373 50
1755907881659 0.21567492038011551 51
1755907881667 0.21582857370376587 52
1755907881676 0.20484037548303605 53
