1755907843865 1.1658287584781646 1
1755907843879 0.9692395567893982 2
1755907843884 0.8249535441398621 3
1755907843889 0.8333172857761383 4
1755907843893 0.8364385843276978 5
1755907843898 0.7546196699142456 6
1755907843902 0.5948424935340881 7
1755907843906 0.5492770910263062 8
1755907843910 0.532396399974823 9
1755907843914 0.4919085085391998 10
1755907843918 0.4780155777931213 11
1755907843923 0.39838444292545316 12
1755907843927 0.41272439658641813 13
1755907843932 0.3840674161911011 14
1755907843937 0.31333536505699155 15
1755907843941 0.2729386940598488 16
1755907843946 0.28992407619953153 17
1755907843951 0.2626222908496857 18
1755907843956 0.3059143483638763 19
1755907843960 0.2511875078082085 20
1755907843965 0.2738391324877739 21
1755907843970 0.23448231667280198 22
1755907843975 0.20415371656417847 23
1755907843981 0.20775511860847473 24
1755907843986 0.20706347674131392 25
1755907843991 0.22961028963327407 26
1755907843996 0.19081769436597823 27
1755907844000 0.18569736927747726 28
1755907844005 0.17451923117041587 29
1755907844010 0.18051452487707137 30
1755907844014 0.1568478152155876 31
1755907844019 0.15310277417302132 32
1755907844024 0.13329459354281425 33
1755907844029 0.14252544417977334 34
1755907844034 0.1420835390686989 35
1755907844038 0.14617839232087135 36
1755907844043 0.14172444194555284 37
1755907844048 0.12458483576774597 38
1755907844053 0.1341722920536995 39
1755907844058 0.14308670684695243 40
1755907844063 0.11888844817876816 41
1755907844068 0.10684748515486717 42
1755907844074 0.1018239326775074 43
1755907844079 0.11135233491659165 44
1755907844084 0.11013483181595803 45
1755907844090 0.10764161199331283 46
1755907844095 0.10436071306467057 47
1755907844100 0.0893508642911911 48
1755907844105 0.095742566883564 49
1755907844110 0.08121469616889954 50
1755907844115 0.0875992752611637 51
1755907844120 0.09375034272670746 52
1755907844125 0.08486080914735794 53
