1756060004912 0.0010301794923026181 1
1756060004922 0.0020603589846052363 2
1756060004926 0.0030905384769078547 3
1756060004931 0.004120717969210473 4
1756060004935 0.0051508974615130905 5
1756060004940 0.0051508974615130905 6
1756060004944 0.0051494896271970575 7
1756060004949 0.005145267663695113 8
1756060004954 0.005138236187662361 9
1756060004959 0.005128402887914608 10
1756060004964 0.005115778517020757 11
1756060004969 0.005100376879545031 12
1756060004974 0.005082214816951885 13
1756060004979 0.0050613121891901125 14
1756060004984 0.005037691852976281 15
1756060004989 0.0050113796368012505 16
1756060004994 0.004982404312687097 17
1756060004999 0.004950797564725327 18
1756060005004 0.004916593954430792 19
1756060005010 0.004879830882949175 20
1756060005015 0.004840548550159392 21
1756060005020 0.004798789910715613 22
1756060005025 0.004754600627076971 23
1756060005030 0.00470802901957635 24
1756060005035 0.0046591260135827916 25
1756060005040 0.004607945083815363 26
1756060005045 0.004554542195869334 27
1756060005051 0.004498975745018621 28
1756060005056 0.00444130649236141 29
1756060005061 0.004381597498378791 30
1756060005066 0.004319914053979045 31
1756060005072 0.0042563236091029966 32
1756060005077 0.004190895698968492 33
1756060005082 0.0041237018680346585 34
1756060005088 0.0040548155917690945 35
1756060005093 0.003984312196303519 36
1756060005098 0.003912268776065751 37
1756060005104 0.0038387641094780904 38
1756060005109 0.003763878572814266 39
1756060005114 0.0036876940523091614 40
1756060005120 0.0036102938546174208 41
1756060005125 0.003531762615718839 42
1756060005131 0.00345218620837017 43
1756060005136 0.003371651648204519 44
1756060005142 0.003290246998581031 45
1756060005147 0.0032080612742888984 46
1756060005153 0.003125184344210996 47
1756060005158 0.003041706833053578 48
1756060005164 0.0029577200222494883 49
1756060005169 0.002873315750143262 50
1756060005175 0.0027885863115672343 51
1756060005181 0.002703624356918503 52
1756060005186 0.002618522790847079 53
1756060005192 0.0025333746706660116 54
1756060005198 0.0024482731045945873 55
1756060005203 0.0023633111499458573 56
1756060005209 0.0022785817113698294 57
1756060005215 0.002194177439263602 58
1756060005220 0.002110190628459514 59
1756060005226 0.002026713117302095 60
1756060005231 0.0019438361872241923 61
1756060005237 0.0018616504629320602 62
1756060005243 0.001780245813308572 63
1756060005248 0.0016997112531429207 64
1756060005254 0.0016201348457942507 65
1756060005259 0.0015416036068956706 66
1756060005265 0.0014642034092039288 67
1756060005270 0.0013880188886988246 68
1756060005276 0.0013131333520350014 69
1756060005281 0.0012396286854473406 70
1756060005287 0.0011675852652095722 71
1756060005293 0.0010970818697439955 72
1756060005298 0.0010281955934784317 73
1756060005304 0.000961001762544599 74
1756060005309 0.0008955738524100936 75
1756060005315 0.0008319834075340454 76
1756060005320 0.0007702999631342994 77
1756060005326 0.0007105909691516803 78
1756060005332 0.0006529217164944705 79
1756060005338 0.0005973552656437573 80
1756060005343 0.0005439523776977283 81
1756060005349 0.0004927714479302995 82
1756060005355 0.00044386844193674044 83
1756060005360 0.00039729683443611856 84
1756060005366 0.0003531075507974783 85
1756060005372 0.00031134891135369886 86
