1756060040572 0.840633487701416 1
1756060040581 0.70281902551651 2
1756060040589 0.7317155539989472 3
1756060040597 0.7085438370704651 4
1756060040605 0.6405766367912292 5
1756060040614 0.5335108995437622 6
1756060040622 0.5031440138816834 7
1756060040630 0.4619535028934479 8
1756060040638 0.521700656414032 9
1756060040646 0.5664623439311981 10
1756060040654 0.47954273521900176 11
1756060040662 0.45624989867210386 12
1756060040670 0.4280111759901047 13
1756060040679 0.39632842838764193 14
1756060040688 0.3938268482685089 15
1756060040697 0.38338756561279297 16
1756060040705 0.36815940737724306 17
1756060040714 0.35270374119281767 18
1756060040723 0.34895292222499846 19
1756060040732 0.33236370980739594 20
1756060040740 0.33473220467567444 21
1756060040749 0.3290965974330902 22
1756060040757 0.3109924465417862 23
1756060040766 0.30168796479702 24
1756060040775 0.28755903840065 25
1756060040785 0.30786770582199097 26
1756060040793 0.32696818709373476 27
1756060040802 0.3242116391658783 28
1756060040810 0.29795348942279815 29
1756060040819 0.313223671913147 30
1756060040828 0.3244073152542114 31
1756060040837 0.3006751298904419 32
1756060040845 0.2977981805801392 33
1756060040854 0.2726472094655037 34
1756060040862 0.2627173900604248 35
1756060040871 0.27091638147830965 36
1756060040880 0.262385655939579 37
1756060040889 0.24848003685474396 38
1756060040898 0.24340277314186096 39
1756060040907 0.2510028436779976 40
1756060040916 0.2557446092367172 41
1756060040924 0.24241376668214798 42
1756060040933 0.22241768836975098 43
1756060040942 0.23397408574819564 44
1756060040951 0.22944853454828262 45
1756060040960 0.2323279306292534 46
1756060040968 0.21525359600782396 47
1756060040977 0.23037360608577728 48
1756060040986 0.24199994653463364 49
1756060040995 0.20732562243938446 50
1756060041004 0.20369340479373932 51
1756060041013 0.21553444415330886 52
1756060041022 0.20693728923797608 53
1756060041031 0.19723372161388397 54
1756060041040 0.20292344689369202 55
1756060041049 0.18338282108306886 56
1756060041058 0.18723018020391463 57
1756060041067 0.19967708736658096 58
1756060041076 0.190841206908226 59
1756060041085 0.19653057903051377 60
1756060041094 0.17864999920129776 61
1756060041102 0.1719384267926216 62
1756060041111 0.19605808407068254 63
1756060041120 0.18916523158550264 64
1756060041129 0.1851822018623352 65
1756060041138 0.18035570085048674 66
