1756060004912 0.9075235545635223 1
1756060004922 0.7768415749073029 2
1756060004926 0.8120084941387177 3
1756060004931 0.7947769880294799 4
1756060004935 0.7214692294597626 5
1756060004940 0.5751725167036057 6
1756060004944 0.5547206103801727 7
1756060004949 0.5458854615688324 8
1756060004954 0.49623980820178987 9
1756060004959 0.46791860461235046 10
1756060004964 0.4863792359828949 11
1756060004969 0.4718656957149506 12
1756060004974 0.4433593779802322 13
1756060004979 0.4492018610239029 14
1756060004984 0.4137601673603058 15
1756060004989 0.4410551995038986 16
1756060004994 0.43950518369674685 17
1756060004999 0.4087629646062851 18
1756060005004 0.406004524230957 19
1756060005010 0.37443803548812865 20
1756060005015 0.3816830188035965 21
1756060005020 0.36123999357223513 22
1756060005025 0.3612554281949997 23
1756060005030 0.3466052681207657 24
1756060005035 0.334115532040596 25
1756060005040 0.33717688024044035 26
1756060005045 0.34506607353687285 27
1756060005051 0.3453634262084961 28
1756060005056 0.32663322389125826 29
1756060005061 0.34028538763523103 30
1756060005066 0.3094019144773483 31
1756060005072 0.28793400824069976 32
1756060005077 0.29670352339744566 33
1756060005082 0.28812879920005796 34
1756060005088 0.30982846617698667 35
1756060005093 0.2794648602604866 36
1756060005098 0.2697407677769661 37
1756060005104 0.27068874686956407 38
1756060005109 0.27032957077026365 39
1756060005114 0.27515517324209215 40
1756060005120 0.2701897069811821 41
1756060005125 0.2645249873399734 42
1756060005131 0.27857086062431335 43
1756060005136 0.2614449217915535 44
1756060005142 0.2619540184736252 45
1756060005147 0.27247245609760284 46
1756060005153 0.24978116005659104 47
1756060005158 0.26336994767189026 48
1756060005164 0.27640319913625716 49
1756060005169 0.2363691434264183 50
1756060005175 0.23125403970479966 51
1756060005181 0.23332705348730087 52
1756060005186 0.22009596824645997 53
1756060005192 0.22012986093759537 54
1756060005198 0.21615278869867324 55
1756060005203 0.2467633381485939 56
1756060005209 0.22070943266153337 57
1756060005215 0.21268460750579835 58
1756060005220 0.20792081356048583 59
1756060005226 0.2015676200389862 60
1756060005231 0.20244197696447372 61
1756060005237 0.21915144473314285 62
1756060005243 0.20742874592542648 63
1756060005248 0.19840733855962753 64
1756060005254 0.20049867928028106 65
1756060005259 0.20149517804384232 66
1756060005265 0.19225663393735887 67
1756060005270 0.20238640904426575 68
1756060005276 0.19466750025749208 69
1756060005281 0.19708758294582368 70
1756060005287 0.19401026517152786 71
1756060005293 0.20334623157978057 72
1756060005298 0.19140907675027846 73
1756060005304 0.1854771614074707 74
1756060005309 0.1943679064512253 75
1756060005315 0.16961597502231598 76
1756060005320 0.18960898518562316 77
1756060005326 0.181940259039402 78
1756060005332 0.17963895946741104 79
1756060005338 0.17818690687417985 80
1756060005343 0.16971726566553116 81
1756060005349 0.1784740060567856 82
1756060005355 0.16657252460718155 83
1756060005360 0.18505625277757645 84
1756060005366 0.17882359772920609 85
1756060005372 0.17170794755220414 86
