1756345677152 2.4923928872398706 1
1756345677171 2.0682325466819433 2
1756345677190 2.7176627827727278 3
1756345677207 1.5508830625077952 4
1756345677225 1.004254716893901 5
1756345677243 0.778675992851672 6
1756345677260 0.6743501865345499 7
1756345677278 0.8429288177386575 8
1756345677296 0.6923249700795049 9
1756345677314 0.6389667573182479 10
1756345677332 0.512101667082828 11
1756345677350 0.4701869384102199 12
1756345677368 0.4780475782311481 13
1756345677386 0.4830964065116385 14
1756345677404 0.4636247300583383 15
1756345677422 0.5012609168239262 16
1756345677440 0.608090394217035 17
1756345677458 0.38778322546378424 18
1756345677476 0.3493461965218834 19
1756345677494 0.4693245842404988 20
1756345677512 0.35797394876894745 21
1756345677530 0.2801004557505898 22
1756345677549 0.27627401572206745 23
1756345677567 0.30803566782370856 24
1756345677585 0.266825672077096 25
1756345677603 0.306112070446429 26
1756345677622 0.344775158426036 27
1756345677640 0.3505290727252546 28
1756345677658 0.3574210217465525 29
1756345677677 0.2926707721274832 30
1756345677695 0.27797735838786414 31
1756345677713 0.2895835884239363 32
1756345677732 0.26541041939154913 33
1756345677750 0.25705865317064786 34
1756345677769 0.22702648717424143 35
1756345677787 0.16987501117198364 36
1756345677806 0.22321024115966714 37
1756345677825 0.18578466254731882 38
1756345677843 0.18838164793408435 39
1756345677862 0.18609508418518564 40
1756345677881 0.19918292177760083 41
1756345677899 0.18518917878036914 42
1756345677918 0.1620555918501771 43
1756345677937 0.10664766994507416 44
1756345677956 0.14995326020795366 45
1756345677975 0.1828128403943518 46
1756345677993 0.15992002999005112 47
1756345678012 0.17915855477685513 48
1756345678031 0.15790428350801053 49
1756345678050 0.15659595896368442 50
1756345678069 0.15914585311775623 51
1756345678088 0.14799360509799875 52
1756345678108 0.1505219657783923 53
1756345678127 0.17793189053950104 54
1756345678146 0.15060997268427972 55
1756345678165 0.19141676989586456 56
1756345678184 0.19567830763433292 57
1756345678204 0.1889681424135747 58
1756345678223 0.18120891714225645 59
1756345678242 0.17882887176845386 60
1756345678261 0.16408018962196683 61
1756345678281 0.1362946529103362 62
1756345678300 0.3071936602177827 63
1756345678319 0.15051223143287326 64
1756345678339 0.12141358366479045 65
1756345678358 0.14796666865763458 66
1756345678377 0.11927976653627727 67
1756345678397 0.1759690475528655 68
1756345678416 0.14617460771747257 69
1756345678436 0.10984664426549622 70
1756345678455 0.13677311348526375 71
1756345678475 0.09161587739768236 72
1756345678495 0.11003286407693573 73
1756345678514 0.09669736869957136 74
1756345678534 0.08114211811967519 75
1756345678554 0.10704692469342895 76
1756345678573 0.11516628430589386 77
1756345678593 0.10657068341970444 78
1756345678613 0.1165375413130159 79
1756345678633 0.0867025191369264 80
1756345678653 0.07993675995132198 81
1756345678672 0.08560760821337285 82
1756345678692 0.10011995357015858 83
1756345678712 0.09137556207892687 84
1756345678732 0.07667283810999083 85
1756345678752 0.0911652147769928 86
1756345678772 0.06075887025698372 87
1756345678792 0.08539591664853304 88
1756345678812 0.08868523994865625 89
1756345678832 0.10193983352054721 90
1756345678853 0.08848180735240811 91
1756345678873 0.08917589275085408 92
1756345678893 0.08362470891164697 93
