1756345626134 0.9123716483945432 1
1756345626146 0.9059475038362585 2
1756345626155 0.8989995251531187 3
1756345626164 0.8173030226126962 4
1756345626173 0.6606539125027864 5
1756345626183 0.6692171666933142 6
1756345626192 0.6228643007900404 7
1756345626201 0.5740846486195273 8
1756345626211 0.5766386428604955 9
1756345626220 0.5392188222511954 10
1756345626230 0.48726537046225177 11
1756345626239 0.5028326926024064 12
1756345626248 0.48360615709553595 13
1756345626258 0.48515364268551703 14
1756345626268 0.44367612056110217 15
1756345626277 0.40970687503400055 16
1756345626287 0.4255406247532886 17
1756345626296 0.4109998047351837 18
1756345626306 0.4170728597951972 19
1756345626316 0.37986744616342627 20
1756345626325 0.4226034931514574 21
1756345626335 0.3863253697105076 22
1756345626345 0.4058942587479301 23
1756345626355 0.43272827112156415 24
1756345626364 0.3857778233030568 25
1756345626374 0.39185646694639453 26
1756345626384 0.396664559841156 27
1756345626394 0.36288353152897046 28
1756345626404 0.3568646544995515 29
1756345626414 0.34632221641747846 30
1756345626424 0.341263745142066 31
1756345626434 0.3306865122007287 32
1756345626444 0.3193057594091996 33
1756345626454 0.33842787794444873 34
1756345626464 0.34301726714424463 35
1756345626475 0.3615754363329514 36
1756345626485 0.3452775802301324 37
1756345626495 0.3176930520845496 38
1756345626505 0.31050500921581103 39
1756345626515 0.29525469761827716 40
1756345626526 0.30056096419044165 41
1756345626536 0.28319574957308563 42
1756345626546 0.27968388666277344 43
1756345626557 0.2899675919957783 44
1756345626567 0.3232090181630591 45
1756345626577 0.29034971672555676 46
1756345626588 0.27620434696259705 47
1756345626598 0.27522646214651025 48
1756345626609 0.2555300217607747 49
1756345626620 0.26050723182118457 50
1756345626630 0.26905917797399603 51
1756345626641 0.26907885204190796 52
1756345626652 0.2700042044338973 53
1756345626663 0.2686813629191855 54
1756345626673 0.2659311488918636 55
1756345626684 0.26301834894263226 56
1756345626694 0.25864047978235327 57
1756345626705 0.2607763662286427 58
1756345626716 0.25456086837727093 59
1756345626727 0.25673445152199786 60
1756345626738 0.2502244989509168 61
1756345626749 0.26521398256654327 62
1756345626760 0.2521514737087747 63
1756345626771 0.2644426835619885 64
1756345626782 0.2587729867385781 65
1756345626793 0.27682724659857544 66
1756345626805 0.26219809638417285 67
1756345626816 0.241436788569326 68
1756345626827 0.25022231690261676 69
1756345626838 0.2332779700341432 70
1756345626849 0.22549518294956372 71
1756345626860 0.21645660504050876 72
1756345626871 0.23196353925311047 73
