1756345643031 0.0007391548855005456 1
1756345643046 0.0014783097710010912 2
1756345643058 0.002217464656501637 3
1756345643071 0.0029566195420021825 4
1756345643083 0.003695774427502728 5
1756345643095 0.0036957744275027283 6
1756345643107 0.003695340842063034 7
1756345643120 0.003694040289270674 8
1756345643132 0.0036918733796102833 9
1756345643144 0.0036888411302378444 10
1756345643157 0.0036849449645032293 11
1756345643169 0.003680186711282075 12
1756345643182 0.0036745686041173 13
1756345643194 0.0036680932801706726 14
1756345643207 0.0036607637789849144 15
1756345643219 0.00365258354105693 16
1756345643232 0.003643556406222821 17
1756345643244 0.0036336866118554536 18
1756345643257 0.003622978790875418 19
1756345643270 0.003611437969576317 20
1756345643282 0.003599069565265406 21
1756345643295 0.0035858793837206847 22
1756345643308 0.0035718736164656426 23
1756345643321 0.003557058837862936 24
1756345643333 0.0035414420020283507 25
1756345643346 0.0035250304395665188 26
1756345643359 0.0035078318541298986 27
1756345643372 0.003489854318802653 28
1756345643385 0.0034711062723111097 29
1756345643398 0.0034515965150625915 30
1756345643411 0.0034313342050144684 31
1756345643424 0.003410328853375378 32
1756345643437 0.0033885903201406227 33
1756345643450 0.003366128809463855 34
1756345643463 0.0033429548648672013 35
1756345643476 0.003319079364292095 36
1756345643489 0.003294513514993125 37
1756345643502 0.0032692688482773083 38
1756345643515 0.0032433572140912453 39
1756345643529 0.0032167907754587126 40
1756345643542 0.003189582002771288 41
1756345643556 0.0031617436679346996 42
1756345643569 0.0031332888383736445 43
1756345643582 0.0031042308708978854 44
1756345643596 0.0030745834054325136 45
1756345643609 0.003044360358615312 46
1756345643622 0.003013575917264232 47
1756345643636 0.0029822445317180426 48
1756345643649 0.002950380909053288 49
1756345643663 0.002918000006180722 50
1756345643677 0.0028851170228244806 51
1756345643690 0.0028517473943872667 52
1756345643704 0.0028179067847049146 53
1756345643718 0.0027836110786937196 54
1756345643732 0.002748876374893999 55
1756345643745 0.0027137189779133705 56
1756345643759 0.002678155390773308 57
1756345643773 0.002642202307162553 58
1756345643787 0.0026058766036010364 59
1756345643800 0.00256919533151797 60
1756345643814 0.0025321757092478386 61
1756345643828 0.0024948351139480454 62
1756345643842 0.0024571910734420064 63
1756345643856 0.0024192612579915194 64
1756345643870 0.0023810634720022746 65
1756345643884 0.0023426156456663938 66
1756345643898 0.0023039358265459285 67
1756345643912 0.0022650421711012643 68
1756345643926 0.002225952936168403 69
1756345643940 0.0021866864703891345 70
1756345643954 0.0021472612055981094 71
1756345643968 0.002107695648170864 72
1756345643983 0.0020680083703368546 73
1756345643997 0.002028218001461579 74
1756345644011 0.0019883432193018766 75
1756345644025 0.0019484027412385184 76
1756345644040 0.0019084153154901935 77
1756345644054 0.0018683997123130187 78
1756345644069 0.0018283747151897096 79
1756345644083 0.0017883591120125349 80
1756345644097 0.0017483716862642098 81
1756345644112 0.0017084312082008518 82
1756345644126 0.0016685564260411497 83
