1756345611178 1.8076681727948396 1
1756345611186 1.513172377710757 2
1756345611192 1.5895814895629883 3
1756345611198 1.3269540952599568 4
1756345611204 1.1125277358552683 5
1756345611210 1.0784656923750173 6
1756345611216 0.8554483963095624 7
1756345611222 0.6586084158524222 8
1756345611228 0.6470855500387109 9
1756345611234 0.7432686025681703 10
1756345611240 0.7388681212197179 11
1756345611246 0.5953865323377692 12
1756345611252 0.49049152109933936 13
1756345611259 0.4464805242807969 14
1756345611265 0.42918461302052374 15
1756345611271 0.42554087742515234 16
1756345611277 0.38721769141114276 17
1756345611284 0.3969634343748507 18
1756345611290 0.5258176268442817 19
1756345611296 0.42028557476790057 20
1756345611303 0.35637336839800293 21
1756345611309 0.33277794135653455 22
1756345611316 0.29568705545819324 23
1756345611322 0.3331689057142838 24
1756345611329 0.3441198021173477 25
1756345611335 0.29575257975122204 26
1756345611342 0.2274927995775057 27
1756345611348 0.2400120542101238 28
1756345611355 0.2428051356388175 29
1756345611362 0.2553157203871271 30
1756345611369 0.22663826203864554 31
1756345611377 0.2066424226631289 32
1756345611384 0.24303700548151266 33
1756345611391 0.20941278338432312 34
1756345611398 0.20878544514593872 35
1756345611405 0.211521178483963 36
1756345611412 0.2382235332675602 37
1756345611419 0.18694656277480332 38
1756345611426 0.1703379578564478 39
1756345611433 0.19532514233951984 40
1756345611440 0.18236682628807815 41
1756345611447 0.1928964956946995 42
1756345611454 0.25993719211091165 43
1756345611462 0.27504484485024994 44
1756345611469 0.21338309380023376 45
1756345611476 0.20053267802881158 46
1756345611483 0.1878467824148095 47
1756345611490 0.16194339517665945 48
1756345611498 0.15471581142881644 49
1756345611505 0.15990519102500833 50
1756345611512 0.1450567206610804 51
1756345611519 0.17942542679931806 52
1756345611527 0.15842847882405572 53
1756345611534 0.2322371812618297 54
1756345611542 0.20262977383706882 55
1756345611549 0.1557583708478057 56
1756345611557 0.15094551152509192 57
1756345611564 0.15287393785041312 58
1756345611572 0.17017415133507355 59
1756345611580 0.14665913905786432 60
1756345611587 0.1431435605754023 61
1756345611595 0.1701175719499588 62
1756345611602 0.1922020176830499 63
1756345611610 0.16432310252085977 64
1756345611618 0.13140983296477277 65
1756345611626 0.12247365259605905 66
1756345611633 0.1354222517946492 67
1756345611641 0.13758278508549152 68
1756345611649 0.14796084554299063 69
1756345611657 0.12250483440964119 70
1756345611665 0.12613925402579101 71
1756345611673 0.11319931369760762 72
1756345611681 0.10525150256960289 73
1756345611689 0.10723397265309872 74
1756345611697 0.12006625824648401 75
1756345611705 0.12939007871824762 76
1756345611713 0.11875716013752896 77
1756345611722 0.11304977762958278 78
1756345611730 0.09353830843516019 79
1756345611738 0.11696291083227033 80
1756345611746 0.12245821142974107 81
1756345611754 0.12755892782107645 82
1756345611763 0.10977560184572054 83
1756345611771 0.09148559136235196 84
1756345611779 0.10016961379543594 85
1756345611787 0.08736680723402811 86
1756345611796 0.09067173577521158 87
1756345611804 0.09696165763813516 88
1756345611812 0.09249626456395439 89
