1756345677152 0.0007391548855005456 1
1756345677171 0.0014783097710010912 2
1756345677190 0.002217464656501637 3
1756345677207 0.0029566195420021825 4
1756345677225 0.003695774427502728 5
1756345677243 0.0036957744275027283 6
1756345677260 0.003695340842063034 7
1756345677278 0.003694040289270674 8
1756345677296 0.0036918733796102833 9
1756345677314 0.0036888411302378444 10
1756345677332 0.0036849449645032293 11
1756345677350 0.003680186711282075 12
1756345677368 0.0036745686041173 13
1756345677386 0.0036680932801706726 14
1756345677404 0.0036607637789849144 15
1756345677422 0.00365258354105693 16
1756345677440 0.003643556406222821 17
1756345677458 0.0036336866118554536 18
1756345677476 0.003622978790875418 19
1756345677494 0.003611437969576317 20
1756345677512 0.003599069565265406 21
1756345677530 0.0035858793837206847 22
1756345677549 0.0035718736164656426 23
1756345677567 0.003557058837862936 24
1756345677585 0.0035414420020283507 25
1756345677603 0.0035250304395665188 26
1756345677622 0.0035078318541298986 27
1756345677640 0.003489854318802653 28
1756345677658 0.0034711062723111097 29
1756345677677 0.0034515965150625915 30
1756345677695 0.0034313342050144684 31
1756345677713 0.003410328853375378 32
1756345677732 0.0033885903201406227 33
1756345677750 0.003366128809463855 34
1756345677769 0.0033429548648672013 35
1756345677787 0.003319079364292095 36
1756345677806 0.003294513514993125 37
1756345677825 0.0032692688482773083 38
1756345677843 0.0032433572140912453 39
1756345677862 0.0032167907754587126 40
1756345677881 0.003189582002771288 41
1756345677899 0.0031617436679346996 42
1756345677918 0.0031332888383736445 43
1756345677937 0.0031042308708978854 44
1756345677956 0.0030745834054325136 45
1756345677975 0.003044360358615312 46
1756345677993 0.003013575917264232 47
1756345678012 0.0029822445317180426 48
1756345678031 0.002950380909053288 49
1756345678050 0.002918000006180722 50
1756345678069 0.0028851170228244806 51
1756345678088 0.0028517473943872667 52
1756345678108 0.0028179067847049146 53
1756345678127 0.0027836110786937196 54
1756345678146 0.002748876374893999 55
1756345678165 0.0027137189779133705 56
1756345678184 0.002678155390773308 57
1756345678204 0.002642202307162553 58
1756345678223 0.0026058766036010364 59
1756345678242 0.00256919533151797 60
1756345678261 0.0025321757092478386 61
1756345678281 0.0024948351139480454 62
1756345678300 0.0024571910734420064 63
1756345678319 0.0024192612579915194 64
1756345678339 0.0023810634720022746 65
1756345678358 0.0023426156456663938 66
1756345678377 0.0023039358265459285 67
1756345678397 0.0022650421711012643 68
1756345678416 0.002225952936168403 69
1756345678436 0.0021866864703891345 70
1756345678455 0.0021472612055981094 71
1756345678475 0.002107695648170864 72
1756345678495 0.0020680083703368546 73
1756345678514 0.002028218001461579 74
1756345678534 0.0019883432193018766 75
1756345678554 0.0019484027412385184 76
1756345678573 0.0019084153154901935 77
1756345678593 0.0018683997123130187 78
1756345678613 0.0018283747151897096 79
1756345678633 0.0017883591120125349 80
1756345678653 0.0017483716862642098 81
1756345678672 0.0017084312082008518 82
1756345678692 0.0016685564260411497 83
1756345678712 0.0016287660571658736 84
1756345678732 0.0015890787793318643 85
1756345678752 0.0015495132219046192 86
1756345678772 0.001510087957113594 87
1756345678792 0.0014708214913343256 88
1756345678812 0.0014317322564014643 89
1756345678832 0.0013928386009568001 90
1756345678853 0.0013541587818363353 91
1756345678873 0.001315710955500454 92
1756345678893 0.001277513169511209 93
