1756345657892 0.0007391548855005456 1
1756345657909 0.0014783097710010912 2
1756345657924 0.002217464656501637 3
1756345657939 0.0029566195420021825 4
1756345657954 0.003695774427502728 5
1756345657970 0.0036957744275027283 6
1756345657985 0.003695340842063034 7
1756345658000 0.003694040289270674 8
1756345658016 0.0036918733796102833 9
1756345658031 0.0036888411302378444 10
1756345658046 0.0036849449645032293 11
1756345658062 0.003680186711282075 12
1756345658077 0.0036745686041173 13
1756345658093 0.0036680932801706726 14
1756345658108 0.0036607637789849144 15
1756345658124 0.00365258354105693 16
1756345658139 0.003643556406222821 17
1756345658155 0.0036336866118554536 18
1756345658170 0.003622978790875418 19
1756345658186 0.003611437969576317 20
1756345658203 0.003599069565265406 21
1756345658218 0.0035858793837206847 22
1756345658234 0.0035718736164656426 23
1756345658250 0.003557058837862936 24
1756345658265 0.0035414420020283507 25
1756345658281 0.0035250304395665188 26
1756345658297 0.0035078318541298986 27
1756345658313 0.003489854318802653 28
1756345658328 0.0034711062723111097 29
1756345658344 0.0034515965150625915 30
1756345658360 0.0034313342050144684 31
1756345658376 0.003410328853375378 32
1756345658392 0.0033885903201406227 33
1756345658408 0.003366128809463855 34
1756345658424 0.0033429548648672013 35
1756345658440 0.003319079364292095 36
1756345658456 0.003294513514993125 37
1756345658473 0.0032692688482773083 38
1756345658489 0.0032433572140912453 39
1756345658505 0.0032167907754587126 40
1756345658521 0.003189582002771288 41
1756345658537 0.0031617436679346996 42
1756345658554 0.0031332888383736445 43
1756345658570 0.0031042308708978854 44
1756345658586 0.0030745834054325136 45
1756345658603 0.003044360358615312 46
1756345658619 0.003013575917264232 47
1756345658636 0.0029822445317180426 48
1756345658652 0.002950380909053288 49
1756345658669 0.002918000006180722 50
1756345658685 0.0028851170228244806 51
1756345658702 0.0028517473943872667 52
1756345658718 0.0028179067847049146 53
1756345658735 0.0027836110786937196 54
1756345658751 0.002748876374893999 55
1756345658768 0.0027137189779133705 56
1756345658785 0.002678155390773308 57
1756345658801 0.002642202307162553 58
1756345658818 0.0026058766036010364 59
1756345658835 0.00256919533151797 60
1756345658851 0.0025321757092478386 61
1756345658868 0.0024948351139480454 62
1756345658885 0.0024571910734420064 63
1756345658902 0.0024192612579915194 64
1756345658919 0.0023810634720022746 65
1756345658936 0.0023426156456663938 66
1756345658953 0.0023039358265459285 67
1756345658970 0.0022650421711012643 68
1756345658987 0.002225952936168403 69
1756345659003 0.0021866864703891345 70
