1756345677152 1.460601189862127 1
1756345677171 1.389873875224072 2
1756345677190 1.4082272052764893 3
1756345677207 1.252341037211211 4
1756345677225 0.8253678860871688 5
1756345677243 0.7155859949796096 6
1756345677260 0.5699477480805438 7
1756345677278 0.6389041024705638 8
1756345677296 0.5443423183067985 9
1756345677314 0.5028690021970997 10
1756345677332 0.4414081741934237 11
1756345677350 0.45366597434748773 12
1756345677368 0.40318109678185504 13
1756345677386 0.3960301195797713 14
1756345677404 0.40680718486723694 15
1756345677422 0.3875201791524887 16
1756345677440 0.4563700388307157 17
1756345677458 0.3678868698037189 18
1756345677476 0.29474599335504614 19
1756345677494 0.3182502473178117 20
1756345677512 0.3124682631181634 21
1756345677530 0.26355847262817883 22
1756345677549 0.2573992425332899 23
1756345677567 0.2524719290111376 24
1756345677585 0.24413863472316577 25
1756345677603 0.2594903791728227 26
1756345677622 0.258026136652283 27
1756345677640 0.2897863770308702 28
1756345677658 0.2582138044678647 29
1756345677677 0.2468625987353532 30
1756345677695 0.2174713789768841 31
1756345677713 0.24972646780636 32
1756345677732 0.19342536446840866 33
1756345677750 0.20752684059350388 34
1756345677769 0.2058987487917361 35
1756345677787 0.17009190826312356 36
1756345677806 0.1966901353519896 37
1756345677825 0.16618271852317062 38
1756345677843 0.15175034948017285 39
1756345677862 0.1664983798628268 40
1756345677881 0.15796554380136987 41
1756345677899 0.15500748708196307 42
1756345677918 0.14659161800923554 43
1756345677937 0.11086495253054993 44
1756345677956 0.12794359319883844 45
1756345677975 0.15291273367145788 46
1756345677993 0.1375073074646618 47
1756345678012 0.15463054828021838 48
1756345678031 0.1307708212862844 49
1756345678050 0.13483013763375903 50
1756345678069 0.11966516239487607 51
1756345678088 0.1147290660959223 52
1756345678108 0.1231272424692693 53
1756345678127 0.1626492511966954 54
1756345678146 0.1336773954655813 55
1756345678165 0.13438769656678903 56
1756345678184 0.12756802757149158 57
1756345678204 0.14252498454373816 58
1756345678223 0.1331058167245077 59
1756345678242 0.12945228102414505 60
1756345678261 0.13583750277757645 61
1756345678281 0.10609078601650569 62
1756345678300 0.19210669171551 63
1756345678319 0.13553875263618387 64
1756345678339 0.11462127968021062 65
1756345678358 0.11799278304628703 66
1756345678377 0.09291768981062848 67
1756345678397 0.11254046403843423 68
1756345678416 0.1290859725812207 69
1756345678436 0.09248491360441498 70
1756345678455 0.0903420009366844 71
1756345678475 0.07997910305857658 72
1756345678495 0.08507280100298964 73
1756345678514 0.07692374499595683 74
1756345678534 0.07646280057404352 75
1756345678554 0.08844527051500652 76
1756345678573 0.08816265411998915 77
1756345678593 0.0863128030753654 78
1756345678613 0.08992191549876462 79
1756345678633 0.08506211897601253 80
1756345678653 0.07496303741050803 81
1756345678672 0.07572783173426338 82
1756345678692 0.0844220936946247 83
1756345678712 0.07105936126216598 84
1756345678732 0.07083512858852097 85
1756345678752 0.06970405465234882 86
1756345678772 0.052356253823508385 87
1756345678792 0.07960765938396039 88
1756345678812 0.06954102153363435 89
1756345678832 0.0856548115287138 90
1756345678853 0.07657294947168101 91
1756345678873 0.07325640515140865 92
1756345678893 0.07082723680397739 93
