1756345657892 3.1148307789926943 1
1756345657909 2.7650455029114434 2
1756345657924 2.538611588270768 3
1756345657939 1.6155471724012624 4
1756345657954 1.1513117668421373 5
1756345657970 1.3923012899315876 6
1756345657985 0.7734511105910592 7
1756345658000 0.7543328585832015 8
1756345658016 0.6913722973802815 9
1756345658031 0.48362746316453686 10
1756345658046 0.5192642516416052 11
1756345658062 0.6380584227002185 12
1756345658077 0.5255136489868164 13
1756345658093 0.47700565535089245 14
1756345658108 0.5382889269486718 15
1756345658124 0.3579798029816669 16
1756345658139 0.35571764279966767 17
1756345658155 0.3875874284168948 18
1756345658170 0.35803657251855603 19
1756345658186 0.34050558442654816 20
1756345658203 0.596451108870299 21
1756345658218 0.41126282253991003 22
1756345658234 0.36226167108701623 23
1756345658250 0.33703507483005524 24
1756345658265 0.3399454432985057 25
1756345658281 0.28070043804852857 26
1756345658297 0.24664987688479217 27
1756345658313 0.2593609412079272 28
1756345658328 0.3334754614726357 29
1756345658344 0.36188972708971606 30
1756345658360 0.2966848592395368 31
1756345658376 0.36457064002752304 32
1756345658392 0.28073840037636133 33
1756345658408 0.26061594356661255 34
1756345658424 0.27577276398306305 35
1756345658440 0.24001434380593506 36
1756345658456 0.22539697263551794 37
1756345658473 0.20580663726381634 38
1756345658489 0.17090432702199274 39
1756345658505 0.19517377990743387 40
1756345658521 0.26224888731604035 41
1756345658537 0.21324001414620358 42
1756345658554 0.1688613334427709 43
1756345658570 0.2271270923640417 44
1756345658586 0.23767896093752072 45
1756345658603 0.22906450765288394 46
1756345658619 0.2748641025113023 47
1756345658636 0.23695445222699124 48
1756345658652 0.19324387026869733 49
1756345658669 0.20190877046274103 50
1756345658685 0.17950395397517993 51
1756345658702 0.28894607981909876 52
1756345658718 0.2682566931066306 53
1756345658735 0.29475168171136273 54
1756345658751 0.20499020231806714 55
1756345658768 0.2013178645916607 56
1756345658785 0.18223714536946753 57
1756345658801 0.16385940138412558 58
1756345658818 0.1687681730026784 59
1756345658835 0.1746830033219379 60
1756345658851 0.1673504234008167 61
1756345658868 0.1495115125308866 62
1756345658885 0.1903834903369779 63
1756345658902 0.15079958380564398 64
1756345658919 0.13911549908959348 65
1756345658936 0.16674722731113434 66
1756345658953 0.13657728631211363 67
1756345658970 0.1386310702756695 68
1756345658987 0.16780369048533234 69
1756345659003 0.19096085299616275 70
