1755986168434 2.212687039375305 1
1755986168446 1.7383164882659912 2
1755986168452 2.048982763290405 3
1755986168462 1.2330554723739624 4
1755986168475 1.0674160718917847 5
1755986168491 1.0700714588165283 6
1755986168498 0.9158556818962097 7
1755986168506 0.8130456566810608 8
1755986168511 0.7699147582054138 9
1755986168520 0.7061949968338013 10
1755986168526 0.6258030772209168 11
1755986168533 0.6162514328956604 12
1755986168543 0.6075724840164185 13
1755986168549 0.5156317234039307 14
1755986168555 0.5532485783100128 15
1755986168560 0.499870365858078 16
1755986168565 0.4672469198703766 17
1755986168571 0.44571617245674133 18
1755986168576 0.4300325334072113 19
1755986168582 0.39224997758865354 20
1755986168588 0.37487553954124453 21
1755986168593 0.39336917996406556 22
1755986168599 0.3916415572166443 23
1755986168604 0.3575716853141785 24
1755986168610 0.37701277136802674 25
1755986168615 0.36916252970695496 26
1755986168621 0.37856013178825376 27
1755986168626 0.33871235251426696 28
1755986168631 0.34208192825317385 29
1755986168636 0.3224534809589386 30
1755986168644 0.3151032209396362 31
1755986168650 0.3255790710449219 32
1755986168656 0.327287894487381 33
1755986168662 0.31398138403892517 34
1755986168668 0.3197829097509384 35
1755986168674 0.33490353226661684 36
1755986168680 0.2937259584665298 37
1755986168684 0.30453988909721375 38
1755986168690 0.2984541833400726 39
1755986168695 0.2855649471282959 40
1755986168701 0.2856068789958954 41
1755986168706 0.2880493402481079 42
1755986168711 0.26993377804756163 43
1755986168716 0.26804153621196747 44
1755986168721 0.2740292727947235 45
1755986168727 0.2562329739332199 46
1755986168732 0.25760617256164553 47
1755986168738 0.2628787249326706 48
1755986168743 0.2628287851810455 49
1755986168754 0.25119128823280334 50
1755986168761 0.24623929858207702 51
1755986168768 0.26272137761116027 52
1755986168775 0.2486177861690521 53
1755986168780 0.24725650548934935 54
1755986168790 0.24099849462509154 55
1755986168796 0.23592588007450105 56
1755986168802 0.24298283457756042 57
1755986168808 0.24235381484031676 58
1755986168813 0.24560995697975158 59
1755986168818 0.23079728782176973 60
1755986168823 0.2516679406166077 61
1755986168829 0.2361541986465454 62
1755986168834 0.2285647451877594 63
1755986168839 0.23777063488960265 64
1755986168844 0.2339619755744934 65
1755986168850 0.23335598409175873 66
1755986168855 0.2269447088241577 67
1755986168860 0.21953116953372956 68
1755986168866 0.23375137150287628 69
1755986168871 0.2304117888212204 70
1755986168877 0.22539020776748658 71
1755986168885 0.22515442073345185 72
