1755907586799 1.191737449169159 1
1755907586815 0.7759936034679413 2
1755907586821 0.7332062542438507 3
1755907586828 0.7302314281463623 4
1755907586835 0.6783359944820404 5
1755907586841 0.5102853626012802 6
1755907586847 0.43937796354293823 7
1755907586852 0.40492860674858094 8
1755907586859 0.3865314334630966 9
1755907586865 0.3566229283809662 10
1755907586871 0.32264918088912964 11
1755907586879 0.2864688605070114 12
1755907586884 0.27141138464212416 13
1755907586892 0.23580700159072876 14
1755907586898 0.21057452857494355 15
1755907586904 0.20292947441339493 16
1755907586911 0.21119807213544844 17
1755907586917 0.19296558648347856 18
1755907586924 0.21032406985759736 19
1755907586930 0.1599609896540642 20
1755907586937 0.16265926510095596 21
1755907586943 0.13941697776317596 22
1755907586949 0.13810980468988418 23
1755907586955 0.12328766584396363 24
1755907586961 0.12387644052505493 25
1755907586967 0.11387079283595085 26
1755907586973 0.11479936689138412 27
1755907586979 0.10134819447994232 28
1755907586985 0.09506674855947495 29
1755907586992 0.08985966965556144 30
1755907586998 0.08650524131953716 31
1755907587004 0.09821760654449463 32
1755907587010 0.09487335160374641 33
1755907587016 0.09969806000590324 34
1755907587023 0.0875258170068264 35
1755907587029 0.07645319253206254 36
1755907587035 0.07878009527921677 37
1755907587042 0.08166122958064079 38
1755907587050 0.06265441179275513 39
1755907587056 0.06711236648261547 40
1755907587063 0.0657153394073248 41
1755907587070 0.06685728020966053 42
1755907587077 0.06193985976278782 43
1755907587084 0.05549225658178329 44
1755907587091 0.0629879117012024 45
1755907587098 0.07171488106250763 46
1755907587104 0.06266462020576 47
1755907587110 0.05900984816253185 48
1755907587117 0.05120507963001728 49
1755907587123 0.04997606724500656 50
1755907587130 0.05287015214562416 51
1755907587137 0.0559508215636015 52
1755907587143 0.052417612820863727 53
1755907587150 0.04290530383586884 54
1755907587157 0.04650174044072628 55
1755907587164 0.04318408686667681 56
1755907587172 0.04411419741809368 57
1755907587179 0.047796840965747836 58
1755907587187 0.037169256061315534 59
1755907587194 0.03835538364946842 60
1755907587200 0.037238828279078005 61
1755907587207 0.047020013257861135 62
1755907587214 0.03933044970035553 63
1755907587220 0.03387605585157871 64
1755907587227 0.04106076043099165 65
1755907587234 0.03389287516474724 66
1755907587241 0.04395391047000885 67
1755907587248 0.037756900675594805 68
1755907587255 0.034572983346879485 69
1755907587262 0.036552047729492186 70
1755907587269 0.035300406999886035 71
1755907587277 0.03210508711636066 72
1755907587283 0.033044466748833656 73
1755907587291 0.04068948607891798 74
