1755907586799 0.8309965014457703 1
1755907586815 0.652630615234375 2
1755907586821 0.6410172700881958 3
1755907586828 0.6387314379215241 4
1755907586835 0.6162715017795563 5
1755907586841 0.5299668878316879 6
1755907586847 0.4987460047006607 7
1755907586852 0.476087287068367 8
1755907586859 0.46312741935253143 9
1755907586865 0.44812074303627014 10
1755907586871 0.4184835940599442 11
1755907586879 0.4001168817281723 12
1755907586884 0.39615861475467684 13
1755907586892 0.3596226006746292 14
1755907586898 0.34190842807292937 15
1755907586904 0.3330437570810318 16
1755907586911 0.3385593056678772 17
1755907586917 0.3263529449701309 18
1755907586924 0.34036766886711123 19
1755907586930 0.30121248960494995 20
1755907586937 0.3007372111082077 21
1755907586943 0.2789510995149612 22
1755907586949 0.26987071335315704 23
1755907586955 0.25954424440860746 24
1755907586961 0.25938810408115387 25
1755907586967 0.24748553186655045 26
1755907586973 0.24869897812604905 27
1755907586979 0.2382528468966484 28
1755907586985 0.2275380715727806 29
1755907586992 0.22447698265314103 30
1755907586998 0.2097390413284302 31
1755907587004 0.22917554527521133 32
1755907587010 0.22544392794370652 33
1755907587016 0.23372750878334045 34
1755907587023 0.21723226606845855 35
1755907587029 0.20472242385149003 36
1755907587035 0.20649276673793793 37
1755907587042 0.20992109924554825 38
1755907587050 0.19105513095855714 39
1755907587056 0.18544549942016603 40
1755907587063 0.19240625500679015 41
1755907587070 0.19307762235403061 42
1755907587077 0.18649143874645233 43
1755907587084 0.17213581949472428 44
1755907587091 0.18700527995824814 45
1755907587098 0.1944045528769493 46
1755907587104 0.18717616498470308 47
1755907587110 0.1819215938448906 48
1755907587117 0.16667488366365432 49
1755907587123 0.16690579503774644 50
1755907587130 0.16812391579151154 51
1755907587137 0.17266032099723816 52
1755907587143 0.16825429648160933 53
1755907587150 0.15083715990185736 54
1755907587157 0.16149837225675584 55
1755907587164 0.15503730848431588 56
1755907587172 0.1538350611925125 57
1755907587179 0.16014429554343224 58
1755907587187 0.14362778514623642 59
1755907587194 0.14478385895490647 60
1755907587200 0.14036472216248513 61
1755907587207 0.157442843914032 62
1755907587214 0.1465986728668213 63
1755907587220 0.13833018988370896 64
1755907587227 0.14834546372294427 65
1755907587234 0.13686490431427956 66
1755907587241 0.15154028087854385 67
1755907587248 0.14277622401714324 68
1755907587255 0.1399886727333069 69
1755907587262 0.13832272514700888 70
1755907587269 0.13887107074260713 71
1755907587277 0.13300216868519782 72
1755907587283 0.1321577847003937 73
1755907587291 0.146183779835701 74
