1755908033915 1.3572976529598235 1
1755908033930 0.9159244120121002 2
1755908033939 0.6849719136953354 3
1755908033947 0.5793301880359649 4
1755908033956 0.47536695599555967 5
1755908033964 0.3870571881532669 6
1755908033974 0.39059731364250183 7
1755908033982 0.3407610297203064 8
1755908033990 0.2675553485751152 9
1755908033998 0.26181997209787367 10
1755908034006 0.22909099161624907 11
1755908034014 0.22064856439828873 12
1755908034023 0.19420676231384276 13
1755908034031 0.160587377846241 14
1755908034039 0.16664233952760696 15
1755908034048 0.15884750410914422 16
1755908034056 0.17148372828960418 17
1755908034065 0.13238276094198226 18
1755908034073 0.14984533488750457 19
1755908034081 0.15900067389011383 20
1755908034090 0.12781824246048928 21
1755908034098 0.11515603512525559 22
1755908034107 0.11982550919055938 23
1755908034116 0.13076890483498574 24
1755908034124 0.14128064587712288 25
1755908034134 0.12854440063238143 26
1755908034142 0.11041394770145416 27
1755908034150 0.10005936324596405 28
1755908034158 0.08759846985340118 29
1755908034167 0.07876092679798603 30
1755908034175 0.10126098990440369 31
1755908034184 0.07902990728616714 32
1755908034193 0.09999485090374946 33
1755908034202 0.07591602131724358 34
1755908034212 0.0813913032412529 35
1755908034221 0.08050846979022026 36
1755908034230 0.08444980904459953 37
1755908034239 0.07126894555985927 38
1755908034247 0.07566041387617588 39
1755908034256 0.05873091630637646 40
1755908034265 0.05968686528503895 41
1755908034274 0.06031646393239498 42
1755908034282 0.05685900785028934 43
1755908034291 0.05326085686683655 44
1755908034300 0.0516385193914175 45
1755908034310 0.060302937775850295 46
1755908034318 0.04638649951666594 47
1755908034327 0.04098858144134283 48
1755908034337 0.04387803804129362 49
1755908034346 0.054171543568372726 50
1755908034355 0.04173806700855494 51
1755908034364 0.04438014328479767 52
1755908034373 0.04462727047502994 53
