1755908016395 0.0006408567364497528 1
1755908016407 0.0012817134728995057 2
1755908016412 0.0019225702093492586 3
1755908016418 0.0025634269457990113 4
1755908016425 0.003204283682248764 5
1755908016433 0.003204283682248764 6
1755908016439 0.0032034079963296634 7
1755908016446 0.003200781896122058 8
1755908016452 0.003196408253227968 9
1755908016458 0.0031902918501616855 10
1755908016464 0.0031824393751201632 11
1755908016471 0.0031728594146695705 12
1755908016477 0.003161562444356008 13
1755908016484 0.0031485608172506533 14
1755908016491 0.003133868750441858 15
1755908016497 0.0031175023094889708 16
1755908016504 0.003099479390854885 17
1755908016510 0.003079819702336516 18
1755908016516 0.003058544741514618 19
1755908016523 0.0030356777722464943 20
1755908016529 0.0030112437992273096 21
1755908016535 0.002985269540647826 22
1755908016541 0.002957783398978448 23
1755908016548 0.0029288154299115443 24
1755908016555 0.0028983973094959866 25
1755908016562 0.0028665622994998546 26
1755908016568 0.0028333452110391824 27
1755908016574 0.0027987823665125127 28
1755908016581 0.0027629115598828895 29
1755908016588 0.0027257720153507116 30
1755908016595 0.0026874043444626494 31
1755908016602 0.0026478505017035084 32
1755908016608 0.0026071537386196234 33
1755908016615 0.0025653585565239222 34
1755908016621 0.002522510657834396 35
1755908016628 0.0024786568960991754 36
1755908016635 0.0024338452247628633 37
1755908016642 0.002388124644730148 38
1755908016649 0.002341545150784031 39
1755908016656 0.0022941576769172707 40
1755908016663 0.002246014040636805 41
1755908016670 0.0021971668863020664 42
1755908016677 0.0021476696275591557 43
1755908016683 0.0020975763889337956 44
1755908016690 0.002046941946646962 45
1755908016697 0.0019958216687178875 46
1755908016704 0.0019442714544199474 47
1755908016711 0.0018923476731556245 48
1755908016718 0.0018401071028173932 49
1755908016724 0.0017876068677019309 50
1755908016731 0.0017349043760455348 51
1755908016739 0.0016820572572490613 52
1755908016746 0.0016291232988610213 53
1755908016753 0.0015761603833877426 54
1755908016760 0.0015232264249997022 55
1755908016767 0.0014703793062032292 56
1755908016775 0.001417676814546833 57
1755908016782 0.0013651765794313704 58
1755908016790 0.0013129360090931399 59
1755908016797 0.0012610122278288165 60
1755908016804 0.0012094620135308766 61
1755908016812 0.0011583417356018026 62
1755908016819 0.0011077072933149683 63
1755908016826 0.0010576140546896082 64
1755908016833 0.001008116795946697 65
1755908016841 0.0009592696416119599 66
1755908016848 0.0009111260053314932 67
1755908016855 0.000863738531464733 68
1755908016863 0.000817159037518617 69
1755908016870 0.0007714384574859012 70
1755908016877 0.0007266267861495889 71
1755908016885 0.0006827730244143681 72
1755908016892 0.0006399251257248418 73
1755908016900 0.0005981299436291407 74
1755908016907 0.0005574331805452556 75
1755908016915 0.0005178793377861152 76
1755908016922 0.0004795116668980523 77
1755908016930 0.0004423721223658748 78
1755908016938 0.000406501315736252 79
1755908016945 0.0003719384712095823 80
