1755986860261 2.243700700998306 1
1755986860272 1.58080894947052 2
1755986860278 1.5255529642105103 3
1755986860282 0.9975006118416786 4
1755986860286 0.8180650725960732 5
1755986860291 0.6107520580291748 6
1755986860296 0.6458445861935616 7
1755986860300 0.6272263661026954 8
1755986860305 0.7810336351394653 9
1755986860309 0.559902174025774 10
1755986860314 0.5927169397473335 11
1755986860318 0.626048730313778 12
1755986860323 0.5081061102449894 13
1755986860327 0.5141196928918361 14
1755986860332 0.45459582805633547 15
1755986860337 0.5986822783946991 16
1755986860341 0.543595340847969 17
1755986860346 0.5323734641075134 18
1755986860351 0.33862055763602256 19
1755986860355 0.3638998981565237 20
1755986860360 0.5450099594891071 21
1755986860366 0.39213129281997683 22
1755986860372 0.3621513232588768 23
1755986860377 0.2995964683592319 24
1755986860382 0.38680699095129967 25
1755986860386 0.3594499208033085 26
1755986860391 0.35159613251453264 27
1755986860395 0.3221152827143669 28
1755986860400 0.2905984655022621 29
1755986860405 0.4552722036838531 30
1755986860410 0.4735857233405113 31
1755986860414 0.6071821577847004 32
1755986860420 0.5229724869132042 33
1755986860424 0.4892245061695576 34
1755986860429 0.3059538953006268 35
1755986860434 0.43803694397211074 36
