1755986927381 1.3667780101299285 1
1755986927397 1.259085363149643 2
1755986927404 1.1638277351856232 3
1755986927412 0.7673602759838104 4
1755986927420 0.8030406415462494 5
1755986927428 0.575148519873619 6
1755986927435 0.6675698935985566 7
1755986927442 0.5505992665886879 8
1755986927450 0.4238471411168575 9
1755986927457 0.5227212890982628 10
1755986927464 0.587874498963356 11
1755986927471 0.5735499769449234 12
1755986927478 0.5301518529653549 13
1755986927486 0.549651201069355 14
1755986927494 0.4897479102015495 15
1755986927501 0.5956950053572655 16
1755986927508 0.5902976781129837 17
1755986927516 0.4774093985557556 18
1755986927523 0.43157652765512466 19
1755986927531 0.5122730940580368 20
1755986927538 0.4969555616378784 21
1755986927546 0.4229612946510315 22
1755986927553 0.4946989744901657 23
1755986927561 0.4489725336432457 24
1755986927568 0.3090185821056366 25
1755986927576 0.38015657365322114 26
1755986927583 0.3097596228122711 27
1755986927591 0.2836458683013916 28
1755986927598 0.24634178206324578 29
1755986927606 0.27850205898284913 30
1755986927614 0.30576731711626054 31
1755986927621 0.3765388034284115 32
1755986927629 0.3656697943806648 33
1755986927636 0.29508221223950387 34
1755986927644 0.2783795855939388 35
1755986927652 0.3051622785627842 36
1755986927659 0.24999259440228344 37
1755986927667 0.23218939676880837 38
1755986927674 0.22678812667727472 39
1755986927682 0.21195212304592131 40
1755986927690 0.26713754534721373 41
1755986927697 0.29840840846300126 42
1755986927705 0.29493480250239373 43
1755986927713 0.2700995750725269 44
1755986927721 0.2014225624501705 45
1755986927729 0.21191409714519976 46
1755986927736 0.1713968940079212 47
1755986927744 0.19338713996112347 48
1755986927752 0.2058947179466486 49
1755986927760 0.2549474697560072 50
1755986927768 0.25147017389535903 51
1755986927776 0.354516676813364 52
1755986927783 0.2520081527531147 53
1755986927791 0.17338402615860105 54
1755986927799 0.2082968257367611 55
1755986927807 0.21467127613723277 56
1755986927815 0.1798266787081957 57
1755986927823 0.1590574637055397 58
1755986927831 0.22053985595703124 59
1755986927839 0.21541301980614663 60
1755986927846 0.21678192280232905 61
1755986927855 0.21997619681060315 62
1755986927863 0.2825344499200583 63
1755986927871 0.1910616748034954 64
1755986927879 0.1962572831660509 65
1755986927887 0.16628825813531875 66
1755986927895 0.1803825728595257 67
1755986927903 0.16239327751100063 68
1755986927911 0.13983622640371324 69
1755986927919 0.1896500252187252 70
1755986927927 0.16753346659243107 71
1755986927935 0.21954096406698226 72
1755986927944 0.1699374545365572 73
1755986927952 0.20186262093484403 74
1755986927960 0.16770207285881042 75
1755986927968 0.1852973885834217 76
1755986927976 0.20648288615047933 77
1755986927984 0.18290263004601 78
1755986927993 0.1493103861808777 79
