1755986860261 0.8898390233516693 1
1755986860272 0.7736955374479294 2
1755986860278 0.7417334645986557 3
1755986860282 0.6508557587862015 4
1755986860286 0.6456530541181564 5
1755986860291 0.5717320740222931 6
1755986860296 0.5612757787108421 7
1755986860300 0.5757440134882927 8
1755986860305 0.5847909167408943 9
1755986860309 0.5147672727704048 10
1755986860314 0.5308326452970504 11
1755986860318 0.5437887042760849 12
1755986860323 0.5136330544948577 13
1755986860327 0.48089833855628966 14
1755986860332 0.49493892043828963 15
1755986860337 0.5273646116256714 16
1755986860341 0.5283873170614243 17
1755986860346 0.5160576120018959 18
1755986860351 0.42632246762514114 19
1755986860355 0.41777205318212507 20
1755986860360 0.47041601985692977 21
1755986860366 0.4207127705216408 22
1755986860372 0.41921284347772597 23
1755986860377 0.3883168324828148 24
1755986860382 0.4220759078860283 25
1755986860386 0.445425471663475 26
1755986860391 0.39240296334028246 27
1755986860395 0.37998552024364474 28
1755986860400 0.37474787086248396 29
1755986860405 0.45101913064718246 30
1755986860410 0.47046791315078734 31
1755986860414 0.49098479002714157 32
1755986860420 0.4829446658492088 33
1755986860424 0.4757926747202873 34
1755986860429 0.42459480166435243 35
1755986860434 0.4368766605854034 36
