1756345880016 2.4049606478732564 1
1756345880025 1.817060807476873 2
1756345880031 1.7961126695508542 3
1756345880037 1.3835036054901455 4
1756345880043 1.4479290195133374 5
1756345880049 1.1294899323712224 6
1756345880055 1.0996948791586834 7
1756345880061 0.8613153410994489 8
1756345880068 0.6650420453237451 9
1756345880074 0.6392050229984781 10
1756345880080 0.7474613539550615 11
1756345880086 0.6546578977418982 12
1756345880092 0.5626231691111689 13
1756345880099 0.5871075625004976 14
1756345880105 0.6983933513579161 15
1756345880111 0.8512405610602835 16
1756345880117 0.7042658432670261 17
1756345880124 0.6860484584518101 18
1756345880130 0.7197773145592731 19
1756345880137 0.645192475422569 20
1756345880143 0.6335841818996097 21
1756345880149 0.5192339174125505 22
1756345880156 0.5235192697981129 23
1756345880162 0.49749560265437415 24
1756345880169 0.4941939335802327 25
1756345880176 0.4656933986622354 26
1756345880182 0.4789669753416725 27
1756345880189 0.49088806820952374 28
1756345880196 0.4806693196296692 29
1756345880202 0.4612113250338513 30
1756345880209 0.4320594629515772 31
1756345880216 0.40145875124827674 32
1756345880223 0.42112812399864197 33
1756345880229 0.3946497829064079 34
1756345880236 0.3841727544432101 35
1756345880243 0.36626223960648413 36
1756345880250 0.38508254289627075 37
1756345880257 0.4026438710482224 38
1756345880264 0.32536781287711597 39
1756345880271 0.34045101831788604 40
1756345880278 0.3516013758338016 41
1756345880285 0.35076771870903345 42
1756345880292 0.33267635366191034 43
1756345880299 0.29825622037700983 44
1756345880306 0.29488678924415423 45
1756345880313 0.31746757678363635 46
1756345880321 0.3753021009590315 47
1756345880328 0.31847039059452387 48
1756345880335 0.3433122803335604 49
1756345880342 0.39830333771912946 50
1756345880350 0.319147197448689 51
1756345880357 0.31287908683652466 52
1756345880364 0.30625580769518146 53
1756345880372 0.2920237967501516 54
1756345880379 0.31596128253833106 55
1756345880387 0.29471266593622125 56
1756345880394 0.2865302080045576 57
1756345880402 0.30438427756661957 58
1756345880409 0.29664748453575635 59
1756345880417 0.27642094246719195 60
1756345880424 0.28776659136233124 61
1756345880432 0.2837088270031888 62
1756345880440 0.2982560525769773 63
1756345880447 0.27096684341845306 64
1756345880455 0.2963609190090843 65
1756345880463 0.2613689264525538 66
1756345880470 0.28181553793990094 67
1756345880478 0.26963358599206677 68
1756345880486 0.2544007366118224 69
1756345880494 0.2479831333393636 70
1756345880502 0.245071890561477 71
1756345880510 0.23300548351329306 72
1756345880517 0.24906963239545407 73
1756345880526 0.23765551687582678 74
1756345880534 0.26366456760012585 75
1756345880542 0.2442077469566594 76
1756345880550 0.2372620066870814 77
1756345880558 0.2516349942787834 78
1756345880566 0.2382147351036901 79
1756345880574 0.23582147191400113 80
1756345880582 0.2328256099768307 81
1756345880591 0.23876441820808078 82
1756345880599 0.25255038427269977 83
1756345880607 0.23600204904442248 84
1756345880616 0.24649296798135922 85
1756345880624 0.21446861359088318 86
1756345880633 0.24035974008881528 87
1756345880641 0.18925106493027313 88
1756345880650 0.16717772639316061 89
1756345880658 0.16003632513077362 90
1756345880667 0.13801257506660794 91
1756345880675 0.14492217645696973 92
1756345880684 0.12301667067019836 93
1756345880692 0.10919126965429472 94
1756345880701 0.1378280449172725 95
1756345880709 0.10363928908887117 96
1756345880718 0.10812700377858203 97
1756345880727 0.08986647864398749 98
1756345880735 0.08356027207944704 99
1756345880744 0.0929819572231044 100
1756345880753 0.09574128460624944 101
1756345880762 0.0984025625107081 102
1756345880770 0.09478006187988364 103
1756345880779 0.11533939870803253 104
1756345880788 0.10102533160344414 105
1756345880797 0.0863517896960611 106
1756345880806 0.08516305199135905 107
1756345880815 0.0833395998115125 108
1756345880824 0.0956128702863403 109
1756345880833 0.0781125312914019 110
1756345880842 0.08139451204434685 111
1756345880851 0.07418479333105295 112
1756345880860 0.07878049301064532 113
1756345880869 0.0780716682581798 114
1756345880878 0.08459267894858899 115
1756345880887 0.0812029866096766 116
1756345880897 0.08896070249054742 117
1756345880906 0.06064602829839872 118
1756345880915 0.07013679838374905 119
