1756345900064 2.168240028878917 1
1756345900076 1.7672359606494075 2
1756345900086 1.7409825480502585 3
1756345900096 1.2319830707881763 4
1756345900106 1.0267226074052893 5
1756345900116 1.211871351884759 6
1756345900126 0.8655844460362974 7
1756345900137 0.743836575228235 8
1756345900147 0.885714414327041 9
1756345900157 0.7944722564324088 10
1756345900168 0.6854673429675724 11
1756345900178 0.6838928188966669 12
1756345900188 0.7073089065759078 13
1756345900199 0.679218977689743 14
1756345900209 0.7242950278779735 15
1756345900220 0.6536068074081255 16
1756345900230 0.5908292661542478 17
1756345900241 0.6791317216728044 18
1756345900251 0.8140901482623556 19
1756345900262 0.676846505507179 20
1756345900272 0.6081043896467789 21
1756345900283 0.581391128508941 22
1756345900294 0.6690820688786714 23
1756345900304 0.5538312805735547 24
1756345900315 0.5297181619250256 25
1756345900326 0.5332494624283003 26
1756345900337 0.506853716528934 27
1756345900348 0.4981229033159173 28
1756345900358 0.5611441873985789 29
1756345900369 0.4973269461289696 30
1756345900380 0.5008666800416034 31
1756345900391 0.5133869492489359 32
1756345900402 0.4801277246164239 33
1756345900413 0.4685168797555177 34
1756345900424 0.4248773131681525 35
1756345900435 0.410775750875473 36
1756345900446 0.46951415227807086 37
1756345900457 0.4590283515660659 38
1756345900468 0.4136510322923246 39
1756345900479 0.38798679217048315 40
1756345900490 0.39237045788246655 41
1756345900501 0.3768005695032037 42
1756345900512 0.3446590420992478 43
1756345900524 0.3700391436400621 44
1756345900535 0.42700960908247076 45
1756345900546 0.38170705217382184 46
1756345900557 0.40965009318745654 47
1756345900569 0.3701790337977202 48
1756345900580 0.37489243499610736 49
1756345900592 0.34252183981563733 50
1756345900603 0.35552638056485547 51
1756345900614 0.35145712481892627 52
1756345900626 0.3495514794536259 53
1756345900637 0.3628048478909161 54
1756345900649 0.3655462252057117 55
1756345900660 0.34779164583786676 56
1756345900672 0.36912426546863886 57
1756345900684 0.3594362981941389 58
1756345900695 0.35530969759692316 59
1756345900707 0.34152669168036914 60
1756345900718 0.33615044407222583 61
1756345900730 0.31440794467926025 62
1756345900742 0.3119604425585788 63
1756345900754 0.32063332394413324 64
1756345900766 0.3379138001929159 65
1756345900778 0.31070351211921027 66
1756345900789 0.3045709994824036 67
1756345900801 0.2968306466937065 68
1756345900813 0.2930104930115783 69
1756345900825 0.2972852198973946 70
1756345900837 0.32231768188269244 71
1756345900849 0.31697892332854477 72
1756345900861 0.3013491125210472 73
1756345900873 0.3123668765892153 74
1756345900885 0.30320961805789365 75
1756345900898 0.29190654599148297 76
1756345900910 0.2953900241333505 77
1756345900922 0.29226700378500897 78
1756345900934 0.2949955884529197 79
1756345900946 0.2939132937918539 80
1756345900959 0.28883529130531393 81
1756345900971 0.3203751768754876 82
1756345900983 0.3051891909993213 83
1756345900996 0.2836971658727397 84
1756345901008 0.2932898305032564 85
1756345901021 0.2987600464535796 86
1756345901033 0.2992926175179689 87
1756345901046 0.274085723835489 88
1756345901058 0.2771800332095312 89
1756345901071 0.27498058197291003 90
1756345901083 0.27061343355023343 91
1756345901096 0.2926244010096011 92
1756345901108 0.29123159854308417 93
1756345901121 0.2706153023502101 94
1756345901134 0.27361345550288324 95
1756345901146 0.269131092597609 96
1756345901159 0.29648362942363904 97
1756345901172 0.2817305307025495 98
1756345901185 0.27676732222671097 99
1756345901197 0.2743710590445477 100
