1756346324437 2.1120459834734597 1
1756346324456 1.4850723842779796 2
1756346324472 1.4092689057191212 3
1756346324488 1.1018280188242595 4
1756346324504 0.8973486920197805 5
1756346324519 0.8595831294854482 6
1756346324535 0.7113952140013377 7
1756346324551 0.704060306151708 8
1756346324567 0.7461550235748291 9
1756346324583 0.5957421859105428 10
1756346324599 0.5989968279997507 11
1756346324615 0.46799809734026593 12
1756346324631 0.6138711174329122 13
1756346324647 0.4271800269683202 14
1756346324663 0.4360695978005727 15
1756346324679 0.4647418012221654 16
1756346324696 0.3888464421033859 17
1756346324712 0.42726242045561474 18
1756346324728 0.44965222477912903 19
1756346324744 0.3837179094552994 20
1756346324760 0.38761479159196216 21
1756346324777 0.34426867961883545 22
1756346324793 0.4125896642605464 23
1756346324809 0.3857591897249222 24
1756346324826 0.36703434586524963 25
1756346324842 0.3398794929186503 26
1756346324859 0.3264159957567851 27
1756346324875 0.3142038385073344 28
1756346324891 0.2933149039745331 29
1756346324908 0.30557745198408764 30
1756346324924 0.35302383204301196 31
1756346324940 0.32465896507104236 32
1756346324957 0.30966586867968243 33
1756346324973 0.3151709884405136 34
1756346324990 0.28091346224149066 35
1756346325006 0.23753971606492996 36
1756346325023 0.23725808908541998 37
1756346325040 0.23763183504343033 38
1756346325056 0.2162583072980245 39
1756346325073 0.24677901715040207 40
1756346325090 0.22083833565314612 41
1756346325106 0.20765102157990137 42
1756346325123 0.20969954381386438 43
1756346325140 0.24017221728960672 44
1756346325157 0.24138879776000977 45
1756346325174 0.21788325409094492 46
1756346325191 0.2423036148150762 47
1756346325208 0.20664073526859283 48
1756346325225 0.1837775061527888 49
1756346325242 0.1908925548195839 50
1756346325259 0.1899832139412562 51
1756346325276 0.2211217408378919 52
1756346325293 0.1764377405246099 53
1756346325310 0.15938831120729446 54
1756346325327 0.17452073842287064 55
1756346325344 0.16650344928105673 56
1756346325362 0.15590792646010718 57
1756346325379 0.1582500822842121 58
1756346325396 0.15845978260040283 59
1756346325413 0.16558993111054102 60
1756346325431 0.14697911590337753 61
1756346325448 0.1611359715461731 62
1756346325466 0.15115070591370264 63
1756346325483 0.1388127108414968 64
1756346325500 0.14852769176165262 65
1756346325518 0.12804841001828512 66
1756346325535 0.1347286862631639 67
1756346325553 0.12358808144927025 68
1756346325570 0.13830535983045897 69
1756346325588 0.129083884259065 70
1756346325606 0.1317455805838108 71
1756346325623 0.1407653900484244 72
1756346325641 0.11406353364388148 73
1756346325659 0.1217494470377763 74
1756346325677 0.11647215982278188 75
1756346325694 0.11624034618337949 76
1756346325712 0.11621078352133433 77
1756346325730 0.11923856164018314 78
1756346325748 0.11320967103044192 79
1756346325766 0.108672430117925 80
1756346325784 0.11672545100251834 81
1756346325802 0.1283318685988585 82
1756346325820 0.12059865395228068 83
1756346325838 0.12298261001706123 84
1756346325856 0.11156005909045537 85
1756346325875 0.10718902945518494 86
1756346325893 0.12255389988422394 87
1756346325911 0.10750161235531171 88
1756346325929 0.1129595438639323 89
1756346325947 0.10080296049515407 90
1756346325965 0.09409606084227562 91
1756346325983 0.09424837057789166 92
1756346326002 0.08691255499919255 93
1756346326020 0.09754146883885066 94
1756346326038 0.08871562778949738 95
1756346326057 0.09641783684492111 96
1756346326075 0.07961022978027661 97
1756346326094 0.09158844500780106 98
1756346326112 0.09425696854790051 99
1756346326130 0.08353971441586812 100
1756346326149 0.0976816713809967 101
1756346326167 0.08057188615202904 102
1756346326186 0.08509556328256924 103
1756346326205 0.08755096296469371 104
1756346326223 0.08327297245462735 105
1756346326242 0.09325663621226947 106
1756346326260 0.07744099572300911 107
1756346326279 0.08704857528209686 108
1756346326298 0.08154855668544769 109
1756346326316 0.0776310625175635 110
1756346326335 0.07365172108014424 111
1756346326354 0.07307764887809753 112
1756346326373 0.06906556338071823 113
1756346326391 0.07481501623988152 114
1756346326410 0.07584101396302383 115
1756346326429 0.0712992437183857 116
1756346326448 0.07982449233531952 117
1756346326467 0.06930667782823245 118
1756346326486 0.07303835451602936 119
1756346326505 0.07909938196341197 120
1756346326524 0.07190336659550667 121
1756346326543 0.07048231114943822 122
1756346326562 0.06735858072837193 123
1756346326581 0.0708608329296112 124
1756346326600 0.06882576892773311 125
1756346326619 0.07372540670136611 126
1756346326639 0.0669172623505195 127
1756346326658 0.06459240987896919 128
1756346326677 0.06509347942968209 129
1756346326696 0.07372959454854329 130
1756346326716 0.07562248781323433 131
1756346326735 0.07086655373374622 132
1756346326755 0.06579332302014033 133
1756346326774 0.07083528861403465 134
1756346326794 0.07261197517315547 135
1756346326813 0.07268650891880195 136
1756346326833 0.06832178309559822 137
1756346326852 0.0699801817536354 138
1756346326872 0.06469972431659698 139
1756346326891 0.061789817487200104 140
1756346326911 0.06432815206547578 141
1756346326930 0.06212381832301617 142
1756346326950 0.06648537578682105 143
1756346326970 0.06641991809010506 144
1756346326990 0.07240533456206322 145
1756346327010 0.06449706355730693 146
1756346327030 0.06573035630087058 147
1756346327050 0.06462244937817256 148
1756346327069 0.06208122335374355 149
1756346327089 0.06803493822614352 150
