1756346334249 1.9581366578737895 1
1756346334272 1.5673901438713074 2
1756346334292 1.6962265769640605 3
1756346334313 1.121849775314331 4
1756346334334 1.141450047492981 5
1756346334354 0.9400668044885 6
1756346334375 0.8144087592760721 7
1756346334396 0.7330574492613474 8
1756346334417 0.6824952761332194 9
1756346334437 0.662720263004303 10
1756346334458 0.5823459327220917 11
1756346334479 0.5659321844577789 12
1756346334500 0.49522048731644946 13
1756346334521 0.5380194137493769 14
1756346334542 0.45351233581701916 15
1756346334563 0.4332472234964371 16
1756346334584 0.4350380251804988 17
1756346334605 0.4560416489839554 18
1756346334626 0.41673297186692554 19
1756346334647 0.4116581827402115 20
1756346334668 0.3938550651073456 21
1756346334689 0.3792538692553838 22
1756346334710 0.36367188890775043 23
1756346334731 0.3789854943752289 24
1756346334752 0.32846949497858685 25
1756346334774 0.3291497478882472 26
1756346334795 0.34353619317213696 27
1756346334816 0.3413140947620074 28
1756346334838 0.3260357727607091 29
1756346334859 0.35696188112099964 30
1756346334880 0.31391798953215283 31
1756346334902 0.2932678659756978 32
1756346334924 0.24877372135718664 33
1756346334945 0.25214463969071704 34
1756346334967 0.27030694484710693 35
1756346334988 0.23975259065628052 36
1756346335010 0.22656629979610443 37
1756346335031 0.26211876918872196 38
1756346335053 0.24260515968004862 39
1756346335074 0.25612644106149673 40
1756346335096 0.20630396654208502 41
1756346335118 0.21393175919850668 42
1756346335140 0.21053194751342139 43
1756346335161 0.20032892872889838 44
1756346335183 0.1866783102353414 45
1756346335205 0.19345400979121527 46
1756346335227 0.18070489664872488 47
1756346335249 0.21456239372491837 48
1756346335271 0.21609426538149515 49
1756346335293 0.15495318422714868 50
1756346335315 0.1624014750123024 51
1756346335337 0.16293062766393027 52
1756346335359 0.15564693013827005 53
1756346335381 0.14811286081870398 54
1756346335403 0.154840757449468 55
1756346335425 0.15528316299120584 56
1756346335447 0.13329038272301355 57
1756346335469 0.13596894840399423 58
1756346335491 0.14813409994045892 59
1756346335514 0.1611281285683314 60
1756346335536 0.1445950840910276 61
1756346335558 0.139390562971433 62
1756346335580 0.15100918461879095 63
1756346335603 0.1347129394610723 64
1756346335625 0.13348064571619034 65
1756346335647 0.16025496274232864 66
1756346335670 0.14994661013285318 67
1756346335692 0.15278374155362448 68
1756346335714 0.1604600672920545 69
1756346335737 0.1339989403883616 70
1756346335759 0.13253053526083627 71
1756346335782 0.12346422423919041 72
1756346335804 0.12030830855170886 73
1756346335827 0.12913101042310396 74
1756346335849 0.13487034539381662 75
1756346335872 0.14595157653093338 76
1756346335895 0.13096851607163748 77
1756346335917 0.12639432524641356 78
1756346335940 0.1150328777730465 79
1756346335963 0.11780004079143207 80
1756346335986 0.10588724662860234 81
1756346336008 0.10515004768967628 82
1756346336031 0.11158651858568192 83
1756346336054 0.10761729627847672 84
1756346336077 0.10716790581742923 85
1756346336100 0.10408737634619077 86
1756346336124 0.10592188561956088 87
1756346336147 0.08798495680093765 88
1756346336170 0.09116765360037486 89
1756346336193 0.09690551583965619 90
1756346336216 0.08646046246091525 91
1756346336239 0.08997174724936485 92
1756346336262 0.08809322615464528 93
1756346336285 0.08868766451875369 94
1756346336309 0.09288985406359036 95
1756346336332 0.08412404855092366 96
1756346336355 0.08590877428650856 97
1756346336379 0.08439003676176071 98
