1756346305877 1.1023717522621155 1
1756346305887 0.8644564151763916 2
1756346305896 0.8508187433083853 3
1756346305905 0.7781346539656321 4
1756346305914 0.8179875413576762 5
1756346305922 0.7817006607850393 6
1756346305931 0.7013554275035858 7
1756346305940 0.6949628591537476 8
1756346305949 0.6425988773504893 9
1756346305958 0.6480176051457723 10
1756346305966 0.6248548825581869 11
1756346305975 0.6035006841023763 12
1756346305984 0.5556815067927042 13
1756346305993 0.5476691424846649 14
1756346306002 0.5408867200215658 15
1756346306011 0.5741080592075983 16
1756346306020 0.5117075145244598 17
1756346306029 0.49072182178497314 18
1756346306038 0.48316273589928943 19
1756346306047 0.4676682303349177 20
1756346306056 0.45302653809388477 21
1756346306065 0.47688305377960205 22
1756346306074 0.44503038624922436 23
1756346306083 0.45178205768267315 24
1756346306093 0.4152183284362157 25
1756346306102 0.4302288393179576 26
1756346306111 0.42468148469924927 27
1756346306120 0.3968520114819209 28
1756346306130 0.3878801216681798 29
1756346306139 0.3869895786046982 30
1756346306148 0.412286917368571 31
1756346306158 0.3872830420732498 32
1756346306167 0.4197877496480942 33
1756346306177 0.393208771944046 34
1756346306186 0.38774314026037854 35
1756346306195 0.3891361355781555 36
1756346306205 0.36914604902267456 37
1756346306215 0.3730026533206304 38
1756346306224 0.3600042263666789 39
1756346306234 0.3530542453130086 40
1756346306243 0.34216631452242535 41
1756346306253 0.3830196410417557 42
1756346306263 0.35985805094242096 43
1756346306272 0.36909593641757965 44
1756346306282 0.33786235253016156 45
1756346306292 0.374577800432841 46
1756346306302 0.3545336623986562 47
1756346306312 0.34031368295351666 48
1756346306322 0.34723151723543805 49
1756346306332 0.3284304191668828 50
1756346306342 0.33288879692554474 51
1756346306352 0.31409336626529694 52
1756346306362 0.30298101902008057 53
1756346306372 0.3207739591598511 54
1756346306382 0.3118507464726766 55
1756346306392 0.30182847877343494 56
1756346306402 0.29065705835819244 57
1756346306412 0.2945327162742615 58
1756346306422 0.27547318240006763 59
1756346306432 0.30187057455380756 60
1756346306443 0.2901195486386617 61
1756346306453 0.2905963510274887 62
1756346306463 0.285502831141154 63
1756346306474 0.2828093121449153 64
1756346306484 0.2633889789382617 65
1756346306495 0.26513587435086566 66
1756346306505 0.26500385502974194 67
1756346306515 0.25911731521288556 68
1756346306526 0.28491538266340893 69
1756346306536 0.2587355896830559 70
1756346306547 0.26365384211142856 71
1756346306558 0.2620690291126569 72
1756346306568 0.28118671973546344 73
1756346306579 0.2739890143275261 74
1756346306590 0.29023681084314984 75
1756346306600 0.28673431773980457 76
1756346306611 0.28687554101149243 77
1756346306622 0.2782013763984044 78
1756346306633 0.26878159989913303 79
1756346306643 0.26715434590975445 80
1756346306654 0.25778835515181225 81
1756346306665 0.24008637169996896 82
1756346306676 0.2532368799050649 83
1756346306687 0.2456043710311254 84
1756346306698 0.2555251295367877 85
1756346306709 0.25130875160296756 86
1756346306720 0.24214417735735574 87
1756346306732 0.23132832845052084 88
1756346306743 0.22481627513964972 89
1756346306754 0.2328991343577703 90
1756346306765 0.22658908118804297 91
1756346306776 0.23613530645767847 92
1756346306787 0.23690816015005112 93
1756346306798 0.23768011977275214 94
1756346306810 0.22221331546703973 95
1756346306821 0.232407217224439 96
1756346306832 0.21085729946692786 97
1756346306844 0.22119916727145514 98
1756346306855 0.21363297601540884 99
1756346306866 0.21580726901690164 100
1756346306878 0.22411820789178213 101
1756346306889 0.21418795982996622 102
1756346306901 0.22618314623832703 103
1756346306913 0.2179277961452802 104
1756346306924 0.21449778725703558 105
1756346306936 0.2221664289633433 106
1756346306947 0.20955163488785425 107
1756346306959 0.21630050987005234 108
1756346306971 0.20541598399480185 109
1756346306982 0.20615768929322562 110
1756346306994 0.20180623481671014 111
1756346307006 0.19707151502370834 112
1756346307018 0.21915782739718756 113
1756346307029 0.20838171740372977 114
1756346307041 0.2143062005440394 115
1756346307053 0.20025539894898733 116
1756346307065 0.20155722399552664 117
1756346307077 0.20506450285514197 118
1756346307089 0.19760357836882272 119
1756346307101 0.20478032032648721 120
1756346307113 0.20033564666906992 121
1756346307125 0.20253553489844003 122
1756346307137 0.19717750698328018 123
1756346307149 0.2068759799003601 124
