1756346324437 0.0008250993221173139 1
1756346324456 0.0016501986442346277 2
1756346324472 0.0024752979663519416 3
1756346324488 0.0033003972884692555 4
1756346324504 0.004125496610586569 5
1756346324519 0.004125496610586569 6
1756346324535 0.004125012596822939 7
1756346324551 0.004123560782730028 8
1756346324567 0.004121141849795124 9
1756346324583 0.004117756933474933 10
1756346324599 0.004113407622662591 11
1756346324615 0.004108095958941829 12
1756346324631 0.004101824435628649 13
1756346324647 0.004094595996600947 14
1756346324663 0.004086414034916649 15
1756346324679 0.004077282391220997 16
1756346324696 0.0040672053519437285 17
1756346324712 0.0040561876472870175 18
1756346324728 0.0040442344490050925 19
1756346324744 0.004031351367976599 20
1756346324760 0.004017544451570826 21
1756346324777 0.004002820180809053 22
1756346324793 0.003987185467322327 23
1756346324809 0.0039706476501071225 24
1756346324826 0.0039532144920803765 25
1756346324842 0.0039348941764355575 26
1756346324859 0.003915695302801433 27
1756346324875 0.00389562688320537 28
1756346324891 0.003874698337843061 29
1756346324908 0.0038529194906566397 30
1756346324924 0.003830300564723285 31
1756346324940 0.00380685217745647 32
1756346324957 0.0037825853356221032 33
1756346324973 0.0037575114301719136 34
1756346324990 0.0037316422308964867 35
1756346325006 0.003704989880900484 36
1756346325023 0.003677566890902617 37
1756346325040 0.0036493861333630694 38
1756346325056 0.003620460836441111 39
1756346325073 0.0035908045777857498 40
1756346325090 0.003560431278162326 41
1756346325106 0.003529355194918054 42
1756346325123 0.003497590915289564 43
1756346325140 0.0034651533495555957 44
1756346325157 0.0034320577240380575 45
1756346325174 0.003398319573954725 46
1756346325191 0.0033639547361269525 47
1756346325208 0.003328979341545806 48
1756346325225 0.0032934098078001104 49
1756346325242 0.0032572628313699693 50
1756346325259 0.0032205553797893696 51
1756346325276 0.0031833046836815568 52
1756346325293 0.00314552822867091 53
1756346325310 0.00310724374717512 54
1756346325327 0.0030684692100815237 55
1756346325344 0.003029222818311497 56
1756346325362 0.0029895229942768727 57
1756346325379 0.0029493883732323823 58
1756346325396 0.0029088377945282007 59
1756346325413 0.0028678902927666743 60
1756346325431 0.002826565088867406 61
1756346325448 0.002784881581044879 62
1756346325466 0.002742859335702859 63
1756346325483 0.0027005180782498444 64
1756346325500 0.0026578776838398844 65
1756346325518 0.002614958168043099 66
1756346325535 0.002571779677450295 67
1756346325553 0.0025283624802160745 68
1756346325570 0.002484726956544883 69
1756346325588 0.002440893589124461 70
1756346325606 0.0023968829535111883 71
1756346325623 0.002352715708471837 72
1756346325641 0.0023084125862862653 73
1756346325659 0.0022639943830156024 74
1756346325677 0.002219481948740493 75
1756346325694 0.0021748961777739904 76
1756346325712 0.0021302579988536816 77
1756346325730 0.0020855883653176535 78
1756346325748 0.0020409082452689164 79
1756346325766 0.0019962386117328887 80
1756346325784 0.0019516004328125793 81
1756346325802 0.0019070146618460767 82
1756346325820 0.0018625022275709678 83
1756346325838 0.0018180840243003041 84
1756346325856 0.0017737809021147325 85
1756346325875 0.0017296136570753816 86
1756346325893 0.0016856030214621085 87
1756346325911 0.0016417696540416869 88
1756346325929 0.0015981341303704952 89
1756346325947 0.0015547169331362749 90
1756346325965 0.001511538442543471 91
1756346325983 0.0014686189267466853 92
1756346326002 0.0014259785323367249 93
1756346326020 0.0013836372748837103 94
1756346326038 0.0013416150295416903 95
1756346326057 0.0012999315217191634 96
1756346326075 0.0012586063178198952 97
1756346326094 0.0012176588160583686 98
1756346326112 0.0011771082373541874 99
1756346326130 0.0011369736163096978 100
1756346326149 0.0010972737922750725 101
1756346326167 0.0010580274005050462 102
1756346326186 0.0010192528634114493 103
1756346326205 0.0009809683819156593 104
1756346326223 0.0009431919269050122 105
1756346326242 0.0009059412307972001 106
1756346326260 0.0008692337792166009 107
1756346326279 0.0008330868027864598 108
1756346326298 0.0007975172690407637 109
1756346326316 0.0007625418744596174 110
1756346326335 0.000728177036631845 111
1756346326354 0.0006944388865485126 112
1756346326373 0.0006613432610309734 113
1756346326391 0.0006289056952970059 114
1756346326410 0.000597141415668516 115
1756346326429 0.000566065332424244 116
1756346326448 0.00053569203280082 117
1756346326467 0.0005060357741454584 118
1756346326486 0.0004771104772234998 119
1756346326505 0.0004489297196839525 120
1756346326524 0.0004215067296860853 121
1756346326543 0.0003948543796900827 122
1756346326562 0.0003689851804146563 123
1756346326581 0.00034391127496446653 124
1756346326600 0.0003196444331300998 125
1756346326619 0.00029619604586328467 126
1756346326639 0.0002735771199299296 127
1756346326658 0.0002517982727435084 128
1756346326677 0.0002308697273811995 129
1756346326696 0.00021080130778513756 130
1756346326716 0.00019160243415101218 131
1756346326735 0.0001732821185061926 132
1756346326755 0.0001558489604794472 133
1756346326774 0.00013931114326424181 134
1756346326794 0.00012367642977751644 135
1756346326813 0.00010895215901574354 136
1756346326833 9.514524260997055e-05 137
1756346326852 8.22621615814765e-05 138
1756346326872 7.030896329955181e-05 139
1756346326891 5.929125864284049e-05 140
1756346326911 4.921421936557255e-05 141
1756346326930 4.008257566992012e-05 142
1756346326950 3.190061398562285e-05 143
1756346326970 2.467217495792104e-05 144
1756346326990 1.8400651644740298e-05 145
1756346327010 1.3088987923978544e-05 146
1756346327030 8.739677111636489e-06 147
1756346327050 5.3547607914455916e-06 148
1756346327069 2.9358278565416345e-06 149
1756346327089 1.4840137636300836e-06 150
