1756346312847 1.8187486131985982 1
1756346312862 1.423689027627309 2
1756346312875 1.0717738072077434 3
1756346312888 1.1123661696910858 4
1756346312901 1.0343514382839203 5
1756346312914 0.836021622021993 6
1756346312926 0.8536942998568217 7
1756346312939 0.7963592211405436 8
1756346312953 0.7321749230225881 9
1756346312966 0.6320426364739736 10
1756346312979 0.5599653025468191 11
1756346312992 0.4866848587989807 12
1756346313005 0.5058646102746328 13
1756346313018 0.4768674125274022 14
1756346313031 0.41496674219767254 15
1756346313044 0.43553289274374646 16
1756346313057 0.3690983057022095 17
1756346313071 0.42843595643838245 18
1756346313084 0.3942298988501231 19
1756346313097 0.3529672672351201 20
1756346313111 0.3461960405111313 21
1756346313124 0.3687589118878047 22
1756346313137 0.29503726462523144 23
1756346313151 0.2665085643529892 24
1756346313164 0.27708080410957336 25
1756346313178 0.350900799036026 26
1756346313191 0.26782800257205963 27
1756346313205 0.2613367463151614 28
1756346313218 0.25719453642765683 29
1756346313232 0.27688898146152496 30
1756346313246 0.23624854534864426 31
1756346313259 0.2649594048659007 32
1756346313273 0.225159153342247 33
1756346313287 0.25601841260989505 34
1756346313300 0.2316239525874456 35
1756346313314 0.22804765899976095 36
1756346313328 0.2831922446688016 37
1756346313342 0.2342667579650879 38
1756346313355 0.26818470656871796 39
1756346313369 0.24143422891696295 40
1756346313383 0.24639898538589478 41
1756346313397 0.2041331653793653 42
1756346313411 0.19576373199621835 43
1756346313425 0.19469107687473297 44
1756346313439 0.22883677979310355 45
1756346313453 0.25600771854321164 46
1756346313467 0.2263636663556099 47
1756346313481 0.21662278970082602 48
1756346313495 0.21532619496186575 49
1756346313509 0.1852637305855751 50
1756346313523 0.17686689893404642 51
1756346313537 0.2173542579015096 52
1756346313552 0.18835033973058066 53
1756346313566 0.16984622180461884 54
1756346313580 0.17983285089333853 55
1756346313594 0.16127486526966095 56
1756346313609 0.14045987526575723 57
1756346313623 0.13948120921850204 58
1756346313637 0.1452651023864746 59
1756346313652 0.14319037025173506 60
1756346313666 0.13297144944469133 61
1756346313681 0.13393565764029822 62
1756346313695 0.11845168471336365 63
1756346313710 0.12890742594997087 64
1756346313725 0.12366779893636703 65
1756346313739 0.12958323458830515 66
1756346313754 0.1321134753525257 67
1756346313768 0.12016399825612704 68
1756346313783 0.11535812790195148 69
1756346313798 0.11295547460516293 70
1756346313813 0.11746648574868838 71
1756346313827 0.11828431611259778 72
1756346313842 0.12655038014054298 73
1756346313857 0.130925585826238 74
