1756346305877 3.4310869773228965 1
1756346305887 1.729445477326711 2
1756346305896 1.9927810629208882 3
1756346305905 1.5835819045702617 4
1756346305914 1.4300711750984192 5
1756346305922 1.1803905367851257 6
1756346305931 1.3838164110978444 7
1756346305940 0.967631051937739 8
1756346305949 1.0751904050509136 9
1756346305958 0.8649118145306905 10
1756346305966 0.690313051144282 11
1756346305975 0.6914193034172058 12
1756346305984 0.5673254678646723 13
1756346305993 0.6249990264574686 14
1756346306002 0.6015634089708328 15
1756346306011 0.5827827850977579 16
1756346306020 0.4389108270406723 17
1756346306029 0.4281209856271744 18
1756346306038 0.3574393590291341 19
1756346306047 0.5119366596142451 20
1756346306056 0.4490578869978587 21
1756346306065 0.40081052482128143 22
1756346306074 0.3623237684369087 23
1756346306083 0.3560791214307149 24
1756346306093 0.36580582956473034 25
1756346306102 0.3162875523169835 26
1756346306111 0.32701068619887036 27
1756346306120 0.2538257911801338 28
1756346306130 0.2543923209110896 29
1756346306139 0.27491820851961773 30
1756346306148 0.3164237042268117 31
1756346306158 0.30956404904524487 32
1756346306167 0.3116452594598134 33
1756346306177 0.2734370330969493 34
1756346306186 0.2937765469153722 35
1756346306195 0.23524455477794012 36
1756346306205 0.2787581483523051 37
1756346306215 0.275141013165315 38
1756346306224 0.23230535785357156 39
1756346306234 0.24232631921768188 40
1756346306243 0.3175922632217407 41
1756346306253 0.27479151884714764 42
1756346306263 0.2885010937849681 43
1756346306272 0.2778603012363116 44
1756346306282 0.2591613282759984 45
1756346306292 0.2729307214419047 46
1756346306302 0.23413090656201044 47
1756346306312 0.27345094581445056 48
1756346306322 0.22063952684402466 49
1756346306332 0.22524182250102362 50
1756346306342 0.22885647167762121 51
1756346306352 0.19740407913923264 52
1756346306362 0.16838825742403665 53
1756346306372 0.21394870430231094 54
1756346306382 0.20049701382716498 55
1756346306392 0.1813056766986847 56
1756346306402 0.15795073409875235 57
1756346306412 0.15108550464113554 58
1756346306422 0.16022499154011408 59
1756346306432 0.1564536765217781 60
1756346306443 0.2073544239004453 61
1756346306453 0.18547823280096054 62
1756346306463 0.15944908186793327 63
1756346306474 0.1603148728609085 64
1756346306484 0.1339546280602614 65
1756346306495 0.1468157855172952 66
1756346306505 0.14501219863692918 67
1756346306515 0.13659181197484335 68
1756346306526 0.16173634429772696 69
1756346306536 0.13398364062110582 70
1756346306547 0.16223794346054396 71
1756346306558 0.1470724456012249 72
1756346306568 0.19225766758124033 73
1756346306579 0.15656938403844833 74
1756346306590 0.2088714341322581 75
1756346306600 0.20608389129241309 76
1756346306611 0.1768344591061274 77
1756346306622 0.1313453291853269 78
1756346306633 0.1423244128624598 79
1756346306643 0.14152346551418304 80
1756346306654 0.12642072389523187 81
1756346306665 0.13513339186708132 82
1756346306676 0.12881829589605331 83
1756346306687 0.11046367262800534 84
1756346306698 0.14043699453274408 85
1756346306709 0.13170863687992096 86
1756346306720 0.11584437514344852 87
1756346306732 0.1118593526383241 88
1756346306743 0.10484942545493443 89
1756346306754 0.12799420456091562 90
1756346306765 0.10933025429646175 91
1756346306776 0.11200116450587909 92
1756346306787 0.1306754450003306 93
1756346306798 0.15585634236534437 94
1756346306810 0.08378336081902187 95
1756346306821 0.11780388156572978 96
1756346306832 0.0818637286623319 97
1756346306844 0.10057983547449112 98
1756346306855 0.09203327136735122 99
1756346306866 0.12893998250365257 100
1756346306878 0.11064795404672623 101
1756346306889 0.12424009541670482 102
1756346306901 0.09469931821028392 103
1756346306913 0.10378530869881313 104
1756346306924 0.10576667884985606 105
1756346306936 0.11824093014001846 106
1756346306947 0.121254018197457 107
1756346306959 0.07921174665292104 108
1756346306971 0.08278591434160869 109
1756346306982 0.08653366876145203 110
1756346306994 0.07613877890010674 111
1756346307006 0.06673703715205193 112
1756346307018 0.11607960735758145 113
1756346307029 0.09012724334994952 114
1756346307041 0.1213877300421397 115
1756346307053 0.08304277434945107 116
1756346307065 0.1022920732696851 117
1756346307077 0.07277228807409604 118
1756346307089 0.09813030809164047 119
1756346307101 0.07937014847993851 120
1756346307113 0.08043815568089485 121
1756346307125 0.07598818341890971 122
1756346307137 0.09920430307586987 123
1756346307149 0.07651509468754132 124
