1756055924844 0.8940797209739685 1
1756055924865 0.8097279816865921 2
1756055924874 0.7260859876871109 3
1756055924884 0.6693413913249969 4
1756055924893 0.699596706032753 5
1756055924902 0.6916209846735001 6
1756055924912 0.681298092007637 7
1756055924921 0.6252069681882858 8
1756055924931 0.5598712056875229 9
1756055924940 0.5905919879674911 10
1756055924949 0.5463417366147041 11
1756055924959 0.5162568911910057 12
1756055924969 0.4784495085477829 13
1756055924978 0.486701437830925 14
1756055924987 0.49505710750818255 15
1756055924996 0.47129491418600084 16
1756055925005 0.4842929273843765 17
1756055925014 0.4763068497180939 18
1756055925023 0.5057967692613602 19
1756055925033 0.4972294017672539 20
1756055925043 0.4537674680352211 21
1756055925052 0.525813740491867 22
1756055925061 0.49488733559846876 23
1756055925071 0.45814455300569534 24
1756055925080 0.441058823466301 25
1756055925089 0.4020822435617447 26
1756055925099 0.4224596172571182 27
1756055925108 0.40328125804662707 28
1756055925117 0.4449800506234169 29
1756055925127 0.45510958731174467 30
1756055925136 0.4977753311395645 31
1756055925145 0.4356578797101974 32
1756055925154 0.44674882143735883 33
1756055925163 0.4166419833898544 34
1756055925172 0.46232727319002154 35
1756055925182 0.4127056062221527 36
1756055925192 0.40349587649106977 37
1756055925201 0.4049489215016365 38
1756055925210 0.4075673624873161 39
1756055925222 0.38233419954776765 40
1756055925232 0.38751242905855177 41
1756055925241 0.3503874704241753 42
1756055925251 0.3523489981889725 43
1756055925260 0.3914334803819656 44
1756055925270 0.43012281209230424 45
1756055925280 0.37616744041442873 46
1756055925289 0.36452520191669463 47
1756055925298 0.348691713064909 48
1756055925309 0.3657069496810436 49
1756055925323 0.40316070765256884 50
1756055925333 0.37516691386699674 51
1756055925343 0.4005672261118889 52
1756055925353 0.3544765368103981 53
1756055925363 0.3624235063791275 54
1756055925374 0.3732613831758499 55
1756055925384 0.3609957963228226 56
1756055925394 0.38631961643695834 57
1756055925404 0.34296647012233733 58
1756055925414 0.35467897951602934 59
1756055925425 0.34158526211977003 60
1756055925438 0.343793611228466 61
1756055925448 0.37169710695743563 62
1756055925458 0.3335514023900032 63
1756055925468 0.37712193578481673 64
1756055925479 0.3084546998143196 65
1756055925489 0.3197989761829376 66
1756055925498 0.35431762784719467 67
1756055925508 0.3634362414479256 68
1756055925519 0.31906689554452894 69
1756055925529 0.31849381029605867 70
1756055925538 0.30867730230093005 71
1756055925548 0.31521817445755007 72
1756055925558 0.3285172887146473 73
1756055925568 0.3142736092209816 74
1756055925578 0.31587955355644226 75
1756055925587 0.2962020970880985 76
1756055925597 0.3106971800327301 77
1756055925607 0.329806000739336 78
1756055925617 0.3404599644243717 79
1756055925627 0.2949108362197876 80
1756055925637 0.29036543890833855 81
1756055925648 0.33649951964616776 82
1756055925658 0.294538427144289 83
1756055925667 0.29325104504823685 84
1756055925678 0.311635859310627 85
1756055925688 0.31634619683027265 86
1756055925697 0.2860701248049736 87
1756055925707 0.3039162069559097 88
1756055925717 0.354417672008276 89
1756055925728 0.3031515315175056 90
1756055925738 0.29889441207051276 91
1756055925748 0.27353089675307274 92
1756055925758 0.2813877403736115 93
1756055925768 0.2899311274290085 94
1756055925779 0.327521962672472 95
1756055925789 0.29179590493440627 96
1756055925799 0.27640278115868566 97
1756055925809 0.2944143481552601 98
1756055925819 0.30129430294036863 99
1756055925830 0.28371406346559525 100
