1756055840447 0.0007179713514444236 1
1756055840456 0.0014359427028888471 2
1756055840460 0.002153914054333271 3
1756055840464 0.0028718854057776942 4
1756055840469 0.003589856757222118 5
1756055840474 0.0035898567572221177 6
1756055840478 0.003588875666678878 7
1756055840483 0.003585933467857264 8
1756055840487 0.00358103337800849 9
1756055840491 0.0035741807553088633 10
1756055840496 0.0035653830930006966 11
1756055840501 0.003554650011198558 12
1756055840505 0.003541993246369817 13
1756055840510 0.003527426638500989 14
1756055840515 0.003510966115963913 15
1756055840519 0.0034926296780983124 16
1756055840524 0.003472437375529782 17
1756055840529 0.003450411288244718 18
1756055840533 0.0034265755014461843 19
1756055840538 0.003400956079217091 20
1756055840543 0.0033735810360195047 21
1756055840547 0.0033444803060612466 22
1756055840552 0.0033136857105632725 23
1756055840557 0.0032812309229636382 24
1756055840562 0.003247151432096088 25
1756055840567 0.0032114845033835346 26
1756055840571 0.0031742691380888693 27
1756055840576 0.00313554603066765 28
1756055840581 0.003095357524269317 29
1756055840586 0.0030537475644355733 30
1756055840591 0.0030107616510465876 31
1756055840596 0.0029664467885675357 32
1756055840600 0.0029208514346499162 33
1756055840605 0.0028740254471438125 34
1756055840610 0.0028260200295790712 35
1756055840615 0.0027768876751749906 36
1756055840620 0.002726682109439757 37
1756055840625 0.002675458231422392 38
1756055840630 0.002623272053681446 39
1756055840635 0.0025701806410360884 40
1756055840640 0.0025162420481665677 41
1756055840645 0.0024615152561322674 42
1756055840649 0.0024060601078767867 43
1756055840655 0.0023499372427905584 44
1756055840660 0.0022932080304025673 45
1756055840665 0.002235934503273669 46
1756055840670 0.0021781792891648983 47
1756055840675 0.0021200055425549293 48
1756055840680 0.002061476875581581 49
1756055840685 0.0020026572884828805 50
1756055840690 0.0019436110996137387 51
1756055840695 0.0018844028751147774 52
1756055840700 0.0018250973583102004 53
1756055840706 0.0017657593989119172 54
1756055840711 0.0017064538821073398 55
1756055840716 0.001647245657608379 56
1756055840721 0.0015881994687392375 57
1756055840726 0.0015293798816405366 58
1756055840732 0.0014708512146671892 59
1756055840737 0.0014126774680572197 60
1756055840742 0.0013549222539484486 61
1756055840747 0.001297648726819551 62
1756055840753 0.0012409195144315592 63
1756055840758 0.0011847966493453309 64
1756055840763 0.00112934150108985 65
1756055840769 0.0010746147090555504 66
1756055840774 0.0010206761161860292 67
1756055840779 0.0009675847035406719 68
1756055840785 0.0009153985257997263 69
1756055840790 0.0008641746477823612 70
1756055840796 0.0008139690820471277 71
1756055840801 0.0007648367276430467 72
1756055840807 0.0007168313100783051 73
1756055840813 0.0006700053225722016 74
1756055840818 0.0006244099686545817 75
1756055840823 0.0005800951061755307 76
1756055840829 0.0005371091927865443 77
1756055840835 0.0004954992329528009 78
1756055840840 0.00045531072655446796 79
1756055840846 0.00041658761913324923 80
1756055840852 0.0003793722538385835 81
1756055840857 0.00034370532512602997 82
1756055840863 0.00030962583425847925 83
1756055840868 0.00027717104665884497 84
1756055840874 0.00024637645116087095 85
1756055840880 0.00021727572120261307 86
1756055840885 0.00018990067800502694 87
1756055840891 0.0001642812557759335 88
1756055840896 0.00014044546897739959 89
1756055840902 0.00011841938169233619 90
1756055840908 9.822707912380508e-05 91
1756055840914 7.989064125820498e-05 92
1756055840919 6.343011872112929e-05 93
1756055840925 4.8863510852300806e-05 94
1756055840931 3.620674602355949e-05 95
1756055840937 2.547366422142115e-05 96
