1756055881504 0.0007179713514444236 1
1756055881518 0.0014359427028888471 2
1756055881526 0.002153914054333271 3
1756055881533 0.0028718854057776942 4
1756055881540 0.003589856757222118 5
1756055881546 0.0035898567572221177 6
1756055881553 0.003588875666678878 7
1756055881559 0.003585933467857264 8
1756055881566 0.00358103337800849 9
1756055881573 0.0035741807553088633 10
1756055881580 0.0035653830930006966 11
1756055881587 0.003554650011198558 12
1756055881593 0.003541993246369817 13
1756055881600 0.003527426638500989 14
1756055881607 0.003510966115963913 15
1756055881614 0.0034926296780983124 16
1756055881621 0.003472437375529782 17
1756055881628 0.003450411288244718 18
1756055881635 0.0034265755014461843 19
1756055881642 0.003400956079217091 20
1756055881649 0.0033735810360195047 21
1756055881656 0.0033444803060612466 22
1756055881662 0.0033136857105632725 23
1756055881669 0.0032812309229636382 24
1756055881676 0.003247151432096088 25
1756055881683 0.0032114845033835346 26
1756055881690 0.0031742691380888693 27
1756055881697 0.00313554603066765 28
1756055881704 0.003095357524269317 29
1756055881711 0.0030537475644355733 30
1756055881717 0.0030107616510465876 31
1756055881725 0.0029664467885675357 32
1756055881731 0.0029208514346499162 33
1756055881739 0.0028740254471438125 34
1756055881745 0.0028260200295790712 35
1756055881753 0.0027768876751749906 36
1756055881759 0.002726682109439757 37
1756055881766 0.002675458231422392 38
1756055881774 0.002623272053681446 39
1756055881781 0.0025701806410360884 40
1756055881788 0.0025162420481665677 41
1756055881795 0.0024615152561322674 42
1756055881802 0.0024060601078767867 43
1756055881809 0.0023499372427905584 44
1756055881816 0.0022932080304025673 45
1756055881823 0.002235934503273669 46
1756055881831 0.0021781792891648983 47
1756055881838 0.0021200055425549293 48
1756055881845 0.002061476875581581 49
1756055881852 0.0020026572884828805 50
1756055881859 0.0019436110996137387 51
1756055881867 0.0018844028751147774 52
1756055881875 0.0018250973583102004 53
1756055881882 0.0017657593989119172 54
1756055881889 0.0017064538821073398 55
1756055881896 0.001647245657608379 56
1756055881904 0.0015881994687392375 57
1756055881911 0.0015293798816405366 58
1756055881918 0.0014708512146671892 59
1756055881926 0.0014126774680572197 60
1756055881933 0.0013549222539484486 61
1756055881941 0.001297648726819551 62
1756055881948 0.0012409195144315592 63
1756055881956 0.0011847966493453309 64
1756055881963 0.00112934150108985 65
1756055881971 0.0010746147090555504 66
1756055881978 0.0010206761161860292 67
1756055881986 0.0009675847035406719 68
1756055881993 0.0009153985257997263 69
1756055882001 0.0008641746477823612 70
1756055882008 0.0008139690820471277 71
1756055882016 0.0007648367276430467 72
1756055882024 0.0007168313100783051 73
1756055882032 0.0006700053225722016 74
1756055882040 0.0006244099686545817 75
1756055882048 0.0005800951061755307 76
1756055882056 0.0005371091927865443 77
1756055882063 0.0004954992329528009 78
1756055882071 0.00045531072655446796 79
1756055882079 0.00041658761913324923 80
1756055882086 0.0003793722538385835 81
1756055882094 0.00034370532512602997 82
1756055882102 0.00030962583425847925 83
1756055882110 0.00027717104665884497 84
1756055882118 0.00024637645116087095 85
1756055882126 0.00021727572120261307 86
1756055882134 0.00018990067800502694 87
1756055882142 0.0001642812557759335 88
1756055882150 0.00014044546897739959 89
1756055882157 0.00011841938169233619 90
1756055882165 9.822707912380508e-05 91
1756055882173 7.989064125820498e-05 92
1756055882181 6.343011872112929e-05 93
1756055882189 4.8863510852300806e-05 94
1756055882197 3.620674602355949e-05 95
1756055882205 2.547366422142115e-05 96
1756055882213 1.667600191325452e-05 97
1756055882221 9.823379213627729e-06 98
1756055882230 4.9232893648537625e-06 99
