1756055881504 1.9817292392253876 1
1756055881518 1.7130256474018097 2
1756055881526 1.1388202518224717 3
1756055881533 1.2514506340026856 4
1756055881540 1.5035613238811494 5
1756055881546 1.0433506399393082 6
1756055881553 0.8031631588935852 7
1756055881559 0.6612900152802468 8
1756055881566 0.6786614283919334 9
1756055881573 0.7012462496757508 10
1756055881580 0.773666362464428 11
1756055881587 0.6402406901121139 12
1756055881593 0.5208906382322311 13
1756055881600 0.528307905048132 14
1756055881607 0.4888078711926937 15
1756055881614 0.702095328271389 16
1756055881621 0.496850448846817 17
1756055881628 0.5068854190409183 18
1756055881635 0.412265008687973 19
1756055881642 0.4745737507939339 20
1756055881649 0.46970527842640875 21
1756055881656 0.4266039654612541 22
1756055881662 0.388327806442976 23
1756055881669 0.4026594579219818 24
1756055881676 0.36742128878831865 25
1756055881683 0.2856249690055847 26
1756055881690 0.288578324764967 27
1756055881697 0.3202906996011734 28
1756055881704 0.44684958681464193 29
1756055881711 0.42083396911621096 30
1756055881717 0.39742509834468365 31
1756055881725 0.32300702440552415 32
1756055881731 0.2642743676900864 33
1756055881739 0.2575131140649319 34
1756055881745 0.2611687876284122 35
1756055881753 0.27243136018514635 36
1756055881759 0.27305433377623556 37
1756055881766 0.3233567029237747 38
1756055881774 0.3056436665356159 39
1756055881781 0.2821748897433281 40
1756055881788 0.3061497837305069 41
1756055881795 0.3385207451879978 42
1756055881802 0.36331789419054983 43
1756055881809 0.29749018847942355 44
1756055881816 0.25841432958841326 45
1756055881823 0.35422329008579256 46
1756055881831 0.31041397862136366 47
1756055881838 0.2513494320213795 48
1756055881845 0.33912101909518244 49
1756055881852 0.33018237054347993 50
1756055881859 0.3363759234547615 51
1756055881867 0.3611524559557438 52
1756055881875 0.3332541733980179 53
1756055881882 0.22275785654783248 54
1756055881889 0.26433193013072015 55
1756055881896 0.2588104747235775 56
1756055881904 0.22476430982351303 57
1756055881911 0.2373379237949848 58
1756055881918 0.2958996944129467 59
1756055881926 0.20859774239361287 60
1756055881933 0.1992480918765068 61
1756055881941 0.20925279706716537 62
1756055881948 0.18723158575594426 63
1756055881956 0.18743432573974134 64
1756055881963 0.19082496538758278 65
1756055881971 0.26897392272949217 66
1756055881978 0.2088954273611307 67
1756055881986 0.21754372119903564 68
1756055881993 0.16836077868938445 69
1756055882001 0.18322393111884594 70
1756055882008 0.2487508099526167 71
1756055882016 0.19094401374459266 72
1756055882024 0.30963994935154915 73
1756055882032 0.2697777207940817 74
1756055882040 0.26243562549352645 75
1756055882048 0.20057726316154004 76
1756055882056 0.21184226647019386 77
1756055882063 0.1835627168416977 78
1756055882071 0.279341921582818 79
1756055882079 0.16699111368507147 80
1756055882086 0.163560264185071 81
1756055882094 0.20911973118782043 82
1756055882102 0.18369487337768078 83
1756055882110 0.1759445659816265 84
1756055882118 0.22977320849895477 85
1756055882126 0.24487196207046508 86
1756055882134 0.1841128498315811 87
1756055882142 0.1579032015055418 88
1756055882150 0.15959495045244693 89
1756055882157 0.1441001368686557 90
1756055882165 0.16237825192511082 91
1756055882173 0.18083635978400708 92
1756055882181 0.1750482741743326 93
1756055882189 0.13900145068764685 94
1756055882197 0.1466106478124857 95
1756055882205 0.24736190550029277 96
1756055882213 0.1666873075067997 97
1756055882221 0.14337896257638932 98
1756055882230 0.15485759638249874 99
