1755904989164 1.3352616731222573 1
1755904989169 1.189818791754834 2
1755904989174 0.9587578939927088 3
1755904989178 0.8031040942901141 4
1755904989181 0.7715336459797698 5
1755904989185 0.6383481341135966 6
1755904989189 0.6387252331554115 7
1755904989192 0.5271639796820554 8
1755904989196 0.5103819254156831 9
1755904989200 0.3967431870760856 10
1755905002118 1.13888168717042 1
1755905002127 0.6844259515786782 2
1755905002131 0.5341661862837963 3
1755905002135 0.5198135666358166 4
1755905002139 0.4651208133078538 5
1755905002143 0.5156989078491162 6
1755905002147 0.4226106596298707 7
1755905002152 0.38503327812903965 8
1755905002156 0.3008949691668535 9
1755905002160 0.3110231550840231 10
1755905012588 1.5081770718097687 1
1755905012594 1.2765474408864974 2
1755905012599 1.0646778732538222 3
1755905012603 1.0328197419643401 4
1755905012608 0.7739049047231674 5
1755905012612 0.8016685009002685 6
1755905012616 0.8126212105154991 7
1755905012621 0.7399080485105515 8
1755905012625 0.7164246246218682 9
1755905012629 0.5096957683563232 10
1755905022159 1.7022491842508316 1
1755905022166 1.5140805542469025 2
1755905022171 1.3938691914081573 3
1755905022175 1.3581244498491287 4
1755905022180 1.2047228068113327 5
1755905022185 1.1076648384332657 6
1755905022190 0.972265163064003 7
