1755987323302 1.9707394242286682 1
1755987323312 1.317858588695526 2
1755987323316 1.211588168144226 3
1755987323322 1.302911901473999 4
1755987323327 1.2144831001758576 5
1755987323334 1.0845943450927735 6
1755987323339 1.0923340499401093 7
1755987323344 0.816476571559906 8
1755987323349 0.7665166079998016 9
1755987323354 0.742757135629654 10
1755987323359 0.706608334183693 11
1755987323365 0.647640722990036 12
1755987323369 0.6265821099281311 13
1755987323374 0.5725297719240189 14
1755987323378 0.6115108579397202 15
1755987323384 0.5058613866567612 16
1755987323388 0.5316604286432266 17
1755987323393 0.4705737382173538 18
1755987323398 0.4596594929695129 19
1755987323403 0.40022351741790774 20
1755987323408 0.38272624313831327 21
1755987323414 0.3952464282512665 22
1755987323419 0.34741817116737367 23
1755987323425 0.31206794679164884 24
1755987323431 0.38742111027240755 25
1755987323436 0.3815287798643112 26
1755987323441 0.3690426856279373 27
1755987323447 0.3019263207912445 28
1755987323452 0.3224774360656738 29
1755987323457 0.2857640743255615 30
1755987323464 0.32757663577795026 31
1755987323469 0.257813860476017 32
1755987323474 0.3014585435390472 33
1755987323479 0.27834031283855437 34
1755987323484 0.22843595892190932 35
1755987323489 0.22806752920150758 36
1755987323495 0.23000361621379853 37
1755987323501 0.24814164638519287 38
1755987323506 0.2512820899486542 39
1755987323512 0.22072952836751938 40
1755987323517 0.21558328121900558 41
1755987323522 0.22132127583026887 42
1755987323527 0.2172496199607849 43
1755987323533 0.2000358745455742 44
1755987323538 0.21821255683898927 45
1755987323543 0.19672349244356155 46
1755987323550 0.1962363287806511 47
1755987323555 0.19114094972610474 48
1755987323560 0.19881369024515153 49
1755987323566 0.17644558176398278 50
1755987323572 0.1939418777823448 51
1755987323577 0.17485533505678177 52
1755987323583 0.178951433300972 53
1755987323588 0.17908689826726915 54
1755987323594 0.1759943187236786 55
1755987323600 0.16242025941610336 56
1755987323605 0.16833593547344208 57
1755987323611 0.1454791896045208 58
1755987323617 0.14832643494009973 59
1755987323622 0.15565903931856157 60
1755987323628 0.14669906795024873 61
1755987323634 0.15133263915777206 62
1755987323640 0.16053617298603057 63
1755987323646 0.1339313119649887 64
1755987323652 0.13778138980269433 65
1755987323658 0.14812954813241958 66
1755987323664 0.12840709686279297 67
1755987323673 0.12247262969613075 68
1755987323681 0.12216898202896118 69
1755987323687 0.11290796399116516 70
1755987323693 0.12449095398187637 71
1755987323700 0.12780887335538865 72
1755987323705 0.1143509417772293 73
1755987323711 0.11501288264989853 74
1755987323716 0.10561438873410225 75
1755987323722 0.11644720062613487 76
1755987323728 0.10992349088191986 77
1755987323736 0.10562125593423843 78
1755987323742 0.11229465752840043 79
1755987323747 0.11820716708898545 80
1755987323753 0.09907189756631851 81
1755987323758 0.09529420286417008 82
1755987323765 0.12023388519883156 83
1755987323771 0.1030647523701191 84
1755987323777 0.1023880548775196 85
1755987323784 0.11553801894187928 86
1755987323790 0.09829060286283493 87
1755987323796 0.10840848162770271 88
1755987323802 0.10494875013828278 89
1755987323808 0.0991698183119297 90
1755987323815 0.1067739874124527 91
1755987323822 0.10911802873015404 92
1755987323827 0.10514268502593041 93
1755987323835 0.10417127162218094 94
1755987323841 0.09289154186844825 95
1755987323847 0.10216928198933602 96
1755987323853 0.1033209040760994 97
1755987323860 0.09650604575872421 98
1755987323866 0.09960096254944802 99
1755987323873 0.1055753342807293 100
