1755987339426 0.00044468640204455213 1
1755987339442 0.0008893728040891043 2
1755987339450 0.0013340592061336562 3
1755987339457 0.0017787456081782085 4
1755987339464 0.0022234320102227606 5
1755987339471 0.0022234320102227606 6
1755987339479 0.0022228244610293206 7
1755987339486 0.002221002477795123 8
1755987339493 0.002217968052832085 9
1755987339500 0.002213724504239352 10
1755987339508 0.0022082764722750076 11
1755987339515 0.0022016299142820174 12
1755987339522 0.002193792098173963 13
1755987339529 0.002184771594487684 14
1755987339537 0.0021745782670115257 15
1755987339545 0.002163223261999424 16
1755987339552 0.002150718995982649 17
1755987339559 0.0021370791421925035 18
1755987339566 0.0021223186156088484 19
1755987339573 0.0021064535566507918 20
1755987339580 0.0020895013135273748 21
1755987339587 0.002071480423267564 22
1755987339594 0.002052410591450277 23
1755987339601 0.0020323126706566267 24
1755987339608 0.0020112086376679254 25
1755987339615 0.0019891215694344006 26
1755987339623 0.0019660756178408864 27
1755987339631 0.0019420959832970922 28
1755987339637 0.0019172088871813276 29
1755987339644 0.0018914415431678054 30
1755987339652 0.0018648221274688934 31
1755987339659 0.0018373797480248347 32
1755987339666 0.001809144412674647 33
1755987339673 0.0017801469963429884 34
