1755987339426 2.9805620431900026 1
1755987339442 1.7778324484825134 2
1755987339450 1.5207987666130065 3
1755987339457 1.446522855758667 4
1755987339464 1.2265230238437652 5
1755987339471 1.3812026739120484 6
1755987339479 1.0680263757705688 7
1755987339486 0.8748341500759125 8
1755987339493 0.6866260707378388 9
1755987339500 0.6801423788070678 10
1755987339508 0.6872736245393753 11
1755987339515 0.5871487349271775 12
1755987339522 0.5934417545795441 13
1755987339529 0.6092725336551666 14
1755987339537 0.645350456237793 15
1755987339545 0.5214207708835602 16
1755987339552 0.5088374257087708 17
1755987339559 0.42214115858078005 18
1755987339566 0.4116351127624512 19
1755987339573 0.47199180722236633 20
1755987339580 0.5527979999780654 21
1755987339587 0.4620609641075134 22
1755987339594 0.39297178089618684 23
1755987339601 0.33403386920690536 24
1755987339608 0.38323392868041994 25
1755987339615 0.36874043345451357 26
1755987339623 0.3334178447723389 27
1755987339631 0.33824021816253663 28
1755987339637 0.3109885960817337 29
1755987339644 0.2739518046379089 30
1755987339652 0.2720706731081009 31
1755987339659 0.312464140355587 32
1755987339666 0.28712021857500075 33
1755987339673 0.25429692566394807 34
