1755987323302 3.1449722766876222 1
1755987323312 1.7474689483642578 2
1755987323316 1.57448667883873 3
1755987323322 1.4204248428344726 4
1755987323327 1.965069580078125 5
1755987323334 1.3550902009010315 6
1755987323339 1.1663194239139556 7
1755987323344 0.9825770258903503 8
1755987323349 0.9242868483066559 9
1755987323354 0.8948859214782715 10
1755987323359 0.8053567409515381 11
1755987323365 0.7469925880432129 12
1755987323369 0.6906639039516449 13
1755987323374 0.7098447561264039 14
1755987323378 0.6065105557441711 15
1755987323384 0.6071129679679871 16
1755987323388 0.5466155529022216 17
1755987323393 0.5036702573299408 18
1755987323398 0.4480372786521912 19
1755987323403 0.4289476782083511 20
1755987323408 0.37497385740280154 21
1755987323414 0.42552503049373624 22
1755987323419 0.37700780630111697 23
1755987323425 0.39744316041469574 24
1755987323431 0.3775419369339943 25
1755987323436 0.4441437155008316 26
1755987323441 0.37245501577854156 27
1755987323447 0.32197519987821577 28
1755987323452 0.35275990068912505 29
1755987323457 0.33176382184028624 30
1755987323464 0.3229821562767029 31
1755987323469 0.30569303780794144 32
1755987323474 0.3083876982331276 33
1755987323479 0.2909272968769073 34
1755987323484 0.24393521696329118 35
1755987323489 0.25744971334934236 36
1755987323495 0.229694102704525 37
1755987323501 0.29003129005432127 38
1755987323506 0.27298507243394854 39
1755987323512 0.22630616277456284 40
1755987323517 0.25636991262435915 41
1755987323522 0.23938676714897156 42
1755987323527 0.23593022376298906 43
1755987323533 0.2470766931772232 44
1755987323538 0.2344825178384781 45
1755987323543 0.20958796441555022 46
1755987323550 0.2020134299993515 47
1755987323555 0.2470696821808815 48
1755987323560 0.20271700620651245 49
1755987323566 0.2027995079755783 50
1755987323572 0.2194278657436371 51
1755987323577 0.2306092530488968 52
1755987323583 0.22327806577086448 53
1755987323588 0.2070345401763916 54
1755987323594 0.2464651420712471 55
1755987323600 0.23565525636076928 56
1755987323605 0.1844398319721222 57
1755987323611 0.16514674946665764 58
1755987323617 0.16769918650388718 59
1755987323622 0.17661058604717256 60
1755987323628 0.19671833515167236 61
1755987323634 0.15967426896095277 62
1755987323640 0.1787418745458126 63
1755987323646 0.1416917137801647 64
1755987323652 0.16922387182712556 65
1755987323658 0.15710969716310502 66
1755987323664 0.13867295905947685 67
1755987323673 0.12541996985673903 68
1755987323681 0.13790662586688995 69
1755987323687 0.1260924145579338 70
1755987323693 0.14203077256679536 71
1755987323700 0.14000512883067132 72
1755987323705 0.14224975183606148 73
1755987323711 0.13167240023612975 74
1755987323716 0.11502843275666237 75
1755987323722 0.12793952152132987 76
1755987323728 0.1216027319431305 77
1755987323736 0.11957220509648323 78
1755987323742 0.11782589331269264 79
1755987323747 0.1292683996260166 80
1755987323753 0.11547240242362022 81
1755987323758 0.10876004695892334 82
1755987323765 0.1342171162366867 83
1755987323771 0.10457542389631272 84
1755987323777 0.10753179714083672 85
1755987323784 0.14014900773763656 86
1755987323790 0.11320325955748559 87
1755987323796 0.10732538849115372 88
1755987323802 0.12209197580814361 89
1755987323808 0.12708978205919266 90
1755987323815 0.11173281148076057 91
1755987323822 0.12830305173993112 92
1755987323827 0.12478859275579453 93
1755987323835 0.11518775895237923 94
1755987323841 0.10517488047480583 95
1755987323847 0.1121207058429718 96
1755987323853 0.12233094498515129 97
1755987323860 0.0996396228671074 98
1755987323866 0.11199726089835167 99
1755987323873 0.11707062274217606 100
