1755987339426 1.045935869216919 1
1755987339442 0.9070313990116119 2
1755987339450 0.8474476158618927 3
1755987339457 0.8224200546741486 4
1755987339464 0.7830556452274322 5
1755987339471 0.7665481805801392 6
1755987339479 0.772473269701004 7
1755987339486 0.6556868970394134 8
1755987339493 0.6174035251140595 9
1755987339500 0.5961306929588318 10
1755987339508 0.5811154067516326 11
1755987339515 0.5886399805545807 12
1755987339522 0.5698188245296478 13
1755987339529 0.5352078884840011 14
1755987339537 0.5588494956493377 15
1755987339545 0.5274255365133286 16
1755987339552 0.5236074686050415 17
1755987339559 0.4789134353399277 18
1755987339566 0.45178015530109406 19
1755987339573 0.4908854514360428 20
1755987339580 0.4826004981994629 21
1755987339587 0.4852544218301773 22
1755987339594 0.4642488032579422 23
1755987339601 0.4268381863832474 24
1755987339608 0.4479939162731171 25
1755987339615 0.418766126036644 26
1755987339623 0.4304553270339966 27
1755987339631 0.4381881862878799 28
1755987339637 0.4090214341878891 29
1755987339644 0.3917684108018875 30
1755987339652 0.3740074664354324 31
1755987339659 0.3945767104625702 32
1755987339666 0.397873118519783 33
1755987339673 0.384294593334198 34
