1755987359458 2.541325402259827 1
1755987359475 2.281938850879669 2
1755987359485 1.9034769415855408 3
1755987359494 1.5067049622535706 4
1755987359503 1.482066035270691 5
1755987359511 1.1254242062568665 6
1755987359520 1.1293661177158356 7
1755987359528 0.9525882184505463 8
1755987359537 0.937007611989975 9
1755987359546 0.8873582899570465 10
1755987359554 0.7404916644096374 11
1755987359563 0.7119823575019837 12
1755987359571 0.6689002394676209 13
1755987359581 0.5974950551986694 14
1755987359590 0.5804993093013764 15
1755987359599 0.5215251863002777 16
1755987359607 0.6203118652105332 17
1755987359616 0.5779757767915725 18
1755987359624 0.4990881621837616 19
1755987359633 0.47821237444877623 20
1755987359642 0.450090628862381 21
1755987359651 0.4104636922478676 22
1755987359660 0.41309612095355985 23
1755987359669 0.3708637624979019 24
1755987359677 0.38275550603866576 25
1755987359686 0.41251680850982664 26
1755987359695 0.3261253297328949 27
1755987359704 0.3426059275865555 28
1755987359714 0.32976701855659485 29
1755987359723 0.39766577184200286 30
1755987359732 0.3726789027452469 31
1755987359741 0.3290845364332199 32
1755987359750 0.2871273458003998 33
1755987359759 0.31078453063964845 34
1755987359768 0.272188700735569 35
1755987359777 0.29423976987600325 36
1755987359786 0.2931933462619781 37
1755987359794 0.24972107261419296 38
1755987359804 0.2688042938709259 39
1755987359814 0.24851516932249068 40
1755987359830 0.21906180083751678 41
1755987359839 0.23268226236104966 42
1755987359848 0.23291727304458618 43
1755987359858 0.22148107290267943 44
1755987359868 0.23903346210718154 45
1755987359877 0.20938050895929336 46
1755987359893 0.21925494968891143 47
1755987359901 0.20781695544719697 48
1755987359911 0.2439156100153923 49
1755987359921 0.25465716421604156 50
1755987359931 0.2137731596827507 51
1755987359941 0.187367944419384 52
1755987359950 0.1963486209511757 53
1755987359959 0.22400380671024323 54
1755987359969 0.21111899763345718 55
1755987359979 0.17222092896699906 56
1755987359990 0.14763227701187134 57
