1756059574114 1.3614694595336914 1
1756059574132 0.977547550201416 2
1756059574140 1.0554529786109925 3
1756059574148 0.9317391984164715 4
1756059574156 0.8450877040624618 5
1756059574164 0.6477857574820518 6
1756059574172 0.7693487197160721 7
1756059574180 0.7260659143328667 8
1756059574188 0.533800546824932 9
1756059574196 0.5837006330490112 10
1756059574204 0.5043575406074524 11
1756059574212 0.5039288029074669 12
1756059574222 0.5063044935464859 13
1756059574231 0.4319329306483269 14
1756059574240 0.4067551389336586 15
1756059574249 0.4416425243020058 16
1756059574258 0.4057870667427778 17
1756059574267 0.38789515346288683 18
1756059574276 0.3833053052425385 19
1756059574284 0.4157850667834282 20
1756059574293 0.3999612282961607 21
1756059574301 0.37728611901402476 22
1756059574310 0.5950641095638275 23
1756059574319 0.4180705323815346 24
1756059574328 0.38157935068011284 25
1756059574337 0.32586111277341845 26
1756059574346 0.3389338843524456 27
1756059574355 0.4322592720389366 28
1756059574363 0.47208818346261977 29
1756059574371 0.4774122789502144 30
1756059574380 0.41885963678359983 31
1756059574388 0.44572453796863554 32
1756059574397 0.34741646647453306 33
1756059574405 0.41541881263256075 34
1756059574414 0.38811405599117277 35
1756059574422 0.31815708950161936 36
1756059574431 0.3264684103429317 37
1756059574440 0.2795970268547535 38
1756059574448 0.3308372363448143 39
1756059574457 0.3018101878464222 40
1756059574467 0.45607420727610587 41
1756059574476 0.3531306393444538 42
1756059574486 0.3100500039756298 43
1756059574495 0.2991877213120461 44
1756059574504 0.232127283513546 45
1756059574513 0.272021047770977 46
1756059574522 0.34455070793628695 47
1756059574530 0.32505163848400115 48
1756059574539 0.24389015585184098 49
1756059574548 0.28219581842422486 50
1756059574557 0.219726749509573 51
1756059574566 0.2629186883568764 52
1756059574575 0.234158144146204 53
1756059574585 0.2650945395231247 54
1756059574594 0.22180769219994545 55
1756059574603 0.1856628179550171 56
1756059574612 0.1876159530133009 57
1756059574621 0.2387496393173933 58
1756059574630 0.19879239276051522 59
1756059574639 0.35983383767306804 60
1756059574648 0.21301067620515823 61
1756059574657 0.2474781721830368 62
1756059574665 0.18827041015028953 63
1756059574674 0.1985609047114849 64
1756059574683 0.19458464607596399 65
1756059574692 0.22368667349219323 66
1756059574701 0.22424655109643937 67
1756059574711 0.1931100334972143 68
1756059574721 0.202646529302001 69
1756059574731 0.24468837417662143 70
1756059574741 0.17264282703399658 71
1756059574750 0.24214485585689544 72
1756059574759 0.15515426285564898 73
1756059574768 0.24103306494653226 74
1756059574778 0.18296053484082223 75
1756059574787 0.16856664568185806 76
1756059574796 0.14343282096087934 77
1756059574806 0.2301284708082676 78
1756059574816 0.1504004780203104 79
1756059574825 0.22341471202671528 80
1756059574835 0.15662880353629588 81
1756059574845 0.18648787811398507 82
1756059574854 0.2482729647308588 83
1756059574864 0.15557283498346805 84
1756059574873 0.1917736243456602 85
1756059574883 0.18102028593420982 86
1756059574893 0.1867563746869564 87
1756059574902 0.18788291811943053 88
1756059574911 0.22290926836431027 89
1756059574921 0.15942761674523354 90
1756059574930 0.16607105806469918 91
1756059574939 0.1446448713541031 92
1756059574949 0.14443847201764584 93
1756059574959 0.22817255072295667 94
1756059574969 0.17042720764875413 95
1756059574979 0.14051787443459035 96
1756059574989 0.16905016154050828 97
1756059574999 0.15910824649035932 98
1756059575009 0.2260771669447422 99
1756059575018 0.14926737993955613 100
