1756059533532 2.6453573167324067 1
1756059533545 1.7712923377752303 2
1756059533552 1.2609329104423523 3
1756059533559 1.009316834807396 4
1756059533566 1.1814397066831588 5
1756059533574 0.7844622701406478 6
1756059533581 0.6827670738101006 7
1756059533588 0.9214587092399598 8
1756059533595 0.6064955376088619 9
1756059533602 0.5890735507011413 10
1756059533610 0.5342404539231211 11
1756059533617 0.5025988578796386 12
1756059533624 0.7012409046292305 13
1756059533632 0.6114014951512218 14
1756059533639 0.6275148287415504 15
1756059533646 0.7293660625815391 16
1756059533654 0.5369297184050084 17
1756059533661 0.47162807881832125 18
1756059533669 0.4646895989775658 19
1756059533676 0.37574921511113646 20
1756059533684 0.36942266300320625 21
1756059533691 0.40846501141786573 22
1756059533699 0.5051107451319694 23
1756059533706 0.5426651000976562 24
1756059533713 0.5351152315735817 25
1756059533721 0.4815869703888893 26
1756059533729 0.480411471426487 27
1756059533736 0.4166817978024483 28
1756059533744 0.4196909122169018 29
1756059533751 0.4565097913146019 30
1756059533759 0.41253564432263373 31
1756059533767 0.4031036488711834 32
1756059533774 0.506633848696947 33
1756059533782 0.442051200568676 34
1756059533789 0.4106595069169998 35
1756059533797 0.4333281010389328 36
1756059533805 0.39342519268393517 37
1756059533812 0.4092281668446958 38
1756059533819 0.4810625359416008 39
1756059533828 0.4179845631122589 40
1756059533836 0.36854641884565353 41
