1756059533532 0.9832260996103287 1
1756059533545 0.8523478537797928 2
1756059533552 0.7505945295095444 3
1756059533559 0.7048586755990982 4
1756059533566 0.7034765601158142 5
1756059533574 0.6406328201293945 6
1756059533581 0.5741970494389534 7
1756059533588 0.6559359282255173 8
1756059533595 0.5403268963098526 9
1756059533602 0.5266002774238586 10
1756059533610 0.524319576844573 11
1756059533617 0.5091969087719918 12
1756059533624 0.5921984672546386 13
1756059533632 0.5483024589717388 14
1756059533639 0.545312476158142 15
1756059533646 0.5453822955489158 16
1756059533654 0.478762711584568 17
1756059533661 0.4874968037009239 18
1756059533669 0.4883687272667885 19
1756059533676 0.4417675122618675 20
1756059533684 0.43573958724737166 21
1756059533691 0.44680808037519454 22
1756059533699 0.507653622329235 23
1756059533706 0.5074444219470025 24
1756059533713 0.49020412266254426 25
1756059533721 0.4885618329048157 26
1756059533729 0.5002124473452568 27
1756059533736 0.44667861312627793 28
1756059533744 0.4316043071448803 29
1756059533751 0.46075239181518557 30
1756059533759 0.441185799241066 31
1756059533767 0.4356418624520302 32
1756059533774 0.4947757661342621 33
1756059533782 0.45720973461866377 34
1756059533789 0.4549595981836319 35
1756059533797 0.4549088880419731 36
1756059533805 0.4271199718117714 37
1756059533812 0.4594743072986603 38
1756059533819 0.4671982452273369 39
1756059533828 0.46782322973012924 40
1756059533836 0.44276577830314634 41
