1756059533532 1.7181346654891967 1
1756059533545 1.3324315518140792 2
1756059533552 0.9881876051425934 3
1756059533559 0.8415391415357589 4
1756059533566 0.9017398893833161 5
1756059533574 0.700167539715767 6
1756059533581 0.5776657074689865 7
1756059533588 0.7758664324879646 8
1756059533595 0.5357204278931021 9
1756059533602 0.4836178973317146 10
1756059533610 0.5214800334651954 11
1756059533617 0.4452983260154724 12
1756059533624 0.6038929983973503 13
1756059533632 0.5438532371073961 14
1756059533639 0.5063113257288933 15
1756059533646 0.5542780846357346 16
1756059533654 0.4157258778810501 17
1756059533661 0.4169388562440872 18
1756059533669 0.4132522702217102 19
1756059533676 0.3504912182688713 20
1756059533684 0.3197785519063473 21
1756059533691 0.34140086024999616 22
1756059533699 0.4542166590690613 23
1756059533706 0.4461184233427048 24
1756059533713 0.46132263392210004 25
1756059533721 0.3929227262735367 26
1756059533729 0.4500380590558052 27
1756059533736 0.34634591788053515 28
1756059533744 0.3356762878596783 29
1756059533751 0.37549044042825697 30
1756059533759 0.3491981036961079 31
1756059533767 0.33900832012295723 32
1756059533774 0.4319318443536758 33
1756059533782 0.37565816193819046 34
1756059533789 0.3563299797475338 35
1756059533797 0.3540381819009781 36
1756059533805 0.32020587027072905 37
1756059533812 0.3644450411200523 38
1756059533819 0.37834603786468507 39
1756059533828 0.3682329550385475 40
1756059533836 0.33291679471731184 41
