1756053611187 3.249202251434326 1
1756053611200 1.7351362228393554 2
1756053611209 1.9808479785919189 3
1756053611217 1.5850077152252198 4
1756053611225 1.2085577964782714 5
1756053611234 0.9304618954658508 6
1756053611242 0.8146209359169007 7
1756053611251 0.7562546014785767 8
1756053611260 0.5916138291358948 9
1756053611268 0.5780664682388306 10
1756053611277 0.47891008853912354 11
1756053611285 0.5057860553264618 12
1756053611294 0.38929755687713624 13
1756053611303 0.4207921981811523 14
1756053611311 0.3986267387866974 15
1756053611320 0.3716382563114166 16
1756053611328 0.36601960062980654 17
1756053611337 0.31769987344741824 18
1756053611346 0.32713289856910704 19
1756053611354 0.3695786952972412 20
1756053611363 0.33266936242580414 21
1756053611372 0.2999184012413025 22
1756053611380 0.3349458068609238 23
1756053611389 0.30543223917484286 24
1756053611398 0.3094316631555557 25
1756053611407 0.2554497838020325 26
1756053611416 0.23864814043045043 27
1756053611425 0.23252673149108888 28
1756053611434 0.22781141996383666 29
1756053611443 0.20500879883766174 30
1756053611452 0.2138862729072571 31
1756053611461 0.20698606073856354 32
1756053611469 0.21271321177482605 33
1756053611479 0.19128778278827668 34
1756053611487 0.1943327307701111 35
1756053611496 0.19440487623214722 36
1756053611505 0.16121483445167542 37
1756053611514 0.16066338419914244 38
1756053611523 0.17259306013584136 39
1756053611533 0.17129927575588227 40
1756053611542 0.1618033081293106 41
1756053611551 0.14568134844303132 42
1756053611560 0.15922946333885193 43
1756053611569 0.14767813682556152 44
1756053611578 0.13418226242065429 45
1756053611587 0.13034962713718415 46
1756053611597 0.13957962095737458 47
1756053611606 0.13501895666122438 48
1756053611615 0.12999114096164704 49
1756053611624 0.13391880244016646 50
1756053611633 0.12845039516687393 51
1756053611643 0.11395029276609421 52
1756053611652 0.1126850888133049 53
1756053611661 0.11882131844758988 54
1756053611670 0.11086872071027756 55
1756053611679 0.1090140774846077 56
1756053611689 0.10793454796075821 57
1756053611698 0.11072746217250824 58
1756053611707 0.10812990814447403 59
1756053611717 0.08551837652921676 60
1756053611727 0.0916789323091507 61
1756053611736 0.09215668439865113 62
1756053611745 0.08829493224620819 63
1756053611755 0.07497920691967011 64
1756053611764 0.0867088943719864 65
1756053611773 0.08706121295690536 66
1756053611783 0.09246325492858887 67
1756053611793 0.09289986938238144 68
1756053611802 0.0688175044953823 69
1756053611812 0.07211339622735977 70
1756053611821 0.06700920462608337 71
1756053611830 0.07607509940862656 72
1756053611840 0.06696323603391648 73
1756053611849 0.06464889645576477 74
1756053611859 0.061494003236293796 75
1756053611869 0.06926662400364876 76
1756053611878 0.07259521335363388 77
1756053611888 0.06849806234240532 78
1756053611897 0.06361949518322944 79
1756053611907 0.05855253487825394 80
1756053611917 0.057722533494234084 81
1756053611926 0.0554868757724762 82
1756053611936 0.05766700208187103 83
1756053611946 0.052434978634119035 84
1756053611955 0.06068620979785919 85
1756053611965 0.05326470509171486 86
1756053611975 0.06566785946488381 87
1756053611984 0.05347427427768707 88
