1756053594992 3.149997186660767 1
1756053595005 1.8746290445327758 2
1756053595012 1.5316591262817383 3
1756053595019 1.2049760937690734 4
1756053595025 1.2008630752563476 5
1756053595032 0.951490068435669 6
1756053595038 0.8222602009773254 7
1756053595045 0.6068141222000122 8
1756053595052 0.5791498780250549 9
1756053595058 0.5591720283031464 10
1756053595065 0.4612345278263092 11
1756053595072 0.4287536084651947 12
1756053595078 0.4387189090251923 13
1756053595086 0.40275155305862426 14
1756053595092 0.4011573791503906 15
1756053595099 0.3474508225917816 16
1756053595106 0.3119442015886307 17
1756053595113 0.2818397045135498 18
1756053595119 0.2961037218570709 19
1756053595126 0.2845591247081757 20
1756053595133 0.27797865569591523 21
1756053595140 0.3243534505367279 22
1756053595147 0.3415976703166962 23
1756053595154 0.33581085205078126 24
1756053595161 0.29132290482521056 25
1756053595168 0.26002771556377413 26
1756053595174 0.27331419587135314 27
1756053595181 0.2569426864385605 28
1756053595189 0.2850035786628723 29
1756053595196 0.2617127388715744 30
1756053595203 0.2652054727077484 31
1756053595210 0.2246253490447998 32
1756053595217 0.21115875244140625 33
1756053595224 0.25321588218212127 34
1756053595231 0.2500499427318573 35
1756053595238 0.22084713280200957 36
1756053595245 0.2033178448677063 37
1756053595252 0.19086993336677552 38
1756053595259 0.14841157495975493 39
1756053595266 0.14042126536369323 40
1756053595273 0.16209137439727783 41
1756053595281 0.1710588276386261 42
1756053595288 0.19257762432098388 43
1756053595295 0.16130856275558472 44
1756053595302 0.18369118571281434 45
1756053595309 0.12799148112535477 46
1756053595316 0.13436921685934067 47
1756053595323 0.12165873050689698 48
1756053595330 0.12899892032146454 49
1756053595338 0.1284663885831833 50
1756053595345 0.11021172106266022 51
1756053595352 0.10388068258762359 52
1756053595360 0.10227556973695755 53
1756053595367 0.08378197997808456 54
1756053595374 0.08453147560358047 55
1756053595382 0.07911977171897888 56
1756053595389 0.0839746579527855 57
1756053595396 0.08608818054199219 58
1756053595404 0.09021669924259186 59
1756053595411 0.08070344552397728 60
1756053595419 0.08155308812856674 61
1756053595426 0.07351474314928055 62
1756053595433 0.07394814193248749 63
1756053595441 0.08171217143535614 64
1756053595448 0.07734098583459854 65
1756053595456 0.07105877697467804 66
1756053595463 0.07880981713533401 67
1756053595470 0.06802680268883705 68
1756053595478 0.0793669044971466 69
1756053595485 0.07337604090571404 70
1756053595493 0.06612649112939835 71
1756053595500 0.07345255017280579 72
1756053595508 0.0780593603849411 73
1756053595516 0.0729506142437458 74
1756053595523 0.06046004220843315 75
1756053595531 0.060643459856510165 76
1756053595538 0.05335493460297584 77
1756053595546 0.05953328832983971 78
1756053595553 0.05951085314154625 79
1756053595561 0.05697022527456284 80
1756053595569 0.06575668826699257 81
1756053595576 0.05033678412437439 82
1756053595584 0.06298781558871269 83
1756053595592 0.05569147020578384 84
1756053595599 0.05408846139907837 85
1756053595607 0.04946812093257904 86
1756053595615 0.05625167638063431 87
1756053595623 0.053173824399709704 88
1756053595631 0.048867708444595336 89
