1756053594992 2.2112173318862913 1
1756053595005 1.5625091314315795 2
1756053595012 1.1888994693756103 3
1756053595019 1.0606172204017639 4
1756053595025 1.0031831979751586 5
1756053595032 0.7341115355491639 6
1756053595038 0.7619318842887879 7
1756053595045 0.5147869408130645 8
1756053595052 0.5609925031661988 9
1756053595058 0.49269787669181825 10
1756053595065 0.44637334942817686 11
1756053595072 0.41844460368156433 12
1756053595078 0.3933194100856781 13
1756053595086 0.39844096302986143 14
1756053595092 0.40167742371559145 15
1756053595099 0.31756954193115233 16
1756053595106 0.3213481426239014 17
1756053595113 0.26786334812641144 18
1756053595119 0.2872808575630188 19
1756053595126 0.28118887543678284 20
1756053595133 0.267295241355896 21
1756053595140 0.32817426323890686 22
1756053595147 0.27337329685688017 23
1756053595154 0.32844763398170473 24
1756053595161 0.25354746282100676 25
1756053595168 0.2623287200927734 26
1756053595174 0.2299227625131607 27
1756053595181 0.2721127450466156 28
1756053595189 0.2650413244962692 29
1756053595196 0.2524877399206161 30
1756053595203 0.2527991235256195 31
1756053595210 0.22302458584308624 32
1756053595217 0.1964022397994995 33
1756053595224 0.2157908111810684 34
1756053595231 0.19319382011890412 35
1756053595238 0.219156938791275 36
1756053595245 0.18551210463047027 37
1756053595252 0.16898880302906036 38
1756053595259 0.1506410449743271 39
1756053595266 0.13254874646663667 40
1756053595273 0.1535020649433136 41
1756053595281 0.1586239069700241 42
1756053595288 0.17653981745243072 43
1756053595295 0.13396840691566467 44
1756053595302 0.1494829386472702 45
1756053595309 0.12644966691732407 46
1756053595316 0.12469706386327743 47
1756053595323 0.11582187414169312 48
1756053595330 0.11127944737672806 49
1756053595338 0.12163356542587281 50
1756053595345 0.10471193641424179 51
1756053595352 0.10161921381950378 52
1756053595360 0.09153192043304444 53
1756053595367 0.08192000538110733 54
1756053595374 0.07894284874200821 55
1756053595382 0.07316987365484237 56
1756053595389 0.07942537069320679 57
1756053595396 0.08110407143831252 58
1756053595404 0.08896773755550384 59
1756053595411 0.06990980207920075 60
1756053595419 0.07751520425081253 61
1756053595426 0.070773995667696 62
1756053595433 0.06906112506985665 63
1756053595441 0.07895424067974091 64
1756053595448 0.07161770462989807 65
1756053595456 0.06990231424570084 66
1756053595463 0.07608792632818222 67
1756053595470 0.06490297019481658 68
1756053595478 0.06771620661020279 69
1756053595485 0.06812612861394882 70
1756053595493 0.06333955451846122 71
1756053595500 0.06938164830207824 72
1756053595508 0.06775000840425491 73
1756053595516 0.06748399809002877 74
1756053595523 0.05665290206670761 75
1756053595531 0.05678981989622116 76
1756053595538 0.05241667106747627 77
1756053595546 0.05739584863185883 78
1756053595553 0.052592895179986957 79
1756053595561 0.05438174828886986 80
1756053595569 0.05389336198568344 81
1756053595576 0.04816694110631943 82
1756053595584 0.05611907094717026 83
1756053595592 0.054960393160581586 84
1756053595599 0.05056102201342583 85
1756053595607 0.045784313976764676 86
1756053595615 0.05205252692103386 87
1756053595623 0.05134362652897835 88
1756053595631 0.04716601371765137 89
