1756053578857 1.055423665046692 1
1756053578863 0.9412670493125915 2
1756053578868 0.7828670024871827 3
1756053578872 0.6982943415641785 4
1756053578876 0.6741170406341552 5
1756053578881 0.68385808467865 6
1756053578885 0.5834474802017212 7
1756053578889 0.5633973479270935 8
1756053578894 0.5574303388595581 9
1756053578898 0.5226214408874512 10
1756053578903 0.4719692409038544 11
1756053578907 0.4809117615222931 12
1756053578912 0.4289692878723145 13
1756053578916 0.4346599757671356 14
1756053578921 0.4298397898674011 15
1756053578925 0.40954562425613406 16
1756053578930 0.4074635684490204 17
1756053578935 0.3871546983718872 18
1756053578939 0.3715682864189148 19
1756053578944 0.3784043252468109 20
1756053578949 0.35616633892059324 21
1756053578953 0.34927151203155515 22
1756053578958 0.35360586643218994 23
1756053578962 0.3415164589881897 24
1756053578967 0.32322023510932923 25
1756053578972 0.32737157344818113 26
1756053578977 0.33640063405036924 27
1756053578981 0.31656506657600403 28
1756053578986 0.3109100639820099 29
1756053578991 0.30895511507987977 30
1756053578995 0.3125701010227203 31
1756053579000 0.32678077220916746 32
1756053579005 0.3438872158527374 33
1756053579010 0.3222162902355194 34
1756053579015 0.31462504863739016 35
1756053579019 0.2858794808387756 36
1756053579024 0.2854635715484619 37
1756053579029 0.28919459581375123 38
1756053579034 0.307032173871994 39
1756053579039 0.29332409501075746 40
1756053579044 0.290044891834259 41
1756053579049 0.2783309996128082 42
1756053579054 0.25646832287311555 43
1756053579059 0.2558737933635712 44
1756053579064 0.2574602574110031 45
1756053579069 0.2521087408065796 46
1756053579075 0.24830243289470671 47
1756053579081 0.2332736074924469 48
1756053579085 0.2365597665309906 49
1756053579091 0.24614324271678925 50
1756053579096 0.24484304189682007 51
1756053579101 0.23420317173004152 52
1756053579107 0.24561858773231507 53
1756053579112 0.2522471994161606 54
1756053579117 0.2304412066936493 55
1756053579122 0.21423321962356567 56
1756053579127 0.221130433678627 57
1756053579132 0.21836089789867402 58
1756053579137 0.21766095161437987 59
1756053579142 0.2247505784034729 60
1756053579148 0.2176805168390274 61
1756053579153 0.19893138408660888 62
1756053579158 0.21222742199897765 63
1756053579163 0.21728622317314147 64
1756053579168 0.1966433733701706 65
1756053579174 0.20586961209774018 66
1756053579179 0.2008601099252701 67
1756053579184 0.19934361875057222 68
1756053579190 0.20260493755340575 69
1756053579195 0.20302614569664001 70
1756053579200 0.18724907636642457 71
1756053579206 0.18256308734416962 72
1756053579211 0.18605054318904876 73
1756053579216 0.16354983150959015 74
1756053579222 0.17381322681903838 75
1756053579227 0.17524449825286864 76
1756053579233 0.17815621495246886 77
1756053579238 0.1819342315196991 78
1756053579243 0.17082370221614837 79
1756053579249 0.16773359179496766 80
1756053579254 0.17038528621196747 81
1756053579260 0.17266616225242615 82
1756053579265 0.16745457351207732 83
1756053579271 0.16207520365715028 84
1756053579276 0.16975058019161224 85
1756053579282 0.16217997372150422 86
1756053579288 0.16460189521312713 87
1756053579293 0.16237480640411378 88
1756053579299 0.1648821860551834 89
1756053579304 0.17068067491054534 90
1756053579310 0.16093642115592957 91
1756053579315 0.1629797786474228 92
1756053579321 0.16596257388591767 93
1756053579327 0.16151255071163179 94
1756053579332 0.16468024551868438 95
1756053579338 0.17209975719451903 96
1756053579344 0.16389861106872558 97
1756053579350 0.16228394508361815 98
1756053579356 0.16550404131412505 99
1756053579361 0.16325989365577698 100
