1756054014587 0.9222113370895386 1
1756054014598 0.8041702151298523 2
1756054014604 0.7858548641204834 3
1756054014608 0.6566157579421997 4
1756054014613 0.6380683898925781 5
1756054014617 0.6109842538833619 6
1756054014622 0.592563807964325 7
1756054014627 0.5735710322856903 8
1756054014632 0.5302301585674286 9
1756054014637 0.5251459598541259 10
1756054014641 0.4861742377281189 11
1756054014646 0.4650005459785461 12
1756054014651 0.44903096556663513 13
1756054014656 0.4295738637447357 14
1756054014661 0.40751240253448484 15
1756054014666 0.4126791000366211 16
1756054014671 0.4194208860397339 17
1756054014676 0.42060731053352357 18
1756054014681 0.39011856317520144 19
1756054014686 0.42224440574645994 20
1756054014691 0.39382336139678953 21
1756054014696 0.38274073600769043 22
1756054014701 0.3940663576126099 23
1756054014705 0.3769028663635254 24
1756054014710 0.36023685336112976 25
1756054014715 0.36457048654556273 26
1756054014721 0.34493585824966433 27
1756054014726 0.3394752264022827 28
1756054014731 0.33574641942977906 29
1756054014736 0.34390953183174133 30
1756054014741 0.30698561668395996 31
1756054014746 0.32339157462120055 32
1756054014751 0.3145818591117859 33
1756054014757 0.29690098762512207 34
1756054014761 0.317685729265213 35
1756054014766 0.2992180049419403 36
1756054014773 0.30239652991294863 37
1756054014778 0.31797025799751283 38
1756054014783 0.3206960380077362 39
1756054014789 0.30750699043273927 40
1756054014793 0.3465839147567749 41
1756054014799 0.2933170676231384 42
1756054014805 0.3014641463756561 43
1756054014811 0.2804986834526062 44
1756054014816 0.2827200472354889 45
1756054014821 0.2799836575984955 46
1756054014827 0.2796825349330902 47
1756054014833 0.2640358507633209 48
1756054014838 0.25680054128170016 49
1756054014843 0.2595988422632217 50
1756054014849 0.24712020456790923 51
1756054014854 0.2582141190767288 52
1756054014859 0.23770593404769896 53
1756054014865 0.24411412477493286 54
1756054014870 0.23763116002082824 55
1756054014875 0.23982469141483306 56
1756054014881 0.23948898315429687 57
1756054014887 0.24492737650871277 58
1756054014893 0.24116122722625732 59
1756054014898 0.2330297350883484 60
1756054014904 0.22598415315151216 61
1756054014910 0.2243146777153015 62
1756054014915 0.22528662383556367 63
1756054014921 0.2169502466917038 64
1756054014926 0.22037273347377778 65
1756054014932 0.22715815305709838 66
1756054014938 0.21116536259651184 67
1756054014943 0.21291723251342773 68
1756054014948 0.22159963548183442 69
1756054014954 0.2092932164669037 70
1756054014960 0.20349547564983367 71
1756054014965 0.21063361465930938 72
1756054014971 0.2088174670934677 73
1756054014976 0.21860347390174867 74
1756054014982 0.20542500019073487 75
1756054014987 0.2054293543100357 76
1756054014993 0.1977568507194519 77
