1756054043051 0.9061615705490113 1
1756054043065 0.7341733694076538 2
1756054043073 0.6844568133354187 3
1756054043081 0.6692893385887146 4
1756054043089 0.6105212688446044 5
1756054043097 0.5958152890205384 6
1756054043106 0.6251615881919861 7
1756054043114 0.5389978051185608 8
1756054043121 0.5314993441104889 9
1756054043129 0.4985566854476929 10
1756054043137 0.4902272164821625 11
1756054043145 0.46816806197166444 12
1756054043152 0.436040586233139 13
1756054043160 0.439812171459198 14
1756054043168 0.42100478410720826 15
1756054043176 0.4432157576084137 16
1756054043184 0.43412107825279234 17
1756054043191 0.4520736873149872 18
1756054043199 0.41494024395942686 19
1756054043208 0.4289408504962921 20
1756054043216 0.39456685781478884 21
1756054043225 0.39653306603431704 22
1756054043233 0.3853569746017456 23
1756054043241 0.3879401504993439 24
1756054043249 0.3531477749347687 25
1756054043257 0.3744966506958008 26
1756054043265 0.34243872165679934 27
1756054043273 0.34447598457336426 28
1756054043283 0.3314653098583221 29
1756054043291 0.3407693445682526 30
1756054043300 0.3418635904788971 31
1756054043309 0.32325440645217896 32
1756054043317 0.3285556435585022 33
1756054043326 0.30811336636543274 34
1756054043334 0.2952480256557465 35
1756054043342 0.2900829195976257 36
1756054043351 0.2899311661720276 37
1756054043359 0.2790542244911194 38
1756054043367 0.27126423120498655 39
1756054043375 0.28730098009109495 40
1756054043383 0.2865476608276367 41
1756054043392 0.2716343104839325 42
1756054043400 0.2540696859359741 43
1756054043408 0.2639819890260696 44
1756054043416 0.2515750974416733 45
1756054043424 0.2633469194173813 46
1756054043433 0.25639341175556185 47
1756054043441 0.2590376377105713 48
1756054043449 0.2637304961681366 49
1756054043458 0.255403071641922 50
1756054043467 0.2524058699607849 51
1756054043476 0.23575435876846312 52
1756054043485 0.24564197957515715 53
1756054043493 0.24217276871204377 54
1756054043501 0.21682638227939605 55
1756054043510 0.2330947071313858 56
1756054043518 0.23597852885723114 57
1756054043528 0.23040733635425567 58
1756054043539 0.22157164216041564 59
1756054043549 0.21450782120227813 60
1756054043558 0.2166749894618988 61
1756054043567 0.20562503933906556 62
1756054043575 0.21748648583889008 63
1756054043584 0.21073889434337617 64
1756054043593 0.2121790111064911 65
1756054043603 0.21503122746944428 66
1756054043611 0.2154832661151886 67
1756054043620 0.2046210616827011 68
1756054043629 0.20927461683750154 69
1756054043637 0.20899823904037476 70
1756054043646 0.19931188523769378 71
1756054043654 0.19424896836280822 72
1756054043663 0.1867907851934433 73
1756054043672 0.18698464334011078 74
1756054043681 0.1987966150045395 75
1756054043690 0.178156840801239 76
1756054043698 0.18338917195796967 77
1756054043708 0.18161955773830413 78
1756054043717 0.18856873810291291 79
1756054043727 0.1861094892024994 80
1756054043736 0.19087279438972474 81
