1756054027294 2.0250811100006105 1
1756054027306 1.3893351078033447 2
1756054027313 1.0834864139556886 3
1756054027319 1.121880578994751 4
1756054027325 1.0586678862571717 5
1756054027331 0.7790089130401612 6
1756054027338 0.6251307249069213 7
1756054027344 0.5637074947357178 8
1756054027351 0.5468586504459381 9
1756054027357 0.6082433938980103 10
1756054027367 0.5048872470855713 11
1756054027382 0.437362414598465 12
1756054027398 0.4019877552986145 13
1756054027405 0.3410331130027771 14
1756054027412 0.3354183554649353 15
1756054027419 0.31951647996902466 16
1756054027425 0.3198410212993622 17
1756054027432 0.31671828031539917 18
1756054027438 0.29853555560112 19
1756054027445 0.26123008131980896 20
1756054027451 0.24187606275081636 21
1756054027458 0.2295377165079117 22
1756054027464 0.24877471029758452 23
1756054027471 0.2608906328678131 24
1756054027480 0.2358933597803116 25
1756054027489 0.2572612464427948 26
1756054027499 0.22047439515590667 27
1756054027509 0.20950024724006652 28
1756054027516 0.2052250921726227 29
1756054027523 0.19206465780735016 30
1756054027534 0.21030530631542205 31
1756054027551 0.19810734689235687 32
1756054027565 0.1641739249229431 33
1756054027573 0.16216222643852235 34
1756054027580 0.16075259149074556 35
1756054027593 0.18616576194763185 36
1756054027605 0.17477830350399018 37
1756054027620 0.16174430251121522 38
1756054027627 0.16601091325283052 39
1756054027638 0.2010753184556961 40
1756054027649 0.15599195063114166 41
1756054027661 0.1351240023970604 42
1756054027668 0.12669551819562913 43
1756054027679 0.12834712415933608 44
1756054027693 0.12458398640155792 45
1756054027702 0.10738056749105454 46
