1756344436770 1.722468754519587 1
1756344436784 1.1428893908210422 2
1756344436796 1.018778824287912 3
1756344436808 0.8360143303871155 4
1756344436821 0.7068689711715864 5
1756344436833 0.6866508748220361 6
1756344436845 0.5421957334746486 7
1756344436857 0.5698116629020028 8
1756344436869 0.46057693854622217 9
1756344436881 0.5807506014471469 10
1756344436893 0.46423256397247314 11
1756344436906 0.39639882484207983 12
1756344436918 0.49047856875087903 13
1756344436930 0.4070906781631967 14
1756344436942 0.4509396799232649 15
1756344436955 0.432815441618795 16
1756344436967 0.35527380588261975 17
1756344436979 0.47324566996615863 18
1756344436992 0.37220784373905347 19
1756344437004 0.3699905807557313 20
1756344437017 0.3431410517381585 21
1756344437029 0.3017372307570084 22
1756344437042 0.2731349247953166 23
1756344437054 0.30386664685995685 24
1756344437067 0.2848116016906241 25
1756344437080 0.28720793970253156 26
1756344437092 0.2702904252902321 27
1756344437105 0.2715814975292786 28
1756344437118 0.24280544467594312 29
1756344437130 0.2811636613762897 30
1756344437143 0.2793155331974444 31
1756344437156 0.2966424265633459 32
1756344437169 0.24570307977821515 33
1756344437181 0.22353266600681387 34
1756344437194 0.24032201423593189 35
1756344437207 0.2649180979832359 36
1756344437220 0.22347840342832648 37
1756344437233 0.23310835529928622 38
1756344437246 0.19203749622987665 39
1756344437259 0.223205610461857 40
1756344437272 0.22108153480550516 41
1756344437285 0.2203968183501907 42
1756344437298 0.23286599309548087 43
