1756344436770 0.9973079225291377 1
1756344436784 0.8050017123636992 2
1756344436796 0.7643596659535947 3
1756344436808 0.6908362455990004 4
1756344436821 0.6301919584688933 5
1756344436833 0.6272322613260021 6
1756344436845 0.5497794138348621 7
1756344436857 0.557991034310797 8
1756344436869 0.5070221100164496 9
1756344436881 0.5592717567215795 10
1756344436893 0.5096564046714617 11
1756344436906 0.4702202483363774 12
1756344436918 0.5172161732030951 13
1756344436930 0.4735829208208167 14
1756344436942 0.4948279144971267 15
1756344436955 0.4804067870844965 16
1756344436967 0.4390737297742263 17
1756344436979 0.509181013573771 18
1756344436992 0.44734892896983935 19
1756344437004 0.4625183227269546 20
1756344437017 0.4424873240616011 21
1756344437029 0.4110958835353022 22
1756344437042 0.3946460213350213 23
1756344437054 0.41008573122646497 24
1756344437067 0.39750942976578424 25
1756344437080 0.3949832125850346 26
1756344437092 0.3883716282637223 27
1756344437105 0.38828353519025055 28
1756344437118 0.3682006843712019 29
1756344437130 0.3950461628644363 30
1756344437143 0.3941214602926503 31
1756344437156 0.40623293881830963 32
1756344437169 0.37533984236095264 33
1756344437181 0.3524862897136937 34
1756344437194 0.3656382612560106 35
1756344437207 0.38658539497334027 36
1756344437220 0.3540389175000398 37
1756344437233 0.35645021951716876 38
1756344437246 0.32570162156353827 39
1756344437259 0.35349680677704187 40
1756344437272 0.35133762657642365 41
1756344437285 0.34642058675703796 42
1756344437298 0.3616864564626113 43
