1756344484395 1.5195845210033914 1
1756344484415 1.253682439741881 2
1756344484434 1.0377491582994876 3
1756344484453 0.9846808806709622 4
1756344484472 1.0555953551893649 5
1756344484490 0.8711926055991132 6
1756344484509 0.6826706502748572 7
1756344484528 0.6124500204687533 8
1756344484547 0.4927753313728001 9
1756344484566 0.49683198980663135 10
1756344484585 0.43165577624155127 11
1756344484603 0.48621584280677466 12
1756344484622 0.508303992126299 13
1756344484641 0.4608584007491236 14
1756344484660 0.4656530851903169 15
1756344484679 0.3577069121858348 16
1756344484698 0.3407714535360751 17
1756344484717 0.33085374728493067 18
1756344484737 0.36048234286515607 19
1756344484756 0.3859075618826825 20
1756344484775 0.34997605953527533 21
1756344484794 0.26562589018241217 22
1756344484813 0.39721808420575183 23
1756344484833 0.34403627333433734 24
1756344484852 0.3679475201212842 25
1756344484871 0.28386439642180566 26
1756344484891 0.31455563786237134 27
1756344484910 0.2926401580157487 28
1756344484929 0.22113846242427826 29
1756344484949 0.2998926885749983 30
1756344484968 0.25873944681623706 31
1756344484987 0.2265323905841164 32
1756344485007 0.21319048171458038 33
1756344485026 0.18333023592181827 34
1756344485045 0.19329266768434775 35
1756344485065 0.2464510817890582 36
1756344485085 0.260063411101051 37
1756344485104 0.26123068578865216 38
1756344485124 0.2978431252033814 39
1756344485144 0.27196804531242535 40
1756344485163 0.2741986548771029 41
1756344485183 0.21933022141456604 42
1756344485203 0.22025992364987082 43
1756344485222 0.19394237580506699 44
1756344485242 0.22252063323622165 45
1756344485262 0.24407557430474655 46
1756344485282 0.16823073865278906 47
1756344485302 0.20034902089315912 48
1756344485322 0.2448724864617638 49
1756344485342 0.1639646239902662 50
1756344485362 0.1566558311814847 51
1756344485382 0.14318699972785037 52
1756344485402 0.14132746309041977 53
1756344485422 0.13251591311848682 54
1756344485442 0.12054686410271603 55
1756344485462 0.1296297554736552 56
1756344485482 0.13347289095754208 57
1756344485502 0.11009692595056865 58
1756344485523 0.11484504750241405 59
1756344485543 0.12108499524386032 60
1756344485563 0.12096819961848466 61
1756344485583 0.15345756936332453 62
1756344485604 0.13488057450107907 63
1756344485624 0.1440459084899529 64
1756344485644 0.15051020098769147 65
1756344485665 0.21097474221302115 66
1756344485685 0.17317505601955496 67
1756344485706 0.15240663322417633 68
1756344485726 0.13511821271284766 69
1756344485747 0.14632364297690598 70
1756344485768 0.11365230899790059 71
1756344485788 0.0968206625269807 72
1756344485809 0.09995734464863072 73
1756344485830 0.09657465277806572 74
1756344485850 0.10333108707614568 75
1756344485871 0.09212429286993068 76
1756344485892 0.09199929431728694 77
1756344485913 0.09661928791066875 78
1756344485933 0.08652257546782494 79
1756344485954 0.07967878116861633 80
1756344485975 0.07786853595272354 81
1756344485996 0.08552493171199509 82
1756344486017 0.0834046294507773 83
1756344486038 0.07798367641542268 84
1756344486059 0.0755347928599171 85
1756344486080 0.07728130710513695 86
1756344486101 0.06700612993344017 87
1756344486122 0.07225377145020859 88
1756344486143 0.06691896850648134 89
1756344486164 0.06483281209417012 90
1756344486186 0.06361979310927184 91
1756344486207 0.06083720096427461 92
1756344486228 0.06690277369773906 93
1756344486249 0.07049097064072671 94
1756344486270 0.06039179683379505 95
1756344486292 0.06693626859265825 96
1756344486313 0.05840650281828383 97
