1756344427617 2.3612323014632515 1
1756344427629 1.42404203829558 2
1756344427638 1.2158673301987026 3
1756344427648 1.0339444512906282 4
1756344427658 1.3217589440553084 5
1756344427668 0.9090749958287114 6
1756344427677 0.8643868047258129 7
1756344427687 0.7022453196670698 8
1756344427698 0.5699911156426305 9
1756344427708 0.579536084247672 10
1756344427717 0.4781892111767893 11
1756344427727 0.44187297510064166 12
1756344427737 0.4761379730442296 13
1756344427747 0.5557379009930984 14
1756344427757 0.4380226329616878 15
1756344427767 0.4462977790314218 16
1756344427777 0.39811872788097546 17
1756344427787 0.3744401419940202 18
1756344427797 0.46297238831934723 19
1756344427807 0.6453389965969584 20
1756344427817 0.6247175232223843 21
1756344427827 0.45501514556615247 22
1756344427837 0.3138162331736606 23
1756344427847 0.3008255511522293 24
1756344427858 0.2973127157791801 25
1756344427868 0.36184810749862506 26
1756344427878 0.42057747555815655 27
1756344427888 0.32909860883070075 28
1756344427899 0.3388566556184188 29
1756344427909 0.3704660612603892 30
1756344427920 0.31478215818819794 31
1756344427930 0.25853091122015665 32
1756344427940 0.2731849130081094 33
1756344427951 0.27159870513107465 34
1756344427961 0.28739087737124897 35
1756344427972 0.2571445891390676 36
1756344427982 0.22008207310800967 37
1756344427993 0.29243723983350006 38
1756344428004 0.3392449844142665 39
1756344428014 0.26354307810897415 40
1756344428025 0.22149175729440607 41
1756344428036 0.20732562794633533 42
1756344428046 0.19120276362999625 43
1756344428057 0.1707978015360625 44
1756344428068 0.19264300491498865 45
1756344428079 0.2368580796148466 46
1756344428090 0.21623799561158472 47
1756344428101 0.21459515813900076 48
1756344428112 0.18464355041151462 49
1756344428123 0.17815061399470206 50
1756344428133 0.20518726142852203 51
1756344428144 0.1595325544476509 52
1756344428155 0.2024455423588338 53
1756344428167 0.22131863009670508 54
1756344428178 0.17701330910558286 55
1756344428189 0.2809137455795122 56
1756344428200 0.30203643020080484 57
1756344428211 0.17910357143567956 58
1756344428222 0.1734021228292714 59
1756344428234 0.1544364732892617 60
