1755987279172 0.0007687440164595024 1
1755987279190 0.0015374880329190048 2
1755987279199 0.0023062320493785074 3
1755987279208 0.0030749760658380096 4
1755987279217 0.003843720082297512 5
1755987279225 0.003843720082297512 6
1755987279234 0.003842669592799576 7
1755987279242 0.00383951927300061 8
1755987279250 0.0038342725677290627 9
1755987279258 0.003826935214180116 10
1755987279266 0.003817515235642151 11
1755987279274 0.0038060229327233955 12
1755987279284 0.003792470872088363 13
1755987279292 0.0037768738727163883 14
1755987279299 0.003759248989697292 15
1755987279306 0.0037396154955818897 16
1755987279314 0.003717994859307741 17
1755987279321 0.00369441072272318 18
1755987279328 0.0036688888747353028 19
1755987279336 0.003641457223110177 20
1755987279345 0.0036121457639561065 21
1755987279355 0.0035809865489233304 22
1755987279365 0.003548013650156011 23
1755987279374 0.0035132631230348488 24
1755987279383 0.0034767729667510476 25
1755987279390 0.003438583082754761 26
1755987279399 0.0033987352311234406 27
1755987279408 0.0033572729848978045 28
1755987279417 0.0033142416824353585 29
1755987279427 0.003269688377833566 30
1755987279434 0.003223661789476884 31
1755987279443 0.0031762122467639247 32
1755987279451 0.003127391635072998 33
1755987279460 0.0030772533390262106 34
1755987279469 0.0030258521841141665 35
1755987279477 0.0029732443767450985 36
1755987279485 0.002919487442783984 37
1755987279494 0.0028646401646488582 38
1755987279503 0.0028087625170331028 39
1755987279514 0.002751915601323997 40
1755987279525 0.0026941615787892527 41
1755987279535 0.0026355636026045735 42
1755987279543 0.002576185748796592 43
1755987279553 0.0025160929461766697 44
1755987279560 0.002455350905342198 45
1755987279572 0.0023940260468230242 46
1755987279587 0.002332185428451576 47
1755987279599 0.0022698966720361077 48
1755987279608 0.002207227889417245 49
1755987279625 0.0021442476079886895 50
