1755987295527 1.9285470485687255 1
1755987295543 1.371672558784485 2
1755987295552 1.0173736333847045 3
1755987295560 0.8644796133041381 4
1755987295568 1.209818434715271 5
1755987295577 0.9952939510345459 6
1755987295586 0.9281674385070801 7
1755987295594 0.6944482445716857 8
1755987295603 0.725165069103241 9
1755987295612 0.5518572926521301 10
1755987295621 0.5666605949401855 11
1755987295630 0.4619536459445953 12
1755987295640 0.44690829515457153 13
1755987295649 0.35070292353630067 14
1755987295659 0.39541193246841433 15
1755987295667 0.3501336932182312 16
1755987295676 0.36039279103279115 17
1755987295685 0.31041823625564574 18
1755987295693 0.3111711800098419 19
1755987295702 0.2980858862400055 20
1755987295710 0.30587993264198304 21
1755987295719 0.28986009359359743 22
1755987295728 0.2676533102989197 23
1755987295736 0.2477072983980179 24
1755987295745 0.253785702586174 25
1755987295753 0.22133648693561553 26
1755987295761 0.220540452003479 27
1755987295770 0.2280629098415375 28
1755987295779 0.20643392205238342 29
1755987295787 0.19960686564445496 30
1755987295797 0.1943868190050125 31
1755987295806 0.18891945779323577 32
1755987295816 0.1881728082895279 33
1755987295824 0.1911903977394104 34
1755987295833 0.19372219443321229 35
1755987295841 0.19319489002227783 36
1755987295851 0.19359641075134276 37
1755987295860 0.17737056016921998 38
1755987295869 0.15119331777095796 39
1755987295878 0.15264853537082673 40
1755987295888 0.15046432316303254 41
1755987295897 0.1539851665496826 42
1755987295906 0.1566769003868103 43
1755987295915 0.14686989784240723 44
1755987295925 0.14653984308242798 45
1755987295934 0.1434854656457901 46
1755987295943 0.1277088388800621 47
1755987295952 0.1341963827610016 48
1755987295960 0.1444549560546875 49
1755987295970 0.1391238510608673 50
1755987295980 0.12988619208335878 51
1755987295990 0.12330974191427231 52
1755987295999 0.1127570316195488 53
1755987296008 0.11583227813243865 54
1755987296017 0.12556886076927185 55
1755987296026 0.12025991231203079 56
1755987296036 0.11851406842470169 57
1755987296046 0.12681030631065368 58
1755987296055 0.10670316815376282 59
1755987296064 0.11803528964519501 60
1755987296073 0.10725732743740082 61
1755987296083 0.11630834341049194 62
1755987296092 0.10198436081409454 63
1755987296101 0.09552920609712601 64
1755987296110 0.10382898896932602 65
1755987296119 0.08969692438840866 66
1755987296128 0.09924168437719345 67
1755987296138 0.09332679361104965 68
1755987296147 0.09535067826509476 69
1755987296156 0.09046082794666291 70
1755987296165 0.08545367568731307 71
1755987296175 0.09150142520666123 72
