1755906687422 0.0015616690171084827 1
1755906687436 0.0031233380342169654 2
1755906687442 0.004685007051325448 3
1755906687448 0.006246676068433931 4
1755906687454 0.007808345085542413 5
1755906687460 0.007808345085542414 6
1755906687467 0.007806210781236225 7
1755906687473 0.007799810202148082 8
1755906687479 0.007789150347217244 9
1755906687485 0.007774242872838574 10
1755906687491 0.007755104080116434 11
1755906687497 0.007731754897039673 12
1755906687503 0.007704220855597176 13
1755906687510 0.00767253206385901 14
1755906687516 0.007636723173053691 15
1755906687523 0.007596833339677572 16
1755906687529 0.0075529061826777955 17
1755906687536 0.007504989735755608 18
1755906687543 0.007453136394842215 19
1755906687549 0.007397402860804605 20
1755906687556 0.007337850077443974 21
1755906687563 0.007274543164854584 22
1755906687570 0.007207551348215885 23
1755906687576 0.007136947882095813 24
1755906687583 0.007062809970347977 25
1755906687590 0.006985218681690392 26
1755906687596 0.0069042588610580225 27
1755906687603 0.006820019036826087 28
1755906687610 0.00673259132400559 29
1755906687616 0.006642071323516897 30
1755906687623 0.006548558017651544 31
1755906687630 0.006452153661836543 32
1755906687637 0.006352963672819585 33
1755906687643 0.006251096513397367 34
1755906687650 0.00614666357381312 35
1755906687656 0.006039779049953009 36
1755906687663 0.005930559818474613 37
1755906687671 0.005819125309004012 38
1755906687677 0.005705597373541247 39
1755906687684 0.005590100153216947 40
1755906687690 0.005472759942545824 41
1755906687697 0.0053537050513254745 42
1755906687703 0.0052330656643315016 43
1755906687710 0.005110973698962374 44
1755906687717 0.004987562660989686 45
1755906687723 0.004862967498571559 46
1755906687730 0.004737324454688809 47
1755906687736 0.00461077091816525 48
1755906687745 0.004483445273435027 49
1755906687751 0.004355486749221282 50
1755906687758 0.004227035266291569 51
1755906687765 0.0040982312844565685 52
1755906687772 0.003969215648979337 53
1755906687779 0.0038401294365630776 54
1755906687787 0.003711113801085845 55
1755906687794 0.0035823098192508456 56
1755906687800 0.003453858336321133 57
1755906687808 0.003325899812107386 58
1755906687815 0.003198574167377166 59
1755906687821 0.003072020630853606 60
1755906687829 0.002946377586970855 61
1755906687836 0.002821782424552729 62
1755906687844 0.0026983713865800407 63
1755906687851 0.0025762794212109124 64
1755906687858 0.002455640034216939 65
1755906687865 0.0023365851429965907 66
1755906687873 0.0022192449323254673 67
1755906687880 0.0021037477120011672 68
