1755906687422 1.7147584863198109 1
1755906687436 1.0563229964329646 2
1755906687442 0.7699961326061151 3
1755906687448 0.7476611794569553 4
1755906687454 0.7635845557237283 5
1755906687460 0.7017896267083975 6
1755906687467 0.7938897961225265 7
1755906687473 0.7086134140308087 8
1755906687479 0.6140586523673474 9
1755906687485 0.717009574174881 10
1755906687491 0.5931629737218221 11
1755906687497 0.5475957852143508 12
1755906687503 0.5490383123740171 13
1755906687510 0.5673672671501453 14
1755906687516 0.5440638741621604 15
1755906687523 0.584824990385618 16
1755906687529 0.47071719284241015 17
1755906687536 0.4783681978782018 18
1755906687543 0.5602098615505756 19
1755906687549 0.42632206395650524 20
1755906687556 0.4768441613668051 21
1755906687563 0.4964960943429898 22
1755906687570 0.548295279343923 23
1755906687576 0.457557968604259 24
1755906687583 0.4471248334799057 25
1755906687590 0.51776633812831 26
1755906687596 0.40495483653667647 27
1755906687603 0.4129199152573561 28
1755906687610 0.38369073546849763 29
1755906687616 0.38315236415618503 30
1755906687623 0.4146242023278505 31
1755906687630 0.4288861388579393 32
1755906687637 0.34697244889461076 33
1755906687643 0.32994042604397505 34
1755906687650 0.369453631914579 35
1755906687656 0.44899344062193847 36
1755906687663 0.5056984818134552 37
1755906687671 0.4533138691614836 38
1755906687677 0.40086043224884915 39
1755906687684 0.38926095916674686 40
1755906687690 0.41995360377507335 41
1755906687697 0.3695219311958704 42
1755906687703 0.4603224469301028 43
1755906687710 0.5713220292176956 44
1755906687717 0.41153713755118543 45
1755906687723 0.38879874921762025 46
1755906687730 0.4693930588471584 47
1755906687736 0.3277985136478375 48
1755906687745 0.36926398884791595 49
1755906687751 0.3324225113177911 50
1755906687758 0.31573088944722444 51
1755906687765 0.4439625694201543 52
1755906687772 0.3023657449162923 53
1755906687779 0.32471058613214737 54
1755906687787 0.31514222900836897 55
1755906687794 0.34728832409167903 56
1755906687800 0.2760331508440849 57
1755906687808 0.36538096689260924 58
1755906687815 0.3476782521376243 59
1755906687821 0.30741444612160707 60
1755906687829 0.35243007120413655 61
1755906687836 0.3004606476961038 62
1755906687844 0.2942813199300032 63
1755906687851 0.2907031625509262 64
1755906687858 0.34110230188339186 65
1755906687865 0.26557890555033314 66
1755906687873 0.2935492509068587 67
1755906687880 0.2735516306681511 68
