1755906616694 1.5384798783522387 1
1755906616704 1.1376269643123333 2
1755906616708 0.9512512531035986 3
1755906616712 0.7946202976581378 4
1755906616717 0.7583640332405384 5
1755906616720 0.702170294828904 6
1755906616725 0.6906554721868955 7
1755906616729 0.6990261960488099 8
1755906616733 0.6064162858021565 9
1755906616736 0.6485311595293192 10
1755906616741 0.7953620919814477 11
1755906616744 0.6437356296258095 12
1755906616748 0.5972817242145538 13
1755906616753 0.4994963315817026 14
1755906616756 0.46262202774867034 15
1755906616760 0.45752724623068786 16
1755906616765 0.47655030817557603 17
1755906616769 0.4915472162075532 18
1755906616773 0.5627338152665359 19
1755906616779 0.5001663263791647 20
1755906616783 0.4227308710225118 21
1755906616788 0.49901179128732437 22
1755906616793 0.5496900223004513 23
1755906616797 0.41490670580130357 24
1755906616801 0.37883634741107625 25
