1755906616694 0.9376217157412798 1
1755906616704 0.8006427333905146 2
1755906616708 0.7385111665114378 3
1755906616712 0.6729969130112574 4
1755906616717 0.6457628493125622 5
1755906616720 0.6256741812595954 6
1755906616725 0.6157833605240552 7
1755906616729 0.6132430457151853 8
1755906616733 0.5806325727548355 9
1755906616736 0.5759721658168695 10
1755906616741 0.6514592866102854 11
1755906616744 0.5686445404321719 12
1755906616748 0.5622159838676453 13
1755906616753 0.5070192019144694 14
1755906616756 0.4958533491843786 15
1755906616760 0.4924789583071684 16
1755906616765 0.49465369643309176 17
1755906616769 0.5220647775209867 18
1755906616773 0.5315779997752264 19
1755906616779 0.5223610767951379 20
1755906616783 0.4746050815551709 21
1755906616788 0.49213444804533935 22
1755906616793 0.5368749216581002 23
1755906616797 0.47071595604603106 24
1755906616801 0.43958655916727507 25
