1755988171062 0.0008500862746311063 1
1755988171078 0.0017001725492622125 2
1755988171086 0.0025502588238933187 3
1755988171096 0.003400345098524425 4
1755988171104 0.0042504313731555315 5
1755988171112 0.0042504313731555315 6
1755988171120 0.004249269700451276 7
1755988171128 0.004245785952610555 8
1755988171136 0.004239983939060486 9
1755988171144 0.0042318700042176995 10
1755988171151 0.004221453020550821 11
1755988171159 0.004208744378878548 12
1755988171167 0.004193757975913963 13
1755988171175 0.0041765101990686795 14
1755988171183 0.0041570199085334495 15
1755988171191 0.004135308416654818 16
1755988171198 0.004111399464630391 17
1755988171206 0.004085319196548179 18
1755988171214 0.004057096130798423 19
1755988171222 0.004026761128889153 20
1755988171230 0.003994347361699584 21
1755988171238 0.003959890273208244 22
1755988171246 0.003923427541735501 23
1755988171254 0.0038849990387428844 24
1755988171262 0.0038446467852342125 25
1755988171270 0.003802414905806252 26
1755988171278 0.0037583495803991153 27
1755988171286 0.0037124989937991734 28
1755988171294 0.0036649132829497033 29
1755988171302 0.003615644482126871 30
1755988171310 0.0035647464660410206 31
1755988171319 0.0035122748909254637 32
1755988171327 0.00345828713367721 33
1755988171335 0.0034028422291161697 34
1755988171343 0.0033460008054314464 35
1755988171351 0.0032878250178853025 36
1755988171359 0.003228378480847291 37
1755988171367 0.0031677261982328776 38
1755988171375 0.0031059344924226134 39
1755988171383 0.003043070931739585 40
1755988171391 0.0029792042565644473 41
1755988171399 0.002914404304168821 42
1755988171407 0.002848741932349269 43
1755988171416 0.00278228894194533 44
1755988171424 0.0027151179983263577 45
1755988171433 0.002647302551933006 46
1755988171441 0.00257891675796025 47
1755988171450 0.002510035395269768 48
1755988171459 0.002440733784620356 49
1755988171468 0.0023710877063057843 50
1755988171476 0.002301173317290155 51
1755988171485 0.0022310670679313847 52
1755988171493 0.0021608456183838582 53
1755988171501 0.0020905857547716734 54
1755988171509 0.0020203643052241465 55
1755988171518 0.0019502580558653766 56
1755988171527 0.0018803436668497473 57
1755988171535 0.001810697588535175 58
1755988171544 0.0017413959778857643 59
1755988171552 0.001672514615195282 60
1755988171560 0.0016041288212225253 61
1755988171569 0.001536313374829174 62
1755988171578 0.0014691424312102018 63
