1755988171062 1.0290960431098939 1
1755988171078 0.8177816569805145 2
1755988171086 0.9280639588832855 3
1755988171096 0.8174756765365601 4
1755988171104 0.7942805230617523 5
1755988171112 0.6946306347846984 6
1755988171120 0.6940907180309296 7
1755988171128 0.5918171584606171 8
1755988171136 0.5226371496915817 9
1755988171144 0.5441437095403672 10
1755988171151 0.5327109187841416 11
1755988171159 0.5287068128585816 12
1755988171167 0.4953533411026001 13
1755988171175 0.5116545230150222 14
1755988171183 0.44630727767944334 15
1755988171191 0.49910886883735656 16
1755988171198 0.45943666696548463 17
1755988171206 0.43733654618263246 18
1755988171214 0.4402648061513901 19
1755988171222 0.4559823930263519 20
1755988171230 0.4539568156003952 21
1755988171238 0.4301274687051773 22
1755988171246 0.4313097596168518 23
1755988171254 0.38364472687244416 24
1755988171262 0.3992862939834595 25
1755988171270 0.4321973830461502 26
1755988171278 0.4236812502145767 27
1755988171286 0.3918918281793594 28
1755988171294 0.37200078666210173 29
1755988171302 0.3696498781442642 30
1755988171310 0.36523410081863406 31
1755988171319 0.34987194240093233 32
1755988171327 0.3797212213277817 33
1755988171335 0.422320681810379 34
1755988171343 0.3988558918237686 35
1755988171351 0.4313493251800537 36
1755988171359 0.3754318326711655 37
1755988171367 0.3469634383916855 38
1755988171375 0.3573891222476959 39
1755988171383 0.3520912826061249 40
1755988171391 0.3617847830057144 41
1755988171399 0.3253543972969055 42
1755988171407 0.3255477100610733 43
1755988171416 0.2943579912185669 44
1755988171424 0.2757629692554474 45
1755988171433 0.2652982324361801 46
1755988171441 0.27247084826231005 47
1755988171450 0.2670385420322418 48
1755988171459 0.2943366378545761 49
1755988171468 0.25446956753730776 50
1755988171476 0.2645255297422409 51
1755988171485 0.26141793876886366 52
1755988171493 0.27450515031814576 53
1755988171501 0.25720301568508147 54
1755988171509 0.25366229712963106 55
1755988171518 0.2395530417561531 56
1755988171527 0.2534279987215996 57
1755988171535 0.24279970228672026 58
1755988171544 0.23825500458478927 59
1755988171552 0.2388879120349884 60
1755988171560 0.24201717227697372 61
1755988171569 0.23474733531475067 62
1755988171578 0.24791516065597535 63
