1755988127863 1.7860310077667236 1
1755988127871 1.164581197500229 2
1755988127876 1.4417103052139282 3
1755988127881 1.2803545355796815 4
1755988127885 1.3938293874263763 5
1755988127890 0.9359921455383301 6
1755988127894 0.7448016762733459 7
1755988127899 0.7440980851650238 8
1755988127903 0.7343580603599549 9
1755988127908 0.682497763633728 10
1755988127913 0.591126662492752 11
1755988127917 0.5108679115772248 12
1755988127921 0.4742095023393631 13
1755988127926 0.4784030646085739 14
1755988127931 0.44345847368240354 15
1755988127935 0.4625439316034317 16
1755988127940 0.44107388854026797 17
1755988127944 0.5248709112405777 18
1755988127949 0.43346630334854125 19
1755988127954 0.36448362171649934 20
1755988127958 0.31617026776075363 21
1755988127963 0.2899095982313156 22
1755988127968 0.33377903401851655 23
1755988127973 0.26026751101017 24
1755988127978 0.2687551885843277 25
1755988127983 0.2320886507630348 26
1755988127987 0.2556110769510269 27
1755988127992 0.2737822100520134 28
1755988127997 0.28809809535741804 29
1755988128002 0.30877287685871124 30
1755988128006 0.283230097591877 31
1755988128011 0.2749378979206085 32
1755988128016 0.23760100156068803 33
1755988128021 0.2927132323384285 34
1755988128026 0.21908148527145385 35
1755988128031 0.3126874715089798 36
1755988128036 0.22491710782051086 37
1755988128041 0.22778346687555312 38
1755988128046 0.20116701871156692 39
1755988128051 0.17318990528583528 40
1755988128057 0.1731235936284065 41
