1755978584790 1.629515758969567 1
1755978584810 1.3566720199275326 2
1755978584815 1.0699065815318713 3
1755978584822 0.9606607840819792 4
1755978584828 0.9169196652901637 5
1755978584834 0.8775933193308967 6
1755978584841 0.7304109002088571 7
1755978584847 0.6754554084369114 8
1755978584854 0.5926426072399338 9
1755978584860 0.6952339745574183 10
1755978584866 0.592423640191555 11
1755978584872 0.5867203477915232 12
1755978584878 0.7099558819424022 13
1755978584884 0.5646825135721789 14
1755978584890 0.5963657391922814 15
1755978584896 0.5953965866333478 16
1755978584902 0.5357933085073124 17
1755978584908 0.6305446961483399 18
1755978584914 0.5049114119890449 19
1755978584921 0.5295232886617834 20
1755978584927 0.467718285399598 21
1755978584933 0.5048837444031393 22
1755978584940 0.43161829309417055 23
1755978584946 0.449127106407246 24
1755978584953 0.4665563849659709 25
1755978584959 0.49258533042746705 26
1755978584966 0.40558191766212515 27
1755978584972 0.4004164303277994 28
1755978584978 0.40651439188362715 29
1755978584984 0.423124971134322 30
1755978584990 0.4094055384010464 31
1755978584996 0.3621543554903625 32
1755978585002 0.3900867150975512 33
1755978585009 0.45067977721427943 34
1755978585016 0.38647905088864365 35
1755978585023 0.38702588209084104 36
1755978585031 0.37072051800303646 37
1755978585037 0.4566542055312689 38
1755978585045 0.3811554413821016 39
1755978585052 0.3758608006037675 40
1755978585058 0.3279990584819348 41
1755978585065 0.4831464371897958 42
1755978585071 0.3600129516093762 43
1755978585077 0.36079504002224316 44
1755978585084 0.327989983094203 45
1755978585090 0.3055833932738026 46
1755978585097 0.31436083949618526 47
1755978585103 0.3438078831736143 48
1755978585109 0.292774771424857 49
1755978585116 0.34886428994404806 50
1755978585122 0.3299083940975078 51
1755978585128 0.3011377507990057 52
1755978585135 0.2869054130339003 53
1755978585141 0.2818158927869487 54
1755978585148 0.2909340009867371 55
1755978585156 0.2366561440194582 56
1755978585170 0.2574115621966201 57
1755978585181 0.250055177548489 58
1755978585188 0.2727797767752177 59
