1755978584790 2.1671137546564077 1
1755978584810 1.6593580683330438 2
1755978584815 1.2607750195961493 3
1755978584822 1.1818084281373333 4
1755978584828 1.1719263060526415 5
1755978584834 1.0644802416299846 6
1755978584841 0.8697528570116341 7
1755978584847 0.7560414579007533 8
1755978584854 0.6872516166080128 9
1755978584860 0.7620868771881252 10
1755978584866 0.7293642031682002 11
1755978584872 0.72688028216362 12
1755978584878 0.8815909844714326 13
1755978584884 0.7135003370704589 14
1755978584890 0.6929312497377396 15
1755978584896 0.6915305789027896 16
1755978584902 0.6246908208379498 17
1755978584908 0.7307301043690025 18
1755978584914 0.6195815997077273 19
1755978584921 0.5666542053222656 20
1755978584927 0.5490888691954798 21
1755978584933 0.6219981033113096 22
1755978584940 0.5159704554584119 23
1755978584946 0.4968221126632257 24
1755978584953 0.5726239061974859 25
1755978584959 0.6409189416603609 26
1755978584966 0.49727675357422274 27
1755978584972 0.4945549705585876 28
1755978584978 0.4707365637862837 29
1755978584984 0.47371741403619966 30
1755978584990 0.466522159127446 31
1755978584996 0.4052389875634924 32
1755978585002 0.5247916207685099 33
1755978585009 0.519228577420309 34
1755978585016 0.4403193626891483 35
1755978585023 0.4404461568632683 36
1755978585031 0.4426948585874074 37
1755978585037 0.5295202797883517 38
1755978585045 0.4497777714164226 39
1755978585052 0.3958672730179576 40
1755978585058 0.3970824825492772 41
1755978585065 0.5912820957117266 42
1755978585071 0.4251849678913494 43
1755978585077 0.4263019163113136 44
1755978585084 0.35033533722162247 45
1755978585090 0.3366651027040048 46
1755978585097 0.359010953407783 47
1755978585103 0.35844328699560907 48
1755978585109 0.3365378021806866 49
1755978585116 0.41085545670289497 50
1755978585122 0.399621171610696 51
1755978585128 0.33525792615754263 52
1755978585135 0.3286839210754865 53
1755978585141 0.3185468775691924 54
1755978585148 0.3010747620424667 55
1755978585156 0.2528241076446199 56
1755978585170 0.2875114880115181 57
1755978585181 0.26570636437988127 58
1755978585188 0.293579851942403 59
