1755978501156 1.0907796683249535 1
1755978501168 0.9089897480103877 2
1755978501173 0.8783110991700903 3
1755978501178 0.8061492864961748 4
1755978501183 0.712451950296179 5
1755978501188 0.7159905205299328 6
1755978501193 0.7250421399419958 7
1755978501197 0.6415505196366992 8
1755978501202 0.6218801814240295 9
1755978501207 0.5871156922408513 10
1755978501211 0.5891359618731907 11
1755978501216 0.5969835465604608 12
1755978501221 0.6002198730583315 13
1755978501225 0.6033861072032483 14
1755978501230 0.5915559212882797 15
1755978501235 0.5713703028567425 16
1755978501239 0.5660000149305765 17
1755978501244 0.5430902072361538 18
1755978501248 0.5311434114134157 19
1755978501253 0.5261442107813699 20
1755978501260 0.5293919355064244 21
1755978501264 0.5212569387702198 22
1755978501269 0.5410037516773522 23
1755978501273 0.5244333171225214 24
1755978501278 0.5053377375974284 25
1755978501282 0.5112259720827078 26
1755978501287 0.5159063314075594 27
1755978501292 0.503689025903677 28
1755978501297 0.49074408450683993 29
1755978501301 0.4941746418352251 30
1755978501306 0.4805145704901064 31
1755978501311 0.4956316920843991 32
1755978501316 0.4992692900168431 33
1755978501321 0.4646667255596681 34
1755978501326 0.45514243396071646 35
1755978501331 0.48585623347914064 36
1755978501336 0.4623157786471503 37
1755978501341 0.44166238083467857 38
1755978501346 0.46966575589272885 39
1755978501350 0.46239552230804 40
