1756058292248 0.0005833294424545335 1
1756058292267 0.001166658884909067 2
1756058292276 0.0017499883273636003 3
1756058292286 0.002333317769818134 4
1756058292296 0.0029166472122726674 5
1756058292306 0.0029166472122726674 6
1756058292316 0.0029158501579177876 7
1756058292326 0.002913459866420383 8
1756058292336 0.002909478951529112 9
1756058292346 0.0029039117663159615 10
1756058292356 0.0028967643984162245 11
1756058292366 0.002888044663371764 12
1756058292375 0.0028777620960848283 13
1756058292386 0.002865927940391779 14
1756058292396 0.002852555136768119 15
1756058292406 0.002837658308178273 16
1756058292416 0.002821253744085592 17
1756058292426 0.0028033593826400603 18
1756058292436 0.0027839947910631973 19
1756058292446 0.002763181144251584 20
1756058292456 0.002740941201622426 21
1756058292466 0.0027172992822264656 22
1756058292476 0.002692281238155453 23
1756058292485 0.0026659144262732707 24
1756058292495 0.0026382276783015975 25
1756058292505 0.0026092512692928475 26
1756058292514 0.002579016884524845 27
1756058292524 0.002547557584853436 28
1756058292534 0.0025149077705609313 29
1756058292543 0.002481103143739899 30
1756058292553 0.0024461806692534552 31
1756058292563 0.0024101785343147225 32
1756058292573 0.0023731361067296794 33
1756058292583 0.002335093891849038 34
1756058292592 0.0022960934882762405 35
1756058292602 0.002256177542379996 36
1756058292612 0.002215389701661101 37
1756058292622 0.0021737745670245413 38
1756058292632 0.0021313776440090547 39
1756058292642 0.0020882452930274923 40
1756058292652 0.0020444246786723917 41
1756058292662 0.0019999637181421807 42
1756058292672 0.0019549110288444305 43
1756058292682 0.0019093158752334306 44
1756058292692 0.0018632281149402342 45
1756058292701 0.001816698144254068 46
1756058292711 0.001769776843014731 47
1756058292721 0.0017225155189762372 48
1756058292731 0.001674965851702538 49
1756058292741 0.0016271798360566812 50
1756058292751 0.0015792097253451874 51
1756058292761 0.0015311079741798298 52
1756058292772 0.0014829271811192854 53
1756058292782 0.0014347200311533817 54
1756058292792 0.0013865392380928371 55
1756058292802 0.00133843748692748 56
1756058292813 0.001290467376215986 57
1756058292822 0.001242681360570129 58
1756058292832 0.0011951316932964306 59
1756058292842 0.0011478703692579363 60
1756058292852 0.0011009490680185992 61
1756058292862 0.0010544190973324331 62
1756058292873 0.0010083313370392367 63
1756058292884 0.0009627361834282371 64
1756058292894 0.0009176834941304866 65
1756058292905 0.0008732225336002762 66
1756058292915 0.0008294019192451749 67
1756058292926 0.0007862695682636131 68
1756058292937 0.0007438726452481268 69
1756058292947 0.0007022575106115669 70
1756058292958 0.000661469669892672 71
1756058292968 0.0006215537239964269 72
1756058292980 0.0005825533204236293 73
1756058292991 0.000544511105542988 74
1756058293002 0.0005074686779579446 75
1756058293013 0.0004714665430192124 76
1756058293023 0.0004365440685327681 77
1756058293034 0.00040273944171173635 78
1756058293045 0.000370089627419232 79
1756058293055 0.0003386303277478231 80
1756058293066 0.0003083959429798201 81
1756058293077 0.00027941953397107 82
1756058293087 0.0002517327859993965 83
1756058293098 0.00022536597411721392 84
1756058293109 0.00020034793004620186 85
1756058293119 0.00017670601065024119 86
1756058293130 0.0001544660680210832 87
1756058293141 0.00013365242120947 88
1756058293152 0.00011428782963260704 89
1756058293162 9.639346818707586e-05 90
1756058293173 7.998890409439416e-05 91
1756058293184 6.509207550454833e-05 92
1756058293195 5.1719271880888446e-05 93
1756058293206 3.988511618783907e-05 94
1756058293217 2.9602548900903353e-05 95
1756058293227 2.088281385644269e-05 96
1756058293237 1.373544595670603e-05 97
1756058293249 8.168260743555245e-06 98
1756058293259 4.187345852284433e-06 99
1756058293271 1.7970543548797552e-06 100
