1756058292248 1.3931704670190812 1
1756058292267 0.9582501709461212 2
1756058292276 1.1024648368358612 3
1756058292286 0.8966734230518341 4
1756058292296 0.8497221022844315 5
1756058292306 0.6455027401447296 6
1756058292316 0.8347680270671844 7
1756058292326 0.6871804654598236 8
1756058292336 0.6519009485840798 9
1756058292346 0.5786959409713746 10
1756058292356 0.5708148330450058 11
1756058292366 0.5361649438738822 12
1756058292375 0.5515939012169838 13
1756058292386 0.4539424188435078 14
1756058292396 0.40449858009815215 15
1756058292406 0.3792156297713518 16
1756058292416 0.3592440947890282 17
1756058292426 0.39062853902578354 18
1756058292436 0.42628992199897764 19
1756058292446 0.35272869318723676 20
1756058292456 0.4476883038878441 21
1756058292466 0.4270669989287853 22
1756058292476 0.42457711398601533 23
1756058292485 0.4553829461336136 24
1756058292495 0.3854907266795635 25
1756058292505 0.38974580392241476 26
1756058292514 0.3568052500486374 27
1756058292524 0.33048961982131003 28
1756058292534 0.28530422151088713 29
1756058292543 0.3056307904422283 30
1756058292553 0.4097777150571346 31
1756058292563 0.39101106896996496 32
1756058292573 0.27928408309817315 33
1756058292583 0.29241380244493487 34
1756058292592 0.31165373995900153 35
1756058292602 0.3278317466378212 36
1756058292612 0.3590103633701801 37
1756058292622 0.33094918802380563 38
1756058292632 0.30306247249245644 39
1756058292642 0.3238832488656044 40
1756058292652 0.29843599498271944 41
1756058292662 0.47571941316127775 42
1756058292672 0.31479897648096083 43
1756058292682 0.30485992059111594 44
1756058292692 0.24929877743124962 45
1756058292701 0.2803199365735054 46
1756058292711 0.2765018351376057 47
1756058292721 0.2478827800601721 48
1756058292731 0.2693206980824471 49
1756058292741 0.3018042206764221 50
1756058292751 0.26145133152604105 51
1756058292761 0.2230569042265415 52
1756058292772 0.23882586024701596 53
1756058292782 0.20468611046671867 54
1756058292792 0.24958961308002472 55
1756058292802 0.2959605254232883 56
1756058292813 0.2614133097231388 57
1756058292822 0.197502451390028 58
1756058292832 0.2919612444937229 59
1756058292842 0.2473175786435604 60
1756058292852 0.19059787690639496 61
1756058292862 0.19227298945188523 62
1756058292873 0.23172684460878373 63
1756058292884 0.19558012224733828 64
1756058292894 0.18780308030545712 65
1756058292905 0.23210090771317482 66
1756058292915 0.17225090265274048 67
1756058292926 0.2186233140528202 68
1756058292937 0.2546780310571194 69
1756058292947 0.23332417458295823 70
1756058292958 0.19124880954623222 71
1756058292968 0.22524842582643032 72
1756058292980 0.34665258303284646 73
1756058292991 0.20163490138947965 74
1756058293002 0.17934776805341243 75
1756058293013 0.15256909728050233 76
1756058293023 0.17257076054811477 77
1756058293034 0.2222120650112629 78
1756058293045 0.2285201705992222 79
1756058293055 0.1717824712395668 80
1756058293066 0.18361049182713032 81
1756058293077 0.3101486824452877 82
1756058293087 0.14374526515603064 83
1756058293098 0.14764680825173854 84
1756058293109 0.15298911258578302 85
1756058293119 0.18376012109220027 86
1756058293130 0.19158401675522327 87
1756058293141 0.19352575205266476 88
1756058293152 0.23510103598237037 89
1756058293162 0.16802925914525985 90
1756058293173 0.15711105540394782 91
1756058293184 0.14707878045737743 92
1756058293195 0.1650640055537224 93
1756058293206 0.16974371448159217 94
1756058293217 0.14498100839555264 95
1756058293227 0.16676632985472678 96
1756058293237 0.1544684160500765 97
1756058293249 0.15255266278982163 98
1756058293259 0.1325888752937317 99
1756058293271 0.1506937611848116 100
