1756058251160 0.9442799270153046 1
1756058251174 0.7743980467319489 2
1756058251181 0.7368034899234772 3
1756058251189 0.7411428272724152 4
1756058251197 0.7387276649475097 5
1756058251204 0.6216297417879104 6
1756058251212 0.5735798999667168 7
1756058251220 0.5714450761675834 8
1756058251228 0.6411698684096336 9
1756058251235 0.5643726646900177 10
1756058251243 0.5512881293892861 11
1756058251251 0.5281683906912804 12
1756058251259 0.4788073182106018 13
1756058251267 0.48779343366622924 14
1756058251275 0.4959880918264389 15
1756058251283 0.48875109702348707 16
1756058251291 0.49527053385972974 17
1756058251299 0.47016823589801787 18
1756058251307 0.48129390776157377 19
1756058251315 0.4329649776220322 20
1756058251323 0.4732203379273415 21
1756058251331 0.5361691787838936 22
1756058251339 0.47715391516685485 23
1756058251347 0.4977509692311287 24
1756058251355 0.42155014872550967 25
1756058251363 0.4358815521001816 26
1756058251371 0.4288696512579918 27
1756058251379 0.4746909111738205 28
1756058251387 0.441424685716629 29
1756058251395 0.4098430067300797 30
1756058251404 0.4454396203160286 31
1756058251412 0.42692672163248063 32
1756058251419 0.41265592277050017 33
1756058251427 0.4134854465723038 34
1756058251435 0.40829097479581833 35
1756058251443 0.39591881036758425 36
1756058251451 0.38051901012659073 37
1756058251460 0.4276549369096756 38
1756058251467 0.4302029818296432 39
1756058251476 0.4553812280297279 40
1756058251484 0.4385894909501076 41
1756058251492 0.42412511110305784 42
1756058251500 0.4206045061349869 43
1756058251508 0.3877143546938896 44
1756058251516 0.35581171214580537 45
1756058251527 0.4043825402855873 46
1756058251545 0.3728084459900856 47
1756058251554 0.3592033743858337 48
1756058251563 0.36419678628444674 49
1756058251571 0.3697540879249573 50
1756058251580 0.4462948843836784 51
1756058251588 0.43500286489725115 52
1756058251597 0.39652658998966217 53
1756058251605 0.3493536598980427 54
1756058251613 0.36706131547689436 55
1756058251622 0.36631224006414415 56
1756058251631 0.34081565141677855 57
1756058251639 0.344843989610672 58
1756058251647 0.3582421399652958 59
1756058251656 0.3531808018684387 60
1756058251666 0.33618260025978086 61
1756058251675 0.33229822143912313 62
1756058251683 0.31079434007406237 63
1756058251692 0.3271449372172356 64
1756058251700 0.30903670340776446 65
1756058251709 0.3257302910089493 66
1756058251718 0.3353364124894142 67
1756058251726 0.3511667788028717 68
1756058251735 0.32248992621898653 69
1756058251744 0.34293805360794066 70
1756058251753 0.33317612707614896 71
1756058251762 0.34351142793893813 72
1756058251770 0.31943894028663633 73
1756058251779 0.3227100268006325 74
1756058251788 0.29311269894242287 75
1756058251797 0.3200689688324928 76
1756058251806 0.2960475906729698 77
1756058251815 0.32923259437084196 78
1756058251824 0.30926029309630393 79
1756058251833 0.31157941520214083 80
1756058251842 0.30349293127655985 81
1756058251851 0.3270583666861057 82
1756058251861 0.2998968422412872 83
1756058251869 0.29966355860233307 84
1756058251878 0.3096566617488861 85
1756058251888 0.3056721769273281 86
