1756058215044 1.5633753687143326 1
1756058215050 1.0178634762763976 2
1756058215056 0.9913795292377472 3
1756058215061 1.1117002665996552 4
1756058215065 0.7770692311227322 5
1756058215070 0.698648425936699 6
1756058215075 0.7370364904403687 7
1756058215079 0.7568775117397308 8
1756058215085 0.5612890586256981 9
1756058215089 0.5516093954443931 10
1756058215094 0.42510758638381957 11
1756058215099 0.4153622157871723 12
1756058215104 0.3899263732135296 13
1756058215109 0.3979791358113289 14
1756058215114 0.48817910999059677 15
1756058215119 0.49595346599817275 16
1756058215123 0.3944283813238144 17
1756058215128 0.47940905541181567 18
1756058215133 0.30391923934221265 19
1756058215138 0.4508003816008568 20
1756058215143 0.40047879666090014 21
1756058215148 0.44790598526597025 22
1756058215153 0.32203891351819036 23
1756058215158 0.432103319466114 24
1756058215163 0.31675062850117686 25
1756058215168 0.33286283239722253 26
1756058215173 0.2597672027535737 27
1756058215178 0.3542538993060589 28
1756058215183 0.272775200009346 29
1756058215188 0.39146893173456193 30
1756058215193 0.32669198140501976 31
1756058215198 0.3576913334429264 32
1756058215203 0.32990157678723336 33
1756058215208 0.3301338844001293 34
1756058215213 0.30375263318419454 35
1756058215219 0.2651279203593731 36
1756058215224 0.2608503341674805 37
1756058215229 0.46099903956055643 38
1756058215234 0.2559690125286579 39
1756058215239 0.23745219092816114 40
1756058215244 0.24258948042988776 41
1756058215251 0.22791021056473254 42
1756058215257 0.18373496383428572 43
1756058215262 0.22374188601970674 44
1756058215268 0.16451886482536793 45
1756058215274 0.3601284891366959 46
1756058215279 0.20049645751714706 47
1756058215285 0.18134030401706697 48
1756058215290 0.1919012900441885 49
1756058215295 0.20691367760300636 50
1756058215301 0.23411778844892978 51
1756058215306 0.23647496923804284 52
1756058215312 0.17292720079421997 53
1756058215318 0.15860955864191056 54
1756058215323 0.14911986254155635 55
1756058215329 0.19551363885402678 56
1756058215334 0.19118642322719098 57
1756058215340 0.16287606954574585 58
1756058215345 0.1652188178151846 59
1756058215351 0.15372193232178688 60
1756058215356 0.23808682933449746 61
1756058215362 0.16929442770779132 62
1756058215367 0.13814719244837761 63
1756058215374 0.1564668260514736 64
1756058215380 0.19607237875461578 65
1756058215386 0.20361471585929394 66
1756058215392 0.11854064026847481 67
1756058215398 0.18207398802042007 68
1756058215404 0.21841247528791427 69
1756058215411 0.13173109516501427 70
1756058215418 0.1287801904603839 71
1756058215425 0.18828441053628922 72
1756058215431 0.14864544048905373 73
1756058215437 0.2527931578457355 74
1756058215444 0.1278225038200617 75
1756058215450 0.23952444419264793 76
1756058215457 0.1140459893271327 77
1756058215463 0.15534027367830278 78
1756058215470 0.13216919768601657 79
1756058215476 0.16278879810124636 80
1756058215482 0.10469250939786434 81
1756058215488 0.09801829736679793 82
1756058215495 0.1491716518998146 83
1756058215501 0.11098036728799343 84
1756058215508 0.09288212629035116 85
1756058215515 0.19557914715260266 86
1756058215522 0.23020006492733955 87
1756058215528 0.12136535495519638 88
1756058215534 0.09639627225697041 89
1756058215541 0.1673329582437873 90
1756058215547 0.10241999458521604 91
1756058215555 0.10829721093177795 92
1756058215562 0.10753403771668672 93
1756058215568 0.14476706702262163 94
1756058215574 0.12550850063562394 95
1756058215580 0.11298351604491472 96
1756058215586 0.21167075559496878 97
1756058215593 0.35907804407179356 98
1756058215600 0.22723667602986097 99
1756058215607 0.13755730018019677 100
