1755909692574 1.6266435384750366 1
1755909692583 1.0488022804260253 2
1755909692587 0.872391140460968 3
1755909692591 0.6836647748947143 4
1755909692595 0.783749806880951 5
1755909692600 0.691211360692978 6
1755909692604 0.5746547102928161 7
1755909692609 0.44480451941490173 8
1755909692613 0.4060507297515869 9
1755909692618 0.414038810133934 10
1755909692622 0.3647129684686661 11
1755909692627 0.37285414934158323 12
1755909692631 0.3380520701408386 13
1755909692636 0.3093938246369362 14
1755909692640 0.267547807097435 15
1755909692645 0.24781044721603393 16
1755909692649 0.20979327261447905 17
1755909692654 0.19093741327524186 18
1755909692659 0.20399474799633027 19
1755909692663 0.20282057523727418 20
1755909692668 0.18122012317180633 21
1755909692673 0.1564037933945656 22
1755909692677 0.2157257542014122 23
1755909692682 0.14134863168001174 24
1755909692686 0.15033285021781922 25
1755909692691 0.13988910242915154 26
1755909692695 0.12200453579425811 27
1755909692699 0.11472641825675964 28
1755909692704 0.10674510151147842 29
1755909692708 0.0999759666621685 30
1755909692713 0.1063652753829956 31
1755909692717 0.10250352621078491 32
1755909692722 0.10238615423440933 33
1755909692728 0.09520733207464219 34
1755909692733 0.08771453127264976 35
1755909692738 0.09525422602891923 36
1755909692743 0.08721154630184173 37
1755909692748 0.08869711682200432 38
1755909692754 0.07021227665245533 39
1755909692759 0.08024120144546032 40
1755909692766 0.0749754287302494 41
1755909692771 0.1070358470082283 42
1755909692776 0.09902525320649147 43
1755909692781 0.07646737992763519 44
1755909692787 0.056824954226613045 45
1755909692792 0.0731965534389019 46
1755909692797 0.06748283579945565 47
1755909692802 0.07206711396574975 48
1755909692807 0.06285811103880405 49
1755909692812 0.057103720307350156 50
1755909692817 0.057994749024510385 51
1755909692822 0.051603158190846446 52
1755909692827 0.05407077334821224 53
1755909692832 0.049477732926607135 54
1755909692837 0.05186815597116947 55
1755909692841 0.05504613891243935 56
1755909692846 0.0498486377298832 57
1755909692851 0.04316267892718315 58
1755909692856 0.044767506420612335 59
1755909692861 0.04552436508238315 60
1755909692866 0.0406630614772439 61
1755909692871 0.043263476341962814 62
1755909692876 0.053094007074832916 63
1755909692882 0.05171756073832512 64
1755909692888 0.04342655036598444 65
1755909692893 0.04240575525909662 66
1755909692899 0.04199014119803905 67
1755909692904 0.041635997220873834 68
1755909692909 0.03579257223755121 69
1755909692915 0.03597156293690205 70
1755909692920 0.03699739556759596 71
1755909692925 0.04169437158852816 72
1755909692930 0.0404500350356102 73
1755909692935 0.03318976163864136 74
1755909692940 0.031493202224373816 75
1755909692945 0.03624474573880434 76
1755909692950 0.030477119237184526 77
1755909692955 0.03028731420636177 78
1755909692960 0.02651797328144312 79
1755909692966 0.027965708635747433 80
1755909692971 0.03075504545122385 81
1755909692976 0.029501247964799405 82
1755909692981 0.02783163543790579 83
1755909692986 0.027051387540996074 84
1755909692992 0.02981478963047266 85
1755909692997 0.02812760565429926 86
1755909693002 0.0272326136007905 87
1755909693009 0.028086021170020105 88
1755909693015 0.02847457118332386 89
1755909693021 0.024182123504579066 90
1755909693027 0.024747666902840137 91
1755909693032 0.0293693570420146 92
1755909693038 0.025106768310070037 93
1755909693043 0.025501691736280918 94
1755909693049 0.02100947331637144 95
1755909693054 0.02759505044668913 96
1755909693061 0.028363744169473647 97
1755909693067 0.02121811769902706 98
1755909693073 0.024162637069821358 99
1755909693080 0.02750860173255205 100
