1755909692574 1.626643455028534 1
1755909692583 1.048802274465561 2
1755909692587 0.8723910927772522 3
1755909692591 0.6836647689342499 4
1755909692595 0.783749771118164 5
1755909692600 0.6912113308906556 6
1755909692604 0.5746546745300293 7
1755909692609 0.4448045015335083 8
1755909692613 0.4060507148504257 9
1755909692618 0.4140388011932373 10
1755909692622 0.36471295952796934 11
1755909692627 0.3728541433811188 12
1755909692631 0.3380520612001419 13
1755909692636 0.30939379930496214 14
1755909692640 0.2675477996468544 15
1755909692645 0.24781043082475662 16
1755909692649 0.20979325771331786 17
1755909692654 0.190937402844429 18
1755909692659 0.203994732350111 19
1755909692663 0.20282056033611298 20
1755909692668 0.18122010827064514 21
1755909692673 0.1564037837088108 22
1755909692677 0.21572573482990265 23
1755909692682 0.1413486197590828 24
1755909692686 0.15033283978700637 25
1755909692691 0.13988909497857094 26
1755909692695 0.1220045231282711 27
1755909692699 0.11472640633583069 28
1755909692704 0.10674509182572364 29
1755909692708 0.0999759592115879 30
1755909692713 0.10636526718735695 31
1755909692717 0.10250351950526237 32
1755909692722 0.10238614305853844 33
1755909692728 0.09520732164382935 34
1755909692733 0.08771452754735946 35
1755909692738 0.09525421969592571 36
1755909692743 0.08721153773367404 37
1755909692748 0.08869711048901081 38
1755909692754 0.07021226994693279 39
1755909692759 0.08024119511246681 40
1755909692766 0.07497542314231395 41
1755909692771 0.10703583657741547 42
1755909692776 0.09902524948120117 43
1755909692781 0.07646737173199654 44
1755909692787 0.05682494975626469 45
1755909692792 0.07319654785096645 46
1755909692797 0.0674828264862299 47
1755909692802 0.07206710986793041 48
1755909692807 0.06285810507833958 49
1755909692812 0.05710371658205986 50
1755909692817 0.057994741946458817 51
1755909692822 0.051603154838085176 52
1755909692827 0.054070768877863884 53
1755909692832 0.049477728083729744 54
1755909692837 0.05186815224587917 55
1755909692841 0.0550461333245039 56
1755909692846 0.049848634749650955 57
1755909692851 0.04316267371177673 58
1755909692856 0.04476750046014786 59
1755909692861 0.04552436172962189 60
1755909692866 0.040663058124482634 61
1755909692871 0.04326347187161446 62
1755909692876 0.05309400111436844 63
1755909692882 0.05171755515038967 64
1755909692888 0.04342654813081026 65
1755909692893 0.04240575097501278 66
1755909692899 0.04199013821780682 67
1755909692904 0.04163599442690611 68
1755909692909 0.035792569443583486 69
1755909692915 0.03597155921161175 70
1755909692920 0.03699739314615726 71
1755909692925 0.04169436674565077 72
1755909692930 0.04045003298670054 73
1755909692935 0.0331897584721446 74
1755909692940 0.03149320036172867 75
1755909692945 0.03624474238604307 76
1755909692950 0.03047711607068777 77
1755909692955 0.03028731159865856 78
1755909692960 0.02651797067373991 79
1755909692966 0.027965706214308737 80
1755909692971 0.03075504135340452 81
1755909692976 0.029501244612038135 82
1755909692981 0.02783163283020258 83
1755909692986 0.027051385119557382 84
1755909692992 0.02981478739529848 85
1755909692997 0.028127603232860565 86
1755909693002 0.027232610620558262 87
1755909693009 0.02808601763099432 88
1755909693015 0.02847456857562065 89
1755909693021 0.024182120524346828 90
1755909693027 0.024747664481401442 91
1755909693032 0.029369354248046875 92
1755909693038 0.025106766447424888 93
1755909693043 0.025501690246164797 94
1755909693049 0.021009471639990805 95
1755909693054 0.027595049142837523 96
1755909693061 0.028363741654902696 97
1755909693067 0.021218115463852882 98
1755909693073 0.024162635020911694 99
1755909693080 0.02750859744846821 100
