1756056860211 0.921007189154625 1
1756056860226 0.7267166912555695 2
1756056860234 0.7301043093204498 3
1756056860241 0.6294745609164238 4
1756056860249 0.5969778560101986 5
1756056860257 0.6316072627902031 6
1756056860265 0.5437132447957993 7
1756056860273 0.5290249466896058 8
1756056860281 0.507490161061287 9
1756056860289 0.5372721552848816 10
1756056860297 0.5370703682303428 11
1756056860305 0.487578421831131 12
1756056860313 0.4969758912920952 13
1756056860321 0.48721907287836075 14
1756056860330 0.463004432618618 15
1756056860338 0.424982538819313 16
1756056860346 0.48148648887872697 17
1756056860354 0.4573300614953041 18
1756056860362 0.4680105745792389 19
1756056860370 0.4452161997556686 20
1756056860378 0.4511716514825821 21
1756056860386 0.42768697142601014 22
1756056860394 0.4611635535955429 23
1756056860403 0.4699113562703133 24
1756056860411 0.4742231324315071 25
1756056860419 0.4691335648298264 26
1756056860427 0.45480046421289444 27
1756056860436 0.41378762051463125 28
1756056860444 0.4161755576729774 29
1756056860452 0.41069774627685546 30
1756056860460 0.3985061436891556 31
1756056860469 0.4326598897576332 32
1756056860477 0.42751502692699433 33
1756056860485 0.4059618696570396 34
1756056860494 0.4058956325054169 35
1756056860502 0.41944408118724824 36
1756056860510 0.43919917941093445 37
1756056860519 0.4540331944823265 38
1756056860528 0.4821024090051651 39
1756056860537 0.4386531889438629 40
1756056860547 0.5125309035182 41
1756056860556 0.5153741165995598 42
1756056860565 0.42186940684914587 43
1756056860575 0.41436740159988406 44
1756056860585 0.45644542425870893 45
1756056860595 0.41222029328346255 46
1756056860604 0.42704831510782243 47
1756056860612 0.4171414911746979 48
1756056860621 0.4045702129602432 49
1756056860631 0.4399807959794998 50
1756056860639 0.466973315179348 51
1756056860648 0.4284733757376671 52
1756056860657 0.42475461959838867 53
1756056860665 0.4109010651707649 54
1756056860674 0.4035776272416115 55
1756056860683 0.40724370032548907 56
1756056860692 0.3596959918737411 57
1756056860700 0.3497787147760391 58
1756056860709 0.4067322060465813 59
1756056860718 0.36860551983118056 60
1756056860726 0.34650800079107286 61
1756056860736 0.36641405522823334 62
1756056860745 0.3665717959403992 63
1756056860753 0.3455425053834915 64
1756056860762 0.35926550179719924 65
1756056860772 0.39661767780780793 66
1756056860781 0.3803082019090652 67
1756056860789 0.3648858904838562 68
1756056860798 0.3598631739616394 69
1756056860807 0.3481722593307495 70
1756056860817 0.3552632346749306 71
1756056860826 0.3518716901540756 72
1756056860836 0.35487014055252075 73
1756056860845 0.35552213042974473 74
1756056860854 0.3548812009394169 75
1756056860863 0.34044296890497205 76
1756056860872 0.3309019923210144 77
1756056860881 0.354849761724472 78
1756056860891 0.33838379979133604 79
1756056860900 0.3294935658574104 80
1756056860909 0.33481880724430085 81
1756056860918 0.33275560960173606 82
1756056860927 0.3297437198460102 83
1756056860937 0.32846873849630354 84
1756056860946 0.3512595906853676 85
1756056860955 0.3292272716760635 86
1756056860964 0.30939594060182574 87
1756056860973 0.3097245030105114 88
1756056860983 0.348009616881609 89
1756056860992 0.32174563929438593 90
1756056861001 0.30782781094312667 91
