1756056799619 1.474938326794654 1
1756056799625 1.3484561890363693 2
1756056799630 0.9415032714605331 3
1756056799634 0.7659962847828865 4
1756056799638 1.0940892845392227 5
1756056799643 0.7011905893683433 6
1756056799647 0.5651792377233505 7
1756056799651 0.675531567633152 8
1756056799656 0.5645458482205867 9
1756056799660 0.6463338419795036 10
1756056799665 0.4797960609197617 11
1756056799669 0.41249823570251465 12
1756056799674 0.45686713606119156 13
1756056799678 0.5592459067702293 14
1756056799683 0.6260522305965424 15
1756056799687 0.5044469386339188 16
1756056799693 0.6387164920568467 17
1756056799697 0.5062243089079856 18
1756056799703 0.4157712087035179 19
1756056799707 0.36886351853609084 20
1756056799712 0.3119161918759346 21
1756056799717 0.5890015929937362 22
1756056799722 0.3605076283216476 23
1756056799727 0.34999112263321874 24
1756056799731 0.5386836893856526 25
1756056799736 0.3231596056371927 26
1756056799741 0.2835365794599056 27
1756056799746 0.30704329162836075 28
1756056799750 0.3218615658581257 29
1756056799755 0.24413866847753524 30
1756056799760 0.2684362087398767 31
1756056799765 0.2701355926692486 32
1756056799769 0.37208115458488467 33
1756056799774 0.32115248739719393 34
1756056799779 0.34599195010960104 35
1756056799784 0.45408485531806947 36
1756056799789 0.2814502216875553 37
1756056799794 0.21787166297435762 38
1756056799799 0.21458313297480344 39
1756056799804 0.3977317292243242 40
1756056799808 0.5072053439915181 41
1756056799813 0.24781756848096848 42
1756056799819 0.26656168326735497 43
1756056799823 0.2058552522212267 44
1756056799828 0.29855247847735883 45
1756056799833 0.2597395986318588 46
1756056799839 0.2168550409376621 47
1756056799843 0.3455159977078438 48
1756056799849 0.21701677069067954 49
1756056799854 0.412036395072937 50
1756056799859 0.2358977325260639 51
1756056799864 0.23629520647227764 52
1756056799869 0.3297646787017584 53
1756056799874 0.22809039577841758 54
1756056799880 0.18207724168896675 55
1756056799885 0.1761134337633848 56
1756056799890 0.153656367585063 57
1756056799895 0.20446654222905636 58
1756056799900 0.39031122997403145 59
1756056799906 0.20113115943968296 60
1756056799911 0.23197589665651322 61
1756056799916 0.1610718209296465 62
1756056799921 0.16205277517437935 63
1756056799927 0.24513622745871544 64
1756056799932 0.24693819992244243 65
1756056799937 0.1794725891202688 66
1756056799943 0.13855863362550735 67
1756056799948 0.12655599107965826 68
1756056799953 0.16620539054274558 69
1756056799959 0.15402992367744445 70
1756056799964 0.1838904619216919 71
1756056799969 0.26281492337584494 72
1756056799975 0.20676306784152984 73
1756056799980 0.12974886931478977 74
1756056799986 0.17944937720894813 75
1756056799991 0.5225217901170254 76
1756056799997 0.13813803922384976 77
1756056800002 0.2121834333986044 78
1756056800008 0.10211085937917233 79
1756056800013 0.459666820243001 80
1756056800019 0.11812864299863576 81
1756056800024 0.12271976433694362 82
1756056800030 0.1880118079483509 83
1756056800035 0.12254035398364067 84
1756056800041 0.17350529320538044 85
1756056800047 0.14033777676522732 86
1756056800052 0.16276405602693558 87
1756056800058 0.12698244042694568 88
1756056800064 0.2560153644531965 89
1756056800070 0.1791274666786194 90
1756056800076 0.15684885159134865 91
1756056800082 0.09265412667300552 92
1756056800088 0.18331220299005507 93
1756056800093 0.1997474331408739 94
1756056800099 0.14864013902842999 95
1756056800105 0.19965056460350752 96
1756056800111 0.18067665882408618 97
1756056800116 0.10850698389112949 98
1756056800122 0.11458467673510313 99
1756056800128 0.1576735109090805 100
