1755986282255 0.0018647242703562963 1
1755986282270 0.0037294485407125925 2
1755986282279 0.005594172811068889 3
1755986282287 0.007458897081425185 4
1755986282294 0.009323621351781481 5
1755986282302 0.009323621351781481 6
1755986282310 0.009321072814387776 7
1755986282318 0.009313429988994879 8
1755986282325 0.009300701232920148 9
1755986282333 0.00928290046487147 10
1755986282341 0.009260047149727356 11
1755986282349 0.00923216627725239 12
1755986282357 0.009199288334771278 13
1755986282365 0.009161449273831414 14
1755986282374 0.00911869047089039 15
1755986282382 0.009071058682071441 16
1755986282390 0.009018605992036322 17
1755986282397 0.00896138975703148 18
1755986282405 0.008899472542169853 19
1755986282412 0.008832922053016832 20
1755986282419 0.008761811061555224 21
1755986282427 0.008686217326610152 22
1755986282434 0.008606223508820917 23
1755986282442 0.00852191708025282 24
1755986282449 0.008433390228747723 25
1755986282457 0.008340739757118009 26
1755986282465 0.008244066977294122 27
1755986282472 0.008143477599541468 28
1755986282481 0.00803908161686778 29
1755986282489 0.007930993184747383 30
1755986282498 0.007819330496293868 31
1755986282506 0.007704215653017638 32
1755986282515 0.0075857745313097176 33
1755986282524 0.007464136644797761 34
1755986282532 0.007339435002724799 35
1755986282541 0.007211805964505587 36
1755986282549 0.007081389090619587 37
1755986282557 0.006948326990003633 38
1755986282566 0.006812765164111149 39
1755986282574 0.00667485184780845 40
1755986282581 0.006534737847282093 41
1755986282589 0.006392576375134516 42
1755986282597 0.0062485228828483225 43
1755986282605 0.006102734890802353 44
1755986282612 0.005955371816025473 45
1755986282621 0.005806594797876387 46
1755986282630 0.0056565665218401215 47
1755986282638 0.005505451041633827 48
1755986282647 0.005353413599816454 49
1755986282655 0.00520062044709844 50
1755986282663 0.005047238660548994 51
1755986282671 0.00489343596089978 52
1755986282680 0.004739380529144756 53
