1755986282255 0.9621089994907379 1
1755986282270 0.8786103814840317 2
1755986282279 0.7554405480623245 3
1755986282287 0.7002415776252746 4
1755986282294 0.7389981031417847 5
1755986282302 0.638449102640152 6
1755986282310 0.7961448729038239 7
1755986282318 0.7029014587402344 8
1755986282325 0.6580270379781723 9
1755986282333 0.6535363912582397 10
1755986282341 0.6161230251193046 11
1755986282349 0.5370663478970528 12
1755986282357 0.5752878561615944 13
1755986282365 0.5895342916250229 14
1755986282374 0.5621289193630219 15
1755986282382 0.5075459077954292 16
1755986282390 0.5028531700372696 17
1755986282397 0.5385149389505386 18
1755986282405 0.5879902482032776 19
1755986282412 0.5513326898217201 20
1755986282419 0.5255989700555801 21
1755986282427 0.5791226103901863 22
1755986282434 0.498244509100914 23
1755986282442 0.4953648135066032 24
1755986282449 0.4581512287259102 25
1755986282457 0.47740211635828017 26
1755986282465 0.5114974617958069 27
1755986282472 0.491183902323246 28
1755986282481 0.47103567868471147 29
1755986282489 0.5397818237543106 30
1755986282498 0.48448836952447893 31
1755986282506 0.48089075088500977 32
1755986282515 0.4376485511660576 33
1755986282524 0.413223772495985 34
1755986282532 0.399810990691185 35
1755986282541 0.4177651822566986 36
1755986282549 0.43813392221927644 37
1755986282557 0.4154536403715611 38
1755986282566 0.4237378850579262 39
1755986282574 0.41817833930253984 40
1755986282581 0.3818885587155819 41
1755986282589 0.39378636330366135 42
1755986282597 0.4192183345556259 43
1755986282605 0.45978865921497347 44
1755986282612 0.4392433136701584 45
1755986282621 0.44680076390504836 46
1755986282630 0.44441880732774736 47
1755986282638 0.4804859846830368 48
1755986282647 0.49348618239164355 49
1755986282655 0.4378102973103523 50
1755986282663 0.4417338952422142 51
1755986282671 0.42888948768377305 52
1755986282680 0.41690314263105394 53
