1755734778376 0.001278927940192448 1
1755734778380 0.002557855880384896 2
1755734778385 0.003836783820577344 3
1755734778389 0.005115711760769792 4
1755734778393 0.00639463970096224 5
1755734778397 0.00639463970096224 6
1755734778401 0.00639445842518472 7
1755734778404 0.006393914618410657 8
1755734778408 0.0063930083423132155 9
1755734778414 0.006391739699673227 10
1755734778418 0.00639010883436754 11
1755734778422 0.006388115931352699 12
1755734778426 0.0063857612166439695 13
1755734778430 0.006383044957289705 14
1755734778434 0.006379967461341063 15
1755734778438 0.006376529077817065 16
1755734778442 0.006372730196665021 17
1755734778446 0.0063685712487162975 18
1755734778450 0.006364052705637462 19
1755734778454 0.006359175079876792 20
1755734778458 0.00635393892460615 21
1755734778462 0.006348344833658263 22
1755734778467 0.006342393441459362 23
1755734778472 0.006336085422957237 24
1755734778477 0.006329421493544692 25
1755734778481 0.006322402408978412 26
1755734778485 0.006315028965293253 27
1755734778489 0.006307301998711959 28
1755734778493 0.006299222385550332 29
1755734778498 0.006290791042117846 30
1755734778502 0.006282008924613731 31
1755734778507 0.006272877029018522 32
1755734778511 0.006263396390981117 33
1755734778516 0.006253568085701317 34
1755734778521 0.006243393227807885 35
1755734778526 0.006232872971232144 36
1755734778530 0.0062220085090771 37
1755734778535 0.006210801073482141 38
1755734778539 0.006199251935483293 39
1755734778545 0.006187362404869078 40
1755734778549 0.006175133830031963 41
1755734778554 0.006162567597815447 42
1755734778558 0.006149665133356776 43
1755734778564 0.006136427899925311 44
1755734778568 0.006122857398756593 45
1755734778573 0.006108955168882073 46
1755734778579 0.00609472278695458 47
1755734778584 0.0060801618670695105 48
1755734778590 0.00606527406058177 49
1755734778595 0.006050061055918499 50
1755734778600 0.006034524578387581 51
1755734778605 0.006018666389981983 52
1755734778610 0.0060024882891799225 53
1755734778615 0.005985992110740903 54
1755734778620 0.005969179725497637 55
1755734778628 0.005952053040143866 56
1755734778633 0.005934613997018135 57
1755734778638 0.0059168645738835015 58
1755734778643 0.005898806783703241 59
1755734778647 0.005880442674412555 60
1755734778653 0.005861774328686321 61
1755734778658 0.005842803863702888 62
1755734778662 0.005823533430903968 63
1755734778667 0.005803965215750646 64
1755734778672 0.005784101437475525 65
1755734778676 0.005763944348831038 66
1755734778685 0.00574349623583397 67
1755734778690 0.005722759417506198 68
1755734778695 0.005701736245611685 69
1755734778700 0.005680429104389778 70
1755734778705 0.0056588404102847975 71
1755734778711 0.0056369726116720035 72
1755734778718 0.005614828188579909 73
1755734778724 0.005592409652409035 74
1755734778730 0.0055697195456470795 75
1755734778735 0.005546760441580582 76
1755734778741 0.005523534944003088 77
1755734778746 0.005500045686919841 78
1755734778751 0.005476295334249075 79
1755734778757 0.00545228657951989 80
1755734778762 0.0054280221455667785 81
1755734778767 0.005403504784220835 82
1755734778772 0.005378737275997663 83
1755734778777 0.005353722429782043 84
1755734778782 0.005328463082509374 85
1755734778788 0.0053029620988439335 86
1755734778793 0.005277222370854 87
1755734778799 0.005251246817683865 88
1755734778804 0.005225038385222766 89
1755734778810 0.005198600045770795 90
1755734778816 0.0051719347977018165 91
1755734778822 0.005145045665123414 92
1755734778830 0.005117935697533927 93
1755734778835 0.0050906079694766114 94
1755734778841 0.005063065580190949 95
1755734778846 0.005035311653261171 96
1755734778852 0.005007349336262 97
1755734778857 0.004979181800401697 98
1755734778864 0.004950812240162405 99
1755734778869 0.004922243872937867 100
1755734778875 0.004893479938668535 101
1755734778880 0.004864523699474139 102
1755734778886 0.00483537843928372 103
1755734778891 0.0048060474634632035 104
1755734778896 0.004776534098440536 105
