1756060279681 1.3693076610565185 1
1756060279690 1.079059287905693 2
1756060279694 1.04996357858181 3
1756060279699 0.8973730698227882 4
1756060279704 0.800585475564003 5
1756060279708 0.6850583635270595 6
1756060279713 1.0451042413711549 7
1756060279718 0.5450247079133987 8
1756060279722 0.49671817421913145 9
1756060279727 0.594272144138813 10
1756060279732 0.5041692316532135 11
1756060279736 0.4532185196876526 12
1756060279741 0.5106434158980846 13
1756060279746 0.48125052377581595 14
1756060279750 0.6022748097777366 15
1756060279755 0.4128475159406662 16
1756060279760 0.3774419814348221 17
1756060279765 0.34325709789991377 18
1756060279770 0.375383223593235 19
1756060279775 0.291912532877177 20
1756060279779 0.2834815852344036 21
1756060279784 0.274196719378233 22
1756060279789 0.2690358474850655 23
1756060279794 0.360584619641304 24
1756060279799 0.30405561029911043 25
1756060279805 0.29430493861436846 26
1756060279809 0.2571873843669891 27
1756060279814 0.35387318804860113 28
1756060279820 0.2743275135755539 29
1756060279825 0.24267081394791604 30
1756060279830 0.22920809760689737 31
1756060279835 0.2585139773786068 32
1756060279840 0.23376773297786713 33
1756060279845 0.5570336319506168 34
1756060279850 0.22155734989792109 35
1756060279855 0.21539634503424168 36
1756060279860 0.326377360522747 37
1756060279865 0.2842275269329548 38
1756060279870 0.2990840643644333 39
1756060279875 0.23665398135781288 40
1756060279880 0.26559175811707975 41
1756060279886 0.3157535120844841 42
1756060279891 0.3018123649060726 43
1756060279897 0.25124323219060896 44
1756060279902 0.22381807789206504 45
1756060279907 0.18643580414354802 46
1756060279913 0.48972958922386167 47
1756060279918 0.24263132959604264 48
1756060279923 0.261319962143898 49
1756060279929 0.1891527369618416 50
1756060279934 0.2621910393238068 51
1756060279939 0.233629360049963 52
1756060279945 0.16603705249726772 53
1756060279950 0.20338382087647916 54
1756060279955 0.1597758647054434 55
1756060279960 0.26931483037769793 56
1756060279966 0.1757145717740059 57
1756060279971 0.16335097178816796 58
1756060279977 0.21139197796583176 59
1756060279982 0.1555458762217313 60
1756060279988 0.23681650385260583 61
1756060279993 0.2793003894388676 62
1756060279999 0.14734815619885921 63
1756060280004 0.17990728095173836 64
1756060280010 0.34287408404052255 65
1756060280015 0.16841447725892067 66
1756060280021 0.17965597435832023 67
1756060280027 0.18837293572723865 68
1756060280032 0.27168143428862096 69
1756060280038 0.2480825509876013 70
1756060280043 0.13858571611344814 71
1756060280049 0.21073539778590203 72
1756060280055 0.12293482311069966 73
1756060280061 0.13771820105612279 74
1756060280067 0.18190058879554272 75
1756060280072 0.16419279016554356 76
1756060280078 0.13207875974476338 77
1756060280084 0.1161413948982954 78
1756060280089 0.1681831255555153 79
1756060280095 0.12935817167162894 80
