1756060329969 1.7185662597417832 1
1756060329986 1.2488929718732833 2
1756060329994 1.019446185231209 3
1756060330001 1.340733963251114 4
1756060330009 1.210388857126236 5
1756060330016 0.9015429735183715 6
1756060330024 0.8357946395874023 7
1756060330031 0.9340123534202576 8
1756060330038 0.7890803679823876 9
1756060330046 0.9917507253587245 10
1756060330054 0.6881388820707798 11
1756060330062 0.5587187387049198 12
1756060330069 0.6028972402215004 13
1756060330077 0.5856693625450134 14
1756060330084 0.5394058912992478 15
1756060330092 0.5787337809801102 16
1756060330100 0.5915670052170754 17
1756060330107 0.5896727591753006 18
1756060330115 0.5238102465867996 19
1756060330123 0.48407913744449615 20
1756060330130 0.48522465825080874 21
1756060330138 0.42098788172006607 22
1756060330146 0.5032033801078797 23
1756060330154 0.38989478871226313 24
1756060330162 0.413252130150795 25
1756060330170 0.4610617272555828 26
1756060330178 0.3256405290216208 27
1756060330186 0.37817521542310717 28
1756060330193 0.33541628047823907 29
1756060330201 0.3703777067363262 30
1756060330209 0.3193442188203335 31
1756060330217 0.44154390320181847 32
1756060330225 0.4928135581314564 33
1756060330233 0.45590450018644335 34
1756060330240 0.40320349484682083 35
1756060330248 0.36346606761217115 36
1756060330256 0.31586741879582403 37
1756060330264 0.3409420773386955 38
1756060330272 0.35430035516619685 39
1756060330281 0.3486919768154621 40
1756060330289 0.3187790043652058 41
1756060330297 0.31196857467293737 42
1756060330305 0.3485317513346672 43
1756060330313 0.2857238449156284 44
1756060330321 0.2555222436785698 45
1756060330329 0.26519474014639854 46
1756060330337 0.23204930126667023 47
1756060330345 0.2525805704295635 48
1756060330354 0.23707163482904434 49
1756060330362 0.24689139425754547 50
1756060330370 0.2322533056139946 51
1756060330378 0.270906849950552 52
1756060330387 0.2851897977292538 53
1756060330395 0.2526399105787277 54
1756060330403 0.21141969710588454 55
1756060330411 0.25256615355610845 56
1756060330419 0.20801639929413795 57
1756060330428 0.19292609617114068 58
1756060330436 0.3618461906909943 59
1756060330445 0.3726161792874336 60
1756060330453 0.31970341950654985 61
1756060330462 0.2887042239308357 62
1756060330470 0.29371820874512194 63
1756060330478 0.20775189995765686 64
1756060330486 0.20866765677928925 65
1756060330495 0.19593216106295586 66
1756060330504 0.5765696406364441 67
1756060330512 0.23942208029329776 68
1756060330520 0.40247963592410085 69
1756060330529 0.2958265200257301 70
1756060330537 0.25905620157718656 71
1756060330546 0.22379395142197608 72
