1756060279681 0.8925960838794709 1
1756060279690 0.7845599323511123 2
1756060279694 0.7597071081399918 3
1756060279699 0.6946681886911392 4
1756060279704 0.680940255522728 5
1756060279708 0.6191076099872589 6
1756060279713 0.7093419551849365 7
1756060279718 0.5513267934322357 8
1756060279722 0.5410965844988823 9
1756060279727 0.5792593643069267 10
1756060279732 0.5397138804197311 11
1756060279736 0.5085500359535218 12
1756060279741 0.5392579078674317 13
1756060279746 0.4979523941874504 14
1756060279750 0.5167721673846245 15
1756060279755 0.4875862538814545 16
1756060279760 0.45029454678297043 17
1756060279765 0.438176891207695 18
1756060279770 0.4557552978396416 19
1756060279775 0.40784656032919886 20
1756060279779 0.401263564825058 21
1756060279784 0.3967455208301544 22
1756060279789 0.3899278461933136 23
1756060279794 0.4263304755091667 24
1756060279799 0.4130340084433556 25
1756060279805 0.4000556796789169 26
1756060279809 0.38471163660287855 27
1756060279814 0.40571810603141784 28
1756060279820 0.3818928152322769 29
1756060279825 0.369219046831131 30
1756060279830 0.36127719581127166 31
1756060279835 0.38293864876031875 32
1756060279840 0.3639152854681015 33
1756060279845 0.4354986593127251 34
1756060279850 0.3505748942494392 35
1756060279855 0.34822987467050553 36
1756060279860 0.4141683980822563 37
1756060279865 0.38682314157485964 38
1756060279870 0.40090997219085694 39
1756060279875 0.3673236444592476 40
1756060279880 0.37627735659480094 41
1756060279886 0.3991619013249874 42
1756060279891 0.4147119402885437 43
1756060279897 0.3729781970381737 44
1756060279902 0.3594977900385857 45
1756060279907 0.3316338285803795 46
1756060279913 0.4000537499785423 47
1756060279918 0.3578142486512661 48
1756060279923 0.37115985304117205 49
1756060279929 0.3234963223338127 50
1756060279934 0.36277630627155305 51
1756060279939 0.3532140225172043 52
1756060279945 0.31057027727365494 53
1756060279950 0.33976306542754175 54
1756060279955 0.30318723917007445 55
1756060279960 0.3624241456389427 56
1756060279966 0.2993481919169426 57
1756060279971 0.302391953766346 58
1756060279977 0.3411951594054699 59
1756060279982 0.2933600790798664 60
1756060279988 0.34356715306639674 61
1756060279993 0.35675500705838203 62
1756060279999 0.2814200833439827 63
1756060280004 0.31739038825035093 64
1756060280010 0.36564834639430044 65
1756060280015 0.31069024428725245 66
1756060280021 0.3125939227640629 67
1756060280027 0.31773702427744865 68
1756060280032 0.32446866780519484 69
1756060280038 0.31477144435048104 70
1756060280043 0.2836899034678936 71
1756060280049 0.32140475884079933 72
1756060280055 0.2625498667359352 73
1756060280061 0.2799644015729427 74
1756060280067 0.3043725319206715 75
1756060280072 0.30359921529889106 76
1756060280078 0.28106943145394325 77
1756060280084 0.2560127407312393 78
1756060280089 0.28546839356422427 79
1756060280095 0.2734863042831421 80
