1756060279681 0.0003561730485626414 1
1756060279690 0.0007123460971252828 2
1756060279694 0.0010685191456879244 3
1756060279699 0.0014246921942505657 4
1756060279704 0.0017808652428132072 5
1756060279708 0.0017808652428132072 6
1756060279713 0.0017803786786853826 7
1756060279718 0.0017789195183526391 8
1756060279722 0.0017764893573853774 9
1756060279727 0.001773090853128936 10
1756060279732 0.0017687277217978226 11
1756060279736 0.0017634047344120892 12
1756060279741 0.001757127711580291 13
1756060279746 0.0017499035171347358 14
1756060279750 0.0017417400506259855 15
1756060279755 0.0017326462386848126 16
1756060279760 0.0017226320252610608 17
1756060279765 0.0017117083607500817 18
1756060279770 0.0016998871900186386 19
1756060279775 0.0016871814393433692 20
1756060279779 0.0016736050022760935 21
1756060279784 0.0016591727244514172 22
1756060279789 0.0016439003873532484 23
1756060279794 0.001627804691057979 24
1756060279799 0.001610903235973192 25
1756060279805 0.0015932145035918788 26
1756060279809 0.0015747578362831946 27
1756060279814 0.0015555534161418633 28
1756060279820 0.0015356222429193532 29
1756060279825 0.0015149861110609563 30
1756060279830 0.0014936675858738839 31
1756060279835 0.0014716899788524316 32
1756060279840 0.0014490773221872062 33
1756060279845 0.0014258543424862749 34
1756060279850 0.0014020464337369846 35
1756060279855 0.0013776796295380085 36
1756060279860 0.0013527805746319883 37
1756060279865 0.0013273764957698992 38
1756060279870 0.0013014951719389984 39
1756060279875 0.0012751649039869088 40
1756060279880 0.0012484144836750596 41
1756060279886 0.0012212731621953153 42
1756060279891 0.0011937706181842297 43
1756060279897 0.0011659369252698902 44
1756060279902 0.001137802519186849 45
1756060279907 0.0011093981644950922 46
1756060279913 0.0010807549209394468 47
1756060279918 0.0010519041094862055 48
1756060279923 0.0010228772780741084 49
1756060279929 0.0009937061671171374 50
1756060279934 0.000964422674796838 51
1756060279939 0.0009350588221821263 52
1756060279945 0.0009056467182147212 53
1756060279950 0.0008762185245984863 54
1756060279955 0.0008468064206310809 55
1756060279960 0.0008174425680163694 56
1756060279966 0.0007881590756960699 57
1756060279971 0.0007589879647390989 58
1756060279977 0.0007299611333270022 59
1756060279982 0.0007011103218737606 60
1756060279988 0.0006724670783181153 61
1756060279993 0.0006440627236263586 62
1756060279999 0.0006159283175433171 63
1756060280004 0.0005880946246289776 64
1756060280010 0.0005605920806178918 65
1756060280015 0.0005334507591381479 66
1756060280021 0.0005067003388262984 67
1756060280027 0.0004803700708742089 68
1756060280032 0.0004544887470433083 69
1756060280038 0.0004290846681812193 70
1756060280043 0.00040418561327519896 71
1756060280049 0.00037981880907622266 72
1756060280055 0.00035601090032693234 73
1756060280061 0.00033278792062600113 74
1756060280067 0.00031017526396077554 75
1756060280072 0.0002881976569393236 76
1756060280078 0.0002668791317522509 77
1756060280084 0.00024624299989385416 78
1756060280089 0.00022631182667134434 79
1756060280095 0.00020710740653001304 80
