1755727376988 1.0281927769000714 1
1755727376992 0.9305572876563439 2
1755727376995 0.8887273715092585 3
1755727376999 0.8648059964179993 4
1755727377002 0.7824864249963027 5
1755727377005 0.701173878633059 6
1755727377010 0.6208043029675117 7
1755727377013 0.5895206790703994 8
1755727377016 0.5481054140971258 9
1755727377019 0.5158235109769381 10
1755727377023 0.5036383592165433 11
1755727377027 0.46882137656211853 12
1755727377030 0.4482119610676399 13
1755727377034 0.4518952186291034 14
1755727377037 0.4249605077963609 15
1755727377040 0.4106673323191129 16
1755727377044 0.41140672106009263 17
1755727377047 0.47932349947782665 18
1755727377050 0.42005489422724795 19
1755727377053 0.38824092883330125 20
1755727377057 0.4260921867994162 21
1755727377060 0.42243751883506775 22
1755727377063 0.37312243764217085 23
1755727377067 0.34777018657097447 24
1755727377070 0.352849719616083 25
1755727377075 0.35206220470941985 26
1755727377078 0.3448091516127953 27
1755727377081 0.339086094727883 28
1755727377084 0.35730913052192104 29
1755727377088 0.3462011745342842 30
1755727377092 0.32855753944470334 31
1755727377096 0.3516590090898367 32
1755727377100 0.3358366902057941 33
1755727377104 0.32173261734155506 34
1755727377107 0.33930447697639465 35
1755727377110 0.3059546466057117 36
1755727377114 0.29509964012182677 37
1755727377117 0.282394303725316 38
1755727377121 0.2835324853658676 39
1755727377125 0.2915193667778602 40
1755727377129 0.2799653525535877 41
1755727377134 0.28065948302929217 42
1755727377138 0.2878077981563715 43
1755727377142 0.27327474378622496 44
1755727377146 0.28308494274432844 45
1755727377149 0.2674392954661296 46
1755727377153 0.2806365742133214 47
1755727377157 0.261930083999267 48
1755727377160 0.26505168126179623 49
1755727377164 0.26604705819716823 50
1755727377168 0.268424833050141 51
1755727377171 0.27543258323119235 52
