1756058876220 1.8965837508440018 1
1756058876234 1.4622647970914842 2
1756058876243 1.3284226596355437 3
1756058876252 1.0934077113866807 4
1756058876260 0.8271475568413734 5
1756058876269 0.8147089272737503 6
1756058876278 0.7348993197083473 7
1756058876286 0.8303907036781311 8
1756058876295 0.7012889072299003 9
1756058876304 0.5056100692600012 10
1756058876313 0.4801159456372261 11
1756058876322 0.480491803586483 12
1756058876331 0.4898834630846977 13
1756058876341 0.6112155124545098 14
1756058876351 0.6187337338924408 15
1756058876361 0.5366924628615379 16
1756058876370 0.4302430674433708 17
1756058876380 0.41708358377218246 18
1756058876389 0.40865674465894697 19
1756058876398 0.42909365221858026 20
1756058876407 0.48271005898714064 21
1756058876416 0.46077853739261626 22
1756058876425 0.6547227099537849 23
1756058876434 0.5456642359495163 24
1756058876443 0.4643505081534386 25
1756058876453 0.5367896512150765 26
1756058876462 0.5031344249844552 27
1756058876471 0.48272653967142104 28
1756058876480 0.4375005647540092 29
1756058876489 0.3725153148174286 30
1756058876499 0.42974563390016557 31
1756058876508 0.4478329852223396 32
1756058876518 0.5069269552826882 33
1756058876528 0.40649271905422213 34
1756058876538 0.3589244544506073 35
1756058876547 0.3302524216473103 36
1756058876557 0.3039386972784996 37
1756058876567 0.3684574656188488 38
1756058876577 0.35235971584916115 39
1756058876586 0.3741730749607086 40
1756058876596 0.3223042353987694 41
1756058876605 0.2950195662677288 42
1756058876615 0.31913134157657624 43
1756058876624 0.32267997711896895 44
1756058876633 0.3346512787044048 45
1756058876643 0.27330017760396 46
1756058876652 0.24918426498770713 47
1756058876662 0.39956736862659453 48
1756058876671 0.33553973734378817 49
1756058876681 0.2626826625317335 50
1756058876690 0.28680723160505295 51
1756058876700 0.22823145762085914 52
1756058876710 0.25259339436888695 53
1756058876720 0.30910915806889533 54
1756058876729 0.2760068513453007 55
1756058876739 0.2298730120062828 56
1756058876749 0.24347749017179013 57
1756058876758 0.232671881839633 58
1756058876767 0.27998850122094154 59
1756058876777 0.2473437137901783 60
1756058876787 0.20196452494710684 61
1756058876797 0.23261249884963037 62
1756058876806 0.247220928221941 63
1756058876816 0.27720321975648404 64
1756058876826 0.3279354117810726 65
1756058876836 0.309324336796999 66
1756058876846 0.25209225341677666 67
1756058876856 0.203174489364028 68
1756058876865 0.21840400621294975 69
1756058876875 0.22044059559702872 70
1756058876885 0.21391323506832122 71
