1756058876220 0.0011587659892531275 1
1756058876234 0.002317531978506255 2
1756058876243 0.0034762979677593828 3
1756058876252 0.00463506395701251 4
1756058876260 0.005793829946265637 5
1756058876269 0.005793829946265637 6
1756058876278 0.005792246352641445 7
1756058876286 0.005787497303405246 8
1756058876295 0.005779587991572655 9
1756058876304 0.005768527065860038 10
1756058876313 0.005754326621227266 11
1756058876322 0.0057370021856520586 12
1756058876331 0.00571657270315036 13
1756058876341 0.005693060513061342 14
1756058876351 0.0056664913256196684 15
1756058876361 0.005636894193841719 16
1756058876370 0.005604301481756553 17
1756058876380 0.005568748829016314 18
1756058876389 0.005530275111924795 19
1756058876398 0.00548892240092677 20
1756058876407 0.0054447359146045805 21
1756058876416 0.005397763970232282 22
1756058876425 0.005348057930941407 23
1756058876434 0.005295672149556147 24
1756058876443 0.0052406639091593255 25
1756058876453 0.005183093360454193 26
1756058876462 0.005123023455990516 27
1756058876471 0.0050605198813268885 28
1756058876480 0.004995650983204538 29
1756058876489 0.004928487694811162 30
1756058876499 0.004859103458216543 31
1756058876508 0.004787574144064703 32
1756058876518 0.004713977968610487 33
1756058876528 0.004638395408191226 34
1756058876538 0.004560909111227044 35
1756058876547 0.004481603807846033 36
1756058876557 0.004400566217233087 37
1756058876567 0.004317884952803763 38
1756058876577 0.004233650425306799 39
1756058876586 0.004147954743961292 40
1756058876596 0.004060891615736626 41
1756058876605 0.0039725562428852635 42
1756058876615 0.003883045218840492 43
1756058876624 0.0037924564225929164 44
1756058876633 0.0037008889116612225 45
1756058876643 0.0036084428137742337 46
1756058876652 0.0035152192173827086 47
1756058876662 0.003421320061120607 48
1756058876671 0.003326848022336687 49
1756058876681 0.0032319064048183365 50
1756058876690 0.0031365990258303902 51
1756058876700 0.003041030102592484 52
1756058876710 0.002945304138319051 53
1756058876720 0.002849525807946587 54
1756058876729 0.002753799843673153 55
1756058876739 0.0026582309204352477 56
1756058876749 0.002562923541447302 57
1756058876758 0.00246798192392895 58
1756058876767 0.0023735098851450317 59
1756058876777 0.0022796107288829293 60
1756058876787 0.0021863871324914043 61
1756058876797 0.0020939410346044155 62
1756058876806 0.002002373523672721 63
1756058876816 0.0019117847274251452 64
1756058876826 0.0018222737033803736 65
1756058876836 0.0017339383305290123 66
1756058876846 0.0016468752023043455 67
1756058876856 0.0015611795209588392 68
1756058876865 0.0014769449934618755 69
1756058876875 0.0013942637290325507 70
1756058876885 0.0013132261384196054 71
