1756058845747 2.7972502201795577 1
1756058845762 1.821198572218418 2
1756058845768 2.073779571056366 3
1756058845775 1.7434746682643891 4
1756058845782 1.0369724288582802 5
1756058845788 0.9454164952039719 6
1756058845795 0.9157399713993073 7
1756058845802 0.6922992825508117 8
1756058845809 0.6370501920580864 9
1756058845815 0.6908673137426377 10
1756058845822 0.585823293030262 11
1756058845829 0.6780077010393143 12
1756058845835 0.7631158858537674 13
1756058845843 0.8429982267320156 14
1756058845849 0.5519393548369408 15
1756058845856 0.5084728643298149 16
1756058845863 0.5586181670427323 17
1756058845870 0.5125150695443154 18
1756058845877 0.4146811679005623 19
1756058845884 0.5222347199916839 20
1756058845891 0.6936669141054154 21
1756058845898 0.7635576218366623 22
1756058845905 0.5627100378274917 23
1756058845912 0.5074813321232796 24
1756058845919 0.5337107971310615 25
1756058845926 0.514408603310585 26
1756058845933 0.5790643855929375 27
1756058845940 0.5588051199913024 28
1756058845947 0.46052808687090874 29
1756058845954 0.5637788817286491 30
1756058845961 0.4733237400650978 31
1756058845968 0.7035821214318275 32
1756058845975 0.5635542780160904 33
1756058845982 0.3930258691310883 34
1756058845989 0.44818689227104186 35
1756058845997 0.5349810615181922 36
1756058846003 0.4678059697151184 37
1756058846011 0.45834284871816633 38
1756058846018 0.48069549053907396 39
1756058846025 0.44848268628120425 40
1756058846032 0.3932587057352066 41
1756058846040 0.48528710305690764 42
1756058846047 0.46779645085334776 43
1756058846055 0.3898019090294838 44
1756058846062 0.5330580368638038 45
1756058846070 0.450878619402647 46
1756058846077 0.34022447988390925 47
1756058846084 0.42447504177689555 48
1756058846092 0.46788774728775023 49
1756058846099 0.40395845025777816 50
1756058846106 0.3327009044587612 51
1756058846114 0.27251707315444945 52
1756058846122 0.26522906571626664 53
1756058846130 0.41060144305229185 54
1756058846137 0.3295171283185482 55
1756058846145 0.3854608818888664 56
1756058846152 0.3615771122276783 57
1756058846160 0.3380677819252014 58
1756058846167 0.2629300136119127 59
1756058846175 0.3194617912173271 60
1756058846182 0.2996841125190258 61
1756058846190 0.31843196600675583 62
1756058846198 0.26316067278385163 63
1756058846205 0.40770469382405283 64
1756058846213 0.22427081428468226 65
1756058846221 0.2794241428375244 66
1756058846228 0.353117910027504 67
1756058846236 0.33637958467006684 68
1756058846244 0.2918765045702457 69
1756058846251 0.27662324234843255 70
1756058846259 0.3636629045009613 71
1756058846267 0.2665252350270748 72
1756058846274 0.2507009029388428 73
1756058846282 0.2013044696301222 74
1756058846290 0.2448284886777401 75
1756058846298 0.22674778886139393 76
1756058846305 0.22167513892054558 77
1756058846313 0.27790120281279085 78
1756058846321 0.22508137673139572 79
1756058846329 0.192874463647604 80
1756058846337 0.21108814887702465 81
1756058846345 0.17299620397388935 82
1756058846353 0.17550564482808112 83
1756058846361 0.19950618892908095 84
1756058846369 0.18376183025538922 85
1756058846377 0.20052538812160492 86
1756058846384 0.19759866409003735 87
1756058846392 0.18443767949938775 88
1756058846400 0.18574800081551074 89
1756058846408 0.2018481854349375 90
1756058846416 0.23307665698230268 91
1756058846424 0.27807834148406985 92
1756058846432 0.23937633633613586 93
1756058846440 0.2847616970539093 94
1756058846448 0.16275257915258406 95
1756058846456 0.17695525102317333 96
1756058846464 0.17741258665919304 97
1756058846472 0.23887304440140725 98
1756058846480 0.1932005390524864 99
