1755906346557 1.9497932761143415 1
1755906346571 1.1910517643659542 2
1755906346578 0.8836680826468345 3
1755906346584 0.8194048993098431 4
1755906346591 0.6488691637149224 5
1755906346596 0.637913920940497 6
1755906346603 0.5276336574401611 7
1755906346610 0.46576975954648775 8
1755906346615 0.45137784763788563 9
1755906346622 0.42900626093913347 10
1755906346628 0.4334420229379947 11
1755906346634 0.3924443637713408 12
1755906346643 0.3366462763112325 13
1755906346649 0.39960115613081515 14
1755906346655 0.35215333476662636 15
1755906346662 0.2914634576210609 16
1755906346670 0.3391953832828082 17
1755906346678 0.32691591863448805 18
1755906346685 0.27740886081487703 19
1755906346692 0.25483738764738423 20
1755906346699 0.25332857763920075 21
1755906346706 0.3095883236099512 22
1755906346712 0.33082147057239825 23
1755906346719 0.2619770581428057 24
1755906346726 0.23591061375844172 25
1755906346732 0.23783378837964472 26
1755906346739 0.23334786200370544 27
1755906346746 0.24505488574504852 28
1755906346752 0.2639671438015424 29
1755906346761 0.25389219935123736 30
1755906346767 0.2796875014901161 31
1755906346774 0.3305967350800832 32
1755906346782 0.2896820631546852 33
1755906346789 0.2508089169859886 34
1755906346795 0.24689818517519876 35
1755906346803 0.2382798622816037 36
