1755906385979 0.0017399186257026644 1
1755906385991 0.003479837251405329 2
1755906385999 0.0052197558771079925 3
1755906386006 0.006959674502810658 4
1755906386013 0.008699593128513322 5
1755906386020 0.008699593128513322 6
1755906386027 0.008697215182544678 7
1755906386034 0.008690083944887754 8
1755906386041 0.008678207213446225 9
1755906386048 0.008661597975251551 10
1755906386055 0.008640274392261843 11
1755906386062 0.008614259781502032 12
1755906386069 0.008583582589567039 13
1755906386076 0.008548276361515849 14
1755906386084 0.008508379704190475 15
1755906386092 0.008463936243999942 16
1755906386099 0.008414994579215462 17
1755906386107 0.008361608226828918 18
1755906386114 0.008303835564032835 19
1755906386121 0.008241739764385771 20
1755906386128 0.00817538872873296 21
1755906386135 0.008104855010957732 22
1755906386142 0.008030215738644908 23
1755906386149 0.007951552528742918 24
1755906386156 0.00786895139831687 25
1755906386164 0.007782502670490148 26
1755906386171 0.0076923008756774 27
1755906386178 0.007598444648216927 28
1755906386185 0.007501036618515473 29
1755906386192 0.007400183300823385 30
1755906386199 0.0072959949767628495 31
1755906386207 0.007188585574736545 32
1755906386214 0.00707807254534862 33
1755906386221 0.0069645767329741745 34
1755906386228 0.006848222243617711 35
1755906386236 0.006729136309205042 36
1755906386243 0.006607449148457045 37
1755906386250 0.006483293824497405 38
1755906386257 0.006356806099350041 39
1755906386265 0.006228124285485328 40
1755906386272 0.006097389094577442 41
1755906386281 0.005964743483638203 42
1755906386288 0.005830332498695692 43
1755906386296 0.00569430311618854 44
1755906386303 0.005556804082249356 45
1755906386311 0.005417985750053012 46
1755906386318 0.005277999915407654 47
1755906386325 0.005136999650768217 48
1755906386333 0.004995139137853936 49
1755906386341 0.004852573499052911 50
1755906386348 0.004709458627798041 51
1755906386356 0.004565951018099852 52
1755906386363 0.004422207593422594 53
1755906386371 0.004278385535090729 54
1755906386378 0.00413464211041347 55
1755906386386 0.003991134500715283 56
