1755906346557 1.949793237906236 1
1755906346571 1.1910517521393604 2
1755906346578 0.883668045202891 3
1755906346584 0.8194048809699523 4
1755906346591 0.6488691453750317 5
1755906346596 0.6379138964873093 6
1755906346603 0.5276336333690546 7
1755906346610 0.46576974311700237 8
1755906346615 0.45137783120840025 9
1755906346622 0.42900624527381015 10
1755906346628 0.43344200612642825 11
1755906346634 0.3924443475328959 12
1755906346643 0.33664625758926076 13
1755906346649 0.3996011354984381 14
1755906346655 0.35215332129826915 15
1755906346662 0.2914634423378186 16
1755906346670 0.33919536475187695 17
1755906346678 0.3269159025870837 18
1755906346685 0.2774088476330806 19
1755906346692 0.2548373681612504 20
1755906346699 0.2533285583441074 21
1755906346706 0.30958830546110105 22
1755906346712 0.33082145758164233 23
1755906346719 0.2619770422625618 24
1755906346726 0.23591060353777346 25
1755906346732 0.2378337759620104 26
1755906346739 0.2333478480577469 27
1755906346746 0.24505486415746885 28
1755906346752 0.26396712813621914 29
1755906346761 0.2538921907544136 30
1755906346767 0.27968747952045536 31
1755906346774 0.33059672705638105 32
1755906346782 0.2896820463431187 33
1755906346789 0.25080890628771907 34
1755906346795 0.24689817161132127 35
1755906346803 0.2382798473804425 36
