1755910072589 0.0004388561715183397 1
1755910072601 0.0008777123430366794 2
1755910072609 0.001316568514555019 3
1755910072617 0.0017554246860733587 4
1755910072624 0.0021942808575916985 5
1755910072631 0.0021942808575916985 6
1755910072638 0.0021936812774876104 7
1755910072644 0.0021918831928073876 8
1755910072651 0.0021888885697302287 9
1755910072658 0.002184700682832502 10
1755910072664 0.0021793241115070435 11
1755910072671 0.0021727647349556603 12
1755910072678 0.002165029725760307 13
1755910072684 0.0021561275420399753 14
1755910072691 0.002146067918201862 15
1755910072699 0.0021348618542969405 16
1755910072706 0.002122521603991565 17
1755910072713 0.002109060661168267 18
1755910072720 0.0020944937451703918 19
1755910072727 0.0020788367847067142 20
1755910072735 0.002062106900433627 21
1755910072742 0.002044322386233959 22
1755910072749 0.002025502689212876 23
1755910072756 0.0020056683884327638 24
1755910072763 0.0019848411724103206 25
1755910072770 0.0019630438154004852 26
1755910072777 0.001940300152493122 27
1755910072784 0.001916635053549701 28
1755910072790 0.0018920743960084698 29
1755910072797 0.0018666450365878533 30
1755910072804 0.0018403747819190285 31
1755910072811 0.001813292358139779 32
1755910072818 0.0017854273794828878 33
1755910072825 0.0017568103158934066 34
1755910072832 0.001727472459710219 35
1755910072839 0.0016974458914483272 36
1755910072846 0.00166676344471928 37
1755910072853 0.0016354586703281003 38
1755910072860 0.0016035657995859731 39
1755910072867 0.001571119706878808 40
1755910072874 0.0015381558715326124 41
1755910072881 0.001504710339017366 42
1755910072888 0.0014708196815318333 43
1755910072895 0.001436520958012396 44
1755910072902 0.0014018516736096541 45
1755910072909 0.001366849738677093 46
1755910072916 0.001331553427316668 47
1755910072923 0.0012960013355266366 48
1755910072930 0.0012602323389974003 49
1755910072937 0.0012242855506015091 50
1755910072945 0.0011882002776243082 51
1755910072952 0.0011520159787819998 52
1755910072960 0.0011157722210741155 53
1755910072967 0.0010795086365175829 54
1755910072975 0.0010432648788096983 55
1755910072983 0.0010070805799673901 56
1755910072992 0.0009709953069901893 57
1755910073001 0.000935048518594298 58
1755910073008 0.0008992795220650622 59
1755910073017 0.0008637274302750306 60
1755910073025 0.0008284311189146054 61
1755910073033 0.0007934291839820443 62
1755910073040 0.0007587598995793025 63
