1755910092184 0.0004388561715183397 1
1755910092203 0.0008777123430366794 2
1755910092213 0.001316568514555019 3
1755910092222 0.0017554246860733587 4
1755910092232 0.0021942808575916985 5
1755910092242 0.0021942808575916985 6
1755910092258 0.0021936812774876104 7
1755910092268 0.0021918831928073876 8
1755910092278 0.0021888885697302287 9
1755910092287 0.002184700682832502 10
1755910092297 0.0021793241115070435 11
1755910092307 0.0021727647349556603 12
1755910092317 0.002165029725760307 13
1755910092327 0.0021561275420399753 14
1755910092337 0.002146067918201862 15
1755910092347 0.0021348618542969405 16
1755910092357 0.002122521603991565 17
1755910092367 0.002109060661168267 18
1755910092379 0.0020944937451703918 19
1755910092390 0.0020788367847067142 20
1755910092404 0.002062106900433627 21
1755910092414 0.002044322386233959 22
1755910092424 0.002025502689212876 23
1755910092434 0.0020056683884327638 24
1755910092491 0.0019848411724103206 25
1755910092602 0.0019630438154004852 26
1755910092615 0.001940300152493122 27
1755910092629 0.001916635053549701 28
1755910092647 0.0018920743960084698 29
1755910092676 0.0018666450365878533 30
1755910092697 0.0018403747819190285 31
1755910092709 0.001813292358139779 32
1755910092720 0.0017854273794828878 33
1755910092731 0.0017568103158934066 34
1755910092741 0.001727472459710219 35
1755910092751 0.0016974458914483272 36
1755910092763 0.00166676344471928 37
1755910092774 0.0016354586703281003 38
1755910092785 0.0016035657995859731 39
1755910092795 0.001571119706878808 40
1755910092805 0.0015381558715326124 41
1755910092819 0.001504710339017366 42
1755910092829 0.0014708196815318333 43
1755910092840 0.001436520958012396 44
1755910092849 0.0014018516736096541 45
1755910092859 0.001366849738677093 46
1755910092869 0.001331553427316668 47
1755910092878 0.0012960013355266366 48
1755910092887 0.0012602323389974003 49
1755910092896 0.0012242855506015091 50
1755910092906 0.0011882002776243082 51
1755910092916 0.0011520159787819998 52
1755910092926 0.0011157722210741155 53
1755910092935 0.0010795086365175829 54
1755910092944 0.0010432648788096983 55
1755910092953 0.0010070805799673901 56
1755910092963 0.0009709953069901893 57
1755910092973 0.000935048518594298 58
1755910092983 0.0008992795220650622 59
1755910092993 0.0008637274302750306 60
1755910093002 0.0008284311189146054 61
1755910093012 0.0007934291839820443 62
1755910093021 0.0007587598995793025 63
1755910093030 0.000724461176059865 64
