1755910053794 1.0472397804260254 1
1755910053805 0.714068478345871 2
1755910053810 0.6490870267152786 3
1755910053815 0.5039763122797012 4
1755910053820 0.4851571828126907 5
1755910053824 0.43502232134342195 6
1755910053829 0.33316554725170133 7
1755910053834 0.3216460108757019 8
1755910053839 0.37314906120300295 9
1755910053844 0.28645259141921997 10
1755910053849 0.23547094613313674 11
1755910053853 0.18460934311151506 12
1755910053858 0.17890018671751023 13
1755910053863 0.1776392214000225 14
1755910053868 0.1799997515976429 15
1755910053873 0.13690013214945793 16
1755910053878 0.11108335852622986 17
1755910053885 0.10400494486093521 18
1755910053890 0.09725143685936928 19
1755910053895 0.12388530522584915 20
1755910053901 0.08905981630086898 21
1755910053906 0.09873511344194412 22
1755910053911 0.08377679660916329 23
1755910053916 0.08736161217093467 24
1755910053921 0.09077392481267452 25
1755910053925 0.08546002432703972 26
1755910053930 0.07886465974152088 27
1755910053935 0.07388538159430028 28
1755910053940 0.06830985136330128 29
1755910053944 0.06627762578427791 30
1755910053949 0.06822719499468803 31
1755910053954 0.061271907761693 32
1755910053959 0.052021774277091024 33
1755910053964 0.05254433192312717 34
1755910053971 0.05738099589943886 35
1755910053976 0.049743808805942535 36
1755910053981 0.05237610414624214 37
1755910053986 0.04694427214562893 38
1755910053991 0.051886985450983046 39
1755910053996 0.052048785611987114 40
1755910054001 0.04859354719519615 41
1755910054006 0.04522800259292126 42
1755910054011 0.04327428005635738 43
1755910054016 0.04054775331169367 44
1755910054022 0.04024700410664082 45
1755910054028 0.041838128678500654 46
1755910054034 0.03942871503531933 47
1755910054040 0.0379723010584712 48
1755910054045 0.04375578667968512 49
1755910054050 0.0417062034830451 50
1755910054055 0.038482395373284815 51
1755910054061 0.03767700344324112 52
1755910054066 0.041258512809872624 53
1755910054071 0.04962167777121067 54
1755910054076 0.04072271715849638 55
1755910054081 0.04137386064976454 56
1755910054086 0.037952566519379616 57
1755910054092 0.03617432992905378 58
1755910054097 0.03054013680666685 59
1755910054103 0.029383936151862144 60
1755910054108 0.029287686757743358 61
1755910054114 0.028764563240110876 62
1755910054121 0.04601385425776243 63
1755910054127 0.03500939067453146 64
1755910054133 0.029762442968785763 65
1755910054139 0.026884104870259763 66
1755910054144 0.028385240212082864 67
1755910054150 0.026111594401299953 68
1755910054156 0.022834177128970623 69
1755910054161 0.022146049700677396 70
1755910054167 0.02036560969427228 71
1755910054172 0.025369454361498355 72
1755910054178 0.028952589817345144 73
1755910054183 0.022143257223069666 74
1755910054189 0.023782128281891347 75
1755910054194 0.01979443058371544 76
1755910054202 0.02303481660783291 77
1755910054208 0.024986224249005318 78
1755910054214 0.023286503553390504 79
