1755908258566 0.784182095527649 1
1755908258579 0.6257711291313172 2
1755908258584 0.5340835258364678 3
1755908258589 0.6282006829977036 4
1755908258594 0.6116527453064918 5
1755908258599 0.5759692385792732 6
1755908258605 0.5567171156406403 7
1755908258610 0.503899310529232 8
1755908258615 0.5176598086953164 9
1755908258620 0.5279972672462463 10
1755908258626 0.44517613798379896 11
1755908258631 0.4170551747083664 12
1755908258636 0.40473572313785555 13
1755908258641 0.4462160423398018 14
1755908258647 0.4294015929102898 15
1755908258652 0.4223896235227585 16
1755908258657 0.4089046075940132 17
1755908258662 0.38635106980800626 18
1755908258668 0.3779232263565063 19
1755908258673 0.40675469785928725 20
1755908258680 0.43168049305677414 21
1755908258686 0.4013489201664925 22
1755908258692 0.4429915562272072 23
1755908258697 0.46999221593141555 24
1755908258703 0.4664345994591713 25
1755908258708 0.3942258983850479 26
1755908258714 0.4447506532073021 27
1755908258720 0.42741271406412124 28
1755908258725 0.38006352782249453 29
1755908258731 0.346295402944088 30
1755908258737 0.32812014818191526 31
1755908258742 0.3491155982017517 32
1755908258749 0.3743086814880371 33
1755908258755 0.3756089314818382 34
1755908258760 0.38902284353971484 35
1755908258766 0.42000473737716676 36
1755908258772 0.36605927497148516 37
1755908258778 0.3228288769721985 38
1755908258784 0.3557175904512405 39
1755908258790 0.4225370869040489 40
1755908258796 0.3991686776280403 41
1755908258801 0.36952876299619675 42
1755908258807 0.3210664622485638 43
1755908258813 0.32040090411901473 44
1755908258819 0.3210622526705265 45
1755908258825 0.32333062291145326 46
1755908258831 0.30518824234604836 47
1755908258837 0.3203602522611618 48
1755908258843 0.3103899724781513 49
1755908258849 0.29963911324739456 50
1755908258855 0.3111471474170685 51
1755908258861 0.3406619928777218 52
1755908258866 0.3131038278341293 53
1755908258873 0.3140402860939503 54
1755908258879 0.365762734413147 55
1755908258885 0.34755001664161683 56
1755908258891 0.35355073064565656 57
1755908258897 0.33313841074705125 58
1755908258903 0.3168254248797894 59
1755908258909 0.3240820519626141 60
1755908258915 0.33350692242383956 61
1755908258922 0.30090067237615586 62
1755908258928 0.28960978239774704 63
1755908258934 0.28186861276626585 64
1755908258941 0.29549996107816695 65
1755908258947 0.31007184609770777 66
1755908258953 0.3068649932742119 67
1755908258960 0.27023380175232886 68
1755908258966 0.2792361333966255 69
1755908258972 0.29544359967112543 70
1755908258979 0.28693375214934347 71
1755908258985 0.3237245038151741 72
1755908258991 0.32972315028309823 73
1755908258998 0.28931995928287507 74
1755908259004 0.2608284644782543 75
1755908259010 0.3144811294972897 76
1755908259016 0.28455617651343346 77
1755908259023 0.2786184698343277 78
1755908259029 0.25895951464772227 79
1755908259036 0.29126639291644096 80
1755908259042 0.2712513729929924 81
1755908259049 0.2893488384783268 82
