1755908225978 1.1127256959676743 1
1755908225991 0.7058217525482178 2
1755908225996 0.6838595613837242 3
1755908226000 0.6561026781797409 4
1755908226004 0.6263405606150627 5
1755908226008 0.527958282828331 6
1755908226012 0.5477355912327766 7
1755908226017 0.4224667467176914 8
1755908226022 0.47713019102811816 9
1755908226026 0.3552628934383392 10
1755908226031 0.31588547825813296 11
1755908226035 0.3190878115594387 12
1755908226039 0.26809495165944097 13
1755908226044 0.2437293842434883 14
1755908226048 0.20836034463718534 15
1755908226052 0.1774784341454506 16
1755908226056 0.27397829070687296 17
1755908226061 0.2896203801035881 18
1755908226065 0.26706406101584435 19
1755908226069 0.24857803136110307 20
1755908226075 0.3938029982149601 21
1755908226079 0.2411344565451145 22
1755908226084 0.22211039513349534 23
1755908226089 0.21399688646197318 24
