1755908279164 1.2928507164120675 1
1755908279175 0.9222707957029342 2
1755908279183 0.6040314003825188 3
1755908279191 0.7742233499884605 4
1755908279198 0.6187777519226074 5
1755908279205 0.5127844855189323 6
1755908279212 0.4972452938556671 7
1755908279219 0.45121450871229174 8
1755908279227 0.550371952354908 9
1755908279234 0.4895480901002884 10
1755908279241 0.4729688480496407 11
1755908279248 0.37602154314517977 12
1755908279256 0.34384633861482145 13
1755908279263 0.3122217237949371 14
1755908279271 0.33766589909791944 15
1755908279278 0.39383905902504923 16
1755908279286 0.36903740306734106 17
1755908279294 0.2674237199127674 18
1755908279302 0.24135015830397605 19
1755908279311 0.26596973091363907 20
1755908279319 0.2115174736827612 21
1755908279328 0.20542571023106576 22
1755908279336 0.22550984025001525 23
1755908279344 0.25351306796073914 24
1755908279352 0.25732851698994635 25
1755908279359 0.2581152580678463 26
1755908279367 0.26582296304404734 27
1755908279374 0.2907294027507305 28
1755908279382 0.2550426311790943 29
1755908279390 0.2485092207789421 30
1755908279397 0.18274788074195386 31
1755908279406 0.24038364067673684 32
1755908279414 0.2081199772655964 33
1755908279422 0.29008978754282 34
1755908279430 0.2378917783498764 35
1755908279438 0.2352070577442646 36
1755908279446 0.26271579042077065 37
1755908279454 0.3727637015283108 38
1755908279461 0.4474666051566601 39
1755908279469 0.4094366438686848 40
1755908279477 0.30489165484905245 41
