1755908225978 0.0003647784272378126 1
1755908225991 0.0007295568544756251 2
1755908225996 0.0010943352817134378 3
1755908226000 0.0014591137089512503 4
1755908226004 0.0018238921361890628 5
1755908226008 0.0018238921361890628 6
1755908226012 0.0018233938097421902 7
1755908226017 0.001821899375314226 8
1755908226022 0.0018194104670472759 9
1755908226026 0.001815929806525988 10
1755908226031 0.0018114611998015398 11
1755908226035 0.0018060095332297773 12
1755908226039 0.0017995807681280558 13
1755908226044 0.0017921819342566281 14
1755908226048 0.001783821122131704 15
1755908226052 0.0017745074741785897 16
1755908226056 0.0017642511747345809 17
1755908226061 0.0017530634389125374 18
1755908226065 0.0017409565003373244 19
1755908226069 0.0017279435977685213 20
1755908226075 0.0017140389606240339 21
1755908226079 0.001699257793420434 22
1755908226084 0.001683616259147043 23
1755908226089 0.001667131461591943 24
