1755908279164 0.0003647784272378126 1
1755908279175 0.0007295568544756251 2
1755908279183 0.0010943352817134378 3
1755908279191 0.0014591137089512503 4
1755908279198 0.0018238921361890628 5
1755908279205 0.0018238921361890628 6
1755908279212 0.0018233938097421902 7
1755908279219 0.001821899375314226 8
1755908279227 0.0018194104670472759 9
1755908279234 0.001815929806525988 10
1755908279241 0.0018114611998015398 11
1755908279248 0.0018060095332297773 12
1755908279256 0.0017995807681280558 13
1755908279263 0.0017921819342566281 14
1755908279271 0.001783821122131704 15
1755908279278 0.0017745074741785897 16
1755908279286 0.0017642511747345809 17
1755908279294 0.0017530634389125374 18
1755908279302 0.0017409565003373244 19
1755908279311 0.0017279435977685213 20
1755908279319 0.0017140389606240339 21
1755908279328 0.001699257793420434 22
1755908279336 0.001683616259147043 23
1755908279344 0.001667131461591943 24
1755908279352 0.001649821426639233 25
1755908279359 0.00163170508255799 26
1755908279367 0.0016128022393044857 27
1755908279374 0.001593133566860289 28
1755908279382 0.001572720572629945 29
1755908279390 0.0015515855779229442 30
1755908279397 0.0015297516935456979 31
1755908279406 0.0015072427945302103 32
1755908279414 0.001484083494027083 33
1755908279422 0.0014602991163913945 34
1755908279430 0.0014359156694908907 35
1755908279438 0.0014109598162667634 36
1755908279446 0.0013854588455781147 37
1755908279454 0.0013594406423619915 38
1755908279461 0.001332933657141615 39
1755908279469 0.0013059668749161517 40
1755908279477 0.0012785697834660436 41
