1755908225978 1.1127257227897644 1
1755908225991 0.7058217763900757 2
1755908225996 0.6838595852255821 3
1755908226000 0.6561027079820633 4
1755908226004 0.6263405911624431 5
1755908226008 0.5279582992196084 6
1755908226012 0.5477355986833572 7
1755908226017 0.42246676981449127 8
1755908226022 0.47713020592927935 9
1755908226026 0.35526290759444235 10
1755908226031 0.31588549017906187 11
1755908226035 0.3190878339111805 12
1755908226039 0.26809497028589246 13
1755908226044 0.24372939616441727 14
1755908226048 0.2083603570237756 15
1755908226052 0.1774784464389086 16
1755908226056 0.27397830337285994 17
1755908226061 0.2896203942596912 18
1755908226065 0.2670640774071217 19
1755908226069 0.24857804365456104 20
1755908226075 0.39380301237106324 21
1755908226079 0.24113447442650796 22
1755908226084 0.22211040779948235 23
1755908226089 0.21399689875543118 24
